7.670765180653507098e-01 7.670765180653632553e-01 7.670765180653632553e-01 7.670765180653632553e-01 7.670765180653507098e-01
7.989505556716041124e-01 7.989505557366283206e-01 7.989505557366386457e-01 7.989505557366283206e-01 7.989505556716041124e-01
6.955387634010342657e-01 6.955387625617982517e-01 6.955387625618061342e-01 6.955387625617982517e-01 6.955387634010342657e-01
4.722638069079697076e-01 4.722638054503321414e-01 4.722638054503380811e-01 4.722638054503321414e-01 4.722638069079697076e-01
1.652278116452007284e-01 1.652278099207128981e-01 1.652278099207174222e-01 1.652278099207128981e-01 1.652278116452007284e-01
-1.717698497169405369e-01 -1.717698513578543307e-01 -1.717698513578503894e-01 -1.717698513578543307e-01 -1.717698497169405369e-01
-4.777768595782841965e-01 -4.777768608697104957e-01 -4.777768608697064434e-01 -4.777768608697104957e-01 -4.777768595782841965e-01
-6.992523019463664502e-01 -6.992523027652307599e-01 -6.992523027652260970e-01 -6.992523027652307599e-01 -6.992523019463664502e-01
-8.004686031327986617e-01 -8.004686034996945088e-01 -8.004686034996887356e-01 -8.004686034996945088e-01 -8.004686031327986617e-01
-7.663606377654866852e-01 -7.663606377991505347e-01 -7.663606377991434293e-01 -7.663606377991505347e-01 -7.663606377654866852e-01
-6.019028210886173680e-01 -6.019028209471041224e-01 -6.019028209470955737e-01 -6.019028209471041224e-01 -6.019028210886173680e-01
-3.324749925807058970e-01 -3.324749924095238840e-01 -3.324749924095140030e-01 -3.324749924095238840e-01 -3.324749925807058970e-01
-3.508993720904051913e-03 -3.508993611921396982e-03 -3.508993611910058395e-03 -3.508993611921396982e-03 -3.508993720904051913e-03
3.260073169888134115e-01 3.260073170241321594e-01 3.260073170241450380e-01 3.260073170241321594e-01 3.260073169888134115e-01
5.969369582789377793e-01 5.969369583138504076e-01 5.969369583138648405e-01 5.969369583138504076e-01 5.969369582789377793e-01
7.634902087498877110e-01 7.634902089214502530e-01 7.634902089214664622e-01 7.634902089214502530e-01 7.634902087498877110e-01
7.998904479271026213e-01 7.998904483952496980e-01 7.998904483952675726e-01 7.998904483952496980e-01 7.998904479271026213e-01
7.008176566979189559e-01 7.008176575899256466e-01 7.008176575899449645e-01 7.008176575899256466e-01 7.008176566979189559e-01
4.810285712530925628e-01 4.810285726006492402e-01 4.810285726006695017e-01 4.810285726006492402e-01 4.810285712530925628e-01
1.759682126844266392e-01 1.759682143755322836e-01 1.759682143755527950e-01 1.759682143755322836e-01 1.759682126844266392e-01
-1.610105670374353537e-01 -1.610105652584884750e-01 -1.610105652584685187e-01 -1.610105652584884750e-01 -1.610105670374353537e-01
-4.689578579036937644e-01 -4.689578563775340103e-01 -4.689578563775155806e-01 -4.689578563775340103e-01 -4.689578579036937644e-01
-6.938893041769751413e-01 -6.938893032448790743e-01 -6.938893032448627540e-01 -6.938893032448790743e-01 -6.938893041769751413e-01
-7.994206785314769137e-01 -7.994206784688154821e-01 -7.994206784688019374e-01 -7.994206784688154821e-01 -7.994206785314769137e-01
-7.698217735914097970e-01 -7.698217745628420650e-01 -7.698217745628311848e-01 -7.698217745628420650e-01 -7.698217735914097970e-01
-6.094078704805889757e-01 -6.094078724903926325e-01 -6.094078724903839728e-01 -6.094078724903926325e-01 -6.094078704805889757e-01
-3.428600651430621093e-01 -3.428600679791960482e-01 -3.428600679791884431e-01 -3.428600679791960482e-01 -3.428600651430621093e-01
-1.498700096930960686e-02 -1.498700419006323940e-02 -1.498700419005528223e-02 -1.498700419006323940e-02 -1.498700096930960686e-02
3.155023683407618407e-01 3.155023653294398711e-01 3.155023653294498076e-01 3.155023653294398711e-01 3.155023683407618407e-01
5.892488336074607203e-01 5.892488314085497780e-01 5.892488314085632117e-01 5.892488314085497780e-01 5.892488336074607203e-01
7.598733013459890717e-01 7.598733004444353512e-01 7.598733004444533368e-01 7.598733004444353512e-01 7.598733013459890717e-01
8.009061706945840298e-01 8.009061713908079971e-01 8.009061713908310898e-01 8.009061713908079971e-01 8.009061706945840298e-01
7.063519341054832479e-01 7.063519364738807260e-01 7.063519364739084816e-01 7.063519364738807260e-01 7.063519341054832479e-01
4.902652674492073426e-01 4.902652712792874845e-01 4.902652712793188483e-01 4.902652712792874845e-01 4.902652674492073426e-01
1.873751875701701319e-01 1.873751923240972450e-01 1.873751923241303852e-01 1.873751923240972450e-01 1.873751875701701319e-01
-1.494794323967236216e-01 -1.494794275237206205e-01 -1.494794275236878967e-01 -1.494794275237206205e-01 -1.494794323967236216e-01
-4.593997732231592246e-01 -4.593997691169320885e-01 -4.593997691169020570e-01 -4.593997691169320885e-01 -4.593997732231592246e-01
-6.879682219403175925e-01 -6.879682193542931978e-01 -6.879682193542677737e-01 -6.879682193542931978e-01 -6.879682219403175925e-01
-7.981194943496341399e-01 -7.981194937775897280e-01 -7.981194937775700771e-01 -7.981194937775897280e-01 -7.981194943496341399e-01
-7.734148808369860628e-01 -7.734148824741682304e-01 -7.734148824741546857e-01 -7.734148824741682304e-01 -7.734148808369860628e-01
-6.174533754935764840e-01 -6.174533792056760007e-01 -6.174533792056675630e-01 -6.174533792056760007e-01 -6.174533754935764840e-01
-3.541412838096990590e-01 -3.541412890824283122e-01 -3.541412890824232607e-01 -3.541412890824283122e-01 -3.541412838096990590e-01
-2.757514642654766701e-02 -2.757515237759067608e-02 -2.757515237758654744e-02 -2.757515237759067608e-02 -2.757514642654766701e-02
3.038872534893847233e-01 3.038872479490549727e-01 3.038872479490608569e-01 3.038872479490549727e-01 3.038872534893847233e-01
5.806875365822952162e-01 5.806875324843749908e-01 5.806875324843850938e-01 5.806875324843749908e-01 5.806875365822952162e-01
7.558262290873213329e-01 7.558262271914364394e-01 7.558262271914527597e-01 7.558262271914364394e-01 7.558262290873213329e-01
8.020764309771206690e-01 8.020764316857182941e-01 8.020764316857417198e-01 8.020764316857182941e-01 8.020764309771206690e-01
7.126845187327943698e-01 7.126845220698242445e-01 7.126845220698542205e-01 7.126845220698242445e-01 7.126845187327943698e-01
5.008977606797910820e-01 5.008977662466422842e-01 5.008977662466773673e-01 5.008977662466422842e-01 5.008977606797910820e-01
2.006015167581243486e-01 2.006015237014560082e-01 2.006015237014938946e-01 2.006015237014560082e-01 2.006015167581243486e-01
-1.359956530820853049e-01 -1.359956459665503381e-01 -1.359956459665127015e-01 -1.359956459665503381e-01 -1.359956530820853049e-01
-4.480978423411325351e-01 -4.480978363327265401e-01 -4.480978363326922342e-01 -4.480978363327265401e-01 -4.480978423411325351e-01
-6.808182537185296646e-01 -6.808182498641609515e-01 -6.808182498641325298e-01 -6.808182498641609515e-01 -6.808182537185296646e-01
-7.963149756069011209e-01 -7.963149745493871556e-01 -7.963149745493661724e-01 -7.963149745493871556e-01 -7.963149756069011209e-01
-7.773274346811535063e-01 -7.773274366290366943e-01 -7.773274366290235937e-01 -7.773274366290366943e-01 -7.773274346811535063e-01
-6.266192347504201399e-01 -6.266192394702153612e-01 -6.266192394702091439e-01 -6.266192394702153612e-01 -6.266192347504201399e-01
-3.671866082894030825e-01 -3.671866150680696550e-01 -3.671866150680684893e-01 -3.671866150680696550e-01 -3.671866082894030825e-01
-4.227322004482116091e-02 -4.227322772021496755e-02 -4.227322772021590430e-02 -4.227322772021496755e-02 -4.227322004482116091e-02
2.902109024630779022e-01 2.902108952897944349e-01 2.902108952897946015e-01 2.902108952897944349e-01 2.902109024630779022e-01
5.705124587575298722e-01 5.705124533825244315e-01 5.705124533825285393e-01 5.705124533825244315e-01 5.705124587575298722e-01
7.509275158730635003e-01 7.509275132184851653e-01 7.509275132184954904e-01 7.509275132184851653e-01 7.509275158730635003e-01
8.033452801849486624e-01 8.033452807040009080e-01 8.033452807040184496e-01 8.033452807040009080e-01 8.033452801849486624e-01
7.201163431990645902e-01 7.201163468764769648e-01 7.201163468765015008e-01 7.201163468764769648e-01 7.201163431990645902e-01
5.135262283343372536e-01 5.135262346642200937e-01 5.135262346642501807e-01 5.135262346642200937e-01 5.135262283343372536e-01
2.164417845282623487e-01 2.164417924948542904e-01 2.164417924948873473e-01 2.164417924948542904e-01 2.164417845282623487e-01
-1.197113257299250721e-01 -1.197113175278188141e-01 -1.197113175277858266e-01 -1.197113175278188141e-01 -1.197113257299250721e-01
-4.342987183666146556e-01 -4.342987113987495928e-01 -4.342987113987198389e-01 -4.342987113987495928e-01 -4.342987183666146556e-01
-6.718990231344812436e-01 -6.718990185857306452e-01 -6.718990185857067754e-01 -6.718990185857306452e-01 -6.718990231344812436e-01
-7.937473840600014485e-01 -7.937473826360732509e-01 -7.937473826360569307e-01 -7.937473826360732509e-01 -7.937473840600014485e-01
-7.815975844138925988e-01 -7.815975863198888485e-01 -7.815975863198805218e-01 -7.815975863198888485e-01 -7.815975844138925988e-01
-6.372174985876692954e-01 -6.372175035427709577e-01 -6.372175035427700696e-01 -6.372175035427709577e-01 -6.372174985876692954e-01
-3.825218573819705314e-01 -3.825218645987978894e-01 -3.825218645988023303e-01 -3.825218645987978894e-01 -3.825218573819705314e-01
-5.972790347509818881e-02 -5.972791169991256005e-02 -5.972791169991974181e-02 -5.972791169991256005e-02 -5.972790347509818881e-02
2.738178146069651930e-01 2.738178068679155142e-01 2.738178068679085753e-01 2.738178068679155142e-01 2.738178146069651930e-01
5.581639471723505164e-01 5.581639412906957975e-01 5.581639412906919118e-01 5.581639412906957975e-01 5.581639471723505164e-01
7.447856074335948984e-01 7.447856043679493832e-01 7.447856043679506044e-01 7.447856043679493832e-01 7.447856074335948984e-01
8.045210859801891212e-01 8.045210861804478197e-01 8.045210861804552582e-01 8.045210861804478197e-01 8.045210859801891212e-01
7.286551058378974988e-01 7.286551092644782956e-01 7.286551092644917293e-01 7.286551092644782956e-01 7.286551058378974988e-01
5.283349207902060529e-01 5.283349269159869355e-01 5.283349269160053652e-01 5.283349269159869355e-01 5.283349207902060529e-01
2.352148370090640372e-01 2.352148448138898229e-01 2.352148448139109171e-01 2.352148448138898229e-01 2.352148370090640372e-01
-1.002339169458389828e-01 -1.002339088519855897e-01 -1.002339088519643984e-01 -1.002339088519855897e-01 -1.002339169458389828e-01
-4.176076919964090695e-01 -4.176076850644355742e-01 -4.176076850644169780e-01 -4.176076850644355742e-01 -4.176076919964090695e-01
-6.608779232832112660e-01 -6.608779186755747714e-01 -6.608779186755611157e-01 -6.608779186755747714e-01 -6.608779232832112660e-01
-7.901880798199089062e-01 -7.901880782173509310e-01 -7.901880782173436035e-01 -7.901880782173509310e-01 -7.901880798199089062e-01
-7.861182458768187775e-01 -7.861182474642556262e-01 -7.861182474642550710e-01 -7.861182474642556262e-01 -7.861182458768187775e-01
-6.492640051669426038e-01 -6.492640096655285520e-01 -6.492640096655343251e-01 -6.492640096655285520e-01 -6.492640051669426038e-01
-4.002772858483089613e-01 -4.002772925124802872e-01 -4.002772925124908898e-01 -4.002772925124802872e-01 -4.002772858483089613e-01
-8.016453953104975272e-02 -8.016454719074858626e-02 -8.016454719076189506e-02 -8.016454719074858626e-02 -8.016453953104975272e-02
2.544194914381706085e-01 2.544194841700955223e-01 2.544194841700819221e-01 2.544194841700955223e-01 2.544194914381706085e-01
5.433280898417747196e-01 5.433280842338873429e-01 5.433280842338756855e-01 5.433280842338873429e-01 5.433280898417747196e-01
7.370914515485575969e-01 7.370914484770700881e-01 7.370914484770619834e-01 7.370914484770700881e-01 7.370914515485575969e-01
8.053154677384606330e-01 8.053154675996407885e-01 8.053154675996372358e-01 8.053154675996407885e-01 8.053154677384606330e-01
7.380409015299950193e-01 7.380409042720555979e-01 7.380409042720567081e-01 7.380409042720555979e-01 7.380409015299950193e-01
5.451045840574207935e-01 5.451045892039304563e-01 5.451045892039353413e-01 5.451045892039304563e-01 5.451045840574207935e-01
2.567629197743122593e-01 2.567629264321747429e-01 2.567629264321817928e-01 2.567629264321747429e-01 2.567629197743122593e-01
-7.763918695944305171e-02 -7.763917999394713554e-02 -7.763917999393980807e-02 -7.763917999394713554e-02 -7.763918695944305171e-02
-3.980105916331410643e-01 -3.980105856122875263e-01 -3.980105856122819752e-01 -3.980105856122875263e-01 -3.980105916331410643e-01
-6.476573408449897151e-01 -6.476573367678568616e-01 -6.476573367678547521e-01 -6.476573367678568616e-01 -6.476573408449897151e-01
-7.854692871547456212e-01 -7.854692855976870280e-01 -7.854692855976893595e-01 -7.854692855976870280e-01 -7.854692871547456212e-01
-7.906672052177307064e-01 -7.906672063267068395e-01 -7.906672063267141670e-01 -7.906672063267068395e-01 -7.906672052177307064e-01
-6.625056146838305127e-01 -6.625056182168753693e-01 -6.625056182168872487e-01 -6.625056182168753693e-01 -6.625056146838305127e-01
-4.202069713247781335e-01 -4.202069766653165339e-01 -4.202069766653320215e-01 -4.202069766653165339e-01 -4.202069713247781335e-01
-1.033931999570233268e-01 -1.033932061535760977e-01 -1.033932061535937363e-01 -1.033932061535760977e-01 -1.033931999570233268e-01
2.321056259265202870e-01 2.321056199948141052e-01 2.321056199947959808e-01 2.321056199948141052e-01 2.321056259265202870e-01
5.259670632473055774e-01 5.259670586001582437e-01 5.259670586001412573e-01 5.259670586001582437e-01 5.259670632473055774e-01
7.276689129587831095e-01 7.276689102902629269e-01 7.276689102902482720e-01 7.276689102902629269e-01 7.276689129587831095e-01
8.054139176425613167e-01 8.054139172508834044e-01 8.054139172508716360e-01 8.054139172508834044e-01 8.054139176425613167e-01
7.478343948682658615e-01 7.478343966936608078e-01 7.478343966936521481e-01 7.478343966936608078e-01 7.478343948682658615e-01
5.633101409995937559e-01 5.633101446633825837e-01 5.633101446633765885e-01 5.633101446633825837e-01 5.633101409995937559e-01
2.805455467561825400e-01 2.805455515814517797e-01 2.805455515814473944e-01 2.805455515814517797e-01 2.805455467561825400e-01
-5.239568916622643763e-02 -5.239568407346445467e-02 -5.239568407346847922e-02 -5.239568407346445467e-02 -5.239568916622643763e-02
-3.758273716675397669e-01 -3.758273672278987787e-01 -3.758273672279036637e-01 -3.758273672278987787e-01 -3.758273716675397669e-01
-6.323620417694919560e-01 -6.323620387085637784e-01 -6.323620387085706618e-01 -6.323620387085637784e-01 -6.323620417694919560e-01
-7.795048913100088850e-01 -7.795048900330031616e-01 -7.795048900330128205e-01 -7.795048900330031616e-01 -7.795048913100088850e-01
-7.949568432652418526e-01 -7.949568438570017159e-01 -7.949568438570143725e-01 -7.949568438570017159e-01 -7.949568432652418526e-01
-6.764897056597853897e-01 -6.764897079309333261e-01 -6.764897079309489802e-01 -6.764897079309333261e-01 -6.764897056597853897e-01
-4.417638637721571504e-01 -4.417638672861147198e-01 -4.417638672861324833e-01 -4.417638672861147198e-01 -4.417638637721571504e-01
-1.288724148775796385e-01 -1.288724189869111247e-01 -1.288724189869303594e-01 -1.288724189869111247e-01 -1.288724148775796385e-01
2.073064899677716511e-01 2.073064860091131667e-01 2.073064860090935713e-01 2.073064860091131667e-01 2.073064899677716511e-01
5.063169760507097994e-01 5.063169729074897818e-01 5.063169729074707970e-01 5.063169729074897818e-01 5.063169760507097994e-01
7.165120171158760876e-01 7.165120152221614580e-01 7.165120152221438055e-01 7.165120152221614580e-01 7.165120171158760876e-01
8.045522312494807204e-01 8.045522307661380212e-01 8.045522307661220340e-01 8.045522307661380212e-01 8.045522312494807204e-01
7.575273260370062323e-01 7.575273268907201096e-01 7.575273268907061208e-01 7.575273268907201096e-01 7.575273260370062323e-01
5.822529456961181848e-01 5.822529476271554039e-01 5.822529476271429694e-01 5.822529476271554039e-01 5.822529456961181848e-01
3.057738638411341969e-01 3.057738664357698144e-01 3.057738664357585456e-01 3.057738664357698144e-01 3.057738638411341969e-01
-2.525047398554991149e-02 -2.525047123937615087e-02 -2.525047123938701371e-02 -2.525047123937615087e-02 -2.525047398554991149e-02
-3.516354728277575337e-01 -3.516354704327444569e-01 -3.516354704327555591e-01 -3.516354704327444569e-01 -3.516354728277575337e-01
-6.153090934025062797e-01 -6.153090917317169950e-01 -6.153090917317289854e-01 -6.153090917317169950e-01 -6.153090934025062797e-01
-7.723077446015027547e-01 -7.723077438349467139e-01 -7.723077438349598145e-01 -7.723077438349467139e-01 -7.723077446015027547e-01
-7.986935009054830781e-01 -7.986935010417854919e-01 -7.986935010418001468e-01 -7.986935010417854919e-01 -7.986935009054830781e-01
-6.906543396457203166e-01 -6.906543405467059360e-01 -6.906543405467220342e-01 -6.906543405467059360e-01 -6.906543396457203166e-01
-4.642032024071023333e-01 -4.642032038352751910e-01 -4.642032038352923440e-01 -4.642032038352751910e-01 -4.642032024071023333e-01
-1.558044877743696710e-01 -1.558044894277285652e-01 -1.558044894277464676e-01 -1.558044894277285652e-01 -1.558044877743696710e-01
1.807250586442502582e-01 1.807250570748590579e-01 1.807250570748409335e-01 1.807250570748590579e-01 1.807250586442502582e-01
4.848596424534707405e-01 4.848596412082489815e-01 4.848596412082310514e-01 4.848596412082489815e-01 4.848596424534707405e-01
7.038007232449550177e-01 7.038007224400630868e-01 7.038007224400457673e-01 7.038007224400630868e-01 7.038007232449550177e-01
8.025749108640078955e-01 8.025749104881428897e-01 8.025749104881262364e-01 8.025749104881428897e-01 8.025749108640078955e-01
7.666373733706841609e-01 7.666373733233911025e-01 7.666373733233752263e-01 7.666373733233911025e-01 7.666373733706841609e-01
6.011797697188662193e-01 6.011797698602114881e-01 6.011797698601963891e-01 6.011797698602114881e-01 6.011797697188662193e-01
3.315348028177333983e-01 3.315348030111057720e-01 3.315348030110913391e-01 3.315348030111057720e-01 3.315348028177333983e-01
2.878451201872044875e-03 2.878451348029778794e-03 2.878451348015791719e-03 2.878451348029778794e-03 2.878451201872044875e-03
-3.261967788238674393e-01 -3.261967787626514625e-01 -3.261967787626651738e-01 -3.261967787626514625e-01 -3.261967788238674393e-01
-5.969788060108399685e-01 -5.969788060034453281e-01 -5.969788060034588728e-01 -5.969788060034453281e-01 -5.969788060108399685e-01
-7.640059878587432962e-01 -7.640059878185068154e-01 -7.640059878185202491e-01 -7.640059878185068154e-01 -7.640059878587432962e-01
-8.016347580229484793e-01 -8.016347578371590954e-01 -8.016347578371726401e-01 -8.016347578371590954e-01 -8.016347580229484793e-01
-7.044169009938506809e-01 -7.044169005631480962e-01 -7.044169005631617519e-01 -7.044169005631480962e-01 -7.044169009938506809e-01
-4.866871123254556397e-01 -4.866871116076842974e-01 -4.866871116076978976e-01 -4.866871116076842974e-01 -4.866871123254556397e-01
-1.832363582121873391e-01 -1.832363572582534350e-01 -1.832363572582671463e-01 -1.832363572582534350e-01 -1.832363582121873391e-01
1.532586396017017183e-01 1.532586406403705914e-01 1.532586406403566859e-01 1.532586406403705914e-01 1.532586396017017183e-01
4.622789257017967390e-01 4.622789266038145883e-01 4.622789266038004330e-01 4.622789266038145883e-01 4.622789257017967390e-01
6.898961055922927521e-01 6.898961061179602616e-01 6.898961061179457177e-01 6.898961061179602616e-01 6.898961055922927521e-01
7.994674852229687323e-01 7.994674851611283106e-01 7.994674851611133226e-01 7.994674851611283106e-01 7.994674852229687323e-01
7.747721987569337054e-01 7.747721979633305223e-01 7.747721979633150902e-01 7.747721979633305223e-01 7.747721987569337054e-01
6.193690991288687275e-01 6.193690975714525315e-01 6.193690975714368774e-01 6.193690975714525315e-01 6.193690991288687275e-01
3.568852033045312733e-01 3.568852011139410085e-01 3.568852011139252434e-01 3.568852011139410085e-01 3.568852033045312733e-01
3.098665776051458612e-02 3.098665524804935026e-02 3.098665524803388346e-02 3.098665524804935026e-02 3.098665776051458612e-02
-3.003980123541433733e-01 -3.003980147494742514e-01 -3.003980147494890174e-01 -3.003980147494742514e-01 -3.003980123541433733e-01
-5.779891102311499607e-01 -5.779891120508179325e-01 -5.779891120508314772e-01 -5.779891120508179325e-01 -5.779891102311499607e-01
-7.548538598499244801e-01 -7.548538607161030534e-01 -7.548538607161151548e-01 -7.548538607161030534e-01 -7.548538598499244801e-01
-8.036345464014003070e-01 -8.036345460709815036e-01 -8.036345460709920507e-01 -8.036345460709815036e-01 -8.036345464014003070e-01
-7.172476485406321656e-01 -7.172476469369184482e-01 -7.172476469369273300e-01 -7.172476469369184482e-01 -7.172476485406321656e-01
-5.083760287487206764e-01 -5.083760260061568337e-01 -5.083760260061646052e-01 -5.083760260061568337e-01 -5.083760287487206764e-01
-2.101536733398147727e-01 -2.101536698420928273e-01 -2.101536698420999050e-01 -2.101536698420928273e-01 -2.101536733398147727e-01
1.259185224155118243e-01 1.259185260691969843e-01 1.259185260691897956e-01 1.259185260691969843e-01 1.259185224155118243e-01
4.394063568637737727e-01 4.394063599896200767e-01 4.394063599896119165e-01 4.394063599896200767e-01 4.394063568637737727e-01
6.753174323770804177e-01 6.753174343686821901e-01 6.753174343686724201e-01 6.753174343686821901e-01 6.753174323770804177e-01
7.953651595687207809e-01 7.953651600023857737e-01 7.953651600023740054e-01 7.953651600023857737e-01 7.953651595687207809e-01
7.816667880964363047e-01 7.816667867715973994e-01 7.816667867715834106e-01 7.816667867715973994e-01 7.816667880964363047e-01
6.361916107118273933e-01 6.361916076860105740e-01 6.361916076859946978e-01 6.361916076860105740e-01 6.361916107118273933e-01
3.809258580734560806e-01 3.809258537154803781e-01 3.809258537154633362e-01 3.809258537154803781e-01 3.809258580734560806e-01
5.805740679626519851e-02 5.805740179293114589e-02 5.805740179291392355e-02 5.805740179293114589e-02 5.805740679626519851e-02
-2.751907375760564989e-01 -2.751907423379865159e-01 -2.751907423380026696e-01 -2.751907423379865159e-01 -2.751907375760564989e-01
-5.590603242697856912e-01 -5.590603279195475173e-01 -5.590603279195613950e-01 -5.590603279195475173e-01 -5.590603242697856912e-01
-7.452267515877537551e-01 -7.452267534597593057e-01 -7.452267534597700749e-01 -7.452267534597593057e-01 -7.452267515877537551e-01
-8.046700080009380196e-01 -8.046700077178298161e-01 -8.046700077178369215e-01 -8.046700077178298161e-01 -8.046700080009380196e-01
-7.287267802794727967e-01 -7.287267777740547015e-01 -7.287267777740582542e-01 -7.287267777740547015e-01 -7.287267802794727967e-01
-5.285101515356597224e-01 -5.285101470893796005e-01 -5.285101470893802666e-01 -5.285101470893796005e-01 -5.285101515356597224e-01
-2.355752161719807392e-01 -2.355752104535023261e-01 -2.355752104535014380e-01 -2.355752104535023261e-01 -2.355752161719807392e-01
9.973807268914536284e-02 9.973807868856102155e-02 9.973807868856200687e-02 9.973807868856102155e-02 9.973807268914536284e-02
4.171466053925504958e-01 4.171466105743027453e-01 4.171466105743021346e-01 4.171466105743027453e-01 4.171466053925504958e-01
6.606950162484790390e-01 6.606950196700485112e-01 6.606950196700447364e-01 6.606950196700485112e-01 6.606950162484790390e-01
7.905376380451240026e-01 7.905376390847090873e-01 7.905376390847012047e-01 7.905376390847090873e-01 7.905376380451240026e-01
7.872012312476937002e-01 7.872012296480658256e-01 7.872012296480536131e-01 7.872012296480658256e-01 7.872012312476937002e-01
6.511590177973819449e-01 6.511590136850763377e-01 6.511590136850601285e-01 6.511590136850763377e-01 6.511590177973819449e-01
4.028751048654286016e-01 4.028750987992180677e-01 4.028750987991990273e-01 4.028750987992180677e-01 4.028751048654286016e-01
8.314780383988042145e-02 8.314779680876174806e-02 8.314779680874177792e-02 8.314779680876174806e-02 8.314780383988042145e-02
-2.515088612160258363e-01 -2.515088679589680409e-01 -2.515088679589869147e-01 -2.515088679589680409e-01 -2.515088612160258363e-01
-5.409518842130098815e-01 -5.409518894536758937e-01 -5.409518894536915479e-01 -5.409518894536758937e-01 -5.409518842130098815e-01
-7.355884215921629776e-01 -7.355884244227404167e-01 -7.355884244227511859e-01 -7.355884244227404167e-01 -7.355884215921629776e-01
-8.048456724320818267e-01 -8.048456723621743025e-01 -8.048456723621792985e-01 -8.048456723621743025e-01 -8.048456724320818267e-01
-7.385880538130018547e-01 -7.385880507799236216e-01 -7.385880507799229555e-01 -7.385880507799236216e-01 -7.385880538130018547e-01
-5.464901201765990368e-01 -5.464901145696899887e-01 -5.464901145696844376e-01 -5.464901145696899887e-01 -5.464901201765990368e-01
-2.586610723818106861e-01 -2.586610650763297992e-01 -2.586610650763213615e-01 -2.586610650763297992e-01 -2.586610723818106861e-01
7.565406117851748713e-02 7.565406890621517721e-02 7.565406890622412839e-02 7.565406890621517721e-02 7.565406117851748713e-02
3.963685042218822452e-01 3.963685109678139473e-01 3.963685109678207752e-01 3.963685109678139473e-01 3.963685042218822452e-01
6.466882306436552152e-01 6.466882352158308533e-01 6.466882352158332958e-01 6.466882352158308533e-01 6.466882306436552152e-01
7.853452517804131450e-01 7.853452534119031991e-01 7.853452534118996464e-01 7.853452534119031991e-01 7.853452517804131450e-01
7.914004661436092603e-01 7.914004645387473502e-01 7.914004645387372472e-01 7.914004645387473502e-01 7.914004661436092603e-01
6.639684073711293877e-01 6.639684027048575743e-01 6.639684027048412540e-01 6.639684027048575743e-01 6.639684073711293877e-01
4.221529711916465755e-01 4.221529641444844994e-01 4.221529641444636827e-01 4.221529641444844994e-01 4.221529711916465755e-01
1.054999185659651062e-01 1.054999103133830163e-01 1.054999103133601873e-01 1.054999103133830163e-01 1.054999185659651062e-01
-2.301506739315335448e-01 -2.301506819120758551e-01 -2.301506819120977820e-01 -2.301506819120758551e-01 -2.301506739315335448e-01
-5.243597251718811192e-01 -5.243597314561233569e-01 -5.243597314561414535e-01 -5.243597314561233569e-01 -5.243597251718811192e-01
-7.264219178167782287e-01 -7.264219213519002016e-01 -7.264219213519121920e-01 -7.264219213519002016e-01 -7.264219178167782287e-01
-8.043696421331547608e-01 -8.043696423678102780e-01 -8.043696423678147189e-01 -8.043696423678102780e-01 -8.043696421331547608e-01
-7.467460154646473613e-01 -7.467460123460814003e-01 -7.467460123460782917e-01 -7.467460123460814003e-01 -7.467460154646473613e-01
-5.619549943279158466e-01 -5.619549883054369976e-01 -5.619549883054274497e-01 -5.619549883054369976e-01 -5.619549943279158466e-01
-2.788326409084407875e-01 -2.788326329554270955e-01 -2.788326329554133842e-01 -2.788326329554270955e-01 -2.788326409084407875e-01
5.436328420788919674e-02 5.436329268865357223e-02 5.436329268866844228e-02 5.436329268865357223e-02 5.436328420788919674e-02
3.777634793410077907e-01 3.777634868138201596e-01 3.777634868138328716e-01 3.777634868138201596e-01 3.777634793410077907e-01
6.338699839713083373e-01 6.338699891412926668e-01 6.338699891413003273e-01 6.338699891412926668e-01 6.338699839713083373e-01
7.801668709680755764e-01 7.801668730179526223e-01 7.801668730179531774e-01 7.801668730179526223e-01 7.801668709680755764e-01
7.944151366957823424e-01 7.944151353296741158e-01 7.944151353296667883e-01 7.944151353296741158e-01 7.944151366957823424e-01
6.745390138948719194e-01 6.745390093162741962e-01 6.745390093162593192e-01 6.745390093162741962e-01 6.745390138948719194e-01
4.384699304377182583e-01 4.384699233631328963e-01 4.384699233631123017e-01 4.384699233631328963e-01 4.384699304377182583e-01
1.246683786413333300e-01 1.246683702796235471e-01 1.246683702796000520e-01 1.246683702796235471e-01 1.246683786413333300e-01
-2.116348486021459585e-01 -2.116348567452174534e-01 -2.116348567452404905e-01 -2.116348567452174534e-01 -2.116348486021459585e-01
-5.097823504922958104e-01 -5.097823569740929095e-01 -5.097823569741122274e-01 -5.097823569740929095e-01 -5.097823504922958104e-01
-7.181286452571241652e-01 -7.181286490244586096e-01 -7.181286490244714882e-01 -7.181286490244586096e-01 -7.181286452571241652e-01
-8.035007121840866962e-01 -8.035007127043247710e-01 -8.035007127043294339e-01 -8.035007127043247710e-01 -8.035007121840866962e-01
-7.532985693392877380e-01 -7.532985665835596478e-01 -7.532985665835559841e-01 -7.532985665835596478e-01 -7.532985693392877380e-01
-5.748410127801671932e-01 -5.748410072029828122e-01 -5.748410072029719320e-01 -5.748410072029828122e-01 -5.748410127801671932e-01
-2.958802845569100115e-01 -2.958802770996410980e-01 -2.958802770996252218e-01 -2.958802770996410980e-01 -2.958802845569100115e-01
3.618334771429534275e-02 3.618335571795409239e-02 3.618335571797171718e-02 3.618335571795409239e-02 3.618334771429534275e-02
3.617000360029887784e-01 3.617000431060148902e-01 3.617000431060309329e-01 3.617000431060148902e-01 3.617000360029887784e-01
6.226010030020779906e-01 6.226010079977347678e-01 6.226010079977462031e-01 6.226010079977347678e-01 6.226010030020779906e-01
7.753137863198408253e-01 7.753137884660482593e-01 7.753137884660528112e-01 7.753137884660482593e-01 7.753137863198408253e-01
7.964862150348799297e-01 7.964862140876227681e-01 7.964862140876195484e-01 7.964862140876227681e-01 7.964862150348799297e-01
6.830314420447483048e-01 6.830314382166163822e-01 6.830314382166058351e-01 6.830314382166163822e-01 6.830314420447483048e-01
4.518980691690314688e-01 4.518980631172035412e-01 4.518980631171871654e-01 4.518980631172035412e-01 4.518980691690314688e-01
1.406327810592941652e-01 1.406327738538389049e-01 1.406327738538192818e-01 1.406327738538389049e-01 1.406327810592941652e-01
-1.960661835260497088e-01 -1.960661905750870626e-01 -1.960661905751067136e-01 -1.960661905750870626e-01 -1.960661835260497088e-01
-4.973888225360608151e-01 -4.973888281904574882e-01 -4.973888281904740860e-01 -4.973888281904574882e-01 -4.973888225360608151e-01
-7.109201709574161088e-01 -7.109201743331224899e-01 -7.109201743331334811e-01 -7.109201743331224899e-01 -7.109201709574161088e-01
-8.024780813998612095e-01 -8.024780820756661770e-01 -8.024780820756700628e-01 -8.024780820756661770e-01 -8.024780813998612095e-01
-7.585011571008095643e-01 -7.585011550884067644e-01 -7.585011550884031006e-01 -7.585011550884067644e-01 -7.585011571008095643e-01
-5.854013119470854454e-01 -5.854013076490887091e-01 -5.854013076490783840e-01 -5.854013076490887091e-01 -5.854013119470854454e-01
-3.100243962916269247e-01 -3.100243904832596931e-01 -3.100243904832446495e-01 -3.100243904832596931e-01 -3.100243962916269247e-01
2.096131466618176772e-02 2.096132092187612955e-02 2.096132092189334495e-02 2.096132092187612955e-02 2.096131466618176772e-02
3.481197100152503277e-01 3.481197155891371242e-01 3.481197155891537220e-01 3.481197155891371242e-01 3.481197100152503277e-01
6.129325875379028066e-01 6.129325915115853007e-01 6.129325915115988455e-01 6.129325915115853007e-01 6.129325875379028066e-01
7.709547418232030047e-01 7.709547436608555904e-01 7.709547436608642501e-01 7.709547436608555904e-01 7.709547418232030047e-01
7.979011203085379922e-01 7.979011198708879649e-01 7.979011198708907404e-01 7.979011198708879649e-01 7.979011203085379922e-01
6.898382214987622829e-01 6.898382189878405901e-01 6.898382189878378146e-01 6.898382189878405901e-01 6.898382214987622829e-01
4.628957250774135002e-01 4.628957209998419420e-01 4.628957209998346145e-01 4.628957209998419420e-01 4.628957250774135002e-01
1.538520872127514538e-01 1.538520823380798430e-01 1.538520823380699065e-01 1.538520823380798430e-01 1.538520872127514538e-01
-1.830608016057581611e-01 -1.830608063729160517e-01 -1.830608063729264046e-01 -1.830608063729160517e-01 -1.830608016057581611e-01
-4.869365165854776523e-01 -4.869365204200764574e-01 -4.869365204200850616e-01 -4.869365204200764574e-01 -4.869365165854776523e-01
-7.047407862068290063e-01 -7.047407885516752124e-01 -7.047407885516803194e-01 -7.047407885516752124e-01 -7.047407862068290063e-01
-8.014565853743709223e-01 -8.014565860030933298e-01 -8.014565860030938849e-01 -8.014565860030933298e-01 -8.014565853743709223e-01
-7.627180514767306629e-01 -7.627180504535643335e-01 -7.627180504535598926e-01 -7.627180504535643335e-01 -7.627180514767306629e-01
-5.941746732763711902e-01 -5.941746709001427540e-01 -5.941746709001336502e-01 -5.941746709001427540e-01 -5.941746732763711902e-01
-3.219027037408606629e-01 -3.219027005066282809e-01 -3.219027005066157354e-01 -3.219027005066282809e-01 -3.219027037408606629e-01
8.067821586520940516e-03 8.067825053707410737e-03 8.067825053722072620e-03 8.067825053707410737e-03 8.067821586520940516e-03
3.365152426013522380e-01 3.365152456791701274e-01 3.365152456791853375e-01 3.365152456791701274e-01 3.365152426013522380e-01
6.045736876324500075e-01 6.045736898546888449e-01 6.045736898547031668e-01 6.045736898546888449e-01 6.045736876324500075e-01
7.670765180653507098e-01 7.670765192070293503e-01 7.670765192070420069e-01 7.670765192070293503e-01 7.670765180653507098e-01
7.989505556716041124e-01 7.989505557366283206e-01 7.989505557366386457e-01 7.989505557366283206e-01 7.989505556716041124e-01
6.955387634010421483e-01 6.955387625618061342e-01 6.955387625618061342e-01 6.955387625618061342e-01 6.955387634010421483e-01
4.722638069079755918e-01 4.722638069079755918e-01 4.722638069079755918e-01 4.722638069079755918e-01 4.722638069079755918e-01
