-3.636232789425055678e-01 -3.636232789425168921e-01 -3.636232789425168921e-01 -3.636232789425168921e-01 -3.636232789425055678e-01
-3.301203678934945818e-01 -3.301203729104320028e-01 -3.301203729104454920e-01 -3.301203729104320028e-01 -3.301203678934945818e-01
-2.452253729332957988e-01 -2.452253815085218835e-01 -2.452253815085360944e-01 -2.452253815085218835e-01 -2.452253729332957988e-01
-1.219223944520408803e-01 -1.219224055397016976e-01 -1.219224055397148815e-01 -1.219224055397016976e-01 -1.219223944520408803e-01
2.056439626240046809e-02 2.056438426905096359e-02 2.056438426904086056e-02 2.056438426905096359e-02 2.056439626240046809e-02
1.597547816704811274e-01 1.597547706901751852e-01 1.597547706901701614e-01 1.597547706901751852e-01 1.597547816704811274e-01
2.737524285081837094e-01 2.737524204350619272e-01 2.737524204350635371e-01 2.737524204350619272e-01 2.737524285081837094e-01
3.449196416580084246e-01 3.449196380315039390e-01 3.449196380315130428e-01 3.449196380315039390e-01 3.449196416580084246e-01
3.624816793383560110e-01 3.624816810846440696e-01 3.624816810846604453e-01 3.624816810846440696e-01 3.624816793383560110e-01
3.238325220943776284e-01 3.238325293507836045e-01 3.238325293508059199e-01 3.238325293507836045e-01 3.238325220943776284e-01
2.347990789603827677e-01 2.347990909822829375e-01 2.347990909823088335e-01 2.347990909822829375e-01 2.347990789603827677e-01
1.089897242016192869e-01 1.089897393865973813e-01 1.089897393866236103e-01 1.089897393865973813e-01 1.089897242016192869e-01
-3.400272219269406815e-02 -3.400270611046252167e-02 -3.400270611043969271e-02 -3.400270611046252167e-02 -3.400272219269406815e-02
-1.716771472471197157e-01 -1.716771328311002265e-01 -1.716771328310843503e-01 -1.716771328311002265e-01 -1.716771472471197157e-01
-2.824720575212582574e-01 -2.824720471832738444e-01 -2.824720471832677382e-01 -2.824720471832738444e-01 -2.824720575212582574e-01
-3.493468919454957855e-01 -3.493468875378121785e-01 -3.493468875378173411e-01 -3.493468875378121785e-01 -3.493468919454957855e-01
-3.622453593125349314e-01 -3.622453618355705451e-01 -3.622453618355869209e-01 -3.622453618355705451e-01 -3.622453593125349314e-01
-3.192805300998122764e-01 -3.192805395272516056e-01 -3.192805395272772517e-01 -3.192805395272516056e-01 -3.192805300998122764e-01
-2.269161869239765261e-01 -2.269162021362654269e-01 -2.269162021362967907e-01 -2.269162021362654269e-01 -2.269161869239765261e-01
-9.924164980845827377e-02 -9.924166867246178581e-02 -9.924166867249405166e-02 -9.924166867246178581e-02 -9.924164980845827377e-02
4.390651251527899479e-02 4.390649286409214341e-02 4.390649286406436702e-02 4.390649286409214341e-02 4.390651251527899479e-02
1.800783609997478885e-01 1.800783436849053010e-01 1.800783436848870933e-01 1.800783436849053010e-01 1.800783609997478885e-01
2.880452113352092169e-01 2.880451991940704004e-01 2.880451991940657930e-01 2.880451991940704004e-01 2.880452113352092169e-01
3.512917018732482077e-01 3.512916969892095898e-01 3.512916969892206365e-01 3.512916969892095898e-01 3.512917018732482077e-01
3.603620409071404684e-01 3.603620442979429961e-01 3.603620442979696414e-01 3.603620442979429961e-01 3.603620409071404684e-01
3.139507214312126093e-01 3.139507328846126710e-01 3.139507328846523615e-01 3.139507328846126710e-01 3.139507214312126093e-01
2.190188074913836935e-01 2.190188255315120014e-01 2.190188255315599630e-01 2.190188255315120014e-01 2.190188074913836935e-01
9.000764867296290328e-02 9.000767069711126944e-02 9.000767069716117397e-02 9.000767069711126944e-02 9.000764867296290328e-02
-5.310484556317285332e-02 -5.310482292087861933e-02 -5.310482292083373163e-02 -5.310482292087861933e-02 -5.310484556317285332e-02
-1.879763721173194901e-01 -1.879763524227701099e-01 -1.879763524227367755e-01 -1.879763524227701099e-01 -1.879763721173194901e-01
-2.937073929944234996e-01 -2.937073793946620714e-01 -2.937073793946453071e-01 -2.937073793946620714e-01 -2.937073929944234996e-01
-3.542420450223457418e-01 -3.542420397400066756e-01 -3.542420397400092291e-01 -3.542420397400066756e-01 -3.542420450223457418e-01
-3.606050543680100473e-01 -3.606050583875135551e-01 -3.606050583875352600e-01 -3.606050583875135551e-01 -3.606050543680100473e-01
-3.119096364453451398e-01 -3.119096493700980743e-01 -3.119096493701358219e-01 -3.119096493700980743e-01 -3.119096364453451398e-01
-2.154258130716670827e-01 -2.154258331270383631e-01 -2.154258331270863247e-01 -2.154258331270383631e-01 -2.154258130716670827e-01
-8.576364003913253264e-02 -8.576366426036445556e-02 -8.576366426041515112e-02 -8.576366426036445556e-02 -8.576364003913253264e-02
5.709182694680870612e-02 5.709180228705169891e-02 5.709180228700655446e-02 5.709180228705169891e-02 5.709182694680870612e-02
1.909506829784389237e-01 1.909506617422959962e-01 1.909506617422640773e-01 1.909506617422959962e-01 1.909506829784389237e-01
2.951848604455463709e-01 2.951848459640374345e-01 2.951848459640246669e-01 2.951848459640374345e-01 2.951848604455463709e-01
3.540594162941118062e-01 3.540594108436856957e-01 3.540594108436951881e-01 3.540594108436856957e-01 3.540594162941118062e-01
3.588998848465349556e-01 3.588998893445920491e-01 3.588998893446236349e-01 3.588998893445920491e-01 3.588998848465349556e-01
3.090524460051386479e-01 3.090524598942271939e-01 3.090524598942773760e-01 3.090524598942271939e-01 3.090524460051386479e-01
2.119257979587441110e-01 2.119258192466766666e-01 2.119258192467390056e-01 2.119258192466766666e-01 2.119257979587441110e-01
8.215897362630587841e-02 8.215899911788301924e-02 8.215899911794907751e-02 8.215899911788301924e-02 8.215897362630587841e-02
-6.034814717559632696e-02 -6.034812140552222454e-02 -6.034812140546159942e-02 -6.034812140552222454e-02 -6.034814717559632696e-02
-1.935868659857997442e-01 -1.935868439274792407e-01 -1.935868439274325004e-01 -1.935868439274792407e-01 -1.935868659857997442e-01
-2.971594982024277631e-01 -2.971594832276657772e-01 -2.971594832276394094e-01 -2.971594832276657772e-01 -2.971594982024277631e-01
-3.555470891755563301e-01 -3.555470835202945157e-01 -3.555470835202919622e-01 -3.555470835202945157e-01 -3.555470891755563301e-01
-3.602191176812613582e-01 -3.602191221659755138e-01 -3.602191221659967191e-01 -3.602191221659755138e-01 -3.602191176812613582e-01
-3.105588093576702735e-01 -3.105588233058979575e-01 -3.105588233059393133e-01 -3.105588233058979575e-01 -3.105588093576702735e-01
-2.138984662832626726e-01 -2.138984875966294386e-01 -2.138984875966842558e-01 -2.138984875966294386e-01 -2.138984662832626726e-01
-8.470877586523128944e-02 -8.470880128371005569e-02 -8.470880128376957752e-02 -8.470880128371005569e-02 -8.470877586523128944e-02
5.732470754783559885e-02 5.732468195614776746e-02 5.732468195609299877e-02 5.732468195614776746e-02 5.732470754783559885e-02
1.903946290652934192e-01 1.903946072376151988e-01 1.903946072375739540e-01 1.903946072376151988e-01 1.903946290652934192e-01
2.942391000420190861e-01 2.942390852502522747e-01 2.942390852502311804e-01 2.942390852502522747e-01 2.942391000420190861e-01
3.533787408918548367e-01 3.533787352495179057e-01 3.533787352495206813e-01 3.533787352495179057e-01 3.533787408918548367e-01
3.592181743411995698e-01 3.592181785556628482e-01 3.592181785556896045e-01 3.592181785556628482e-01 3.592181743411995698e-01
3.109764889920447195e-01 3.109765023179058008e-01 3.109765023179530963e-01 3.109765023179058008e-01 3.109764889920447195e-01
2.157380366189195209e-01 2.157380569638085444e-01 2.157380569638699952e-01 2.157380569638085444e-01 2.157380366189195209e-01
8.767571064399994063e-02 8.767573484543375595e-02 8.767573484550091056e-02 8.767573484543375595e-02 8.767571064399994063e-02
-5.381447386778205610e-02 -5.381444955875044206e-02 -5.381444955868668750e-02 -5.381444955875044206e-02 -5.381447386778205610e-02
-1.871371055151404839e-01 -1.871370847966019879e-01 -1.871370847965500572e-01 -1.871370847966019879e-01 -1.871371055151404839e-01
-2.921106416404218309e-01 -2.921106275326537660e-01 -2.921106275326201263e-01 -2.921106275326537660e-01 -2.921106416404218309e-01
-3.531825422976371809e-01 -3.531825366972644598e-01 -3.531825366972528024e-01 -3.531825366972644598e-01 -3.531825422976371809e-01
-3.615349091535120518e-01 -3.615349126302153104e-01 -3.615349126302258576e-01 -3.615349126302153104e-01 -3.615349091535120518e-01
-3.160320198494191435e-01 -3.160320316377964733e-01 -3.160320316378263938e-01 -3.160320316377964733e-01 -3.160320198494191435e-01
-2.233046690296025816e-01 -2.233046871603433237e-01 -2.233046871603868722e-01 -2.233046871603433237e-01 -2.233046690296025816e-01
-9.704170528868147350e-02 -9.704172686512230195e-02 -9.704172686517203994e-02 -9.704172686512230195e-02 -9.704170528868147350e-02
4.376971763734821552e-02 4.376969599039323006e-02 4.376969599034540026e-02 4.376969599039323006e-02 4.376971763734821552e-02
1.777596769732620041e-01 1.777596585356914505e-01 1.777596585356530368e-01 1.777596585356914505e-01 1.777596769732620041e-01
2.847299298702275494e-01 2.847299172725549221e-01 2.847299172725317185e-01 2.847299172725549221e-01 2.847299298702275494e-01
3.488811614315963650e-01 3.488811562727806015e-01 3.488811562727759386e-01 3.488811562727806015e-01 3.488811614315963650e-01
3.609746312952443748e-01 3.609746339877724641e-01 3.609746339877867860e-01 3.609746339877724641e-01 3.609746312952443748e-01
3.193389859070698278e-01 3.193389957040917992e-01 3.193389957041228855e-01 3.193389957040917992e-01 3.193389859070698278e-01
2.300085903318911662e-01 2.300086054775372646e-01 2.300086054775806188e-01 2.300086054775372646e-01 2.300085903318911662e-01
1.060885344343336645e-01 1.060885524300055893e-01 1.060885524300552579e-01 1.060885524300055893e-01 1.060885344343336645e-01
-3.389758718155388983e-02 -3.389756917993210633e-02 -3.389756917988262508e-02 -3.389756917993210633e-02 -3.389758718155388983e-02
-1.688120703946605627e-01 -1.688120550899695205e-01 -1.688120550899261940e-01 -1.688120550899695205e-01 -1.688120703946605627e-01
-2.783982515872624464e-01 -2.783982410852496869e-01 -2.783982410852170464e-01 -2.783982410852496869e-01 -2.783982515872624464e-01
-3.465250132370845115e-01 -3.465250087476411389e-01 -3.465250087476218765e-01 -3.465250087476411389e-01 -3.465250132370845115e-01
-3.634129144448542958e-01 -3.634129161857254653e-01 -3.634129161857200807e-01 -3.634129161857254653e-01 -3.634129144448542958e-01
-3.267090685612316081e-01 -3.267090758218820779e-01 -3.267090758218890167e-01 -3.267090758218820779e-01 -3.267090685612316081e-01
-2.416919199758744419e-01 -2.416919312819859889e-01 -2.416919312820020871e-01 -2.416919312819859889e-01 -2.416919199758744419e-01
-1.207336194012004205e-01 -1.207336327599682207e-01 -1.207336327599893566e-01 -1.207336327599682207e-01 -1.207336194012004205e-01
1.820860073042077087e-02 1.820858750181178140e-02 1.820858750179000021e-02 1.820858750181178140e-02 1.820860073042077087e-02
1.542519549688617098e-01 1.542519438659407660e-01 1.542519438659222530e-01 1.542519438659407660e-01 1.542519549688617098e-01
2.670144902030001099e-01 2.670144826979946595e-01 2.670144826979823915e-01 2.670144826979946595e-01 2.670144902030001099e-01
3.399014780124408053e-01 3.399014748533012997e-01 3.399014748532968033e-01 3.399014748533012997e-01 3.399014780124408053e-01
3.624416718701153339e-01 3.624416730463830838e-01 3.624416730463865810e-01 3.624416730463830838e-01 3.624416718701153339e-01
3.314713134263442829e-01 3.314713182652096468e-01 3.314713182652201384e-01 3.314713182652096468e-01 3.314713134263442829e-01
2.514241148765101186e-01 2.514241222147654553e-01 2.514241222147811095e-01 2.514241222147654553e-01 2.514241148765101186e-01
1.338880573661796469e-01 1.338880657694059007e-01 1.338880657694244691e-01 1.338880657694059007e-01 1.338880573661796469e-01
-3.771085701037510136e-03 -3.771077683352397521e-03 -3.771077683333051885e-03 -3.771077683352397521e-03 -3.771085701037510136e-03
-1.409317593275063452e-01 -1.409317529017943826e-01 -1.409317529017759252e-01 -1.409317529017943826e-01 -1.409317593275063452e-01
-2.570743761339804867e-01 -2.570743720585660919e-01 -2.570743720585494385e-01 -2.570743720585660919e-01 -2.570743761339804867e-01
-3.351073268784734438e-01 -3.351073253729383028e-01 -3.351073253729237589e-01 -3.351073253729383028e-01 -3.351073268784734438e-01
-3.638134979817242987e-01 -3.638134987625781802e-01 -3.638134987625653571e-01 -3.638134987625781802e-01 -3.638134979817242987e-01
-3.391464362436516500e-01 -3.391464386533867281e-01 -3.391464386533748487e-01 -3.391464386533867281e-01 -3.391464362436516500e-01
-2.646110359159301595e-01 -2.646110390993701711e-01 -2.646110390993585693e-01 -2.646110390993701711e-01 -2.646110359159301595e-01
-1.509254607190901598e-01 -1.509254638136216520e-01 -1.509254638136098559e-01 -1.509254638136216520e-01 -1.509254607190901598e-01
-1.479567266895551354e-02 -1.479567498441105786e-02 -1.479567498439913684e-02 -1.479567498441105786e-02 -1.479567266895551354e-02
1.234465030917069467e-01 1.234465019336103003e-01 1.234465019336217079e-01 1.234465019336103003e-01 1.234465030917069467e-01
2.431198530861795604e-01 2.431198530869489172e-01 2.431198530869586871e-01 2.431198530869489172e-01 2.431198530861795604e-01
3.265692390636781850e-01 3.265692398757165105e-01 3.265692398757232828e-01 3.265692398757165105e-01 3.265692390636781850e-01
3.617527758395299720e-01 3.617527768751134243e-01 3.617527768751159223e-01 3.617527768751134243e-01 3.617527758395299720e-01
3.436835481011940585e-01 3.436835486914192050e-01 3.436835486914165960e-01 3.436835486914192050e-01 3.436835481011940585e-01
2.749175325873466358e-01 2.749175321570583863e-01 2.749175321570506703e-01 2.749175321570583863e-01 2.749175325873466358e-01
1.653130768065725342e-01 1.653130750336740395e-01 1.653130750336621324e-01 1.653130750336740395e-01 1.653130768065725342e-01
3.093419832682638149e-02 3.093419525173852699e-02 3.093419525172429879e-02 3.093419525173852699e-02 3.093419832682638149e-02
-1.081706842796175960e-01 -1.081706882272034792e-01 -1.081706882272173986e-01 -1.081706882272034792e-01 -1.081706842796175960e-01
-2.311689417833066029e-01 -2.311689458535386710e-01 -2.311689458535492736e-01 -2.311689458535386710e-01 -2.311689417833066029e-01
-3.198611371501983713e-01 -3.198611404191035179e-01 -3.198611404191079033e-01 -3.198611404191035179e-01 -3.198611371501983713e-01
-3.613988658871800652e-01 -3.613988674409501778e-01 -3.613988674409461255e-01 -3.613988674409501778e-01 -3.613988658871800652e-01
-3.498664239647508167e-01 -3.498664230885625281e-01 -3.498664230885488724e-01 -3.498664230885625281e-01 -3.498664239647508167e-01
-2.868743187509841808e-01 -2.868743151009882641e-01 -2.868743151009652825e-01 -2.868743151009882641e-01 -2.868743187509841808e-01
-1.814160181106551362e-01 -1.814160118439270275e-01 -1.814160118438965796e-01 -1.814160118439270275e-01 -1.814160181106551362e-01
-4.890179975325675832e-02 -4.890179157469189825e-02 -4.890179157465716908e-02 -4.890179157469189825e-02 -4.890179975325675832e-02
9.091580411496631708e-02 9.091581302680043497e-02 9.091581302683524046e-02 9.091581302680043497e-02 9.091580411496631708e-02
2.170581339360297402e-01 2.170581421223168328e-01 2.170581421223471419e-01 2.170581421223168328e-01 2.170581339360297402e-01
3.107784404303379766e-01 3.107784464123313217e-01 3.107784464123528601e-01 3.107784464123313217e-01 3.107784404303379766e-01
3.584211975150589646e-01 3.584212000529885533e-01 3.584212000529980457e-01 3.584212000529885533e-01 3.584211975150589646e-01
3.531613031055228502e-01 3.531613014156644303e-01 3.531613014156602670e-01 3.531613014156644303e-01 3.531613031055228502e-01
2.957133497308641057e-01 2.957133436514259306e-01 2.957133436514083891e-01 2.957133436514259306e-01 2.957133497308641057e-01
1.942769192198195438e-01 1.942769093112881318e-01 1.942769093112593770e-01 1.942769093112881318e-01 1.942769192198195438e-01
6.367504799739104326e-02 6.367503553449004039e-02 6.367503553445401365e-02 6.367503553449004039e-02 6.367504799739104326e-02
-7.660171968775097984e-02 -7.660173287573736334e-02 -7.660173287577544399e-02 -7.660173287573736334e-02 -7.660171968775097984e-02
-2.054407758754454860e-01 -2.054407877051216691e-01 -2.054407877051561693e-01 -2.054407877051216691e-01 -2.054407758754454860e-01
-3.035998019763950784e-01 -3.035998104720219470e-01 -3.035998104720477042e-01 -3.035998104720219470e-01 -3.035998019763950784e-01
-3.566908148482538787e-01 -3.566908184686311545e-01 -3.566908184686439776e-01 -3.566908184686311545e-01 -3.566908148482538787e-01
-3.570620659423361376e-01 -3.570620638231593591e-01 -3.570620638231571387e-01 -3.570620638231593591e-01 -3.570620659423361376e-01
-3.046140304851535086e-01 -3.046140225975939031e-01 -3.046140225975765836e-01 -3.046140225975939031e-01 -3.046140304851535086e-01
-2.068255112789387229e-01 -2.068254985027614401e-01 -2.068254985027312698e-01 -2.068254985027614401e-01 -2.068255112789387229e-01
-7.798631196915897790e-02 -7.798629603924379927e-02 -7.798629603920499698e-02 -7.798629603924379927e-02 -7.798631196915897790e-02
6.265041924805503371e-02 6.265043596988056906e-02 6.265043596992242447e-02 6.265043596988056906e-02 6.265041924805503371e-02
1.938470792482999694e-01 1.938470941609580500e-01 1.938470941609967968e-01 1.938470941609580500e-01 1.938470792482999694e-01
2.959049652439556533e-01 2.959049759544445934e-01 2.959049759544744029e-01 2.959049759544445934e-01 2.959049652439556533e-01
3.537678581182254756e-01 3.537678628276234583e-01 3.537678628276397785e-01 3.537678628276234583e-01 3.537678581182254756e-01
3.590445928068266013e-01 3.590445905744426014e-01 3.590445905744427679e-01 3.590445905744426014e-01 3.590445928068266013e-01
3.109300259940363520e-01 3.109300168876872328e-01 3.109300168876708570e-01 3.109300168876872328e-01 3.109300259940363520e-01
2.163016009387621619e-01 2.163015860821980718e-01 2.163015860821672076e-01 2.163015860821980718e-01 2.163016009387621619e-01
8.902244443180171163e-02 8.902242591283147932e-02 8.902242591279023454e-02 8.902242591283147932e-02 8.902244443180171163e-02
-5.182788003115064435e-02 -5.182789944267743310e-02 -5.182789944272347266e-02 -5.182789944267743310e-02 -5.182788003115064435e-02
-1.848857002635709013e-01 -1.848857175707791234e-01 -1.848857175708237266e-01 -1.848857175707791234e-01 -1.848857002635709013e-01
-2.900567687182767918e-01 -2.900567812108279520e-01 -2.900567812108650889e-01 -2.900567812108279520e-01 -2.900567687182767918e-01
-3.517217214083509513e-01 -3.517217270939133611e-01 -3.517217270939382301e-01 -3.517217270939133611e-01 -3.517217214083509513e-01
-3.608783487829033687e-01 -3.608783466660779315e-01 -3.608783466660875905e-01 -3.608783466660779315e-01 -3.608783487829033687e-01
-3.161520833157801524e-01 -3.161520735377952862e-01 -3.161520735377890134e-01 -3.161520735377952862e-01 -3.161520833157801524e-01
-2.239502961706726913e-01 -2.239502800325691434e-01 -2.239502800325486043e-01 -2.239502800325691434e-01 -2.239502961706726913e-01
-9.781846703797920928e-02 -9.781844687719409848e-02 -9.781844687716302611e-02 -9.781844687719409848e-02 -9.781846703797920928e-02
4.327268406290135649e-02 4.327270519407201699e-02 4.327270519410836985e-02 4.327270519407201699e-02 4.327268406290135649e-02
1.778296189222284551e-01 1.778296377584624444e-01 1.778296377584980825e-01 1.778296377584624444e-01 1.778296189222284551e-01
2.854206889167585914e-01 2.854207025383792562e-01 2.854207025384083440e-01 2.854207025383792562e-01 2.854206889167585914e-01
3.499694341224888205e-01 3.499694404168430806e-01 3.499694404168608997e-01 3.499694404168430806e-01 3.499694341224888205e-01
3.619978313947477822e-01 3.619978293424170324e-01 3.619978293424204741e-01 3.619978293424170324e-01 3.619978313947477822e-01
3.197109901177545010e-01 3.197109799205084535e-01 3.197109799204966296e-01 3.197109799205084535e-01 3.197109901177545010e-01
2.291950855520969998e-01 2.291950686344083055e-01 2.291950686343825760e-01 2.291950686344083055e-01 2.291950855520969998e-01
1.038064484311792546e-01 1.038064272913338110e-01 1.038064272912974650e-01 1.038064272913338110e-01 1.038064484311792546e-01
-3.751137141031821859e-02 -3.751139354997672093e-02 -3.751139355001885389e-02 -3.751139354997672093e-02 -3.751137141031821859e-02
-1.731216087719914809e-01 -1.731216284968622732e-01 -1.731216284969046559e-01 -1.731216284968622732e-01 -1.731216087719914809e-01
-2.823137439069883792e-01 -2.823137581950033725e-01 -2.823137581950404540e-01 -2.823137581950033725e-01 -2.823137439069883792e-01
-3.486692257585640720e-01 -3.486692324556809885e-01 -3.486692324557083000e-01 -3.486692324556809885e-01 -3.486692257585640720e-01
-3.623829289691700151e-01 -3.623829270734823527e-01 -3.623829270734968966e-01 -3.623829270734823527e-01 -3.623829289691700151e-01
-3.214030943747145930e-01 -3.214030841490463364e-01 -3.214030841490470580e-01 -3.214030841490463364e-01 -3.214030943747145930e-01
-2.316571373449209936e-01 -2.316571202967656062e-01 -2.316571202967536158e-01 -2.316571202967656062e-01 -2.316571373449209936e-01
-1.064526013580460451e-01 -1.064525800689797436e-01 -1.064525800689578999e-01 -1.064525800689797436e-01 -1.064526013580460451e-01
3.520446371425824117e-02 3.520448595684210619e-02 3.520448595686945237e-02 3.520448595684210619e-02 3.520446371425824117e-02
1.715198377544441821e-01 1.715198575023856309e-01 1.715198575024134142e-01 1.715198575023856309e-01 1.715198377544441821e-01
2.815704070906858147e-01 2.815704213255391664e-01 2.815704213255623700e-01 2.815704213255391664e-01 2.815704070906858147e-01
3.487239422275781320e-01 3.487239488325501457e-01 3.487239488325645786e-01 3.487239488325501457e-01 3.487239422275781320e-01
3.630093134275836908e-01 3.630093114594712955e-01 3.630093114594741821e-01 3.630093114594712955e-01 3.630093134275836908e-01
3.222862559514765302e-01 3.222862457355480381e-01 3.222862457355383792e-01 3.222862457355480381e-01 3.222862559514765302e-01
2.324812152594657733e-01 2.324811983502962920e-01 2.324811983502750035e-01 2.324811983502962920e-01 2.324812152594657733e-01
1.069828219094622751e-01 1.069828009040529465e-01 1.069828009040226374e-01 1.069828009040529465e-01 1.069828219094622751e-01
-3.505974677293380998e-02 -3.505976861292580543e-02 -3.505976861296117297e-02 -3.505976861292580543e-02 -3.505974677293380998e-02
-1.716818285731401550e-01 -1.716818478661955027e-01 -1.716818478662313352e-01 -1.716818478661955027e-01 -1.716818285731401550e-01
-2.818060072835887886e-01 -2.818060211083926458e-01 -2.818060211084243427e-01 -2.818060211083926458e-01 -2.818060072835887886e-01
-3.487020444716851797e-01 -3.487020508211971515e-01 -3.487020508212209657e-01 -3.487020508211971515e-01 -3.487020444716851797e-01
-3.623841520541937755e-01 -3.623841500862596821e-01 -3.623841500862730602e-01 -3.623841500862596821e-01 -3.623841520541937755e-01
-3.207916358820239733e-01 -3.207916259924968316e-01 -3.207916259924988300e-01 -3.207916259924968316e-01 -3.207916358820239733e-01
-2.300180640473521165e-01 -2.300180478110064042e-01 -2.300180478109980220e-01 -2.300180478110064042e-01 -2.300180640473521165e-01
-1.036782389771686436e-01 -1.036782189466534387e-01 -1.036782189466371323e-01 -1.036782189466534387e-01 -1.036782389771686436e-01
3.884475971532865696e-02 3.884478038952394324e-02 3.884478038954453094e-02 3.884478038952394324e-02 3.884475971532865696e-02
1.754060919930502394e-01 1.754061100931935124e-01 1.754061100932141626e-01 1.754061100931935124e-01 1.754060919930502394e-01
2.848497862107537415e-01 2.848497990033524996e-01 2.848497990033689864e-01 2.848497990033524996e-01 2.848497862107537415e-01
3.504867146934872446e-01 3.504867203490143468e-01 3.504867203490232841e-01 3.504867203490143468e-01 3.504867146934872446e-01
3.624842517029862043e-01 3.624842495153182687e-01 3.624842495153173805e-01 3.624842495153182687e-01 3.624842517029862043e-01
3.190282387794226571e-01 3.190282292146507381e-01 3.190282292146394694e-01 3.190282292146507381e-01 3.190282387794226571e-01
2.265264074851212062e-01 2.265263921049738838e-01 2.265263921049532059e-01 2.265263921049738838e-01 2.265264074851212062e-01
9.893172757018355024e-02 9.893170882245967690e-02 9.893170882243200459e-02 9.893170882245967690e-02 9.893172757018355024e-02
-4.407812081938315002e-02 -4.407813997407504514e-02 -4.407813997410621465e-02 -4.407813997407504514e-02 -4.407812081938315002e-02
-1.801809832604853445e-01 -1.801809998525709666e-01 -1.801809998526016643e-01 -1.801809998525709666e-01 -1.801809832604853445e-01
-2.882079361813409402e-01 -2.882079477412576307e-01 -2.882079477412839985e-01 -2.882079477412576307e-01 -2.882079361813409402e-01
-3.516246398744827251e-01 -3.516246448064235253e-01 -3.516246448064425101e-01 -3.516246448064235253e-01 -3.516246398744827251e-01
-3.608940981252520275e-01 -3.608940958882594918e-01 -3.608940958882690953e-01 -3.608940958882594918e-01 -3.608940981252520275e-01
-3.146038227949717325e-01 -3.146038139241904563e-01 -3.146038139241904563e-01 -3.146038139241904563e-01 -3.146038227949717325e-01
-2.196276690766496842e-01 -2.196276550887122925e-01 -2.196276550887037993e-01 -2.196276550887122925e-01 -2.196276690766496842e-01
-9.038197685445274743e-02 -9.038196003221735109e-02 -9.038196003220283492e-02 -9.038196003221735109e-02 -9.038197685445274743e-02
5.309292289880625237e-02 5.309293986437797763e-02 5.309293986439510282e-02 5.309293986437797763e-02 5.309292289880625237e-02
1.883090487741612695e-01 1.883090632467698533e-01 1.883090632467857850e-01 1.883090632467698533e-01 1.883090487741612695e-01
2.941738243723795443e-01 2.941738342200966305e-01 2.941738342201078438e-01 2.941738342200966305e-01 2.941738243723795443e-01
3.544485081022835105e-01 3.544485120116386279e-01 3.544485120116423471e-01 3.544485120116386279e-01 3.544485081022835105e-01
3.600490797171669310e-01 3.600490773287361446e-01 3.600490773287308710e-01 3.600490773287361446e-01 3.600490797171669310e-01
3.101110353761040717e-01 3.101110272773351939e-01 3.101110272773208720e-01 3.101110272773351939e-01 3.101110353761040717e-01
2.120926017544631503e-01 2.120925893707354959e-01 2.120925893707134025e-01 2.120925893707354959e-01 2.120926017544631503e-01
8.095105059871988973e-02 8.095103597999564471e-02 8.095103597996838873e-02 8.095103597999564471e-02 8.095105059871988973e-02
-6.288470495837654439e-02 -6.288471946906609711e-02 -6.288471946909515720e-02 -6.288471946906609711e-02 -6.288470495837654439e-02
-1.967905019761902463e-01 -1.967905141506679501e-01 -1.967905141506952060e-01 -1.967905141506679501e-01 -1.967905019761902463e-01
-2.998271167970759099e-01 -2.998271248999012095e-01 -2.998271248999233585e-01 -2.998271248999012095e-01 -2.998271167970759099e-01
-3.561591761351389218e-01 -3.561591791696465670e-01 -3.561591791696612219e-01 -3.561591791696465670e-01 -3.561591761351389218e-01
-3.572784220500603847e-01 -3.572784198444259873e-01 -3.572784198444319270e-01 -3.572784198444259873e-01 -3.572784220500603847e-01
-3.029945599531966849e-01 -3.029945531237108192e-01 -3.029945531237082657e-01 -3.029945531237108192e-01 -3.029945599531966849e-01
-2.014661962345639934e-01 -2.014661860639412327e-01 -2.014661860639316571e-01 -2.014661860639412327e-01 -2.014661962345639934e-01
-6.827538866801234618e-02 -6.827537690020733796e-02 -6.827537690019334915e-02 -6.827537690020733796e-02 -6.827538866801234618e-02
7.573344287710026546e-02 7.573345432938925759e-02 7.573345432940443989e-02 7.573345432938925759e-02 7.573344287710026546e-02
2.078419889643601248e-01 2.078419983563966622e-01 2.078419983564096796e-01 2.078419983563966622e-01 2.078419889643601248e-01
3.073640927739387796e-01 3.073640988200485036e-01 3.073640988200564417e-01 3.073640988200485036e-01 3.073640927739387796e-01
3.589965400772951454e-01 3.589965421198194617e-01 3.589965421198201834e-01 3.589965421198194617e-01 3.589965400772951454e-01
3.549349508661215347e-01 3.549349489095482424e-01 3.549349489095409149e-01 3.549349489095482424e-01 3.549349508661215347e-01
2.957702441284104089e-01 2.957702387756303564e-01 2.957702387756154239e-01 2.957702387756303564e-01 2.957702441284104089e-01
1.904348621584193990e-01 1.904348544829048973e-01 1.904348544828838863e-01 1.904348544829048973e-01 1.904348621584193990e-01
5.516641900456489139e-02 5.516641036451912228e-02 5.516641036449452390e-02 5.516641036451912228e-02 5.516641900456489139e-02
-8.879149141330755501e-02 -8.879149961356773424e-02 -8.879149961359293630e-02 -8.879149961356773424e-02 -8.879149141330755501e-02
-2.186840319116693521e-01 -2.186840384725493303e-01 -2.186840384725721453e-01 -2.186840384725493303e-01 -2.186840319116693521e-01
-3.141611715199618127e-01 -3.141611756410701006e-01 -3.141611756410880307e-01 -3.141611756410701006e-01 -3.141611715199618127e-01
-3.605431616475807677e-01 -3.605431630159627865e-01 -3.605431630159740553e-01 -3.605431630159627865e-01 -3.605431616475807677e-01
-3.508183428543271143e-01 -3.508183416270432287e-01 -3.508183416270472255e-01 -3.508183416270432287e-01 -3.508183428543271143e-01
-2.864389678525144922e-01 -2.864389645682864360e-01 -2.864389645682836605e-01 -2.864389645682864360e-01 -2.864389678525144922e-01
-1.771726360683942847e-01 -1.771726315192304335e-01 -1.771726315192223011e-01 -1.771726315192304335e-01 -1.771726360683942847e-01
-3.993875280591738242e-02 -3.993874788184671731e-02 -3.993874788183542079e-02 -3.993874788184671731e-02 -3.993875280591738242e-02
1.036419357822639942e-01 1.036419402616318014e-01 1.036419402616437779e-01 1.036419402616318014e-01 1.036419357822639942e-01
2.308459505783954646e-01 2.308459540127779097e-01 2.308459540127881515e-01 2.308459540127779097e-01 2.308459505783954646e-01
3.217536124936333231e-01 3.217536145901087052e-01 3.217536145901152000e-01 3.217536145901087052e-01 3.217536124936333231e-01
3.624040624371394070e-01 3.624040632158034292e-01 3.624040632158048725e-01 3.624040632158034292e-01 3.624040624371394070e-01
3.466564036191487341e-01 3.466564033477508855e-01 3.466564033477468332e-01 3.466564033477508855e-01 3.466564036191487341e-01
2.768748556098374336e-01 2.768748546975042246e-01 2.768748546974950653e-01 2.768748546975042246e-01 2.768748556098374336e-01
1.636789811994472654e-01 1.636789800778919446e-01 1.636789800778787607e-01 1.636789800778919446e-01 1.636789811994472654e-01
2.464889885951925680e-02 2.464889787272899618e-02 2.464889787271335939e-02 2.464889787272899618e-02 2.464889885951925680e-02
-1.182727106498422665e-01 -1.182727113279683773e-01 -1.182727113279847114e-01 -1.182727113279683773e-01 -1.182727106498422665e-01
-2.424679420923901707e-01 -2.424679424933802174e-01 -2.424679424933955385e-01 -2.424679424933802174e-01 -2.424679420923901707e-01
-3.285203754584851699e-01 -3.285203757973735872e-01 -3.285203757973865213e-01 -3.285203757973735872e-01 -3.285203754584851699e-01
-3.632453435998598268e-01 -3.632453442014124123e-01 -3.632453442014220713e-01 -3.632453442014124123e-01 -3.632453435998598268e-01
-3.414100954643818908e-01 -3.414100966554433625e-01 -3.414100966554493022e-01 -3.414100966554433625e-01 -3.414100954643818908e-01
-2.663075838786572169e-01 -2.663075858705778454e-01 -2.663075858705801213e-01 -2.663075858705778454e-01 -2.663075838786572169e-01
-1.494014805510023858e-01 -1.494014833401466624e-01 -1.494014833401457187e-01 -1.494014833401466624e-01 -1.494014805510023858e-01
-8.895248695785538257e-03 -8.895252012362360461e-03 -8.895252012358826829e-03 -8.895252012362360461e-03 -8.895248695785538257e-03
1.330097976391215464e-01 1.330097943121601178e-01 1.330097943121655024e-01 1.330097943121601178e-01 1.330097976391215464e-01
2.538743924273054176e-01 2.538743897664459959e-01 2.538743897664524907e-01 2.538743897664459959e-01 2.538743924273054176e-01
3.348473699455642993e-01 3.348473686544800598e-01 3.348473686544869987e-01 3.348473686544800598e-01 3.348473699455642993e-01
3.635575917768040788e-01 3.635575924397007608e-01 3.635575924397075886e-01 3.635575924397007608e-01 3.635575917768040788e-01
3.356900449653704710e-01 3.356900479060357934e-01 3.356900479060419551e-01 3.356900479060357934e-01 3.356900449653704710e-01
2.554493953757989710e-01 2.554494005385468669e-01 2.554494005385518629e-01 2.554494005385468669e-01 2.554493953757989710e-01
1.351000111536555526e-01 1.351000180350459545e-01 1.351000180350491742e-01 1.351000180350459545e-01 1.351000111536555526e-01
-6.598295737958259286e-03 -6.598288067472566493e-03 -6.598288067471641885e-03 -6.598288067472566493e-03 -6.598295737958259286e-03
-1.472638930189842099e-01 -1.472638857840161686e-01 -1.472638857840180560e-01 -1.472638857840161686e-01 -1.472638930189842099e-01
-2.647049401422538195e-01 -2.647049346488093424e-01 -2.647049346488144494e-01 -2.647049346488093424e-01 -2.647049401422538195e-01
-3.406758658661420136e-01 -3.406758632652102659e-01 -3.406758632652186480e-01 -3.406758632652102659e-01 -3.406758658661420136e-01
-3.636232789425055678e-01 -3.636232800210383864e-01 -3.636232800210497107e-01 -3.636232800210383864e-01 -3.636232789425055678e-01
-3.301203678934945818e-01 -3.301203729104320028e-01 -3.301203729104454920e-01 -3.301203729104320028e-01 -3.301203678934945818e-01
-2.452253729333100096e-01 -2.452253815085360944e-01 -2.452253815085360944e-01 -2.452253815085360944e-01 -2.452253729333100096e-01
-1.219223944520540642e-01 -1.219223944520540642e-01 -1.219223944520540642e-01 -1.219223944520540642e-01 -1.219223944520540642e-01
