-6.748576518470471575e-01
-6.748584707921002623e-01
-6.748592870465844884e-01
-6.748601000075015177e-01
-6.748609090146023837e-01
-6.748617133507579524e-01
-6.748625122422734490e-01
-6.748633048591418104e-01
-6.748640903152375303e-01
-6.748648676684468883e-01
-6.748656359207461097e-01
-6.748663940182156873e-01
-6.748671408509993030e-01
-6.748678752532004665e-01
-6.748685960027234199e-01
-6.748693018210581984e-01
-6.748699913730064059e-01
-6.748706632663533656e-01
-6.748713160514858700e-01
-6.748719482209576404e-01
-6.748725582090079333e-01
-6.748731443910321870e-01
-6.748737050830068140e-01
-6.748742385408709188e-01
-6.748747429598672687e-01
-6.748752164738436310e-01
-6.748756571545134753e-01
-6.748760630106797054e-01
-6.748764319874213102e-01
-6.748767619652433769e-01
-6.748770507591940193e-01
-6.748772961179541063e-01
-6.748774957228961258e-01
-6.748776471871230642e-01
-6.748777480544879692e-01
-6.748777957986014098e-01
-6.748777878218324977e-01
-6.748777214543029146e-01
-6.748775939528832701e-01
-6.748774025001921251e-01
-6.748771442035996770e-01
-6.748768160942375527e-01
-6.748764151260191468e-01
-6.748759381746674002e-01
-6.748753820367546785e-01
-6.748747434287559743e-01
-6.748740189861119898e-01
-6.748732052623048761e-01
-6.748722987279474061e-01
-6.748712957698863590e-01
-6.748701926903254433e-01
-6.748689857059780861e-01
-6.748676709472631874e-01
-6.748662444575717068e-01
-6.748647021926312828e-01
-6.748630400200049673e-01
-6.748612537187511640e-01
-6.748593389792635344e-01
-6.748572914032873182e-01
-6.748551065040729879e-01
-6.748527797066002920e-01
-6.748503063477552244e-01
-6.748476816763508968e-01
-6.748449008528671911e-01
-6.748419589488410253e-01
-6.748388509459265494e-01
-6.748355717347583882e-01
-6.748321161138947089e-01
-6.748284787892359082e-01
-6.748246543743960935e-01
-6.748206373924648949e-01
-6.748164222794494904e-01
-6.748120033893989511e-01
-6.748073750007821392e-01
-6.748025313232406397e-01
-6.747974665034104369e-01
-6.747921746282860012e-01
-6.747866497246799433e-01
-6.747808857538498684e-01
-6.747748766012937605e-01
-6.747686160630527175e-01
-6.747620978312932616e-01
-6.747553154832262035e-01
-6.747482624780830607e-01
-6.747409321665593929e-01
-6.747333178155502376e-01
-6.747254126480822789e-01
-6.747172098944288487e-01
-6.747087028460835301e-01
-6.746998849005991783e-01
-6.746907495834506552e-01
-6.746812905341575961e-01
-6.746715014486742712e-01
-6.746613759785710096e-01
-6.746509075988502691e-01
-6.746400894684416727e-01
-6.746289143176237291e-01
-6.746173744015004914e-01
-6.746054615551915212e-01
-6.745931673725662492e-01
-6.745804835062853000e-01
-6.745674020553074079e-01
-6.745539159724446288e-01
-6.745400193969622871e-01
-6.745257078046451582e-01
-6.745109778783785481e-01
-6.744958270410706946e-01
-6.744802526590427671e-01
-6.744642510099958521e-01
-6.744478161999163390e-01
-6.744309392862732899e-01
-6.744136078964964032e-01
-6.743958065996379370e-01
-6.743775181829575471e-01
-6.743587258066658929e-01
-6.743394157811307688e-01
-6.743195804731512144e-01
-6.742992206585146642e-01
-6.742783465599333503e-01
-6.742569768973964983e-01
-6.742351355621079012e-01
-6.742128459958006692e-01
-6.741901239546650437e-01
-6.741669699513989089e-01
-6.741433631516334790e-01
-6.741192586909430240e-01
-6.740945901381069083e-01
-6.740692780868504652e-01
-6.740432446427684354e-01
-6.740164320424654187e-01
-6.739888220821457221e-01
-6.739604518205208894e-01
-6.739314205613041731e-01
-6.739018837544742402e-01
-6.738720313551981311e-01
-6.738420512557622422e-01
-6.738120822529932719e-01
-6.737821649147367475e-01
-6.737522017216348580e-01
-6.737219389823740912e-01
-6.736909814181109013e-01
-6.736588455741062686e-01
-6.736250505794820764e-01
-6.735892352524863735e-01
-6.735512809071845242e-01
-6.735114117697017511e-01
-6.734702421071270262e-01
-6.734287430404587438e-01
-6.733881135527874928e-01
-6.733495588418288991e-01
-6.733140024447310523e-01
-6.732817821971575079e-01
-6.732523984779253956e-01
-6.732243903979887589e-01
-6.731954066790283298e-01
-6.731625104609250121e-01
-6.731227124663001771e-01
-6.730736706343743991e-01
-6.730144367191124299e-01
-6.729460848454550392e-01
-6.728720379731032430e-01
-6.727979277287923221e-01
-6.727308874562698549e-01
-6.726782849741362869e-01
-6.726460369357865066e-01
-6.726367866576750121e-01
-6.726483397194675806e-01
-6.726728020216432569e-01
-6.726968239438930741e-01
-6.727032059401555353e-01
-6.726738704350966325e-01
-6.725938828120370250e-01
-6.724558665027990934e-01
-6.722638790131272302e-01
-6.720356798007227628e-01
-6.718023999339323149e-01
-6.716049597690851858e-01
-6.714871672720267304e-01
-6.714861963449952897e-01
-6.716219585288497607e-01
-6.718875616455165511e-01
-6.722433980301778522e-01
-6.726172529784250065e-01
-6.729120743155720952e-01
-6.730217115726774280e-01
-6.728531663891238468e-01
-6.723519766332279879e-01
-6.715256789443473373e-01
-6.704593143774671971e-01
-6.693170989497821965e-01
-6.683259844653012260e-01
-6.677399315707324146e-01
-6.677879769377530472e-01
-6.686138594871668950e-01
-6.702190225197954820e-01
-6.724230940426745295e-01
-6.748555504140479888e-01
-6.769887420910839504e-01
-6.782159264440004165e-01
-6.779690456108998786e-01
-6.758607630205201167e-01
-6.718252407917312263e-01
-6.662244503313438093e-01
-6.598843282981755598e-01
-6.540309180441353787e-01
-6.501127405620712452e-01
-6.495210023526485354e-01
-6.532487130648803042e-01
-6.615549368908683059e-01
-6.737127811709078262e-01
-6.879149129975995480e-01
-7.013902640432385649e-01
-7.107565390268313354e-01
-7.126004565312812344e-01
-7.042395004480658249e-01
-6.845665469864361530e-01
-6.548075437637634888e-01
-6.189509533838838395e-01
-5.835863857989020964e-01
-5.569787698721809788e-01
-5.474202473217852916e-01
-5.611758915074612775e-01
-6.005374969752843572e-01
-6.625052915499298756e-01
-7.384128436918633298e-01
-8.145075416379058408e-01
-8.733080889688387138e-01
-8.956756592946929496e-01
-8.639197538703267121e-01
-7.664552701005497015e-01
-6.038043365285536979e-01
-3.938626197585735067e-01
-1.726074075569128119e-01
1.273996846171581571e-02
1.170008905790300563e-01
1.116407623282120870e-01
-4.948826238232701714e-03
-2.052493986614277732e-01
-4.393849973052777469e-01
-6.484050455895434828e-01
-7.788175361108105044e-01
-7.930942007813795991e-01
-6.753954827143293649e-01
-4.351213735139326522e-01
-1.080609275419774917e-01
2.498253467750599366e-01
5.786595551852874442e-01
8.342944524316540100e-01
9.994576876752898631e-01
1.081835990677182835e+00
1.103794123232020530e+00
1.091089987763085967e+00
1.065219251127192734e+00
1.040102005887443726e+00
1.022091164662802143e+00
1.011942468518904015e+00
1.007530926181820385e+00
1.006395589776630795e+00
1.007499375691316423e+00
1.011857664400565904e+00
1.021923946510174819e+00
1.039841628029423148e+00
1.064905352474593281e+00
1.090841782594056397e+00
1.103824217377455508e+00
1.082433277572632413e+00
1.000923801168625449e+00
8.368281199215722443e-01
5.822164499805285720e-01
2.540317296291976779e-01
-1.038550549890452784e-01
-4.316424249021549864e-01
-6.732126505975486452e-01
-7.924818676115610305e-01
-7.797346129774853640e-01
-6.505272498363598999e-01
-4.421539368048358343e-01
-2.079651647514983437e-01
-6.927502824921557591e-03
1.108866384732602461e-01
1.176332387304564325e-01
1.456649165933920909e-02
-1.700556690613410915e-01
-3.911719136063704361e-01
-6.014978521194845884e-01
-7.648642485161374349e-01
-8.631488083148107782e-01
-8.956466072525439692e-01
-8.738340515888068927e-01
-8.153590488932817015e-01
-7.393638559670736576e-01
-6.633634707566937738e-01
-6.011648568748730881e-01
-5.615010780593056028e-01
-5.474402096075131618e-01
-5.567483048465473594e-01
-5.831975269998528333e-01
-6.185076247618427336e-01
-6.544022206114991080e-01
-6.842642783216340563e-01
-7.040714880332383796e-01
-7.125661749055028915e-01
-7.108314754274469571e-01
-7.015360429203886250e-01
-6.880892643371139261e-01
-6.738777581657111604e-01
-6.616825561488590690e-01
-6.533237261535203011e-01
-6.495409228312284400e-01
-6.500856211898364823e-01
-6.539716728715286864e-01
-6.598105444379661622e-01
-6.661525801291684479e-01
-6.717678247317938611e-01
-6.758249911004665655e-01
-6.779566274573218809e-01
-6.782239914125757219e-01
-6.770113644511416284e-01
-6.748854812719314866e-01
-6.724533471245498495e-01
-6.702440686116615254e-01
-6.686303052291466820e-01
-6.677947175746836717e-01
-6.677378599498360323e-01
-6.683174000791152203e-01
-6.693049860262747508e-01
-6.704466480526346528e-01
-6.715148810056340567e-01
-6.723445893506508897e-01
-6.728497579248758909e-01
-6.730219805860881976e-01
-6.729150915438862901e-01
-6.726217658418561784e-01
-6.722481287584948229e-01
-6.718914455973847843e-01
-6.716242917707412330e-01
-6.714866848182110548e-01
-6.714858896361103335e-01
-6.716022693986229974e-01
-6.717987974007192387e-01
-6.720316859444867008e-01
-6.722599320873041684e-01
-6.724522572650925012e-01
-6.725907312874896959e-01
-6.726711394614580675e-01
-6.727007408160082802e-01
-6.726944050060474911e-01
-6.726701975093527519e-01
-6.726453490560829751e-01
-6.726332682695822518e-01
-6.726419189150351086e-01
-6.726735604515828859e-01
-6.727255989659874924e-01
-6.727921459221964939e-01
-6.728658398838935906e-01
-6.729395358218044354e-01
-6.730075785378870634e-01
-6.730665166066701621e-01
-6.731152488727165650e-01
-6.731547026368359665e-01
-6.731872075897318286e-01
-6.732157495680998194e-01
-6.732432695508588916e-01
-6.732721280371301020e-01
-6.733037973886876193e-01
-6.733387883218484582e-01
-6.733767717465044544e-01
-6.734168294263753740e-01
-6.734577578107647788e-01
-6.734983564296348479e-01
-6.735376505323580343e-01
-6.735750212535025483e-01
-6.736102398971451910e-01
-6.736434216403953679e-01
-6.736749255874894260e-01
-6.737052320634077107e-01
-6.737348253022452660e-01
-6.737641022816095449e-01
-6.737933188268102613e-01
-6.738225745730732630e-01
-6.738518307067745683e-01
-6.738809496305209201e-01
-6.739097440567334285e-01
-6.739380241264416593e-01
-6.739656341446526033e-01
-6.739924744194109030e-01
-6.740185075443408946e-01
-6.740437515538715285e-01
-6.740682642961854931e-01
-6.740921240183633811e-01
-6.741154107105876703e-01
-6.741381915508845024e-01
-6.741605122338198974e-01
-6.741823944342705266e-01
-6.742038384364166248e-01
-6.742248292080823546e-01
-6.742453439538692583e-01
-6.742653593658575195e-01
-6.742848572708246557e-01
-6.743038279867135110e-01
-6.743222712997005708e-01
-6.743401954460496173e-01
-6.743576147696508372e-01
-6.743745468164310530e-01
-6.743910095504340729e-01
-6.744070191878991372e-01
-6.744225889081024716e-01
-6.744377284703046982e-01
-6.744524445867835505e-01
-6.744667417947951549e-01
-6.744806235383359327e-01
-6.744940932015803803e-01
-6.745071549085251972e-01
-6.745198139935798531e-01
-6.745320771340185262e-01
-6.745439522018320533e-01
-6.745554479316466789e-01
-6.745665735123577145e-01
-6.745773381977578920e-01
-6.745877510040022562e-01
-6.745978205281838447e-01
-6.746075548906206309e-01
-6.746169617792593387e-01
-6.746260485606531132e-01
-6.746348224183558173e-01
-6.746432904843862044e-01
-6.746514599395587730e-01
-6.746593380706727983e-01
-6.746669322839099481e-01
-6.746742500823398325e-01
-6.746812990202599725e-01
-6.746880866482279915e-01
-6.746946204608190722e-01
-6.747009078554965233e-01
-6.747069561066728616e-01
-6.747127723551039624e-01
-6.747183636098277315e-01
-6.747237367582499257e-01
-6.747288985796497940e-01
-6.747338557580414564e-01
-6.747386148915835991e-01
-6.747431824971951153e-01
-6.747475650103471612e-01
-6.747517687809551079e-01
-6.747558000668126832e-01
-6.747596650261031836e-01
-6.747633697102936035e-01
-6.747669200583102933e-01
-6.747703218924171464e-01
-6.747735809158147413e-01
-6.747767027116690075e-01
-6.747796927431304326e-01
-6.747825563538707438e-01
-6.747852987687371629e-01
-6.747879250942492302e-01
-6.747904403187972022e-01
-6.747928493125263660e-01
-6.747951568269773270e-01
-6.747973674945945133e-01
-6.747994858282309050e-01
-6.748015162207543494e-01
-6.748034629448231847e-01
-6.748053301528786907e-01
-6.748071218773493696e-01
-6.748088420310593971e-01
-6.748104944078026080e-01
-6.748120826830541485e-01
-6.748136104147861580e-01
-6.748150810443660497e-01
-6.748164978975184081e-01
-6.748178641853408433e-01
-6.748191830053686946e-01
-6.748204573426878072e-01
-6.748216900710929389e-01
-6.748228839542922408e-01
-6.748240416471522618e-01
-6.748251656969911361e-01
-6.748262585449104067e-01
-6.748273225271660403e-01
-6.748283598765777436e-01
-6.748293727239740303e-01
-6.748303630996682623e-01
-6.748313329349638900e-01
-6.748322840636834519e-01
-6.748332182237153365e-01
-6.748341370585767551e-01
-6.748350421189829307e-01
-6.748359348644165090e-01
-6.748368166646974142e-01
-6.748376888015443775e-01
-6.748385524701252525e-01
-6.748394087805920094e-01
-6.748402587596019631e-01
-6.748411033518199043e-01
-6.748419434213993595e-01
-6.748427797534422012e-01
-6.748436130554354984e-01
-6.748444439586586130e-01
-6.748452730195638738e-01
-6.748461007211241647e-01
-6.748469274741445423e-01
-6.748477536185362169e-01
-6.748485794245480118e-01
-6.748494050939560784e-01
-6.748502307612058715e-01
-6.748510564945073842e-01
-6.748518822968814224e-01
-6.748527081071532541e-01
-6.748535338008985196e-01
-6.748543591913330753e-01
-6.748551840301504345e-01
-6.748560080083050305e-01
-6.748568307567377467e-01
