-6.740934095479410582e-01
-6.740936454154680124e-01
-6.740933104903406026e-01
-6.740925897366286668e-01
-6.740917524123427595e-01
-6.740910989941129028e-01
-6.740908969745867951e-01
-6.740913153617923426e-01
-6.740923696789954400e-01
-6.740938898920705302e-01
-6.740955222767258670e-01
-6.740967722630336612e-01
-6.740970886805783824e-01
-6.740959811407448710e-01
-6.740931528359158653e-01
-6.740886227620793703e-01
-6.740828065977325645e-01
-6.740765264032794191e-01
-6.740709274461048617e-01
-6.740672960214546539e-01
-6.740667936106881086e-01
-6.740701467057444995e-01
-6.740773531466133228e-01
-6.740874790357145319e-01
-6.740986196971660016e-01
-6.741080799630420062e-01
-6.741127926451284669e-01
-6.741099429030044110e-01
-6.740977083498895794e-01
-6.740759719904257929e-01
-6.740468314077056045e-01
-6.740147263424975943e-01
-6.739860473128586049e-01
-6.739681722894442784e-01
-6.739679989176438069e-01
-6.739901778748269567e-01
-6.740353808764552035e-01
-6.740990215540679786e-01
-6.741708570290272373e-01
-6.742358095842834187e-01
-6.742761552161867789e-01
-6.742749454853287361e-01
-6.742202023302972247e-01
-6.741091158545918782e-01
-6.739512597064020172e-01
-6.737697943996507899e-01
-6.735998142727553928e-01
-6.734834296369585083e-01
-6.734618291995870809e-01
-6.735653448618919015e-01
-6.738032916139200523e-01
-6.741558954499173861e-01
-6.745707694282813138e-01
-6.749660143794802281e-01
-6.752410548180920458e-01
-6.752948376152411170e-01
-6.750492159684464699e-01
-6.744735314353815792e-01
-6.736050016070720403e-01
-6.725589647156174911e-01
-6.715237152821352806e-01
-6.707368037573248065e-01
-6.704431844964929832e-01
-6.708400081638340451e-01
-6.720173156553440608e-01
-6.739073157917497836e-01
-6.762562584862593651e-01
-6.786313991142137736e-01
-6.804709436371174647e-01
-6.811774652020031739e-01
-6.802458558756639961e-01
-6.774066088284116383e-01
-6.727558354185827483e-01
-6.668373463246632937e-01
-6.606424323885208283e-01
-6.555025409842477613e-01
-6.528698976516429386e-01
-6.540087381113434128e-01
-6.596485989266961392e-01
-6.696722380838624478e-01
-6.829169374484204136e-01
-6.971571025171270364e-01
-7.093121855048239999e-01
-7.158935314001459993e-01
-7.136694657871042180e-01
-7.004843383032376414e-01
-6.761050931432620592e-01
-6.428910330938129025e-01
-6.060213957422597719e-01
-5.730319306866559215e-01
-5.525567859144280281e-01
-5.524298572336356905e-01
-5.775658499814824154e-01
-6.281739009688518394e-01
-6.987699307327981391e-01
-7.781842260287268331e-01
-8.504732388676459198e-01
-8.965715486441793169e-01
-8.967946658664563975e-01
-8.347116954993452076e-01
-7.027820076434752039e-01
-5.087932740563892997e-01
-2.798966601572938084e-01
-6.006783709573333685e-02
1.005524984195112354e-01
1.610019284900882086e-01
1.033660932036885305e-01
-6.013746212048174528e-02
-2.890570208370369376e-01
-5.253887222633684129e-01
-7.089599886542727880e-01
-7.913248212135974846e-01
-7.442641324851353435e-01
-5.642020277374266701e-01
-2.746514517842833514e-01
7.603681514981464051e-02
4.265535095923224107e-01
7.223201034989841229e-01
9.321016533845678520e-01
1.052369836961876581e+00
1.100100450788452422e+00
1.101064763901213661e+00
1.080059014673754980e+00
1.055423272542406643e+00
1.037402610452802243e+00
1.029077141053030164e+00
1.028615649032624146e+00
1.031881685000009208e+00
1.034742888361481539e+00
1.034720606402686149e+00
1.031830407634478863e+00
1.028577494579706597e+00
1.029106978909105186e+00
1.037545513599162250e+00
1.055685491044600521e+00
1.080377764350477721e+00
1.101285905669806997e+00
1.099977069048462264e+00
1.051597317160871681e+00
9.304026355029380024e-01
7.195750921832664293e-01
4.229274297481072087e-01
7.201510934882907056e-02
-2.783811748637324834e-01
-5.669795686785323863e-01
-7.456458881198073652e-01
-7.911565237603336298e-01
-7.073687011245586298e-01
-5.227551884590275755e-01
-2.859670752367405866e-01
-5.727321996656799946e-02
1.053917848553078129e-01
1.618049002650447654e-01
1.000672735107239059e-01
-6.159485842946018502e-02
-2.820035771899347399e-01
-5.109573568488654516e-01
-7.045733229450062973e-01
-8.358832149861731287e-01
-8.972887273257753593e-01
-8.964713459980727661e-01
-8.499413470331758091e-01
-7.774126168115901292e-01
-6.979450983034294342e-01
-6.274520711364157677e-01
-5.770550225642769870e-01
-5.521797148433699176e-01
-5.525590061039197254e-01
-5.732314705773973174e-01
-6.063358691309480575e-01
-6.432327107631062857e-01
-6.763997142257782702e-01
-7.006828075253275223e-01
-7.137514346233980733e-01
-7.158643227781036344e-01
-7.091956752426356037e-01
-6.969871135572891507e-01
-6.827290473626649314e-01
-6.694971911369520523e-01
-6.595079662233088724e-01
-6.539130497194411973e-01
-6.528190943346521280e-01
-6.554882468326407308e-01
-6.606512952450519505e-01
-6.668546050935265646e-01
-6.727683777717476943e-01
-6.774050355254932487e-01
-6.802253786399117264e-01
-6.811377413213314247e-01
-6.804151331430696725e-01
-6.785648048878978322e-01
-6.761848943739559026e-01
-6.738366747705413218e-01
-6.719515099078543496e-01
-6.707813489478211544e-01
-6.703921782409419938e-01
-6.706924729116323647e-01
-6.714841144076811874e-01
-6.725217551980485764e-01
-6.735679677217798478e-01
-6.744349574456224294e-01
-6.750080876290621701e-01
-6.752508719044870711e-01
-6.751945919257487105e-01
-6.749178227711054578e-01
-6.745218184621263324e-01
-6.741071431862899477e-01
-6.737555219086360792e-01
-6.735190715021251995e-01
-6.734172691293635049e-01
-6.734405347435733491e-01
-6.735583432161054152e-01
-6.737294029509959259e-01
-6.739115894857660161e-01
-6.740698660220253435e-01
-6.741811751772637251e-01
-6.742360634838955313e-01
-6.742374526946738333e-01
-6.741974060311408667e-01
-6.741329207892472475e-01
-6.740617325097151280e-01
-6.739988990396662549e-01
-6.739546222779003726e-01
-6.739334383963772046e-01
-6.739346272698376605e-01
-6.739534999095088130e-01
-6.739831351418291705e-01
-6.740161472301771095e-01
-6.740461515394736702e-01
-6.740687237049304281e-01
-6.740817860152502616e-01
-6.740854750950467933e-01
-6.740816290553131029e-01
-6.740730724119310402e-01
-6.740628754215067797e-01
-6.740537304988906131e-01
-6.740475354365287330e-01
-6.740452152035986133e-01
-6.740467629933909466e-01
-6.740514448818828441e-01
-6.740580944329723767e-01
-6.740654231501339577e-01
-6.740722860229587665e-01
-6.740778630196270216e-01
-6.740817413960388249e-01
-6.740839051497246048e-01
-6.740846534643176735e-01
-6.740844780672496928e-01
-6.740839302894173768e-01
-6.740835037877289659e-01
-6.740835505820940154e-01
-6.740842385856958829e-01
-6.740855501225501145e-01
-6.740873143272084755e-01
-6.740892623687508856e-01
-6.740910930505167320e-01
-6.740925369872550199e-01
