-6.741309912631868739e-01
-6.741314720034810026e-01
-6.741316877526359885e-01
-6.741316440549818267e-01
-6.741313498480919764e-01
-6.741308167324339129e-01
-6.741300578859050763e-01
-6.741290866258503600e-01
-6.741279146974303860e-01
-6.741265504692053323e-01
-6.741249973227763093e-01
-6.741232526038074546e-01
-6.741213075250401809e-01
-6.741191483508497395e-01
-6.741167590327271641e-01
-6.741141252101815473e-01
-6.741112391700732065e-01
-6.741081050214463577e-01
-6.741047430637174820e-01
-6.741011921833287568e-01
-6.740975091804317643e-01
-6.740937642506178440e-01
-6.740900324326771775e-01
-6.740863816323375834e-01
-6.740828587352271084e-01
-6.740794761691761838e-01
-6.740762018728689853e-01
-6.740729557793155857e-01
-6.740696154696667053e-01
-6.740660325144813836e-01
-6.740620592300267111e-01
-6.740575833124397009e-01
-6.740525653975147913e-01
-6.740470724837436256e-01
-6.740412988863920818e-01
-6.740355664925054002e-01
-6.740302979750728563e-01
-6.740259604653530134e-01
-6.740229827692786335e-01
-6.740216558828346916e-01
-6.740220331826707323e-01
-6.740238517493408743e-01
-6.740264981957451162e-01
-6.740290397071667661e-01
-6.740303329525910714e-01
-6.740292102987516243e-01
-6.740247257953313476e-01
-6.740164254103691022e-01
-6.740045906606162429e-01
-6.739903961638070706e-01
-6.739759233617461653e-01
-6.739639870174075620e-01
-6.739577582663923705e-01
-6.739602056284345055e-01
-6.739734184960342045e-01
-6.739979191214280352e-01
-6.740321006699820927e-01
-6.740719420530991712e-01
-6.741111377611974653e-01
-6.741417380979454199e-01
-6.741553212507042092e-01
-6.741446178465927419e-01
-6.741053916401987811e-01
-6.740382643015536690e-01
-6.739500820508583789e-01
-6.738543856960994560e-01
-6.737705919015379852e-01
-6.737216433294969109e-01
-6.737301433960848351e-01
-6.738133374522883301e-01
-6.739776855374529640e-01
-6.742141127191888517e-01
-6.744952231361429629e-01
-6.747757260549501757e-01
-6.749969767483561256e-01
-6.750958665577210249e-01
-6.750173655800880690e-01
-6.747289722361362596e-01
-6.742343738769278616e-01
-6.735830296662802530e-01
-6.728723966055559780e-01
-6.722402961902840257e-01
-6.718464775783833387e-01
-6.718445915367678989e-01
-6.723481699155123836e-01
-6.733962984397630080e-01
-6.749259574436911047e-01
-6.767581016812210803e-01
-6.786033149862271685e-01
-6.800904301632516580e-01
-6.808181566979090160e-01
-6.804258731365437907e-01
-6.786756486543159550e-01
-6.755335889105403835e-01
-6.712352415572515607e-01
-6.663178686540830453e-01
-6.616030567995012657e-01
-6.581175581163399846e-01
-6.569489789174473016e-01
-6.590452505373944891e-01
-6.649806155290755028e-01
-6.747232475694515674e-01
-6.874481541604781087e-01
-7.014428258194947974e-01
-7.141529328810199972e-01
-7.224117748483080970e-01
-7.228871703643052760e-01
-7.127537098933156567e-01
-6.905429778642822036e-01
-6.570321712469016084e-01
-6.159206226113003169e-01
-5.739707675105458762e-01
-5.403335456464112285e-01
-5.249818005069107896e-01
-5.364872120453120230e-01
-5.796508272188025668e-01
-6.535779571314810354e-01
-7.506102730271883017e-01
-8.561744917564739765e-01
-9.493224472898376121e-01
-1.003870899405472805e+00
-9.908034634988179823e-01
-8.835436674884715735e-01
-6.674356021890234247e-01
-3.516085578899169617e-01
2.381179451191458088e-02
3.935789591979222402e-01
6.865893724870811843e-01
8.471819745576807392e-01
8.464380642260382892e-01
6.844847212911194800e-01
3.904955436270460267e-01
2.034269766017012329e-02
-3.548094975808238627e-01
-6.698708960973683846e-01
-8.849955150594233100e-01
-9.913144787628840326e-01
-1.003641063384552501e+00
-9.486061048967457943e-01
-8.552170510004589721e-01
-7.496204004366699980e-01
-6.527168331505691645e-01
-5.790260945306864304e-01
-5.361492470977056168e-01
-5.249252365297706335e-01
-5.405067044360230000e-01
-5.742924556009597614e-01
-6.163005048129707175e-01
-6.573895145519167427e-01
-6.908194945080977645e-01
-7.129187469455011694e-01
-7.229361091618617952e-01
-7.223600379738477351e-01
-7.140282025582814773e-01
-7.012774498560765402e-01
-6.872728935019113417e-01
-6.745628771308380678e-01
-6.648514912647134345e-01
-6.589547113912632703e-01
-6.568962726992185752e-01
-6.580958381807089363e-01
-6.616019136233572961e-01
-6.663258667421899650e-01
-6.712420326319848973e-01
-6.755313391596017292e-01
-6.786597029047443108e-01
-6.803947354701477268e-01
-6.807729666107307231e-01
-6.800341505549029053e-01
-6.785398354144002164e-01
-6.766914172521889537e-01
-6.748595288715797391e-01
-6.733326449318981499e-01
-6.722887005139532857e-01
-6.717896453394902601e-01
-6.717955199154225232e-01
-6.721922064579243239e-01
-6.728257833534020405e-01
-6.735365178963944599e-01
-6.741868254479462808e-01
-6.746796191592905334e-01
-6.749658542447569687e-01
-6.750422256466008797e-01
-6.749415310833819515e-01
-6.747189824086164966e-01
-6.744377527680952555e-01
-6.741564503794473806e-01
-6.739202575571674458e-01
-6.737564239433240232e-01
-6.736738728542762678e-01
-6.736660130060799778e-01
-6.737155046014711157e-01
-6.737996931391088129e-01
-6.738956261807664827e-01
-6.739839103231055617e-01
-6.740510494163569621e-01
-6.740902510035337025e-01
-6.741009454877479046e-01
-6.740874115686215085e-01
-6.740569469544095416e-01
-6.740179864773814256e-01
-6.739784790282373761e-01
-6.739447187817484419e-01
-6.739207091206580458e-01
-6.739080369766778933e-01
-6.739061615413848294e-01
-6.739129787281388229e-01
-6.739255105215352648e-01
-6.739405817088023332e-01
-6.739553781900251561e-01
-6.739678226569271180e-01
-6.739767465646756550e-01
-6.739818749147122867e-01
-6.739836674728368893e-01
-6.739830743098552679e-01
-6.739812651807058907e-01
-6.739793835599968697e-01
-6.739783607605648319e-01
-6.739788075429408165e-01
-6.739809836577955737e-01
-6.739848325537217688e-01
-6.739900604680625351e-01
-6.739962364895495384e-01
-6.740028921317010591e-01
-6.740096040645482400e-01
-6.740160502907867057e-01
-6.740220367279056157e-01
-6.740274967420274432e-01
-6.740324700107099831e-01
-6.740370689675621030e-01
-6.740414411702843056e-01
-6.740457346521928628e-01
-6.740500711985419890e-01
-6.740545300689622099e-01
-6.740591424212842853e-01
-6.740638949041586336e-01
-6.740687397511930801e-01
-6.740736082611364921e-01
-6.740784247048670075e-01
-6.740831183009592387e-01
-6.740876317513191385e-01
-6.740919257331762227e-01
-6.740959795428330681e-01
-6.740997886716204590e-01
-6.741033604163646498e-01
-6.741067086912703177e-01
-6.741098490636043827e-01
-6.741127947549795385e-01
-6.741155540132042212e-01
-6.741181289378527230e-01
-6.741205155879584909e-01
-6.741227050405125265e-01
-6.741246850080151454e-01
-6.741264416472453336e-01
-6.741279612724264680e-01
-6.741292317922984445e-01
-6.741302437927755298e-01
