-6.748576854918334478e-01
-6.748585127232887837e-01
-6.748593381430780802e-01
-6.748601611416248369e-01
-6.748609810530135089e-01
-6.748617971553613204e-01
-6.748626086711335681e-01
-6.748634147673922001e-01
-6.748642145559869965e-01
-6.748650070936825784e-01
-6.748657913822261323e-01
-6.748665663683584004e-01
-6.748673309437605017e-01
-6.748680839449411328e-01
-6.748688241530685916e-01
-6.748695502937392954e-01
-6.748702610366876797e-01
-6.748709549954403641e-01
-6.748716307269119197e-01
-6.748722867309472351e-01
-6.748729214498103701e-01
-6.748735332676265575e-01
-6.748741205097770202e-01
-6.748746814422494911e-01
-6.748752142709492086e-01
-6.748757171409702771e-01
-6.748761881358256165e-01
-6.748766252766441598e-01
-6.748770265213240860e-01
-6.748773897636521912e-01
-6.748777128323836250e-01
-6.748779934902862099e-01
-6.748782294331515663e-01
-6.748784182887785921e-01
-6.748785576159354038e-01
-6.748786449033061796e-01
-6.748786775684337824e-01
-6.748786529566628278e-01
-6.748785683400894131e-01
-6.748784209165217263e-01
-6.748782078084545333e-01
-6.748779260620518805e-01
-6.748775726461342384e-01
-6.748771444511670881e-01
-6.748766382882399606e-01
-6.748760508880382591e-01
-6.748753788998029801e-01
-6.748746188902893239e-01
-6.748737673427294137e-01
-6.748728206558234355e-01
-6.748717751427790734e-01
-6.748706270304245525e-01
-6.748693724584202691e-01
-6.748680074785858851e-01
-6.748665280543595379e-01
-6.748649300603810630e-01
-6.748632092821896800e-01
-6.748613614160029472e-01
-6.748593820685393485e-01
-6.748572667568309980e-01
-6.748550109079909376e-01
-6.748526098588891742e-01
-6.748500588557249102e-01
-6.748473530535105125e-01
-6.748444875155223954e-01
-6.748414572128120792e-01
-6.748382570239098710e-01
-6.748348817348895912e-01
-6.748313260399479985e-01
-6.748275845426460195e-01
-6.748236517578812821e-01
-6.748195221145643075e-01
-6.748151899588364921e-01
-6.748106495575163510e-01
-6.748058951013167217e-01
-6.748009207072956928e-01
-6.747957204199908077e-01
-6.747902882108169909e-01
-6.747846179755691010e-01
-6.747787035302930114e-01
-6.747725386062952690e-01
-6.747661168455901803e-01
-6.747594317985219359e-01
-6.747524769254652499e-01
-6.747452456043143698e-01
-6.747377311447542159e-01
-6.747299268091092594e-01
-6.747218258379357181e-01
-6.747134214767487315e-01
-6.747047069986848999e-01
-6.746956757170198271e-01
-6.746863209817076656e-01
-6.746766361559117797e-01
-6.746666145719270036e-01
-6.746562494707631918e-01
-6.746455339352328551e-01
-6.746344608316044988e-01
-6.746230227782489264e-01
-6.746112121597777067e-01
-6.745990212006852671e-01
-6.745864421029400537e-01
-6.745734672378862484e-01
-6.745600893660684827e-01
-6.745463018424069368e-01
-6.745320987527461121e-01
-6.745174749257398794e-01
-6.745024257751156549e-01
-6.744869469535100803e-01
-6.744710338390590421e-01
-6.744546809246771968e-01
-6.744378812283664537e-01
-6.744206258787404096e-01
-6.744029040399518449e-01
-6.743847033127841062e-01
-6.743660106777863428e-01
-6.743468139346159296e-01
-6.743271034531280739e-01
-6.743068739116233612e-01
-6.742861255906144047e-01
-6.742648647545678164e-01
-6.742431027225299633e-01
-6.742208534195434089e-01
-6.741981295079285674e-01
-6.741749375829707569e-01
-6.741512733111274525e-01
-6.741271176947656318e-01
-6.741024357599185723e-01
-6.740771787904296097e-01
-6.740512907220610472e-01
-6.740247184803355163e-01
-6.739974249984258536e-01
-6.739694025766851393e-01
-6.739406834025861714e-01
-6.739113437241259774e-01
-6.738814986090654324e-01
-6.738512855633563836e-01
-6.738208374800176426e-01
-6.737902481719373338e-01
-6.737595366038231504e-01
-6.737286181953525688e-01
-6.736972924696571496e-01
-6.736652552193902466e-01
-6.736321399012172861e-01
-6.735975872663899633e-01
-6.735613349989776344e-01
-6.735233116714620660e-01
-6.734837134065887465e-01
-6.734430391857472165e-01
-6.734020634373828473e-01
-6.733617332901818964e-01
-6.733229923926075111e-01
-6.732865516858890231e-01
-6.732526466561759015e-01
-6.732208359037934464e-01
-6.731899024577356894e-01
-6.731579128928454336e-01
-6.731224676257321349e-01
-6.730811394493646516e-01
-6.730320508551282943e-01
-6.729744922300650023e-01
-6.729094437874513224e-01
-6.728398463672830010e-01
-6.727704807427364875e-01
-6.727073678637008891e-01
-6.726566921296085466e-01
-6.726233654944236973e-01
-6.726094716259014561e-01
-6.726129287683650926e-01
-6.726267569313569838e-01
-6.726393029103722165e-01
-6.726356501507234631e-01
-6.726002225461755746e-01
-6.725203076157619808e-01
-6.723899239776707226e-01
-6.722132077642852810e-01
-6.720063673816645267e-01
-6.717973225825978334e-01
-6.716224423184293801e-01
-6.715203217768552779e-01
-6.715232309679360911e-01
-6.716476053374283994e-01
-6.718855681571618277e-01
-6.721997932297203437e-01
-6.725238763100320760e-01
-6.727696925151084306e-01
-6.728419860274413855e-01
-6.726588042319076033e-01
-6.721746154084435876e-01
-6.714014083322443760e-01
-6.704221938587258123e-01
-6.693915238479538621e-01
-6.685191946984051503e-01
-6.680362420776113641e-01
-6.681463359604123964e-01
-6.689700446551559709e-01
-6.704931589334930386e-01
-6.725322869769959633e-01
-6.747303877175634401e-01
-6.765913835974791679e-01
-6.775566052010582041e-01
-6.771172041159373434e-01
-6.749469137419065179e-01
-6.710302118373518976e-01
-6.657542207718810667e-01
-6.599313258196439769e-01
-6.547262552185043605e-01
-6.514776980038372578e-01
-6.514289652250407903e-01
-6.554095084598049459e-01
-6.635313986781860018e-01
-6.749746058700129003e-01
-6.879284930060433068e-01
-6.997363370577314168e-01
-7.072605736571996315e-01
-7.074531227136029443e-01
-6.980759530004789770e-01
-6.784658526208399154e-01
-6.501742960971222951e-01
-6.172595623623823302e-01
-5.860094506069913889e-01
-5.639749472257216123e-01
-5.583993590796283435e-01
-5.743627327581054542e-01
-6.131114822366997563e-01
-6.710186294547051400e-01
-7.394231689569061849e-01
-8.053389670482973273e-01
-8.528832981117894230e-01
-8.653854422205032870e-01
-8.284094548294745897e-01
-7.339544795895590612e-01
-5.853657283228232977e-01
-4.010177142900566150e-01
-2.137797128113430312e-01
-6.434476463123620094e-02
1.022291825994901988e-02
-1.156249882702833909e-02
-1.276997847570634781e-01
-3.116792728021208769e-01
-5.187754459719176037e-01
-6.973523233568933444e-01
-8.006197961254059026e-01
-7.951522192269966371e-01
-6.663211720166887231e-01
-4.226507694105089419e-01
-9.782726075338878113e-02
2.548939388203219081e-01
5.782501880906844027e-01
8.298483417089823622e-01
9.928861088168708937e-01
1.074395066116902830e+00
1.095493377698107729e+00
1.080688844532768256e+00
1.050720880573434934e+00
1.019633238586101553e+00
9.949968035776554087e-01
9.797990596016502574e-01
9.746898529401758493e-01
9.796776706069905138e-01
9.947569594783982616e-01
1.019294707151637169e+00
1.050344151730606024e+00
1.080400917741418221e+00
1.095502483422314599e+00
1.074977276705017415e+00
9.943272274473852201e-01
8.323350328017010691e-01
5.817374831011546954e-01
2.590234895599727305e-01
-9.367630810661176088e-02
-4.191709088887581314e-01
-6.640527972120561229e-01
-7.943532427825475972e-01
-8.012528993644764119e-01
-6.991277531294329828e-01
-5.212042158879217624e-01
-3.141507870808575298e-01
-1.296070812369020664e-01
-1.245206432478927240e-02
1.053536967612302318e-02
-6.295135315924679786e-02
-2.116762553873981212e-01
-3.986983930349019545e-01
-5.832963667056222379e-01
-7.324553185798297061e-01
-8.276111785881827831e-01
-8.652531158227181329e-01
-8.532733428583813007e-01
-8.060565550584991579e-01
-7.402660466916390902e-01
-6.718078241507690063e-01
-6.137128569560964531e-01
-5.747004759815362851e-01
-5.584596979491793789e-01
-5.637986947506593571e-01
-5.856748082442068126e-01
-6.168596929959274666e-01
-6.497956454931501646e-01
-6.781723206812740878e-01
-6.979014231277897995e-01
-7.074019644084919012e-01
-7.073137988266713361e-01
-6.998605305271107246e-01
-6.880850722882547732e-01
-6.751277567089650766e-01
-6.636537537170875689e-01
-6.554851788108029265e-01
-6.514539631208803305e-01
-6.514581630505746901e-01
-6.546751989843981878e-01
-6.598647721523507315e-01
-6.656875918512762391e-01
-6.709756039140576389e-01
-6.749115945183977727e-01
-6.771033441736427072e-01
-6.775620097421597432e-01
-6.766108563905156581e-01
-6.747573327754363692e-01
-6.725602066434717141e-01
-6.705168054273934475e-01
-6.689860967702018213e-01
-6.681535824257646139e-01
-6.680353431524478358e-01
-6.685121538486351600e-01
-6.693810269284398151e-01
-6.704109652955735354e-01
-6.713916995997905035e-01
-6.721678920551521497e-01
-6.726556463663193597e-01
-6.728421740772629889e-01
-6.727724217718853428e-01
-6.725280323267835980e-01
-6.722042238412431203e-01
-6.718893026112212619e-01
-6.716499916077732779e-01
-6.715239837459550110e-01
-6.715194918294751236e-01
-6.716203302040677503e-01
-6.717943650885722651e-01
-6.720030239344201295e-01
-6.722098680526825687e-01
-6.723868493185413131e-01
-6.725176094378420011e-01
-6.725978736266249314e-01
-6.726335190729867408e-01
-6.726372000233749038e-01
-6.726244806115777575e-01
-6.726103032944119597e-01
-6.726063715370979024e-01
-6.726197250063358224e-01
-6.726525012933451952e-01
-6.727026592349367728e-01
-6.727653112218463516e-01
-6.728342786914555118e-01
-6.729035311833684307e-01
-6.729682683375782792e-01
-6.730255255679316040e-01
-6.730743000752793526e-01
-6.731152839253746745e-01
-6.731503441735818827e-01
-6.731819049424631052e-01
-6.732123689545606027e-01
-6.732436769710502533e-01
-6.732770551639557510e-01
-6.733129538621011045e-01
-6.733511446443484205e-01
-6.733909208919731659e-01
-6.734313403710338042e-01
-6.734714548743201412e-01
-6.735104871874556531e-01
-6.735479347613357870e-01
-6.735835979851152455e-01
-6.736175455292373604e-01
-6.736500380516503572e-01
-6.736814343233160640e-01
-6.737121014351206139e-01
-6.737423448601388420e-01
-6.737723666927941668e-01
-6.738022531400739146e-01
-6.738319866131613489e-01
-6.738614742769957200e-01
-6.738905837850626135e-01
-6.739191778067830096e-01
-6.739471411987429939e-01
-6.739743975292432632e-01
-6.740009144522914886e-01
-6.740266996347117345e-01
-6.740517902927672944e-01
-6.740762398451257686e-01
-6.741001048717022437e-01
-6.741234347299085439e-01
-6.741462651062080091e-01
-6.741686157315246453e-01
-6.741904916554515292e-01
-6.742118869599293962e-01
-6.742327896157902511e-01
-6.742531862949744381e-01
-6.742730662554232701e-01
-6.742924238088849886e-01
-6.743112592680903239e-01
-6.743295785783098850e-01
-6.743473920309378533e-01
-6.743647125266605258e-01
-6.743815538209726457e-01
-6.743979290783415070e-01
-6.744138499213317983e-01
-6.744293260221098096e-01
-6.744443651715804622e-01
-6.744589736899412324e-01
-6.744731570145217070e-01
-6.744869203103683875e-01
-6.745002689846641974e-01
-6.745132090344033715e-01
-6.745257472055745662e-01
-6.745378909822333791e-01
-6.745496484501907197e-01
-6.745610280913131307e-01
-6.745720385625071369e-01
-6.745826885021570796e-01
-6.745929863906289237e-01
-6.746029404747013736e-01
-6.746125587516348387e-01
-6.746218489989719291e-01
-6.746308188316058052e-01
-6.746394757676531517e-01
-6.746478272880137572e-01
-6.746558808796886408e-01
-6.746636440585072059e-01
-6.746711243718016560e-01
-6.746783293850228125e-01
-6.746852666581181213e-01
-6.746919437177638645e-01
-6.746983680306735121e-01
-6.747045469816295160e-01
-6.747104878580980625e-01
-6.747161978416598149e-01
-6.747216840052741027e-01
-6.747269533146801335e-01
-6.747320126320200950e-01
-6.747368687199475357e-01
-6.747415282449094054e-01
-6.747459977788198282e-01
-6.747502837988633706e-01
-6.747543926855759100e-01
-6.747583307196256541e-01
-6.747621040778458701e-01
-6.747657188290602237e-01
-6.747691809301624710e-01
-6.747724962227691359e-01
-6.747756704306042685e-01
-6.747787091576575857e-01
-6.747816178870345016e-01
-6.747844019803637128e-01
-6.747870666775984683e-01
-6.747896170970476559e-01
-6.747920582355069197e-01
-6.747943949683877785e-01
-6.747966320497982284e-01
-6.747987741125530681e-01
-6.748008256681335970e-01
-6.748027911066295514e-01
-6.748046746967139020e-01
-6.748064805856941462e-01
-6.748082127996863910e-01
-6.748098752439354309e-01
-6.748114717033009136e-01
-6.748130058429074873e-01
-6.748144812089512667e-01
-6.748159012296387482e-01
-6.748172692162378583e-01
-6.748185883642137117e-01
-6.748198617544212130e-01
-6.748210923543460638e-01
-6.748222830193709720e-01
-6.748234364940688401e-01
-6.748245554135174906e-01
-6.748256423046417041e-01
-6.748266995875845664e-01
-6.748277295771182294e-01
-6.748287344840917523e-01
-6.748297164169261286e-01
-6.748306773831445060e-01
-6.748316192909418199e-01
-6.748325439507811829e-01
-6.748334530770137007e-01
-6.748343482895092782e-01
-6.748352311152926442e-01
-6.748361029901760455e-01
-6.748369652603826152e-01
-6.748378191841565288e-01
-6.748386659333609483e-01
-6.748395065950553162e-01
-6.748403421730594376e-01
-6.748411735894949137e-01
-6.748420016863115878e-01
-6.748428272267882333e-01
-6.748436508970137027e-01
-6.748444733073368784e-01
-6.748452949937920886e-01
-6.748461164194827777e-01
-6.748469379759358677e-01
-6.748477599844046049e-01
-6.748485826971376556e-01
-6.748494062985928021e-01
-6.748502309066087834e-01
-6.748510565735220679e-01
-6.748518832872363316e-01
-6.748527109722399775e-01
-6.748535394905691431e-01
-6.748543686427197486e-01
-6.748551981685014800e-01
-6.748560277478384828e-01
-6.748568570015097690e-01
