-6.741052033922549924e-01
-6.741056709890576037e-01
-6.741059164923024483e-01
-6.741059496833495812e-01
-6.741057873829029434e-01
-6.741054534789147068e-01
-6.741049780436770833e-01
-6.741043949742766550e-01
-6.741037378559794346e-01
-6.741030342009882714e-01
-6.741022987755094231e-01
-6.741015272759631749e-01
-6.741006920081104026e-01
-6.740997413214291356e-01
-6.740986042485337393e-01
-6.740972010518039292e-01
-6.740954592301126036e-01
-6.740933331322906952e-01
-6.740908239034368865e-01
-6.740879953721100604e-01
-6.740849810149378563e-01
-6.740819776156530274e-01
-6.740792228560552601e-01
-6.740769568299693759e-01
-6.740753710957586575e-01
-6.740745528379538110e-01
-6.740744352063429146e-01
-6.740747670038366168e-01
-6.740751146782157921e-01
-6.740749063414859243e-01
-6.740735210605409700e-01
-6.740704173696215884e-01
-6.740652840727850981e-01
-6.740581859232480655e-01
-6.740496692313252547e-01
-6.740407905541988542e-01
-6.740330376128458312e-01
-6.740281266104818370e-01
-6.740276836009925221e-01
-6.740328467197895801e-01
-6.740438559744971192e-01
-6.740597211752475948e-01
-6.740780690065988345e-01
-6.740952605315236879e-01
-6.741068364925489886e-01
-6.741082899169456022e-01
-6.740960896829291116e-01
-6.740687968498394467e-01
-6.740280448330757679e-01
-6.739791148198818194e-01
-6.739308480734192974e-01
-6.738947101106952386e-01
-6.738829606780398773e-01
-6.739060759531851907e-01
-6.739697872355375763e-01
-6.740723007891941121e-01
-6.742023948303715875e-01
-6.743391006915672170e-01
-6.744535270108578118e-01
-6.745130640645853326e-01
-6.744877307462344707e-01
-6.743578606550307830e-01
-6.741217674653875447e-01
-6.738016141356559796e-01
-6.734455762787930899e-01
-6.731246579281264797e-01
-6.729232526446300433e-01
-6.729237174918141218e-01
-6.731866995160646905e-01
-6.737304661022179841e-01
-6.745136996868256185e-01
-6.754267583679127718e-01
-6.762959668637413824e-01
-6.769039095569241438e-01
-6.770259645675955618e-01
-6.764796927937479776e-01
-6.751796818547564083e-01
-6.731868065662804934e-01
-6.707385943379268189e-01
-6.682475551697438787e-01
-6.662578380068748807e-01
-6.653576890361655449e-01
-6.660551928503007924e-01
-6.686358183554251822e-01
-6.730297082230503047e-01
-6.787217555292589521e-01
-6.847364671320629315e-01
-6.897219036051229768e-01
-6.921431326039305665e-01
-6.905763817806924720e-01
-6.840709254428962716e-01
-6.725178986274626958e-01
-6.569382517881483530e-01
-6.395863020833097989e-01
-6.237757048661608517e-01
-6.133829493799054511e-01
-6.120669168461891907e-01
-6.223378605565897947e-01
-6.446777832165759836e-01
-6.769253118953314496e-01
-7.140880371060093212e-01
-7.486650493410380580e-01
-7.715021591821277225e-01
-7.731909248216025654e-01
-7.460202500917217927e-01
-6.863774425391198086e-01
-5.971628224484687442e-01
-4.893031608614196171e-01
-3.812012624774471781e-01
-2.954106151831443761e-01
-2.530051355947794955e-01
-2.673548761951219932e-01
-3.394902717554688087e-01
-4.566990731436009754e-01
-5.947734051581885506e-01
-7.228959530269450928e-01
-8.092558501314605079e-01
-8.259397317931026494e-01
-7.532521865953087925e-01
-5.845853409524003341e-01
-3.314551812801508901e-01
-2.513897801175485683e-02
2.895080607872213552e-01
5.678683875713450568e-01
7.801800004935462995e-01
9.184361065675056279e-01
9.934510571184281824e-01
1.025835208035130064e+00
1.035910923149868434e+00
1.035872538856997815e+00
1.025660209945205459e+00
9.929791878326669208e-01
9.174630902401892385e-01
7.785437440199464154e-01
5.655441257038774650e-01
2.866722565128510536e-01
-2.812369980851701576e-02
-3.341468902393266438e-01
-5.866084240810891526e-01
-7.543972032164446562e-01
-8.261812019833347787e-01
-8.087156005951137150e-01
-7.217964979051414431e-01
-5.933991664622084716e-01
-4.553566427060740662e-01
-3.384578260953892692e-01
-2.668272762850815161e-01
-2.530537366619650119e-01
-2.959745585942850088e-01
-3.821146626301645810e-01
-4.903486853333193229e-01
-5.981322811662243000e-01
-6.871186089993767121e-01
-7.464577739783586630e-01
-7.733223092349443828e-01
-7.713786287323249891e-01
-7.483680410539247374e-01
-7.137079989095725940e-01
-6.765452405213328024e-01
-6.443618034577888176e-01
-6.221247790450548099e-01
-6.119687657527012048e-01
-6.133882208804760650e-01
-6.238562289488763790e-01
-6.397059773614550693e-01
-6.570615519368698809e-01
-6.726164145945205952e-01
-6.841270003171252556e-01
-6.905837951368072325e-01
-6.921054681207392534e-01
-6.896495429047397874e-01
-6.846431378050531480e-01
-6.786213591479806073e-01
-6.729338933286854729e-01
-6.685525175684733368e-01
-6.659881385518277019e-01
-6.653067645105544825e-01
-6.662200153349489007e-01
-6.682181238178411808e-01
-6.707123964842601760e-01
-6.731592569179446484e-01
-6.751474406491614344e-01
-6.764409561540903892e-01
-6.769804153192793272e-01
-6.768524219143380316e-01
-6.762401779058998530e-01
-6.753686131463841891e-01
-6.744550538471982826e-01
-6.736727989781347015e-01
-6.731309590999972059e-01
-6.728702916396531730e-01
-6.728720413615206786e-01
-6.730752108059471217e-01
-6.733972567714010538e-01
-6.737537568339759808e-01
-6.740738035800751815e-01
-6.743093979868512999e-01
-6.744385852107978030e-01
-6.744632486101539426e-01
-6.744032095453919018e-01
-6.742885451679897502e-01
-6.741518992625956663e-01
-6.740221434049445959e-01
-6.739201881148724205e-01
-6.738571772590451481e-01
-6.738348247339176478e-01
-6.738473316785470457e-01
-6.738841755259602495e-01
-6.739330745145947210e-01
-6.739825636866494385e-01
-6.740238195369615548e-01
-6.740515886356146513e-01
-6.740642679959056860e-01
-6.740633235454622785e-01
-6.740523058756512365e-01
-6.740357321385038736e-01
-6.740180627938168190e-01
-6.740029308542969666e-01
-6.739926992687647056e-01
-6.739883462470441788e-01
-6.739896206116704480e-01
-6.739953755456101758e-01
-6.740039796158289187e-01
-6.740137145638411820e-01
-6.740230933644585365e-01
-6.740310619963358896e-01
-6.740370775262451986e-01
-6.740410785323459608e-01
-6.740433788468991327e-01
-6.740445215145013380e-01
-6.740451278995478468e-01
-6.740457692984502813e-01
-6.740468779103131469e-01
-6.740487031364921222e-01
-6.740513098987906959e-01
-6.740546092058237182e-01
-6.740584079870443057e-01
-6.740624650168136611e-01
-6.740665418684338439e-01
-6.740704413453306731e-01
-6.740740297961045346e-01
-6.740772433451790446e-01
-6.740800808217258799e-01
-6.740825877853093839e-01
-6.740848365212519511e-01
-6.740869064010560630e-01
-6.740888678794976219e-01
-6.740907719751140226e-01
-6.740926456719694704e-01
-6.740944925306936453e-01
-6.740962970503869833e-01
-6.740980310230580974e-01
-6.740996602240786340e-01
-6.741011501782365745e-01
-6.741024702912710165e-01
-6.741035961984038760e-01
-6.741045106341898574e-01
