-6.740995636099148536e-01
-6.741000464036922546e-01
-6.741003546830565130e-01
-6.741004947746171982e-01
-6.741004771362857362e-01
-6.741003157931518830e-01
-6.741000272967200280e-01
-6.740996290857372841e-01
-6.740991372412555860e-01
-6.740985638039105332e-01
-6.740979140248058998e-01
-6.740971841052991742e-01
-6.740963600904062991e-01
-6.740954185638569074e-01
-6.740943296136143736e-01
-6.740930621859311245e-01
-6.740915914513092577e-01
-6.740899072353140342e-01
-6.740880220265296208e-01
-6.740859766934453878e-01
-6.740838419558581318e-01
-6.740817139740881148e-01
-6.740797031950755969e-01
-6.740779167981882924e-01
-6.740764365826825699e-01
-6.740752956956268527e-01
-6.740744588914205915e-01
-6.740738116792832635e-01
-6.740731634170654685e-01
-6.740722679199832035e-01
-6.740708624327699239e-01
-6.740687220808597724e-01
-6.740657226745244701e-01
-6.740619007574876198e-01
-6.740574970136432587e-01
-6.740529685427806283e-01
-6.740489578811602600e-01
-6.740462123629354929e-01
-6.740454562686847284e-01
-6.740472292127490661e-01
-6.740517156414166378e-01
-6.740585997904838811e-01
-6.740669853322441840e-01
-6.740754167732871949e-01
-6.740820287793796162e-01
-6.740848297255145338e-01
-6.740820984916475744e-01
-6.740728425330361206e-01
-6.740572361608990759e-01
-6.740369376815869007e-01
-6.740151796544820995e-01
-6.739965438305701717e-01
-6.739863741456050272e-01
-6.739898457880115767e-01
-6.740107886660698933e-01
-6.740504467917731724e-01
-6.741064239303288241e-01
-6.741721010326501284e-01
-6.742367947030156738e-01
-6.742868463045872396e-01
-6.743076864216553945e-01
-6.742867209243652571e-01
-6.742166595359115888e-01
-6.740986962803376947e-01
-6.739448037803406066e-01
-6.737783720622451122e-01
-6.736325500288266044e-01
-6.735459549112503552e-01
-6.735558889447068598e-01
-6.736897890155431057e-01
-6.739562384741665246e-01
-6.743373634899406666e-01
-6.747846801861184796e-01
-6.752203292817001712e-01
-6.755450521757548898e-01
-6.756532168874839206e-01
-6.754537747540000359e-01
-6.748944011648553287e-01
-6.739845282772894963e-01
-6.728118790173505115e-01
-6.715468592007295401e-01
-6.704301081873869084e-01
-6.697408298139184701e-01
-6.697471139109478777e-01
-6.706438355918693528e-01
-6.724880661010750327e-01
-6.751452441342310484e-01
-6.782607000702551847e-01
-6.812698460664508016e-01
-6.834561819775754055e-01
-6.840592966064547031e-01
-6.824255750713621449e-01
-6.781829622727066909e-01
-6.714091782737980907e-01
-6.627528232597124092e-01
-6.534629634683716271e-01
-6.452897885433377390e-01
-6.402397521834894967e-01
-6.402015293462032242e-01
-6.464963050475334150e-01
-6.594354670799092988e-01
-6.779802754530768194e-01
-6.995886534005717472e-01
-7.203110668068907207e-01
-7.351734105116038975e-01
-7.388673084610989372e-01
-7.267464498023585850e-01
-6.960697302132847764e-01
-6.473061886495083961e-01
-5.851370403409517085e-01
-5.186561079772220584e-01
-4.603388002321352479e-01
-4.237105986613041164e-01
-4.201856533721096132e-01
-4.559728334720591914e-01
-5.299955120975865519e-01
-6.333863645313166924e-01
-7.504629905764885756e-01
-8.604943141560756903e-01
-9.394715559363095991e-01
-9.618085284532148505e-01
-9.031342373784571054e-01
-7.459673176027825647e-01
-4.885268988453912997e-01
-1.529159173419128714e-01
2.144101882277633375e-01
5.539630018926683386e-01
8.109118603286850080e-01
9.477904432539677737e-01
9.470827995703903213e-01
8.088738816355828254e-01
5.508695897048291323e-01
2.107393515747450485e-01
-1.565592650933392005e-01
-4.915811941893312165e-01
-7.480771697892903971e-01
-9.042048339845011329e-01
-9.619498872477206808e-01
-9.389032443770667369e-01
-8.594712021203105845e-01
-7.492365567825949313e-01
-6.321861202880892927e-01
-5.290127633945254093e-01
-4.553411697229678423e-01
-4.199640048575215001e-01
-4.238780513732489097e-01
-4.608062863666995135e-01
-5.192929662093694887e-01
-5.858044113961744515e-01
-6.478869960226425473e-01
-6.964874192951960863e-01
-7.269700524880833292e-01
-7.389055044925550986e-01
-7.350626481358992770e-01
-7.201023719996829664e-01
-6.993359781104776518e-01
-6.777315854350961510e-01
-6.592268496243185449e-01
-6.463490362737394079e-01
-6.401218931628354092e-01
-6.402212009113285029e-01
-6.453167626192513051e-01
-6.535154680593920906e-01
-6.628108195682088644e-01
-6.714560261442399369e-01
-6.782074854938512365e-01
-6.824226916035113222e-01
-6.840294516251732571e-01
-6.834039846971089460e-01
-6.812023442491351721e-01
-6.781856679195427118e-01
-6.750697558126849129e-01
-6.724175129072197388e-01
-6.705814393970018772e-01
-6.696939023058595675e-01
-6.696959747666866303e-01
-6.703914932910501889e-01
-6.715117318360322995e-01
-6.727774601934810583e-01
-6.739484876455114071e-01
-6.748551481541066321e-01
-6.754105592072064956e-01
-6.756060664121674719e-01
-6.754945945633563653e-01
-6.751675561910638335e-01
-6.747307048355570824e-01
-6.742832137843711715e-01
-6.739027115973178494e-01
-6.736373774764935485e-01
-6.735047740660834448e-01
-6.734960535405883908e-01
-6.735835946436734556e-01
-6.737300033402415789e-01
-6.738966573271161220e-01
-6.740504703087829563e-01
-6.741681564704171681e-01
-6.742378618789494071e-01
-6.742585023044724846e-01
-6.742374523838426947e-01
-6.741873567003577872e-01
-6.741228004033295029e-01
-6.740574283853146831e-01
-6.740018898560168337e-01
-6.739627596767712170e-01
-6.739423896477578779e-01
-6.739394986422438949e-01
-6.739502315422176704e-01
-6.739694013510388881e-01
-6.739916645791699246e-01
-6.740124491837028442e-01
-6.740285376726402600e-01
-6.740382882349029714e-01
-6.740415412089784120e-01
-6.740392997455361135e-01
-6.740332905396975161e-01
-6.740255058790093345e-01
-6.740178077967772241e-01
-6.740116459444127628e-01
-6.740079098032724092e-01
-6.740069086407589616e-01
-6.740084528374886697e-01
-6.740119994395917802e-01
-6.740168227234273335e-01
-6.740221755172097762e-01
-6.740274165423871811e-01
-6.740320904660873635e-01
-6.740359583419389677e-01
-6.740389849295448377e-01
-6.740412950586721630e-01
-6.740431135273906582e-01
-6.740447023885045574e-01
-6.740463066818752624e-01
-6.740481156826934050e-01
-6.740502425004726295e-01
-6.740527211447483458e-01
-6.740555174707860697e-01
-6.740585489455525048e-01
-6.740617078892553460e-01
-6.740648835207526668e-01
-6.740679794297542715e-01
-6.740709246532124999e-01
-6.740736780268773432e-01
-6.740762266799460445e-01
-6.740785803099124118e-01
-6.740807631873693140e-01
-6.740828057513376104e-01
-6.740847372743852262e-01
-6.740865805371906161e-01
-6.740883488839943816e-01
-6.740900455383924683e-01
-6.740916647107493276e-01
-6.740931938512596533e-01
-6.740946163871256447e-01
-6.740959143920537411e-01
-6.740970708197511208e-01
-6.740980711356160393e-01
-6.740989043550270621e-01
