-6.740981514426188648e-01
-6.740985662540216472e-01
-6.740986882470012542e-01
-6.740985481563160908e-01
-6.740981973800220795e-01
-6.740977065265079116e-01
-6.740971607734027593e-01
-6.740966506013567061e-01
-6.740962574378496219e-01
-6.740960352874518779e-01
-6.740959912302085799e-01
-6.740960692940679566e-01
-6.740961431383182267e-01
-6.740960227485285339e-01
-6.740954786264475862e-01
-6.740942837297808632e-01
-6.740922690172034271e-01
-6.740893836232191294e-01
-6.740857465050007491e-01
-6.740816741281189239e-01
-6.740776695744827851e-01
-6.740743631581694872e-01
-6.740724033080616184e-01
-6.740723082504811448e-01
-6.740743019882957654e-01
-6.740781694134098112e-01
-6.740831718049736798e-01
-6.740880623227523127e-01
-6.740912292635131697e-01
-6.740909724976902329e-01
-6.740858878119284636e-01
-6.740752997386209033e-01
-6.740596531152623916e-01
-6.740407556747092244e-01
-6.740217666545009756e-01
-6.740068554746709850e-01
-6.740005110471422034e-01
-6.740065609480121456e-01
-6.740270481677130832e-01
-6.740611929392902324e-01
-6.741047161917057551e-01
-6.741497982245722165e-01
-6.741858761736426731e-01
-6.742013433278479795e-01
-6.741860149504329547e-01
-6.741339992945507564e-01
-6.740464051866961182e-01
-6.739331846631322342e-01
-6.738134055228036656e-01
-6.737134145346381775e-01
-6.736626985614532215e-01
-6.736877482872426492e-01
-6.738048017494612241e-01
-6.740128756941777821e-01
-6.742888411655558745e-01
-6.745863287903927086e-01
-6.748398597035730750e-01
-6.749747616929413496e-01
-6.749222147969714536e-01
-6.746373513221313178e-01
-6.741169863996998579e-01
-6.734126196563584577e-01
-6.726341807855865662e-01
-6.719408744161765590e-01
-6.715175227494409871e-01
-6.715378517667777158e-01
-6.721197479094715987e-01
-6.732808790195844439e-01
-6.749053375383169406e-01
-6.767323060342940177e-01
-6.783756289609292889e-01
-6.793784930198939476e-01
-6.793005403266679787e-01
-6.778264956024077081e-01
-6.748770808100542640e-01
-6.706964297501619710e-01
-6.658876803912747722e-01
-6.613722725975004213e-01
-6.582602381586863949e-01
-6.576378923095603790e-01
-6.603023474966028816e-01
-6.664931687627172474e-01
-6.756837237339392566e-01
-6.864940224338886843e-01
-6.967728746434941334e-01
-7.038733260150024096e-01
-7.051152444375436978e-01
-6.983930739559365275e-01
-6.828423521652084993e-01
-6.594260549320942744e-01
-6.312555846262267734e-01
-6.034540954289938641e-01
-5.824390587515990703e-01
-5.746560354560118489e-01
-5.849920575426046376e-01
-6.152466696384003564e-01
-6.630600099965840988e-01
-7.215719053060706267e-01
-7.798832883448497677e-01
-8.242445544034298077e-01
-8.399195830111348959e-01
-8.138353142066935275e-01
-7.381533381211791145e-01
-6.144072505308535437e-01
-4.567806745185171158e-01
-2.922038381820595832e-01
-1.554942665413224234e-01
-8.012021887446323098e-02
-8.774561863803793937e-02
-1.805117192334877441e-01
-3.388749113768322885e-01
-5.258079951573544353e-01
-6.957534400766166582e-01
-8.046996542876493352e-01
-8.181448454027402395e-01
-7.167196289925691355e-01
-5.012300444791634169e-01
-1.965185493794049942e-01
1.507314367505664388e-01
4.843218231754364833e-01
7.570799080420769211e-01
9.445273108445907395e-01
1.046826744795766206e+00
1.081174293165309441e+00
1.071362310647750560e+00
1.039841173108078998e+00
1.003836614474699962e+00
9.746713336025045749e-01
9.587438519784782232e-01
9.588319020374512780e-01
9.749212445593909981e-01
1.004201236980469814e+00
1.040228890982581644e+00
1.071623995012289221e+00
1.081099613897753553e+00
1.046165723464725472e+00
9.430514187450893537e-01
7.546826915801404523e-01
4.811226496190548207e-01
1.471139486904839699e-01
-1.999911877636720292e-01
-5.039984223590080470e-01
-7.183998196378978962e-01
-8.186009447015115681e-01
-8.040255239193356829e-01
-6.942237694099052669e-01
-5.238291593571791083e-01
-3.369210495145567030e-01
-1.790307387469892708e-01
-8.705408684227249061e-02
-8.032804577350806385e-02
-1.564893260737623137e-01
-2.937014725878753230e-01
-4.584199543327907023e-01
-6.158579194686919500e-01
-7.391931288144819590e-01
-8.143757859395810428e-01
-8.399875510418763902e-01
-8.239426526839808140e-01
-7.793502336110040840e-01
-7.209513210451146126e-01
-6.624780629820815614e-01
-6.147966442641288332e-01
-5.847254367301585321e-01
-5.745809360208565808e-01
-5.825263628472410193e-01
-6.036498098312172988e-01
-6.314961785148138773e-01
-6.596528632699365513e-01
-6.830119006698205375e-01
-6.984818996619344134e-01
-7.051195693983346446e-01
-7.038050833686160246e-01
-6.966538998953462070e-01
-6.863499604186104053e-01
-6.755387323784080023e-01
-6.663660613435689051e-01
-6.602044646353646407e-01
-6.575727027302872285e-01
-6.582244090305636730e-01
-6.613577451793584139e-01
-6.658841777833331976e-01
-6.706938395241469619e-01
-6.748672859512453437e-01
-6.778044258021853619e-01
-6.792644209757036089e-01
-6.793294308359233424e-01
-6.783167658882915951e-01
-6.766677968253814734e-01
-6.748393768875778909e-01
-6.732169420123090831e-01
-6.720601321029041619e-01
-6.714835358193333992e-01
-6.714682964947492616e-01
-6.718956559451144672e-01
-6.725914203577751938e-01
-6.733706964430895558e-01
-6.740745265894240168e-01
-6.745934271629714374e-01
-6.748764157239824923e-01
-6.749271544918926669e-01
-6.747908711011533223e-01
-6.745365901231303862e-01
-6.742390322426057292e-01
-6.739635962970601524e-01
-6.737564874893056110e-01
-6.736406356057560441e-01
-6.736168336891030783e-01
-6.736686945186901587e-01
-6.737696364396875692e-01
-6.738901425106869070e-01
-6.740038878585458137e-01
-6.740918623581055868e-01
-6.741441885706633830e-01
-6.741598316954777736e-01
-6.741447436268614979e-01
-6.741091476682791184e-01
-6.740646654968497353e-01
-6.740218540459934626e-01
-6.739885120324151657e-01
-6.739688896941610219e-01
-6.739637370646126557e-01
-6.739709860161483546e-01
-6.739867918172741668e-01
-6.740066575303077512e-01
-6.740264140585283670e-01
-6.740429087169581557e-01
-6.740543437934870541e-01
-6.740602851916579485e-01
-6.740614176064350094e-01
-6.740591515350145002e-01
-6.740551898961243404e-01
-6.740511439097893742e-01
-6.740482574326175369e-01
-6.740472647497833814e-01
-6.740483761463349488e-01
-6.740513632885818396e-01
-6.740557046874026126e-01
-6.740607499577768724e-01
-6.740658680754971765e-01
-6.740705562193245459e-01
-6.740744987695778123e-01
-6.740775778033136767e-01
-6.740798450768294980e-01
-6.740814701570506662e-01
-6.740826801476718089e-01
-6.740837041543498165e-01
-6.740847314338491714e-01
-6.740858873346187163e-01
-6.740872267389930172e-01
-6.740887414970629932e-01
-6.740903766364942928e-01
-6.740920499072164951e-01
-6.740936701597322056e-01
-6.740951516852597969e-01
-6.740964234526910515e-01
-6.740974337170354547e-01
