-6.740990348242468233e-01
-6.740994670424084179e-01
-6.740996343475537111e-01
-6.740995597254900717e-01
-6.740992821153286574e-01
-6.740988558907242689e-01
-6.740983479534384815e-01
-6.740978311691750990e-01
-6.740973735987957349e-01
-6.740970241671413454e-01
-6.740967968452394876e-01
-6.740966567672186383e-01
-6.740965125680665748e-01
-6.740962192345758552e-01
-6.740955946376744334e-01
-6.740944505869463921e-01
-6.740926359176966365e-01
-6.740900852942488530e-01
-6.740868638760288967e-01
-6.740831957083494030e-01
-6.740794636322489097e-01
-6.740761713918244080e-01
-6.740738647075961154e-01
-6.740730169392935567e-01
-6.740738953274602041e-01
-6.740764336564341042e-01
-6.740801439690196073e-01
-6.740841010532181432e-01
-6.740870267143839190e-01
-6.740874854576286435e-01
-6.740841800721727450e-01
-6.740763078500499050e-01
-6.740639110310346904e-01
-6.740481353239330398e-01
-6.740313051678584744e-01
-6.740167396711264081e-01
-6.740082717056338213e-01
-6.740094924638725393e-01
-6.740228170998372459e-01
-6.740485403056390989e-01
-6.740841059983471162e-01
-6.741238336575551271e-01
-6.741593092623314742e-01
-6.741805531146286556e-01
-6.741779242886277723e-01
-6.741445312772706977e-01
-6.740787249823415594e-01
-6.739860993658605137e-01
-6.738803666606061338e-01
-6.737825508785002526e-01
-6.737181785959875935e-01
-6.737125310920051291e-01
-6.737845088574000441e-01
-6.739401606714512383e-01
-6.741673275706937529e-01
-6.744330204353117253e-01
-6.746849805355273899e-01
-6.748583064838982182e-01
-6.748870861604550075e-01
-6.747197590782474386e-01
-6.743356592337669264e-01
-6.737591345275697474e-01
-6.730671281684024176e-01
-6.723864357297856253e-01
-6.718782034777658341e-01
-6.717095930254800562e-01
-6.720156202826780278e-01
-6.728574234241606611e-01
-6.741858669073600430e-01
-6.758206469227756585e-01
-6.774542828793395088e-01
-6.786872381526510845e-01
-6.790950085606816122e-01
-6.783208879671597247e-01
-6.761802520886394108e-01
-6.727550554567788277e-01
-6.684527588748818694e-01
-6.640043322271714787e-01
-6.603832259684494499e-01
-6.586418367396416063e-01
-6.596821844193524464e-01
-6.639987857807327920e-01
-6.714480012083180460e-01
-6.811040970509696368e-01
-6.912555483100184528e-01
-6.995770508568317503e-01
-7.034866447165009085e-01
-7.006653113809034883e-01
-6.896772727492933575e-01
-6.705816798043618965e-01
-6.453773750219171657e-01
-6.180949886997753051e-01
-5.943797861406847627e-01
-5.805185819529198321e-01
-5.820381582256314301e-01
-6.021749189121459178e-01
-6.406008758455643548e-01
-6.927392301750767700e-01
-7.498385523346713377e-01
-7.997980103149927578e-01
-8.286721971735478975e-01
-8.228787577249010443e-01
-7.722386004674969273e-01
-6.737650118903347751e-01
-5.353418655136074067e-01
-3.774162826706979890e-01
-2.306168273030735905e-01
-1.286856782267497279e-01
-9.865841104691418229e-02
-1.519047897405692016e-01
-2.793661868057082942e-01
-4.527180444706612739e-01
-6.310125696752798552e-01
-7.700935329214679825e-01
-8.312312976801012887e-01
-7.873706169782184183e-01
-6.282505807822307276e-01
-3.654466237419384256e-01
-3.436968104499481952e-02
3.123145481234956278e-01
6.207108276130005597e-01
8.532929480983849624e-01
9.974580456537859297e-01
1.062467191934398203e+00
1.069942239278856899e+00
1.044373526924742945e+00
1.007131251074241396e+00
9.740416322832204932e-01
9.551487305780532733e-01
9.552424570248435609e-01
9.743003397046224867e-01
1.007485142289468616e+00
1.044699904585339567e+00
1.070062161019723845e+00
1.062155373976920503e+00
9.964810370935222039e-01
8.514848864335867740e-01
6.180729702636216238e-01
3.090874499223653094e-01
-3.772712563810159264e-02
-3.683915183686839456e-01
-6.303338312173916158e-01
-7.883523486845853689e-01
-8.310977805492569814e-01
-7.690188354888199962e-01
-6.293137540493092263e-01
-4.508082114790259998e-01
-2.776845948654841356e-01
-1.508223600546741983e-01
-9.838837401761310608e-02
-1.292359555683355310e-01
-2.318026522708859227e-01
-3.789281083049869103e-01
-5.368435209689005339e-01
-6.749846805187847965e-01
-7.730208131811903138e-01
-8.231891842466220188e-01
-8.285701875101617597e-01
-7.993986401724592072e-01
-7.492784639881437947e-01
-6.921505225734765343e-01
-6.400922191620851409e-01
-6.018189559509262709e-01
-5.818656871387976048e-01
-5.805203416552459084e-01
-5.945153928284898637e-01
-6.183066671325866404e-01
-6.456048344028150199e-01
-6.707745164095808565e-01
-6.898025511326013604e-01
-7.007097742106168647e-01
-7.034545020521623115e-01
-6.994850417361586636e-01
-6.911269878185878346e-01
-6.809632405649863607e-01
-6.713155833741435430e-01
-6.638891772296318106e-01
-6.596022739563930370e-01
-6.585914691859696690e-01
-6.603568056420978660e-01
-6.639930665815029220e-01
-6.684469937652502969e-01
-6.727462435017664832e-01
-6.761622649948320074e-01
-6.782905784512414105e-01
-6.790520959468979711e-01
-6.786337019498391854e-01
-6.773934932152474442e-01
-6.757564504178332765e-01
-6.741218001873511279e-01
-6.727961627316211279e-01
-6.719587095327604898e-01
-6.716574348939887695e-01
-6.718302557349606907e-01
-6.723415316685721344e-01
-6.730238358139249977e-01
-6.737160813088307609e-01
-6.742917714828002840e-01
-6.746743926211867803e-01
-6.748400494168699248e-01
-6.748097966068365983e-01
-6.746354640882017417e-01
-6.743830928403892200e-01
-6.741175815311281072e-01
-6.738910852456529987e-01
-6.737364304098123480e-01
-6.736655972232215017e-01
-6.736723781099644981e-01
-6.737377578603566119e-01
-6.738363950523732493e-01
-6.739427556243746675e-01
-6.740358496223470830e-01
-6.741020242894676384e-01
-6.741357535718501826e-01
-6.741387484022038912e-01
-6.741179461147570606e-01
-6.740830128375913111e-01
-6.740439331211408591e-01
-6.740091094249102133e-01
-6.739842002775817686e-01
-6.739717357706229706e-01
-6.739713968073304251e-01
-6.739807493421307028e-01
-6.739961907621101478e-01
-6.740138843676909408e-01
-6.740305135361003286e-01
-6.740437605282429967e-01
-6.740524882156928577e-01
-6.740566627284634293e-01
-6.740570933992122704e-01
-6.740550814743565544e-01
-6.740520637190734465e-01
-6.740493171889686552e-01
-6.740477642409871128e-01
-6.740478890866254957e-01
-6.740497540855089342e-01
-6.740530886405808886e-01
-6.740574169096076318e-01
-6.740621916944078418e-01
-6.740669087012690630e-01
-6.740711852465027798e-01
-6.740747978570510446e-01
-6.740776820658387347e-01
-6.740799037759342971e-01
-6.740816144304797586e-01
-6.740830021359762725e-01
-6.740842485834630526e-01
-6.740854980624596537e-01
-6.740868410301699143e-01
-6.740883113686535477e-01
-6.740898941407575951e-01
-6.740915395396167575e-01
-6.740931787414138343e-01
-6.740947382431947688e-01
-6.740961506177977069e-01
-6.740973610532048355e-01
-6.740983302316772008e-01
