-6.741034483857584192e-01
-6.741039120555804010e-01
-6.741041521884426624e-01
-6.741041798640262650e-01
-6.741040141723759760e-01
-6.741036822972684694e-01
-6.741032185395553489e-01
-6.741026615993822579e-01
-6.741020497414499379e-01
-6.741014140015785250e-01
-6.741007702669994384e-01
-6.741001117359758377e-01
-6.740994037600227529e-01
-6.740985832159606117e-01
-6.740975642020242686e-01
-6.740962509354425647e-01
-6.740945572946374087e-01
-6.740924306793066867e-01
-6.740898760716547145e-01
-6.740869747887616725e-01
-6.740838918720136741e-01
-6.740808667591751124e-01
-6.740781840554641580e-01
-6.740761248183227972e-01
-6.740749034082396118e-01
-6.740745998856738641e-01
-6.740751021025164214e-01
-6.740760738456184065e-01
-6.740769645184118142e-01
-6.740770711340530186e-01
-6.740756547262257703e-01
-6.740721014216529694e-01
-6.740661050918698161e-01
-6.740578363174950516e-01
-6.740480545151097402e-01
-6.740381196551276100e-01
-6.740298694751564179e-01
-6.740253483923567268e-01
-6.740264041640773307e-01
-6.740342038600005692e-01
-6.740487554819716287e-01
-6.740685473391757609e-01
-6.740904252666158891e-01
-6.741098105071007263e-01
-6.741213145810170948e-01
-6.741197332634987216e-01
-6.741013082966839098e-01
-6.740650482718024694e-01
-6.740138206637213969e-01
-6.739548894819472613e-01
-6.738995995738900069e-01
-6.738620134896043945e-01
-6.738564902726345007e-01
-6.738944393299086677e-01
-6.739807482944347727e-01
-6.741106158811372984e-01
-6.742676541095971032e-01
-6.744240969975892064e-01
-6.745437214898061251e-01
-6.745876415987690500e-01
-6.745225155647806004e-01
-6.743299976912026095e-01
-6.740156094491729366e-01
-6.736147694673131348e-01
-6.731936838935786982e-01
-6.728432944761905121e-01
-6.726655630545350650e-01
-6.727529606150023378e-01
-6.731638979090528441e-01
-6.738986161420208454e-01
-6.748813017594476049e-01
-6.759544587525569970e-01
-6.768905363457844437e-01
-6.774233407460625855e-01
-6.772979876605901284e-01
-6.763335007033256518e-01
-6.744873634343387936e-01
-6.719074316067736863e-01
-6.689548841883409258e-01
-6.661836210930484059e-01
-6.642675616055099264e-01
-6.638775410362158791e-01
-6.655224333968198236e-01
-6.693819093958075506e-01
-6.751674337475328525e-01
-6.820508295543689092e-01
-6.886946399064702851e-01
-6.934059181441222242e-01
-6.944160814465696330e-01
-6.902647522793250445e-01
-6.802353211039584568e-01
-6.647564454211417617e-01
-6.456549999227179093e-01
-6.261382419535197474e-01
-6.104151060986043875e-01
-6.029469807603397014e-01
-6.074311092716890847e-01
-6.257239065344530893e-01
-6.569598608989724031e-01
-6.970902056507579658e-01
-7.389733554947097716e-01
-7.730541884901535044e-01
-7.886322857386589558e-01
-7.757420501091693010e-01
-7.276436864568062157e-01
-6.436763959578679639e-01
-5.316895336283744555e-01
-4.087303216692740326e-01
-2.987413931859995708e-01
-2.271008788090674024e-01
-2.134494876563230725e-01
-2.652941116588118931e-01
-3.747065375565528100e-01
-5.192773005720741075e-01
-6.668469516891080140e-01
-7.820511034091536251e-01
-8.324406989510219068e-01
-7.934245725137718530e-01
-6.530972823434625374e-01
-4.175819320865933326e-01
-1.142973045454215575e-01
2.118746208342283388e-01
5.114481182483803234e-01
7.467335143115085838e-01
9.020975229874507173e-01
9.838560196954617698e-01
1.012643129068264924e+00
1.013614294537801719e+00
1.008119825712230799e+00
1.008154428430842797e+00
1.013657487163609927e+00
1.012526119569435723e+00
9.833418120058212697e-01
9.009490575660936695e-01
7.448052656974480934e-01
5.087781979110584940e-01
2.087302406169671554e-01
-1.174695141753195754e-01
-4.202965168696183307e-01
-6.549847799271886206e-01
-7.943156868905151269e-01
-8.323628439734210849e-01
-7.811814434391686213e-01
-6.654645301029915583e-01
-5.177203898722175790e-01
-3.733206938151967802e-01
-2.643668985444227459e-01
-2.131488321520364770e-01
-2.274413562118706433e-01
-2.995926970268137368e-01
-4.098653745651889002e-01
-5.328547059445170042e-01
-6.446582210263922530e-01
-7.283102769472719062e-01
-7.760519392803834071e-01
-7.886184666366748974e-01
-7.727972749724478785e-01
-7.385748471639205226e-01
-6.966508450391226681e-01
-6.565639949838349976e-01
-6.254295694697489250e-01
-6.072657420646775384e-01
-6.029087385183902192e-01
-6.104790496139642642e-01
-6.262657288210590201e-01
-6.458039162943148837e-01
-6.648899630961261353e-01
-6.803276091616212717e-01
-6.903031532806522819e-01
-6.944002233605429675e-01
-6.933447828049990047e-01
-6.886027155401890365e-01
-6.819442870409175850e-01
-6.750609659106527882e-01
-6.692865793331229662e-01
-6.654446354508259942e-01
-6.638189889300648572e-01
-6.642260792563622340e-01
-6.661544274082036310e-01
-6.689320411335097916e-01
-6.718851640779917034e-01
-6.744610452376518239e-01
-6.763002080900677448e-01
-6.772566236371263537e-01
-6.773744099672346364e-01
-6.768356930023327056e-01
-6.758959596994731367e-01
-6.748214816169072483e-01
-6.738394698076379807e-01
-6.731068179519403838e-01
-6.726986398794023714e-01
-6.726140420863071512e-01
-6.727941126993814969e-01
-6.731460842806566980e-01
-6.735679081104585242e-01
-6.739687314898356041e-01
-6.742825559217825448e-01
-6.744742238736581852e-01
-6.745384690820608320e-01
-6.744938424359202545e-01
-6.743738163081889336e-01
-6.742173274447178510e-01
-6.740605800833967542e-01
-6.739312719932841755e-01
-6.738456975647161284e-01
-6.738085617162555829e-01
-6.738148951645548390e-01
-6.738532321131726066e-01
-6.739091858637704657e-01
-6.739686925261797468e-01
-6.740204258391080394e-01
-6.740571520780772596e-01
-6.740760375832446361e-01
-6.740781043880064161e-01
-6.740671336882272380e-01
-6.740483428812690248e-01
-6.740271239277018100e-01
-6.740080510466834873e-01
-6.739942684424024000e-01
-6.739872752880533557e-01
-6.739870511093467575e-01
-6.739924183874278496e-01
-6.740015221199090467e-01
-6.740123142269643930e-01
-6.740229565897608577e-01
-6.740320913614374909e-01
-6.740389627352556534e-01
-6.740434041876803839e-01
-6.740457254684431021e-01
-6.740465430224129584e-01
-6.740465970379032612e-01
-6.740465903711418960e-01
-6.740470723658648078e-01
-6.740483772340595259e-01
-6.740506147959790528e-01
-6.740537027220886435e-01
-6.740574247310983091e-01
-6.740614983564189311e-01
-6.740656381314119594e-01
-6.740696042352942730e-01
-6.740732315834804256e-01
-6.740764389883823204e-01
-6.740792216110849111e-01
-6.740816320852128785e-01
-6.740837563812602795e-01
-6.740856899231275623e-01
-6.740875180654312127e-01
-6.740893032441427346e-01
-6.740910793413583679e-01
-6.740928523724402099e-01
-6.740946056910129824e-01
-6.740963075593435772e-01
-6.740979190803976229e-01
-6.740994009891413397e-01
-6.741007184758148751e-01
-6.741018438883760178e-01
-6.741027576943544597e-01
