-6.740988073106513045e-01
-6.740992357427633141e-01
-6.740993933244510128e-01
-6.740993046788127385e-01
-6.740990113834476327e-01
-6.740985712671746510e-01
-6.740980551532526066e-01
-6.740975397402032554e-01
-6.740970960850062310e-01
-6.740967744149352070e-01
-6.740965875056081913e-01
-6.740964962691847751e-01
-6.740964020814664837e-01
-6.740961503422162604e-01
-6.740955485274296999e-01
-6.740943994878549894e-01
-6.740925471987860851e-01
-6.740899281215355643e-01
-6.740866176399381571e-01
-6.740828587108576020e-01
-6.740790599334831601e-01
-6.740757534595994693e-01
-6.740735097742190929e-01
-6.740728158615606480e-01
-6.740739342562890313e-01
-6.740767707730177527e-01
-6.740807855769848089e-01
-6.740849829268223958e-01
-6.740880072246218102e-01
-6.740883561322135176e-01
-6.740846966176224919e-01
-6.740762403754703147e-01
-6.740631068388912572e-01
-6.740465822265967466e-01
-6.740291792572630225e-01
-6.740144203126381406e-01
-6.740063094687545053e-01
-6.740085232732482279e-01
-6.740234275732178704e-01
-6.740511032885434517e-01
-6.740886188054001638e-01
-6.741298008479459369e-01
-6.741657132603953162e-01
-6.741859469088247181e-01
-6.741806599618742624e-01
-6.741431080385373864e-01
-6.740722054302179522e-01
-6.739745102719604253e-01
-6.738649794864923770e-01
-6.737659361463287366e-01
-6.737039532339055281e-01
-6.737047703221127337e-01
-6.737868689685285739e-01
-6.739548439953222392e-01
-6.741940981220203577e-01
-6.744685268952006485e-01
-6.747226427048617081e-01
-6.748889583954306159e-01
-6.749004410707344359e-01
-6.747065804016285639e-01
-6.742903148916763456e-01
-6.736820224157752390e-01
-6.729663390941429402e-01
-6.722780187201152780e-01
-6.717845546544992663e-01
-6.716558121594491393e-01
-6.720241360886595183e-01
-6.729417018552675822e-01
-6.743444727166917341e-01
-6.760332010150098547e-01
-6.776808360800862241e-01
-6.788721983618740685e-01
-6.791760051200380621e-01
-6.782418953266946549e-01
-6.759070618821748644e-01
-6.722900075622770810e-01
-6.678448355194456232e-01
-6.633506574519321131e-01
-6.598190147525774263e-01
-6.583179963625106490e-01
-6.597327932170601317e-01
-6.645038629639069550e-01
-6.723994249284109825e-01
-6.823834583476515725e-01
-6.926318409424477851e-01
-7.007296012505597194e-01
-7.040549969284721765e-01
-7.003230429228762821e-01
-6.882206495382284794e-01
-6.680166181999875885e-01
-6.419809072800833905e-01
-6.144243172065163572e-01
-5.912081718577762990e-01
-5.786950825014990363e-01
-5.822933453923089253e-01
-6.049166091986083460e-01
-6.457514051360475626e-01
-6.996544178756234356e-01
-7.573247224530776922e-01
-8.062231682844004377e-01
-8.321668316692518719e-01
-8.216405880288206731e-01
-7.649637364181144372e-01
-6.601762338366122806e-01
-5.166567086291512512e-01
-3.564738203619506329e-01
-2.114192207210413565e-01
-1.153730747084747155e-01
-9.425376213247445290e-02
-1.572932435337727752e-01
-2.928728926483347705e-01
-4.704313558455819333e-01
-6.477186843981679321e-01
-7.804367140944764580e-01
-8.307305996525637948e-01
-7.732462394870658340e-01
-6.002210902884512755e-01
-3.263506293905877320e-01
1.005935397486640293e-02
3.550495390044037802e-01
6.558610788206610254e-01
8.778877302268758287e-01
1.011690210852130845e+00
1.068690022348220747e+00
1.071278963276543150e+00
1.043619626919857435e+00
1.006164037834982317e+00
9.736790415470732984e-01
9.553310298879000850e-01
9.554210580022058918e-01
9.739298084868628358e-01
1.006514422595712999e+00
1.043958865748192411e+00
1.071439754297137004e+00
1.068453735346412969e+00
1.010819756683277282e+00
8.761992412151488052e-01
6.533249507168196191e-01
3.518727564569575361e-01
6.681204188434309438e-03
-3.293815375340761187e-01
-6.024306944821560261e-01
-7.743640891921410585e-01
-8.307173836911344589e-01
-7.794483829992880919e-01
-6.460603464989800315e-01
-4.685109612450693573e-01
-2.911341860688870797e-01
-1.561224086305519343e-01
-9.388690439327246340e-02
-1.158421607804480669e-01
-2.125576767370164766e-01
-3.579794011910109042e-01
-5.181886442286266492e-01
-6.614496961856149992e-01
-7.658076809888044734e-01
-8.220074803723548262e-01
-8.321074389542409966e-01
-8.058486059448485284e-01
-7.567713857923206167e-01
-6.990569496887305556e-01
-6.452230190919470143e-01
-6.045356240962774796e-01
-5.820963143672424067e-01
-5.786774838022789025e-01
-5.913325054743804321e-01
-6.146335024255014101e-01
-6.422133969679514331e-01
-6.682194690453933106e-01
-6.883579338582523910e-01
-7.003787931233913522e-01
-7.040314770712898795e-01
-7.006425640567232049e-01
-6.925045317533404798e-01
-6.822407774418223214e-01
-6.722631839878933091e-01
-6.643896446698933644e-01
-6.596485747057564408e-01
-6.582644053784744154e-01
-6.597908486524676208e-01
-6.633391380039223018e-01
-6.678400293837134516e-01
-6.722829198423181385e-01
-6.758910776346752636e-01
-6.782134462531842489e-01
-6.791345199145042422e-01
-6.788195184938823346e-01
-6.776203331413882536e-01
-6.759688265652319394e-01
-6.742799260538905326e-01
-6.728798353673238752e-01
-6.719666482216972714e-01
-6.716032164388300307e-01
-6.717363674129931406e-01
-6.722330823061735128e-01
-6.729231917331742752e-01
-6.736392374888492407e-01
-6.742467554924911344e-01
-6.746615428335219766e-01
-6.748536871649114532e-01
-6.748406566328736256e-01
-6.746732498570925385e-01
-6.744186451586974274e-01
-6.741443389790081619e-01
-6.739057216280950335e-01
-6.737387355504945718e-01
-6.736577952180640150e-01
-6.736581398133584253e-01
-6.737211645773529822e-01
-6.738210618242440608e-01
-6.739312450358805329e-01
-6.740294218731573972e-01
-6.741006944297807113e-01
-6.741385744306719330e-01
-6.741442129231084435e-01
-6.741244041528597908e-01
-6.740890187875444584e-01
-6.740484733737689416e-01
-6.740116936840914175e-01
-6.739848308495416385e-01
-6.739707893353843460e-01
-6.739694621303212729e-01
-6.739784627632547931e-01
-6.739941018711780307e-01
-6.740123707112308793e-01
-6.740297491462977630e-01
-6.740437314141366487e-01
-6.740530404444016188e-01
-6.740575658468626052e-01
-6.740581031555736846e-01
-6.740559898623627033e-01
-6.740527297809729701e-01
-6.740496773775501715e-01
-6.740478254061480490e-01
-6.740477097551361707e-01
-6.740494205481107892e-01
-6.740526917266626006e-01
-6.740570337158230396e-01
-6.740618745044797411e-01
-6.740666813907847388e-01
-6.740710459635298468e-01
-6.740747258836261580e-01
-6.740776465077320534e-01
-6.740798719851213150e-01
-6.740815586534583126e-01
-6.740829036025799414e-01
-6.740840989327876454e-01
-6.740852985251377660e-01
-6.740866000914595979e-01
-6.740880417235333155e-01
-6.740896096618702593e-01
-6.740912527769106211e-01
-6.740928992293470090e-01
-6.740944716682071292e-01
-6.740958987363376842e-01
-6.740971221660552182e-01
-6.740981000084282915e-01
