-6.741314466556040941e-01
-6.741319272514025851e-01
-6.741321415998965394e-01
-6.741320952471544503e-01
-6.741317971358741223e-01
-6.741312588743386680e-01
-6.741304936493214273e-01
-6.741295147860916215e-01
-6.741283340354972120e-01
-6.741269597701931016e-01
-6.741253953774345442e-01
-6.741236382151005735e-01
-6.741216795194084899e-01
-6.741195055908623113e-01
-6.741171004252858312e-01
-6.741144497040909567e-01
-6.741115457399060595e-01
-6.741083926409945359e-01
-6.741050106799179042e-01
-6.741014387066242008e-01
-6.740977335060620579e-01
-6.740939653150580524e-01
-6.740902092919178745e-01
-6.740865335301655659e-01
-6.740829851198405498e-01
-6.740795766247256182e-01
-6.740762759627907386e-01
-6.740730028444738009e-01
-6.740696344688377195e-01
-6.740660220131238223e-01
-6.740620176138037989e-01
-6.740575092184354355e-01
-6.740524582380645890e-01
-6.740469328316466280e-01
-6.740411284568751382e-01
-6.740353675466876915e-01
-6.740300721903129677e-01
-6.740257076141962234e-01
-6.740226998017789795e-01
-6.740213370678842519e-01
-6.740216717167287763e-01
-6.740234426758874298e-01
-6.740260417428833861e-01
-6.740285435408217563e-01
-6.740298117202595529e-01
-6.740286814770118928e-01
-6.740242022648563758e-01
-6.740159069985549589e-01
-6.740040583911121042e-01
-6.739898132600896652e-01
-6.739752455073065862e-01
-6.739631809407636842e-01
-6.739568232586490293e-01
-6.739591888357262528e-01
-6.739724138648721663e-01
-6.739970433540175554e-01
-6.740314476765566498e-01
-6.740715282586878798e-01
-6.741108602458166787e-01
-6.741413708822904249e-01
-6.741545679197187280e-01
-6.741432201247721245e-01
-6.741032673762695770e-01
-6.740356235237431326e-01
-6.739474582406755898e-01
-6.738525318713306511e-01
-6.737702315952401877e-01
-6.737231281834482610e-01
-6.737331326969715484e-01
-6.738166528918593245e-01
-6.739794796280941247e-01
-6.742124071482065162e-01
-6.744887332520489442e-01
-6.747647278723765130e-01
-6.749838548650342052e-01
-6.750849724775316307e-01
-6.750139627439714074e-01
-6.747373450808790141e-01
-6.742555663267286725e-01
-6.736130239781552564e-01
-6.729016845577877604e-01
-6.722555922775340642e-01
-6.718347289114716681e-01
-6.717985466830840302e-01
-6.722718331196878561e-01
-6.733079830252195475e-01
-6.748567316714769726e-01
-6.767444155960841146e-01
-6.786744493623557695e-01
-6.802537084823638835e-01
-6.810468861980624178e-01
-6.806558582334384377e-01
-6.788150851482301906e-01
-6.754878560890814621e-01
-6.709429280056465883e-01
-6.657885392847905370e-01
-6.609428160829700083e-01
-6.575277057312490792e-01
-6.566877322955727569e-01
-6.593527880285368070e-01
-6.659815095912413607e-01
-6.763336174662831768e-01
-6.893226406650077021e-01
-7.029947366010564913e-01
-7.146678905511008040e-01
-7.212518619812664511e-01
-7.197519779347704150e-01
-7.079317868219937582e-01
-6.850601145116722579e-01
-6.525954323658752498e-01
-6.145870106208615180e-01
-5.775485152536343758e-01
-5.496401486020150440e-01
-5.391911461127332217e-01
-5.528384289462527912e-01
-5.937268352095326218e-01
-6.602077472059532104e-01
-7.452716592484327496e-01
-8.366575739541040058e-01
-9.173998721086668029e-01
-9.667324486325057364e-01
-9.618524509651326104e-01
-8.817163488685233474e-01
-7.138933117782614302e-01
-4.634974721110176055e-01
-1.597110466063094980e-01
1.463025991974859774e-01
3.942038851852552317e-01
5.322961440315372439e-01
5.315517268660477912e-01
3.921265017728091662e-01
1.433284570322500839e-01
-1.629724390423066271e-01
-4.664403360549136401e-01
-7.160888447595493700e-01
-8.829925086959077296e-01
-9.622614198645954575e-01
-9.664601859383984417e-01
-9.166802925426666970e-01
-8.357187071791261079e-01
-7.443097381385006539e-01
-6.593753139467545266e-01
-5.931256221869398715e-01
-5.525153706835572720e-01
-5.391399454939610481e-01
-5.498104607267298993e-01
-5.778620034105698133e-01
-6.149566851707334303e-01
-6.529434455257200343e-01
-6.853300346602494431e-01
-7.080936606707958214e-01
-7.198009170673829171e-01
-7.212023812338491657e-01
-7.145464848780810341e-01
-7.028326118592946870e-01
-6.891497123226582033e-01
-6.761742524132444698e-01
-6.658521030493012027e-01
-6.592610565554151147e-01
-6.566334593437838096e-01
-6.575045515412996089e-01
-6.609407129424850202e-01
-6.657961724400427439e-01
-6.709498709761394508e-01
-6.754860720705182509e-01
-6.787996820315366220e-01
-6.806251458238481433e-01
-6.810018963760148258e-01
-6.801973906314894291e-01
-6.786107520507429491e-01
-6.766774287039766245e-01
-6.747900090832726905e-01
-6.732441085799010239e-01
-6.722122406473859391e-01
-6.717435638156784572e-01
-6.717837867435153543e-01
-6.722075298822217659e-01
-6.728550780287361199e-01
-6.735664814322942506e-01
-6.742079491020563919e-01
-6.746878965672487016e-01
-6.749623457137973181e-01
-6.750312304859966694e-01
-6.749283218825002928e-01
-6.747079128607945675e-01
-6.744312040053345170e-01
-6.741546920220180539e-01
-6.739219985217587139e-01
-6.737596815388008364e-01
-6.736767981132678607e-01
-6.736674287144488460e-01
-6.737150726492973085e-01
-6.737977680264919389e-01
-6.738929335690673206e-01
-6.739812041571888734e-01
-6.740488629552738864e-01
-6.740887933141458399e-01
-6.741001332526855849e-01
-6.740869855895657015e-01
-6.740566103763441230e-01
-6.740175133759800374e-01
-6.739777668794287857e-01
-6.739437845260721760e-01
-6.739196471074903050e-01
-6.739069641578975256e-01
-6.739051719066190271e-01
-6.739121193162018741e-01
-6.739247804544492570e-01
-6.739399475658923722e-01
-6.739547955747203778e-01
-6.739672547918501566e-01
-6.739761745314050145e-01
-6.739812986229097858e-01
-6.739830998775919735e-01
-6.739825329348479999e-01
-6.739807646892516102e-01
-6.739789316105209149e-01
-6.739779575635539421e-01
-6.739784481260719939e-01
-6.739806612101757466e-01
-6.739845413458540602e-01
-6.739897974566660954e-01
-6.739960014534324140e-01
-6.740026867497368457e-01
-6.740094305929236196e-01
-6.740159104344568552e-01
-6.740219310470605407e-01
-6.740274246375694833e-01
-6.740324301121941586e-01
-6.740370596581781726e-01
-6.740414610174667587e-01
-6.740457826191290636e-01
-6.740501466301951350e-01
-6.740546325298490959e-01
-6.740592714916336936e-01
-6.740640500224522880e-01
-6.740689201462857216e-01
-6.740738129706933535e-01
-6.740786526463110606e-01
-6.740833683526304965e-01
-6.740879028113103688e-01
-6.740922167419077793e-01
-6.740962894732150934e-01
-6.741001165013007501e-01
-6.741037050984368673e-01
-6.741070691350709021e-01
-6.741102241297731723e-01
-6.741131832624558395e-01
-6.741159547523841722e-01
-6.741185406839660388e-01
-6.741209371107642623e-01
-6.741231351091042656e-01
-6.741251223916041591e-01
-6.741268851137087736e-01
-6.741284095862961623e-01
-6.741296837132345621e-01
-6.741306980749398603e-01
