-6.740832717620531822e-01
-6.740837248688543726e-01
-6.740840313076494894e-01
-6.740842060748727382e-01
-6.740842734818831561e-01
-6.740842655597262256e-01
-6.740842192417977330e-01
-6.740841720572104956e-01
-6.740841563657725688e-01
-6.740841926119361949e-01
-6.740842825826934837e-01
-6.740844040989958375e-01
-6.740845088113042172e-01
-6.740845246782418698e-01
-6.740843641972679157e-01
-6.740839385158161612e-01
-6.740831762648490377e-01
-6.740820445130575322e-01
-6.740805679200979617e-01
-6.740788413093030673e-01
-6.740770308211063711e-01
-6.740753598090513110e-01
-6.740740778058215144e-01
-6.740734140960958909e-01
-6.740735212972128743e-01
-6.740744182151271469e-01
-6.740759442592408890e-01
-6.740777389391995333e-01
-6.740792586108745876e-01
-6.740798381890450441e-01
-6.740787980297062720e-01
-6.740755863169878292e-01
-6.740699365151322509e-01
-6.740620098546573624e-01
-6.740524868850179541e-01
-6.740425722706125944e-01
-6.740338850680295257e-01
-6.740282233573462456e-01
-6.740272162820479807e-01
-6.740319052780306963e-01
-6.740423246199778173e-01
-6.740571730378781545e-01
-6.740736762501686741e-01
-6.740877289064112210e-01
-6.740943701721944237e-01
-6.740885905235771691e-01
-6.740663938086270957e-01
-6.740259592366795172e-01
-6.739686782953254740e-01
-6.738997999855832477e-01
-6.738284220219511456e-01
-6.737666289797344943e-01
-6.737277050132679523e-01
-6.737235301990490699e-01
-6.737614824824416093e-01
-6.738413742578481802e-01
-6.739531064532489069e-01
-6.740757738209737226e-01
-6.741788608134888783e-01
-6.742259046774989883e-01
-6.741805771886013599e-01
-6.740145913165649372e-01
-6.737162555009029719e-01
-6.732979917618527876e-01
-6.728008409061512207e-01
-6.722940323449154709e-01
-6.718681965348919372e-01
-6.716217727132349768e-01
-6.716415387226212230e-01
-6.719797713830188979e-01
-6.726320390169892027e-01
-6.735206766358015074e-01
-6.744892513674758394e-01
-6.753125254136341793e-01
-6.757244441143902547e-01
-6.754635801472227419e-01
-6.743315273902377172e-01
-6.722554797603857990e-01
-6.693424465235313647e-01
-6.659103024041818086e-01
-6.624813252108510131e-01
-6.597279983377534185e-01
-6.583689053872542329e-01
-6.590236150259154435e-01
-6.620473849339568728e-01
-6.673763720299391577e-01
-6.744191026136741041e-01
-6.820287294947126044e-01
-6.885831652916871715e-01
-6.921875150263148146e-01
-6.909958032924246041e-01
-6.836257929671962774e-01
-6.696103657555084743e-01
-6.497937181393226291e-01
-6.265512118098554017e-01
-6.037079684730021212e-01
-5.860736935087439425e-01
-5.786042613861823725e-01
-5.853196367918271914e-01
-6.082036904981591441e-01
-6.463365042423642182e-01
-6.954484713382756977e-01
-7.479721891074633255e-01
-7.935782194776557219e-01
-8.201914438579204214e-01
-8.156055351369116968e-01
-7.699152627695313722e-01
-6.788097473028599227e-01
-5.471089283585454099e-01
-3.909876863543931824e-01
-2.369316944359835808e-01
-1.164771722972289258e-01
-5.795894350587455640e-02
-7.824178026329652036e-02
-1.774710564735414997e-01
-3.386173553164530947e-01
-5.318851450167335626e-01
-7.221339884211942506e-01
-8.759318357262673160e-01
-9.653272437839793829e-01
-9.683599185046932734e-01
-8.695077944933129466e-01
-6.635867221759931267e-01
-3.628951831841448761e-01
-1.968652347310300300e-03
3.671547376514064931e-01
6.895924623721620961e-01
9.230772982621400224e-01
1.044017009325611589e+00
1.043549362021380933e+00
9.217022041117358677e-01
6.874222675943134631e-01
3.644372911360995171e-01
-4.850132023044372888e-03
-3.655114171344086005e-01
-6.655928563564199596e-01
-8.707236040666760379e-01
-9.687622900518796376e-01
-9.649938373766286936e-01
-8.749946627930392795e-01
-7.207674293492704054e-01
-5.303117507932578745e-01
-3.370995118398907309e-01
-1.762717440034928806e-01
-7.756539160182361614e-02
-5.789908777471283047e-02
-1.169941044481027093e-01
-2.378680701640299988e-01
-3.921176165464618224e-01
-5.482029429355433914e-01
-6.796910611247207745e-01
-7.704883547799805665e-01
-8.158543634125476895e-01
-8.201586407160187386e-01
-7.933395396139497624e-01
-7.476149886949179368e-01
-6.950564235115488376e-01
-6.459793852567612404e-01
-6.079308481803964437e-01
-5.851567532651761328e-01
-5.785536581013945856e-01
-5.861181911921070631e-01
-6.038175213873907543e-01
-6.266907790843176951e-01
-6.499305735602379785e-01
-6.697194047647728743e-01
-6.836921632977410734e-01
-6.910149935920079090e-01
-6.921635809360423552e-01
-6.885259558605557606e-01
-6.819508828508601406e-01
-6.743333607991691681e-01
-6.672935390867561489e-01
-6.619750695873706237e-01
-6.589657612331558667e-01
-6.583260085188069599e-01
-6.596978273807356796e-01
-6.624599275840002965e-01
-6.658930645277247873e-01
-6.693250194107981388e-01
-6.722344433767379890e-01
-6.743047423779360283e-01
-6.754302428016265569e-01
-6.756849080481461822e-01
-6.752679769417032629e-01
-6.744413277239137416e-01
-6.734711027683430995e-01
-6.725823367462212543e-01
-6.719310700580690687e-01
-6.715944935210581557e-01
-6.715765783041364179e-01
-6.718246715564955007e-01
-6.722517445124396307e-01
-6.727592430118688460e-01
-6.732565439840286770e-01
-6.736745174260638791e-01
-6.739722759312428702e-01
-6.741375671266002234e-01
-6.741822370683610011e-01
-6.741346906401254335e-01
-6.740313267895261529e-01
-6.739086314383125886e-01
-6.737971030625214963e-01
-6.737176016510527665e-01
-6.736801665772803593e-01
-6.736849241545255218e-01
-6.737244436520135604e-01
-6.737868070929791120e-01
-6.738587098096924244e-01
-6.739280632278351613e-01
-6.739857788280853024e-01
-6.740266253344432412e-01
-6.740492325677711616e-01
-6.740554418418293059e-01
-6.740492658217587252e-01
-6.740357247058236245e-01
-6.740197836997526837e-01
-6.740055468809995620e-01
-6.739957830296535723e-01
-6.739917854562953448e-01
-6.739935112276999041e-01
-6.739999110173254815e-01
-6.740093495651773292e-01
-6.740200249381308462e-01
-6.740303165022321075e-01
-6.740390199339336696e-01
-6.740454563580323688e-01
-6.740494668858666438e-01
-6.740513204418477899e-01
-6.740515707914006560e-01
-6.740508987856408396e-01
-6.740499698609714319e-01
-6.740493272081443665e-01
-6.740493302298551370e-01
-6.740501380292447386e-01
-6.740517301591649746e-01
-6.740539524224518075e-01
-6.740565741722839288e-01
-6.740593448170488777e-01
-6.740620402644521558e-01
-6.740644939166929861e-01
-6.740666106988147943e-01
-6.740683658133747036e-01
-6.740697920780404084e-01
-6.740709606987990155e-01
-6.740719602664675403e-01
-6.740728779004911964e-01
-6.740737851393958646e-01
-6.740747297302768226e-01
-6.740757331816344955e-01
-6.740767930033605415e-01
-6.740778880487435787e-01
-6.740789852835149532e-01
-6.740800465499594551e-01
-6.740810343405112537e-01
-6.740819161041927687e-01
-6.740826670565340795e-01
