-6.741020493745981668e-01
-6.741025328157863594e-01
-6.741028339780543721e-01
-6.741029589833316127e-01
-6.741029179230786372e-01
-6.741027242940214048e-01
-6.741023939846052526e-01
-6.741019437047849339e-01
-6.741013888587156222e-01
-6.741007410228537777e-01
-6.741000053800660918e-01
-6.740991786291135046e-01
-6.740982479874015887e-01
-6.740971918854664624e-01
-6.740959827812994520e-01
-6.740945921938453766e-01
-6.740929975943721342e-01
-6.740911902659509902e-01
-6.740891827430560701e-01
-6.740870140957861967e-01
-6.740847512497180061e-01
-6.740824848329900476e-01
-6.740803187653063855e-01
-6.740783539199924901e-01
-6.740766675764314764e-01
-6.740752918166046381e-01
-6.740741952091541256e-01
-6.740732727340879027e-01
-6.740723486225327354e-01
-6.740711954093969727e-01
-6.740695699875806080e-01
-6.740672640103908542e-01
-6.740641620769806108e-01
-6.740602974590619301e-01
-6.740558925542828872e-01
-6.740513706753179513e-01
-6.740473279350432945e-01
-6.740444592285621539e-01
-6.740434404432446014e-01
-6.740447791613761730e-01
-6.740486566656008760e-01
-6.740547928519993182e-01
-6.740623702605446077e-01
-6.740700515790580827e-01
-6.740761151095253645e-01
-6.740787145164255367e-01
-6.740762441300041097e-01
-6.740677625013581364e-01
-6.740533999315200253e-01
-6.740346566668222739e-01
-6.740144939158377868e-01
-6.739971351887089623e-01
-6.739875333879751240e-01
-6.739905181889437324e-01
-6.740097120891990201e-01
-6.740463804686988025e-01
-6.740984452914833280e-01
-6.741599259167775360e-01
-6.742210573699985998e-01
-6.742692650681421096e-01
-6.742910432923572284e-01
-6.742746029004460517e-01
-6.742129460036824229e-01
-6.741068286981595215e-01
-6.739669335804713279e-01
-6.738145397032576644e-01
-6.736800887328073806e-01
-6.735993225736884860e-01
-6.736070992552727343e-01
-6.737295322427609978e-01
-6.739756570893634668e-01
-6.743302923038995145e-01
-6.747500002178669076e-01
-6.751639526320890594e-01
-6.754809885951803539e-01
-6.756032054086813510e-01
-6.754451193917151430e-01
-6.749559340333736168e-01
-6.741410168051854557e-01
-6.730776448997569661e-01
-6.719198007831584940e-01
-6.708876047452767555e-01
-6.702390394851961419e-01
-6.702248668861628955e-01
-6.710316429050194875e-01
-6.727217723558260865e-01
-6.751826991895477637e-01
-6.780987205778717941e-01
-6.809579090400442736e-01
-6.831029431502649851e-01
-6.838283274729964889e-01
-6.825178160456175647e-01
-6.788054231294015084e-01
-6.727324028294150438e-01
-6.648633067273197472e-01
-6.563203120125583601e-01
-6.487006716035139675e-01
-6.438601903687570793e-01
-6.435749194521567240e-01
-6.491272408725470289e-01
-6.608907787355037255e-01
-6.780014471888885508e-01
-6.981959244669042608e-01
-7.178791977188935247e-01
-7.324603670717642068e-01
-7.369776401656258358e-01
-7.270114146301369651e-01
-6.998322790327605736e-01
-6.556206342662060926e-01
-5.984352263956883577e-01
-5.364809163002587367e-01
-4.812683235071928967e-01
-4.455591395232049723e-01
-4.404715062576960438e-01
-4.725318952170965980e-01
-5.415520280324637170e-01
-6.399011513100819615e-01
-7.531627794125986819e-01
-8.616059977421175464e-01
-9.417730563629269636e-01
-9.681007611355482156e-01
-9.156541075631272619e-01
-7.657298152734268726e-01
-5.147455203569538673e-01
-1.829306500835109761e-01
1.842735638642277185e-01
5.267887640395220172e-01
7.877715351480767403e-01
9.273952414242956355e-01
9.266309290582457336e-01
7.855772710664199465e-01
5.234780008969263099e-01
1.803775826404350469e-01
-1.867572071357615215e-01
-5.179124703995665602e-01
-7.678796285802064192e-01
-9.167088202067792402e-01
-9.681947344231749408e-01
-9.411494119435439565e-01
-8.605382508304506572e-01
-7.519142071802570326e-01
-6.387052134680910598e-01
-5.405962570057210037e-01
-4.719401657763176994e-01
-4.402903519723145864e-01
-4.457563376768484131e-01
-4.817476262489570615e-01
-5.371099832525186857e-01
-5.990784803316352436e-01
-6.561673325465949835e-01
-7.002129727689841987e-01
-7.272012353546498664e-01
-7.369894404371836183e-01
-7.323326525899505057e-01
-7.176631694930181160e-01
-6.979442348132791629e-01
-6.777597583714721763e-01
-6.606923724711669665e-01
-6.489905904448893814e-01
-6.435039594400275842e-01
-6.438468010635381988e-01
-6.487286406868513211e-01
-6.563698610003894096e-01
-6.649152783486171892e-01
-6.727714160506442775e-01
-6.788216426399135139e-01
-6.825073370779434212e-01
-6.837924457791288990e-01
-6.830467181053730963e-01
-6.808884437497604303e-01
-6.780235157800044155e-01
-6.751083309817293987e-01
-6.726530293657948523e-01
-6.709711548738959142e-01
-6.701731731841779061e-01
-6.701949880278900151e-01
-6.708489419407459575e-01
-6.718838113385449118e-01
-6.730417223859799236e-01
-6.741030839146969766e-01
-6.749146755715408341e-01
-6.754000318256219160e-01
-6.755544974699088101e-01
-6.754293847950019192e-01
-6.751104557714228127e-01
-6.746956626172184723e-01
-6.742760322739977941e-01
-6.739221410001638990e-01
-6.736771267912612382e-01
-6.735558856566428165e-01
-6.735491558550099622e-01
-6.736306815363569678e-01
-6.737655505802888634e-01
-6.739180436175703504e-01
-6.740577960726468199e-01
-6.741636342909764767e-01
-6.742249844641343692e-01
-6.742411830812765627e-01
-6.742192922785146258e-01
-6.741711327672933463e-01
-6.741102115148297491e-01
-6.740490810838128954e-01
-6.739974705604997451e-01
-6.739613203777085060e-01
-6.739426720347767574e-01
-6.739402326927236286e-01
-6.739503639659943923e-01
-6.739682317074949802e-01
-6.739888878262949579e-01
-6.740081196574033706e-01
-6.740229793561994809e-01
-6.740319794721654212e-01
-6.740349997196878329e-01
-6.740329876248180030e-01
-6.740275508375499491e-01
-6.740205341946238216e-01
-6.740136555021198905e-01
-6.740082470242003687e-01
-6.740051211403529363e-01
-6.740045536747418797e-01
-6.740063603308179552e-01
-6.740100318855419825e-01
-6.740148920080802908e-01
-6.740202462064903699e-01
-6.740254992051734062e-01
-6.740302285833240648e-01
-6.740342126064732264e-01
-6.740374182780435319e-01
-6.740399608466979275e-01
-6.740420481341321546e-01
-6.740439224604001245e-01
-6.740458103702532400e-01
-6.740478866945999181e-01
-6.740502555808552954e-01
-6.740529476963603717e-01
-6.740559303102517941e-01
-6.740591255894540224e-01
-6.740624321684903775e-01
-6.740657456616859777e-01
-6.740689749727754032e-01
-6.740720526890099373e-01
-6.740749392289604458e-01
-6.740776215266406357e-01
-6.740801077561552335e-01
-6.740824199016368645e-01
-6.740845859048067990e-01
-6.740866327765996369e-01
-6.740885815627016830e-01
-6.740904445255874178e-01
-6.740922244455747059e-01
-6.740939156145442368e-01
-6.740955059249936765e-01
-6.740969794368349977e-01
-6.740983189020396393e-01
-6.740995078954558073e-01
-6.741005323880547850e-01
-6.741013817620211679e-01
