-6.741002354379295181e-01
-6.741006815923403783e-01
-6.741008836852947494e-01
-6.741008593001918126e-01
-6.741006383794492240e-01
-6.741002630136022633e-01
-6.740997854698144165e-01
-6.740992634517553039e-01
-6.740987521006143179e-01
-6.740982931217660568e-01
-6.740979024992413970e-01
-6.740975593034085334e-01
-6.740971988192505648e-01
-6.740967133382007592e-01
-6.740959632466805296e-01
-6.740947994244437247e-01
-6.740930955432528071e-01
-6.740907859641968036e-01
-6.740879021200860688e-01
-6.740845982435967887e-01
-6.740811568071289894e-01
-6.740779656963447053e-01
-6.740754632525998158e-01
-6.740740537077088979e-01
-6.740740034105470180e-01
-6.740753362074451971e-01
-6.740777525070424936e-01
-6.740805988720751651e-01
-6.740829116266452425e-01
-6.740835479121517482e-01
-6.740814011076756707e-01
-6.740756764228144071e-01
-6.740661803550875852e-01
-6.740535595633355692e-01
-6.740394161768668013e-01
-6.740262327705474066e-01
-6.740170644170507819e-01
-6.740149973089810675e-01
-6.740224290164388288e-01
-6.740402854456796211e-01
-6.740673409890590717e-01
-6.740998361622904111e-01
-6.741315771132302404e-01
-6.741546442831068964e-01
-6.741607320666285208e-01
-6.741429976142088165e-01
-6.740981373129401044e-01
-6.740282671720996266e-01
-6.739420978456868161e-01
-6.738549047101191070e-01
-6.737869258281933282e-01
-6.737600823259193294e-01
-6.737932839422873244e-01
-6.738970015928088531e-01
-6.740681735654505680e-01
-6.742867597213041408e-01
-6.745152681232120528e-01
-6.747022767077407446e-01
-6.747903361195050076e-01
-6.747277170253697109e-01
-6.744823857082581364e-01
-6.740555620648719382e-01
-6.734914956022416410e-01
-6.728799606867107430e-01
-6.723486434364494002e-01
-6.720441621978660018e-01
-6.721028243685358561e-01
-6.726150279070018945e-01
-6.735899011804921122e-01
-6.749286498511241073e-01
-6.764154796515711165e-01
-6.777334139855852868e-01
-6.785086681278194032e-01
-6.783817062601033010e-01
-6.770963333722600508e-01
-6.745912326174445806e-01
-6.710727731585741651e-01
-6.670455861079807036e-01
-6.632802820381860087e-01
-6.607070375944142926e-01
-6.602392742416737237e-01
-6.625506714596571811e-01
-6.678466348331230096e-01
-6.756827692455561474e-01
-6.848840043096494634e-01
-6.936078469974595873e-01
-6.995756131951319512e-01
-7.004689054328547826e-01
-6.944557663296332395e-01
-6.807708041799714893e-01
-6.602280758296814600e-01
-6.355071284596265357e-01
-6.110474784191496367e-01
-5.924440601896292513e-01
-5.853637729971707948e-01
-5.941673423150936051e-01
-6.205518125656014350e-01
-6.625596343847671710e-01
-7.142106814539663784e-01
-7.658541599688930557e-01
-8.052113975823531611e-01
-8.190780553565562006e-01
-7.957505277571056412e-01
-7.282285437754428825e-01
-6.178327436333185263e-01
-4.770262034721710620e-01
-3.295224453250469310e-01
-2.061860909925408436e-01
-1.371091170149517369e-01
-1.424203361520370859e-01
-2.252344521160968005e-01
-3.693281314731899911e-01
-5.423757429783687689e-01
-7.034267403873639690e-01
-8.115780091240692995e-01
-8.330996532529911791e-01
-7.468044303003876783e-01
-5.492924012395246081e-01
-2.597697082773088306e-01
8.007092135773784258e-02
4.159376850855783236e-01
6.984974909605655702e-01
8.985571309277545771e-01
1.011645265376216685e+00
1.052422670058795529e+00
1.044981733289260584e+00
1.014435579440942758e+00
9.818421695765321422e-01
9.618786848750033869e-01
9.619898837106175549e-01
9.821382624877783574e-01
1.014804488487406342e+00
1.045239965822628347e+00
1.052327824455181027e+00
1.010930659040270907e+00
8.970016374098590539e-01
6.960271879387923688e-01
4.127188977254884761e-01
7.652571663217465348e-02
-2.630731621039177903e-01
-5.518344413411999660e-01
-7.482663983197131996e-01
-8.334077723792521208e-01
-8.108655880879377387e-01
-7.019768174479210643e-01
-5.405703163527934008e-01
-3.675897583656624890e-01
-2.239469597872498219e-01
-1.418438988008794699e-01
-1.373222528164056433e-01
-2.070783724542392956e-01
-3.308408431743020683e-01
-4.784583401093549515e-01
-6.190962003177646888e-01
-7.291339532340795904e-01
-7.962222214332052017e-01
-8.191386626008553273e-01
-8.049491601700470289e-01
-7.653893291000967158e-01
-7.136684051028246989e-01
-6.620500650484134608e-01
-6.201563485583142521e-01
-5.939308239174433401e-01
-5.852932689288937729e-01
-5.925143515775076475e-01
-6.112118444656512439e-01
-6.357106080936454351e-01
-6.604198834421092235e-01
-6.809132492084162269e-01
-6.945284611172987121e-01
-7.004685325187605116e-01
-6.995124981804967668e-01
-6.935008887562545965e-01
-6.847553333667145692e-01
-6.755531200353946941e-01
-6.677320223291063339e-01
-6.624606237195050928e-01
-6.601765874632666842e-01
-6.606687850032293419e-01
-6.632596410489229877e-01
-6.670339777378149204e-01
-6.710618453797918548e-01
-6.745743467278125793e-01
-6.770693861157530691e-01
-6.783432901899703049e-01
-6.784597002182777281e-01
-6.776764306759779366e-01
-6.763538080518871620e-01
-6.748656343419251469e-01
-6.735283101835896069e-01
-6.725567033957629004e-01
-6.720485790381376390e-01
-6.719938843703562315e-01
-6.723015422041038747e-01
-6.728348744259962100e-01
-6.734471935518209218e-01
-6.740109864776294701e-01
-6.744368053169900179e-01
-6.746807855914723762e-01
-6.747420684046609995e-01
-6.746529659832770642e-01
-6.744653738735119086e-01
-6.742367925286338881e-01
-6.740185981533265425e-01
-6.738481707896885053e-01
-6.737454078686584413e-01
-6.737132299172596817e-01
-6.737410508163246270e-01
-6.738098857391586760e-01
-6.738977823285817736e-01
-6.739845102629170581e-01
-6.740548302452017415e-01
-6.741000828768127784e-01
-6.741182058091707008e-01
-6.741125485159625841e-01
-6.740899854827748783e-01
-6.740588373439853065e-01
-6.740270232232703496e-01
-6.740007247140133995e-01
-6.739836821198212924e-01
-6.739770999320559008e-01
-6.739800333448159320e-01
-6.739900708695535370e-01
-6.740041185813666624e-01
-6.740191196595689549e-01
-6.740325945306039346e-01
-6.740429470215423269e-01
-6.740495374939704520e-01
-6.740525659152228899e-01
-6.740528318650419459e-01
-6.740514445380249020e-01
-6.740495471441031450e-01
-6.740481018822951365e-01
-6.740477595072289496e-01
-6.740488164023814566e-01
-6.740512455897781363e-01
-6.740547781003375372e-01
-6.740590078278493325e-01
-6.740634953464842427e-01
-6.740678523715517567e-01
-6.740717965209307438e-01
-6.740751739116027652e-01
-6.740779535044205684e-01
-6.740802012080597816e-01
-6.740820433922153354e-01
-6.740836289503363554e-01
-6.740850970153469124e-01
-6.740865546135216269e-01
-6.740880656476258004e-01
-6.740896501795352602e-01
-6.740912913665880746e-01
-6.740929467011875786e-01
-6.740945603237601391e-01
-6.740960739051965467e-01
-6.740974346407654361e-01
-6.740985999761217595e-01
-6.740995395604145735e-01
