-6.740972331983258181e-01
-6.740977147581601603e-01
-6.740980287511179059e-01
-6.740981818525445535e-01
-6.740981850952258991e-01
-6.740980532936627911e-01
-6.740978039554317292e-01
-6.740974555397769574e-01
-6.740970250487341442e-01
-6.740965251286505922e-01
-6.740959610838795912e-01
-6.740953284073287755e-01
-6.740946115541662786e-01
-6.740937846684691426e-01
-6.740928147781013458e-01
-6.740916675906388766e-01
-6.740903154829938071e-01
-6.740887466543039608e-01
-6.740869738212503792e-01
-6.740850404199325574e-01
-6.740830221854942073e-01
-6.740810223293772774e-01
-6.740791593829525974e-01
-6.740775480915996987e-01
-6.740762753789242279e-01
-6.740753750960936097e-01
-6.740748066735039457e-01
-6.740744435053046546e-01
-6.740740765560057079e-01
-6.740734370357994720e-01
-6.740722390094626704e-01
-6.740702387253242334e-01
-6.740673028311282566e-01
-6.740634733248418442e-01
-6.740590141032239968e-01
-6.740544233754581782e-01
-6.740503988598094409e-01
-6.740477489874616701e-01
-6.740472530361394377e-01
-6.740494851239676732e-01
-6.740546293958726842e-01
-6.740623239480072471e-01
-6.740715761708951925e-01
-6.740807895900241542e-01
-6.740879301626112596e-01
-6.740908381019821149e-01
-6.740876614466114747e-01
-6.740773538499293949e-01
-6.740601476069154607e-01
-6.740378913035656172e-01
-6.740141373836546768e-01
-6.739938846052669907e-01
-6.739829267435650806e-01
-6.739868299724749434e-01
-6.740096490936834384e-01
-6.740525830639901850e-01
-6.741128441753844180e-01
-6.741830517268524448e-01
-6.742514408884319188e-01
-6.743030880155287399e-01
-6.743221934122304306e-01
-6.742952447612210465e-01
-6.742146388650296362e-01
-6.740821108407860640e-01
-6.739111635617560658e-01
-6.737276624981612949e-01
-6.735679081172257776e-01
-6.734738411224870935e-01
-6.734855591771764516e-01
-6.736319660460357017e-01
-6.739210289417723043e-01
-6.743316472659596217e-01
-6.748093844036391342e-01
-6.752681504268593926e-01
-6.755992638861840760e-01
-6.756881594860564277e-01
-6.754374380105611086e-01
-6.747931780487395059e-01
-6.737697579496843003e-01
-6.724672724480024177e-01
-6.710754100710321080e-01
-6.698587649348218820e-01
-6.691211776564508495e-01
-6.691506918399096060e-01
-6.701515206349040188e-01
-6.721741189685221940e-01
-6.750579467999452410e-01
-6.784027802527055062e-01
-6.815828177749401195e-01
-6.838131085839718182e-01
-6.842701140287603678e-01
-6.822578226329956141e-01
-6.773983990594946158e-01
-6.698132745802053423e-01
-6.602498221263819467e-01
-6.501050205664187231e-01
-6.413061552681955657e-01
-6.360327652050656866e-01
-6.363012691946204891e-01
-6.434745339046357149e-01
-6.577894399881324405e-01
-6.780050292288520852e-01
-7.012601319415417978e-01
-7.232020918469218573e-01
-7.384227217515416664e-01
-7.412216914623530606e-01
-7.266966572168698235e-01
-6.920948070902617211e-01
-6.382156075060547717e-01
-5.704502555324628688e-01
-4.989016209185739292e-01
-4.371307080015833235e-01
-3.995081276725286346e-01
-3.977556040395768822e-01
-4.377006690334182548e-01
-5.172620166455381696e-01
-6.262094700930830315e-01
-7.475045762109400194e-01
-8.593926473166847435e-01
-9.373600594032479583e-01
-9.558905297137721968e-01
-8.912783206471441844e-01
-7.273279835462160836e-01
-4.640424902740362123e-01
-1.252820162542024052e-01
2.416493528946600244e-01
5.779603125600382141e-01
8.308059491810765307e-01
9.649562049250475226e-01
9.643018955048431318e-01
8.289159488290344102e-01
5.750752269412262585e-01
2.381984713442731327e-01
-1.287411656203470423e-01
-4.669777994245251640e-01
-7.293890690549353906e-01
-8.923565538507112205e-01
-9.560736394662612270e-01
-9.368449191606724735e-01
-8.584153616813534615e-01
-7.463040115134148555e-01
-6.250099680381127065e-01
-5.162573306252133953e-01
-4.370329604899826914e-01
-3.974954548393339615e-01
-3.996456762688119224e-01
-4.375842540121228641e-01
-4.995426671399668672e-01
-5.711372763575980338e-01
-6.388258198153102807e-01
-6.925451267691268287e-01
-7.269504995938359526e-01
-7.412839051241865151e-01
-7.383278512009983086e-01
-7.230009335798267545e-01
-7.010076959859611323e-01
-6.777512141754045150e-01
-6.575727167274195706e-01
-6.433185859409857876e-01
-6.362144233248164804e-01
-6.360098667470097666e-01
-6.413322576340896308e-01
-6.501599996257674263e-01
-6.603129401518725849e-01
-6.698668674400634071e-01
-6.774301905647116540e-01
-6.822617574880703861e-01
-6.842459221197859653e-01
-6.837649991187120246e-01
-6.815177487153578628e-01
-6.783286958987508886e-01
-6.749822735313283362e-01
-6.721026935594869300e-01
-6.700880180854168477e-01
-6.690965298126653193e-01
-6.690758072738081097e-01
-6.698202164254957180e-01
-6.710409483127579566e-01
-6.724340299999156390e-01
-6.737352455450177358e-01
-6.747556153980392990e-01
-6.753958911544180044e-01
-6.756425067208975399e-01
-6.755500357711841097e-01
-6.752162994773291960e-01
-6.747560384853573678e-01
-6.742778906926278903e-01
-6.738677405783837226e-01
-6.735797277858618370e-01
-6.734346337483366751e-01
-6.734242071788415496e-01
-6.735193339482021813e-01
-6.736797975577339948e-01
-6.738636287488205534e-01
-6.740345729440463396e-01
-6.741668604753027205e-01
-6.742471069625882718e-01
-6.742736936638101808e-01
-6.742543191850126627e-01
-6.742025591613440838e-01
-6.741342412075971291e-01
-6.740642847819140471e-01
-6.740044262913883477e-01
-6.739620038968073823e-01
-6.739397588407267659e-01
-6.739364503355381730e-01
-6.739479922534677980e-01
-6.739688004016411993e-01
-6.739930762430871303e-01
-6.740158272552667640e-01
-6.740335146271199118e-01
-6.740443067633343777e-01
-6.740479880151265535e-01
-6.740456182129687113e-01
-6.740390579851286423e-01
-6.740304704971302741e-01
-6.740218884130008137e-01
-6.740149032903827164e-01
-6.740105008326179314e-01
-6.740090355898358254e-01
-6.740103168889730600e-01
-6.740137657558618045e-01
-6.740186000981972514e-01
-6.740240106462439540e-01
-6.740293004266987298e-01
-6.740339729796411827e-01
-6.740377665377305094e-01
-6.740406410618705602e-01
-6.740427312949849314e-01
-6.740442816020444372e-01
-6.740455777282737815e-01
-6.740468875913074864e-01
-6.740484188864269699e-01
-6.740502966598728163e-01
-6.740525599336494311e-01
-6.740551734979209897e-01
-6.740580493624145353e-01
-6.740610720344093476e-01
-6.740641225181862595e-01
-6.740670973418236844e-01
-6.740699206156429701e-01
-6.740725487603234090e-01
-6.740749688525452532e-01
-6.740771923775442653e-01
-6.740792465192315674e-01
-6.740811650193828664e-01
-6.740829802183510022e-01
-6.740847172977312285e-01
-6.740863911229462158e-01
-6.740880055458328135e-01
-6.740895546480430989e-01
-6.740910252148567539e-01
-6.740923997152895586e-01
-6.740936591877657591e-01
-6.740947856341902300e-01
-6.740957637486911791e-01
-6.740965819985639262e-01
