-6.741287497688670527e-01
-6.741292312103212003e-01
-6.741294538200585107e-01
-6.741294231293062378e-01
-6.741291480710354111e-01
-6.741286402640827013e-01
-6.741279129307170548e-01
-6.741269794425182038e-01
-6.741258515734167567e-01
-6.741245376504656495e-01
-6.741230409068578178e-01
-6.741213584247267576e-01
-6.741194810730247733e-01
-6.741173947711850412e-01
-6.741150832307162277e-01
-6.741125320548206901e-01
-6.741097337459132088e-01
-6.741066928408633308e-01
-6.741034301372493820e-01
-6.740999848669687600e-01
-6.740964137790760313e-01
-6.740927864454500096e-01
-6.740891766921088823e-01
-6.740856508271821923e-01
-6.740822541759623476e-01
-6.740789981968017264e-01
-6.740758509700207624e-01
-6.740727339602894386e-01
-6.740695275190116131e-01
-6.740660865491301390e-01
-6.740622661255412096e-01
-6.740579547907066260e-01
-6.740531109948535438e-01
-6.740477961115821648e-01
-6.740421961104771098e-01
-6.740366238140896860e-01
-6.740314951471858551e-01
-6.740272761550649694e-01
-6.740244027617625644e-01
-6.740231817655426561e-01
-6.740236884500628856e-01
-6.740256820016683470e-01
-6.740285629674698242e-01
-6.740313955983752159e-01
-6.740330108821639410e-01
-6.740321930884489721e-01
-6.740279347454708470e-01
-6.740197247049077856e-01
-6.740078153053692400e-01
-6.739934025141940399e-01
-6.739786522145257974e-01
-6.739665202192623994e-01
-6.739603443716172260e-01
-6.739632319529053062e-01
-6.739773182899557735e-01
-6.740030230533587963e-01
-6.740384671332804167e-01
-6.740792230587304701e-01
-6.741185464135321936e-01
-6.741481709823765600e-01
-6.741596506360086893e-01
-6.741461091217316737e-01
-6.741041356678995067e-01
-6.740354654367650689e-01
-6.739480359219147676e-01
-6.738560353435575356e-01
-6.737786688590866602e-01
-6.737375603743651631e-01
-6.737529624091940228e-01
-6.738392280008836943e-01
-6.740002587373744580e-01
-6.742258278138523186e-01
-6.744897357360170043e-01
-6.747506502765219238e-01
-6.749561926736188378e-01
-6.750503653843045182e-01
-6.749838083785945075e-01
-6.747256872095357405e-01
-6.742753544557037459e-01
-6.736714129508595272e-01
-6.729955904114809373e-01
-6.723690557131057899e-01
-6.719395774780970720e-01
-6.718592778991746561e-01
-6.722545812897320339e-01
-6.731920684406278443e-01
-6.746459654576413278e-01
-6.764744798070085885e-01
-6.784126994762921248e-01
-6.800889100377044416e-01
-6.810686917844442911e-01
-6.809269250860344735e-01
-6.793419743829057778e-01
-6.761993320936887653e-01
-6.716849671673956745e-01
-6.663433764173916085e-01
-6.610743288896751002e-01
-6.570479014067567292e-01
-6.555307358524600225e-01
-6.576361358712765615e-01
-6.640324474962846502e-01
-6.746622228010999978e-01
-6.885338096927124951e-01
-7.036453824262688395e-01
-7.170911200446881129e-01
-7.253838537383568985e-01
-7.250080863340220283e-01
-7.131840069243388092e-01
-6.887635449883181549e-01
-6.530882769855625991e-01
-6.105400664216698026e-01
-5.684717850962134333e-01
-5.362926647649498557e-01
-5.237240176137519798e-01
-5.385552549879522033e-01
-5.844570429742396156e-01
-6.594081004659958500e-01
-7.550394223112872893e-01
-8.568192241000652798e-01
-9.447562626215014747e-01
-9.945041232677011012e-01
-9.795225885985648917e-01
-8.758192667459887559e-01
-6.704774672754114651e-01
-3.723100609662554628e-01
-1.842080339627742702e-02
3.307602278323373279e-01
6.084618444198910403e-01
7.611840847922590747e-01
7.604918942908978075e-01
6.065103736467699624e-01
3.279157287878409210e-01
-2.160993748383099530e-02
-3.752570682670558488e-01
-6.727353500057704494e-01
-8.771850819467300608e-01
-9.800232291697591469e-01
-9.943100290823840837e-01
-9.440928308101449451e-01
-8.559105871980012825e-01
-7.540821803193833439e-01
-6.585595241783143150e-01
-5.838270181000425607e-01
-5.382001647990951598e-01
-5.236458081806473208e-01
-5.364461508906978038e-01
-5.687800477603700555e-01
-6.109143573688501361e-01
-6.534471316627619153e-01
-6.890464915242828781e-01
-7.133577056949922390e-01
-7.250654714249841204e-01
-7.253385774809514297e-01
-7.169699439486006964e-01
-7.034805651554784101e-01
-6.883567006476477568e-01
-6.744986113797390992e-01
-6.638998281060340956e-01
-6.575428221224161041e-01
-6.554765801361220889e-01
-6.570262108600132267e-01
-6.610744460363593422e-01
-6.663533603396870619e-01
-6.716938894193553722e-01
-6.761988682337797263e-01
-6.793271742559776616e-01
-6.808962262443647440e-01
-6.810233627467356943e-01
-6.800321624345472271e-01
-6.783487011457506322e-01
-6.764074553534901169e-01
-6.745795075318455902e-01
-6.731287179017199085e-01
-6.721956776141760903e-01
-6.718050383930986857e-01
-6.718893375863177475e-01
-6.723215930882773250e-01
-6.729494603127291752e-01
-6.736252380848133381e-01
-6.742280336213679615e-01
-6.746765091229204314e-01
-6.749324758529113844e-01
-6.749969482018856048e-01
-6.749010342433161558e-01
-6.746942541195845022e-01
-6.744326544186814987e-01
-6.741685708927757092e-01
-6.739432292580329609e-01
-6.737826904100039371e-01
-6.736970393047717609e-01
-6.736822517938718669e-01
-6.737238859086327469e-01
-6.738016397295146787e-01
-6.738938780056279443e-01
-6.739814153391022744e-01
-6.740501042350887095e-01
-6.740920578104275807e-01
-6.741055912648484805e-01
-6.740941576310869321e-01
-6.740646624527730779e-01
-6.740255663947697373e-01
-6.739851363620946723e-01
-6.739501064984169121e-01
-6.739248870233114364e-01
-6.739113370356332178e-01
-6.739090178289618427e-01
-6.739157787728515814e-01
-6.739285025613269697e-01
-6.739438469542212706e-01
-6.739588567251937334e-01
-6.739713702479936952e-01
-6.739801978644038849e-01
-6.739850940088333298e-01
-6.739865757634372345e-01
-6.739856548273365222e-01
-6.739835490638754756e-01
-6.739814275686394351e-01
-6.739802244938818410e-01
-6.739805365723430253e-01
-6.739826013826786255e-01
-6.739863404393062751e-01
-6.739914441873816608e-01
-6.739974746337005218e-01
-6.740039644248660977e-01
-6.740104970231767245e-01
-6.740167595272089640e-01
-6.740225662150666208e-01
-6.740278560776998829e-01
-6.740326709681053741e-01
-6.740371224595667066e-01
-6.740413553387495371e-01
-6.740455142992480830e-01
-6.740497183548521676e-01
-6.740540452374457203e-01
-6.740585259700219156e-01
-6.740631481778719403e-01
-6.740678656604665031e-01
-6.740726113170044664e-01
-6.740773106313066032e-01
-6.740818934438991272e-01
-6.740863025051958557e-01
-6.740904981445714483e-01
-6.740944591585941170e-01
-6.740981806101592477e-01
-6.741016695805877035e-01
-6.741049400205337827e-01
-6.741080077368815093e-01
-6.741108862948695934e-01
-6.741135842836424308e-01
-6.741161040628167456e-01
-6.741184418356285235e-01
-6.741205887160842680e-01
-6.741225323835668970e-01
-6.741242589367648641e-01
-6.741257546423669034e-01
-6.741270073883298686e-01
-6.741280077634322909e-01
