-6.741203421881809543e-01
-6.741208253125846595e-01
-6.741210729865131368e-01
-6.741210929296050924e-01
-6.741208967289954446e-01
-6.741204979178296863e-01
-6.741199097396023410e-01
-6.741191429772793731e-01
-6.741182042322726442e-01
-6.741170949812992363e-01
-6.741158116225169916e-01
-6.741143465606468377e-01
-6.741126901994825005e-01
-6.741108335421303055e-01
-6.741087709788666782e-01
-6.741065027973012214e-01
-6.741040369926283304e-01
-6.741013900797193648e-01
-6.740985867851186919e-01
-6.740956586811770457e-01
-6.740926419677875092e-01
-6.740895746713803094e-01
-6.740864935037668149e-01
-6.740834305283729400e-01
-6.740804096766542797e-01
-6.740774431230511787e-01
-6.740745276386176377e-01
-6.740716413400320572e-01
-6.740687417016230087e-01
-6.740657661849240867e-01
-6.740626371620106472e-01
-6.740592727178729149e-01
-6.740556041867948878e-01
-6.740515997909050094e-01
-6.740472915870749926e-01
-6.740428004336473933e-01
-6.740383514711882906e-01
-6.740342714764302468e-01
-6.740309602353045104e-01
-6.740288314300517669e-01
-6.740282246223575635e-01
-6.740292982141531386e-01
-6.740319224270087117e-01
-6.740355992335426150e-01
-6.740394401869734819e-01
-6.740422306503923711e-01
-6.740425981838280567e-01
-6.740392834522013210e-01
-6.740314857354865463e-01
-6.740192261317824451e-01
-6.740036462115888138e-01
-6.739871459014847854e-01
-6.739732692744185849e-01
-6.739662761038450745e-01
-6.739703916983622589e-01
-6.739888029534312208e-01
-6.740225533036843242e-01
-6.740695657974080657e-01
-6.741240705190849614e-01
-6.741767089114025779e-01
-6.742155173922508293e-01
-6.742278510476052977e-01
-6.742031055733882505e-01
-6.741358603799559868e-01
-6.740288431036673966e-01
-6.738949625815650046e-01
-6.737576324347723800e-01
-6.736487580026264688e-01
-6.736041059253214947e-01
-6.736562982116514053e-01
-6.738263028077842165e-01
-6.741149155824239791e-01
-6.744961966910646423e-01
-6.749149828176410626e-01
-6.752903174565790811e-01
-6.755258571750472063e-01
-6.755270471364637208e-01
-6.752232499140745636e-01
-6.745913106734108267e-01
-6.736756056899612100e-01
-6.725988699864967613e-01
-6.715584419056266352e-01
-6.708042819856279149e-01
-6.705982496396029058e-01
-6.711583208663147726e-01
-6.725959853834746482e-01
-6.748589731866742047e-01
-6.776936716994262921e-01
-6.806412549395642886e-01
-6.830782033187604574e-01
-6.843055359155990613e-01
-6.836820681730325644e-01
-6.807860636964780943e-01
-6.755780530369028813e-01
-6.685276253650154210e-01
-6.606622015361649503e-01
-6.535004075158408199e-01
-6.488497994359960774e-01
-6.484777528094487486e-01
-6.536993164807467505e-01
-6.649564014567657111e-01
-6.814784472952354344e-01
-7.011108559948221464e-01
-7.203779019116905991e-01
-7.348216134531642130e-01
-7.396347631201114492e-01
-7.305784646102295721e-01
-7.051196717997976204e-01
-6.636162823541517097e-01
-6.102278181299141124e-01
-5.531164465730302737e-01
-5.035546737888303426e-01
-4.738527727639560982e-01
-4.744811994199689686e-01
-5.111544727639790731e-01
-5.827248237501331252e-01
-6.804306566330673434e-01
-7.884899387573175433e-01
-8.855367547170099884e-01
-9.463867541003461170e-01
-9.443281290531130301e-01
-8.551746051465268783e-01
-6.644157598735632719e-01
-3.765046378711464636e-01
-2.110452694711547825e-02
3.506451010525698520e-01
6.810503039388678959e-01
9.232724071885604067e-01
1.049638363156171428e+00
1.049080773547156120e+00
9.216417923958710734e-01
6.785049683094879214e-01
3.475094544187431467e-01
-2.435765191560797585e-02
-3.793753200560291972e-01
-6.665353397876225827e-01
-8.563931550085123190e-01
-9.446962379130905418e-01
-9.460788446873655833e-01
-8.847768466663457065e-01
-7.875057120216285567e-01
-6.794296440810063675e-01
-5.818782364731179824e-01
-5.105817013548580308e-01
-4.742375305430890919e-01
-4.739265321606638270e-01
-5.038774893879377492e-01
-5.535849778706929403e-01
-6.107306613183794974e-01
-6.640581241960675785e-01
-7.054366868920062261e-01
-7.307430466739146535e-01
-7.396515133908583284e-01
-7.347183447754657148e-01
-7.201951928995070640e-01
-7.008924621680001632e-01
-6.812636958595239545e-01
-6.647749961975790711e-01
-6.535686595132839116e-01
-6.484026863501359816e-01
-6.488244255071257127e-01
-6.535113689905273082e-01
-6.606926118701847983e-01
-6.685608131301172818e-01
-6.756004591558187888e-01
-6.807889294170016425e-01
-6.836618750525695898e-01
-6.842634136034387859e-01
-6.830186617427221885e-01
-6.805706277554388617e-01
-6.776186086144464493e-01
-6.747852263377054349e-01
-6.725276279951492020e-01
-6.710974338624342561e-01
-6.705450260791520067e-01
-6.707574386828337731e-01
-6.715157973902721178e-01
-6.725579483559148697e-01
-6.736341517669462986e-01
-6.745476436976399759e-01
-6.751764294279757328e-01
-6.754768656188274711e-01
-6.754727025340798718e-01
-6.752349620946141995e-01
-6.748583556792069338e-01
-6.744391840103042268e-01
-6.740582195252432518e-01
-6.737703693407559591e-01
-6.736013099391415793e-01
-6.735500246530582436e-01
-6.735953963553078516e-01
-6.737047336719749202e-01
-6.738422715895305837e-01
-6.739761576679649258e-01
-6.740830584980080920e-01
-6.741501503002693685e-01
-6.741747782801991162e-01
-6.741624137816015772e-01
-6.741236869604773085e-01
-6.740712464219498212e-01
-6.740170433910885883e-01
-6.739704152771986978e-01
-6.739371086635453922e-01
-6.739191798289023705e-01
-6.739155700083495626e-01
-6.739230830289628660e-01
-6.739374896434665585e-01
-6.739545300134732742e-01
-6.739706622616911114e-01
-6.739834895707796925e-01
-6.739918735019275742e-01
-6.739957956724204058e-01
-6.739960589893058129e-01
-6.739939244938477625e-01
-6.739907659162504006e-01
-6.739877987705005236e-01
-6.739859118981811337e-01
-6.739856031403311798e-01
-6.739870014429751865e-01
-6.739899469491363870e-01
-6.739940981547947185e-01
-6.739990391806827130e-01
-6.740043680724081554e-01
-6.740097561846688512e-01
-6.740149770081588221e-01
-6.740199089042172576e-01
-6.740245195900887998e-01
-6.740288410336379155e-01
-6.740329423033838419e-01
-6.740369057125084051e-01
-6.740408090978914357e-01
-6.740447148997674720e-01
-6.740486652014564539e-01
-6.740526811385723072e-01
-6.740567649806378236e-01
-6.740609035014455408e-01
-6.740650717410094916e-01
-6.740692367190749268e-01
-6.740733609669933291e-01
-6.740774058677090341e-01
-6.740813347685911117e-01
-6.740851157329523780e-01
-6.740887237027245460e-01
-6.740921418156985423e-01
-6.740953616804801207e-01
-6.740983825501718485e-01
-6.741012095151102113e-01
-6.741038510079138124e-01
-6.741063160366344009e-01
-6.741086116052105170e-01
-6.741107407368861493e-01
-6.741127013980280358e-01
-6.741144864539183601e-01
-6.741160846084395253e-01
-6.741174821187441157e-01
-6.741186649593947644e-01
-6.741196210528359600e-01
