-6.740886322376673512e-01
-6.740891033673130917e-01
-6.740894278214378810e-01
-6.740896155193925043e-01
-6.740896826755021776e-01
-6.740896508598063219e-01
-6.740895452714878999e-01
-6.740893920239514614e-01
-6.740892144342108816e-01
-6.740890286044953772e-01
-6.740888389243512302e-01
-6.740886344256865614e-01
-6.740883870982823378e-01
-6.740880532328125119e-01
-6.740875785431184042e-01
-6.740869072175679211e-01
-6.740859942116073089e-01
-6.740848191397245115e-01
-6.740833992363938210e-01
-6.740817982533261477e-01
-6.740801280682631180e-01
-6.740785403766442752e-01
-6.740772072013162530e-01
-6.740762910210755798e-01
-6.740759078456077802e-01
-6.740760891367730823e-01
-6.740767505421215722e-01
-6.740776763568239183e-01
-6.740785279148174824e-01
-6.740788813763621823e-01
-6.740782956098160250e-01
-6.740764044835131363e-01
-6.740730207950150765e-01
-6.740682326072103825e-01
-6.740624685418155071e-01
-6.740565082098356475e-01
-6.740514186930818274e-01
-6.740484083536758542e-01
-6.740486046878626514e-01
-6.740527816227578350e-01
-6.740610804751964169e-01
-6.740727836685251884e-01
-6.740862067737871666e-01
-6.740987685254861139e-01
-6.741072776762763175e-01
-6.741084399122040383e-01
-6.740995408152521406e-01
-6.740792088300425755e-01
-6.740481152949037158e-01
-6.740094386861874565e-01
-6.739689190698104904e-01
-6.739343654290719243e-01
-6.739145565764294021e-01
-6.739175912538328816e-01
-6.739488807634631540e-01
-6.740091147287233797e-01
-6.740926370996009886e-01
-6.741867126662303145e-01
-6.742721155691757673e-01
-6.743253134444107122e-01
-6.743222551836179912e-01
-6.742434217110647721e-01
-6.740794180802153202e-01
-6.738360447526836605e-01
-6.735375736410544878e-01
-6.732269576350056184e-01
-6.729619880128959730e-01
-6.728070068747461496e-01
-6.728206433461416669e-01
-6.730410610102270930e-01
-6.734711989892339101e-01
-6.740672336715609614e-01
-6.747337493706904166e-01
-6.753286930440103308e-01
-6.756799973167364470e-01
-6.756138088439547218e-01
-6.749917273876629986e-01
-6.737516841123644129e-01
-6.719445767872972430e-01
-6.697571926066583359e-01
-6.675120018916552711e-01
-6.656366923868954899e-01
-6.646010514301545768e-01
-6.648255843202385273e-01
-6.665739509658265005e-01
-6.698482298615715536e-01
-6.743103978757066796e-01
-6.792539051909802783e-01
-6.836452621808486452e-01
-6.862472534422514592e-01
-6.858230791889995404e-01
-6.814045516136447711e-01
-6.725878111111276425e-01
-6.597989441697578172e-01
-6.444550625994939219e-01
-6.289434960138884367e-01
-6.163630202381428225e-01
-6.100203024117475392e-01
-6.127425931461706332e-01
-6.261314207078011451e-01
-6.499153141621554219e-01
-6.815478311312296311e-01
-7.161490991102812398e-01
-7.468356019020911951e-01
-7.654593519056788198e-01
-7.637917784775251073e-01
-7.351899420694202325e-01
-6.766707664700037927e-01
-5.910148555801097991e-01
-4.881087463177280483e-01
-3.845328109894773916e-01
-3.007872210718534056e-01
-2.565353404885045707e-01
-2.652852229413055207e-01
-3.303380330306016632e-01
-4.433874701964217735e-01
-5.861174796612930171e-01
-7.339082056142360866e-01
-8.598731737632648864e-01
-9.376642514476757340e-01
-9.430499611005908056e-01
-8.561922193828046534e-01
-6.668926306857378972e-01
-3.824460425097154781e-01
-3.318976779940907562e-02
3.309937276761057978e-01
6.544671001238842045e-01
8.918585811074197789e-01
1.015918437315544320e+00
1.015433493554850131e+00
8.904418369197106831e-01
6.522576709798330041e-01
3.282711052248389882e-01
-3.602180219264444760e-02
-3.849596697737935336e-01
-6.687649468502092631e-01
-8.572764056603191518e-01
-9.433603830494455833e-01
-9.373163768124616047e-01
-8.590310982840045906e-01
-7.327601868785910133e-01
-5.848677271347129114e-01
-4.422433992416421322e-01
-3.294832495169363606e-01
-2.648449239709592673e-01
-2.565494492527678472e-01
-3.012040631652932454e-01
-3.852272481951030669e-01
-4.889188919223397267e-01
-5.917843338749083637e-01
-6.772821158569678479e-01
-7.355803716153969107e-01
-7.639514213101632478e-01
-7.654185136526214794e-01
-7.466485262552002844e-01
-7.158791654531210247e-01
-6.812560204190145630e-01
-6.496520395049494301e-01
-6.259314382292158196e-01
-6.126228837172007502e-01
-6.099808603994408829e-01
-6.163901918566314642e-01
-6.290150463278239013e-01
-6.445458087758938470e-01
-6.598857741292634138e-01
-6.726532245005288901e-01
-6.814383648730805154e-01
-6.858224232255802910e-01
-6.862153123700918123e-01
-6.835893149023862803e-01
-6.791831860304754498e-01
-6.742341663795285989e-01
-6.697742958181429618e-01
-6.665077701721999759e-01
-6.647699325153078043e-01
-6.645561991413519998e-01
-6.656009442929207154e-01
-6.674824345529305480e-01
-6.697304258803896682e-01
-6.719174432711721989e-01
-6.737217081225173043e-01
-6.749573778301543037e-01
-6.755745373465306125e-01
-6.756361065100259244e-01
-6.752810971736480372e-01
-6.746836918187827381e-01
-6.740160171911887543e-01
-6.734199689921432919e-01
-6.729906642589603694e-01
-6.727715672260619062e-01
-6.727593904227122668e-01
-6.729156864423300188e-01
-6.731816376713950500e-01
-6.734928171821464860e-01
-6.737914421605036841e-01
-6.740346383886123283e-01
-6.741982537171316014e-01
-6.742766195153896414e-01
-6.742792503796185555e-01
-6.742257561915091513e-01
-6.741402418722891587e-01
-6.740462563090786619e-01
-6.739630103831288910e-01
-6.739032023659892179e-01
-6.738724403068625524e-01
-6.738699857091148271e-01
-6.738903855281965782e-01
-6.739255114361606402e-01
-6.739665691067993070e-01
-6.740057473208507233e-01
-6.740373142952106322e-01
-6.740581065248172354e-01
-6.740674702924365214e-01
-6.740667938773773349e-01
-6.740588049304813145e-01
-6.740468060690321117e-01
-6.740339916013815547e-01
-6.740229412195797298e-01
-6.740153343661940966e-01
-6.740118817170104304e-01
-6.740124346099273245e-01
-6.740162125380143587e-01
-6.740220830028371690e-01
-6.740288345901199740e-01
-6.740353990872218759e-01
-6.740409973387908593e-01
-6.740452022475622584e-01
-6.740479277686358683e-01
-6.740493630896020605e-01
-6.740498758916005917e-01
-6.740499081785723545e-01
-6.740498839083562954e-01
-6.740501411740414950e-01
-6.740508945780347982e-01
-6.740522270526766446e-01
-6.740541056145148424e-01
-6.740564128152471968e-01
-6.740589849502093278e-01
-6.740616490496150748e-01
-6.740642527560305464e-01
-6.740666837729544225e-01
-6.740688781011093811e-01
-6.740708183456990410e-01
-6.740725247395017439e-01
-6.740740421184285847e-01
-6.740754259888031008e-01
-6.740767302182448795e-01
-6.740779979892070894e-01
-6.740792566975726263e-01
-6.740805166397678683e-01
-6.740817727300767448e-01
-6.740830081757044345e-01
-6.740841989983445970e-01
-6.740853184679048704e-01
-6.740863408198182194e-01
-6.740872439688702089e-01
-6.740880112284037828e-01
