-6.740999872198942811e-01
-6.741004311447043040e-01
-6.741006278376439065e-01
-6.741005957042398578e-01
-6.741003660700727318e-01
-6.740999829410466715e-01
-6.740995009107422220e-01
-6.740989801598470388e-01
-6.740984780381906738e-01
-6.740980376413744368e-01
-6.740976749291900383e-01
-6.740973670313077371e-01
-6.740970451431372856e-01
-6.740965955287576694e-01
-6.740958713860942808e-01
-6.740947166031991955e-01
-6.740929998608493623e-01
-6.740906544740520312e-01
-6.740877164032345048e-01
-6.740843507589594497e-01
-6.740808566631391052e-01
-6.740776421655282347e-01
-6.740751653552058409e-01
-6.740738446333381928e-01
-6.740739494594691905e-01
-6.740754912340570781e-01
-6.740781403263645943e-01
-6.740811974217680858e-01
-6.740836434712067504e-01
-6.740842815566350232e-01
-6.740819662947662438e-01
-6.740758940760088747e-01
-6.740659043534709127e-01
-6.740527236628350849e-01
-6.740380759771761321e-01
-6.740245906622271965e-01
-6.740154658709022195e-01
-6.740138903267480774e-01
-6.740222851317799746e-01
-6.740414896886144369e-01
-6.740700682409759281e-01
-6.741039401736558245e-01
-6.741365235938634459e-01
-6.741595184863459211e-01
-6.741643424970086285e-01
-6.741440805953028415e-01
-6.740956437454190819e-01
-6.740216865822887815e-01
-6.739317513441434038e-01
-6.738421244450186753e-01
-6.737740404548805406e-01
-6.737501505766094745e-01
-6.737895625534516819e-01
-6.739021954948497539e-01
-6.740835855043609826e-01
-6.743115184833500253e-01
-6.745458515398536914e-01
-6.747325405660151709e-01
-6.748122009654479170e-01
-6.747325490917890356e-01
-6.744629464219055182e-01
-6.740082183266222771e-01
-6.734182196382162422e-01
-6.727895518108594208e-01
-6.722566216991626709e-01
-6.719709483670522898e-01
-6.720701357522779196e-01
-6.726408490518007710e-01
-6.736828546814801477e-01
-6.750829866446582672e-01
-6.766081124873630781e-01
-6.779243327706661049e-01
-6.786456447753954624e-01
-6.784094228636008417e-01
-6.769690255574825066e-01
-6.742867856517464897e-01
-6.706051860642937568e-01
-6.664721491587459745e-01
-6.627000331759742568e-01
-6.602483063666362284e-01
-6.600363613818360786e-01
-6.627125592905889206e-01
-6.684233727773215561e-01
-6.766370342797617399e-01
-6.860757268623883798e-01
-6.947985836132926085e-01
-7.004567784595124857e-01
-7.007143279434441263e-01
-6.937942868684630060e-01
-6.790685695498113184e-01
-6.575632012259728931e-01
-6.322136506970187364e-01
-6.077050595764530438e-01
-5.897987048436619251e-01
-5.841831886717685496e-01
-5.950567985393977466e-01
-6.237726270603911605e-01
-6.678944899648788791e-01
-7.209069166513957239e-01
-7.726565540378064201e-01
-8.104843965896116886e-01
-8.210238601383463841e-01
-7.927442661574980454e-01
-7.192791870657919695e-01
-6.030998553826258934e-01
-4.581924911339779749e-01
-3.097475256670780275e-01
-1.894784625470614381e-01
-1.272366155307609048e-01
-1.417322759034021495e-01
-2.338191155397630061e-01
-3.848006543271571545e-01
-5.603647547246751737e-01
-7.185497364971205059e-01
-8.185253639324309161e-01
-8.275892304511860420e-01
-7.264850378167269085e-01
-5.146839353486880597e-01
-2.148306175530620699e-01
1.285735634362556723e-01
4.605405359296154688e-01
7.336492219294200590e-01
9.220841993117380175e-01
1.024520925248739278e+00
1.057461265582302801e+00
1.045380495011284383e+00
1.012767288077904837e+00
9.796351779301296636e-01
9.596881848076015409e-01
9.598012711739715153e-01
9.799381553754983321e-01
1.013151646548461127e+00
1.045668076483615927e+00
1.057414942750323217e+00
1.023875416166056818e+00
9.206105993047983826e-01
7.312530220833141081e-01
4.573575407442101448e-01
1.249976828232634840e-01
-2.182406008118217555e-01
-5.173887309821988412e-01
-7.281283483527001277e-01
-8.280592496009512304e-01
-8.179275001459652694e-01
-7.171516332095450030e-01
-5.585455712754137103e-01
-3.829931214469012857e-01
-2.324289467047084834e-01
-1.410479940594641934e-01
-1.273636207218650784e-01
-1.903244025566332431e-01
-3.110644905405577920e-01
-4.596605822677547470e-01
-6.044210523856455852e-01
-7.202470180072545469e-01
-7.932698067029312350e-01
-8.211225099153514062e-01
-8.102425579601763017e-01
-7.721961843495671607e-01
-7.203567022451530244e-01
-6.673688497750791537e-01
-6.233573213225349630e-01
-5.948006777630608921e-01
-5.840965661261566799e-01
-5.898584826776627210e-01
-6.078653203059838361e-01
-6.324189711854952822e-01
-6.577613614107052920e-01
-6.792199130184913836e-01
-6.938763898355778670e-01
-7.007221436571708928e-01
-7.003994516169015361e-01
-6.946944804544766816e-01
-6.859470690739585264e-01
-6.765051478679708907e-01
-6.683051732434097669e-01
-6.626185630436851604e-01
-6.599702338756321396e-01
-6.602077189191468687e-01
-6.626784190414076736e-01
-6.664608570425827327e-01
-6.705955454143956995e-01
-6.742717114749423590e-01
-6.769439611816998603e-01
-6.783725956092309106e-01
-6.785977493043057196e-01
-6.778678380192184605e-01
-6.765464097267981369e-01
-6.750195713483857496e-01
-6.736206816335347236e-01
-6.725819357134289467e-01
-6.720154270016337472e-01
-6.719204059709416033e-01
-6.722094699090118697e-01
-6.727445980307270590e-01
-6.733741742752819004e-01
-6.739639559286728643e-01
-6.744176747488972445e-01
-6.746858776461878149e-01
-6.747641208904195942e-01
-6.746833409740732312e-01
-6.744960026414908993e-01
-6.742615503877018579e-01
-6.740339852813189703e-01
-6.738533363570390344e-01
-6.737416699866187741e-01
-6.737033025664407315e-01
-6.737281936326090515e-01
-6.737971553614041653e-01
-6.738875019878708406e-01
-6.739780051007441264e-01
-6.740524143198349805e-01
-6.741012397685846036e-01
-6.741218822795662646e-01
-6.741174788177201060e-01
-6.740949780050591311e-01
-6.740629787883148927e-01
-6.740297817508575928e-01
-6.740019569143704814e-01
-6.739835655342668597e-01
-6.739760216366776913e-01
-6.739784660551046969e-01
-6.739884628541550349e-01
-6.740028147903153188e-01
-6.740183214284186652e-01
-6.740323561803206465e-01
-6.740432011025234704e-01
-6.740501369788035602e-01
-6.740533312409167088e-01
-6.740535927178828990e-01
-6.740520697148031370e-01
-6.740499597108099428e-01
-6.740482803344968188e-01
-6.740477281427449396e-01
-6.740486293980891830e-01
-6.740509693780217804e-01
-6.740544758316417973e-01
-6.740587283648963313e-01
-6.740632677516694704e-01
-6.740676855513096921e-01
-6.740716827830154356e-01
-6.740750947561645612e-01
-6.740778859721817673e-01
-6.740801234368625217e-01
-6.740819385381162654e-01
-6.740834871655182470e-01
-6.740849156282892052e-01
-6.740863369594900512e-01
-6.740878191301064026e-01
-6.740893841257763475e-01
-6.740910151178345355e-01
-6.740926682046861629e-01
-6.740942853190622364e-01
-6.740958056582545543e-01
-6.740971740950684188e-01
-6.740983461630499773e-01
-6.740992901302681473e-01
