-6.740818093149514301e-01
-6.740822534497626917e-01
-6.740825448860100488e-01
-6.740827009205548892e-01
-6.740827495234601452e-01
-6.740827274328312635e-01
-6.740826768284702286e-01
-6.740826402899569025e-01
-6.740826540905175968e-01
-6.740827403928967287e-01
-6.740828994961260978e-01
-6.740831037889863930e-01
-6.740832953349268353e-01
-6.740833888960126030e-01
-6.740832816027780838e-01
-6.740828693810717587e-01
-6.740820687563294777e-01
-6.740808409909381238e-01
-6.740792139981705011e-01
-6.740772965075325640e-01
-6.740752789189730088e-01
-6.740734164749263568e-01
-6.740719929146178346e-01
-6.740712665063701703e-01
-6.740714048226471578e-01
-6.740724190678110128e-01
-6.740741122008124808e-01
-6.740760564454552073e-01
-6.740776141120491394e-01
-6.740780104063004430e-01
-6.740764581303027025e-01
-6.740723227347008573e-01
-6.740653037570831785e-01
-6.740555977117820285e-01
-6.740440008399543048e-01
-6.740319105749975614e-01
-6.740211942097588116e-01
-6.740139127690722987e-01
-6.740119162324265112e-01
-6.740163594694983384e-01
-6.740272207940543048e-01
-6.740429295471171978e-01
-6.740602177446127774e-01
-6.740742968180243322e-01
-6.740794199927784280e-01
-6.740698246678663574e-01
-6.740409639263011954e-01
-6.739908448762312876e-01
-6.739212120739153100e-01
-6.738382679794252539e-01
-6.737526296732874176e-01
-6.736782968461183518e-01
-6.736305547288766737e-01
-6.736229466739092064e-01
-6.736636969528013719e-01
-6.737522013336135762e-01
-6.738763763105147797e-01
-6.740117103414648980e-01
-6.741227443886738113e-01
-6.741673990025150998e-01
-6.741040696366512597e-01
-6.739007814319611933e-01
-6.735450244649044960e-01
-6.730523144590334628e-01
-6.724711995220654659e-01
-6.718825140866198087e-01
-6.713912790002688480e-01
-6.711107897711561243e-01
-6.711400309951497389e-01
-6.715373754731878142e-01
-6.722952247896117894e-01
-6.733214142190755425e-01
-6.744334463293405468e-01
-6.753706436735769092e-01
-6.758269972649677548e-01
-6.755039155537897466e-01
-6.741775631560038562e-01
-6.717706065222904810e-01
-6.684138623162926285e-01
-6.644808000551456484e-01
-6.605784690840614815e-01
-6.574833352651350271e-01
-6.560199946474272181e-01
-6.568936341687260372e-01
-6.605007846009930406e-01
-6.667538632249463415e-01
-6.749601506791784722e-01
-6.837937425143553183e-01
-6.913901930972362608e-01
-6.955795067690515587e-01
-6.942542967684016686e-01
-6.858444838806355692e-01
-6.698352005062280234e-01
-6.472224754076376652e-01
-6.207647962517272022e-01
-5.948830001054924432e-01
-5.751122484314153960e-01
-5.671232679645505925e-01
-5.754731008577437246e-01
-6.023559033582722710e-01
-6.466435790839528686e-01
-7.034190699164857286e-01
-7.640592574581309693e-01
-8.168180511293714474e-01
-8.478946156069595563e-01
-8.431618446519735244e-01
-7.909069003831464828e-01
-6.857423658985064563e-01
-5.329805313945716883e-01
-3.514821129960975510e-01
-1.724257615124572818e-01
-3.282152776015195145e-02
3.451139480960969952e-02
1.068097265725404497e-02
-1.033897927764742819e-01
-2.868437378400423010e-01
-5.045317063478689246e-01
-7.162437208502452357e-01
-8.853591002040390734e-01
-9.831579446731695260e-01
-9.887023975415057953e-01
-8.881757867956422414e-01
-6.779914269823507089e-01
-3.717467732914909173e-01
-5.106616138817408543e-03
3.689194481919930158e-01
6.948505834040241691e-01
9.303531164452080171e-01
1.052142850983437850e+00
1.051661708582542820e+00
9.289367158382553225e-01
6.926107000505041800e-01
3.661076871545908551e-01
-8.096569704556222033e-03
-3.744705217303236910e-01
-6.800890224660876004e-01
-8.894545024091983221e-01
-9.891276960849185729e-01
-9.827949236438753289e-01
-8.843281260690724066e-01
-7.147161266117969536e-01
-5.027444057602239447e-01
-2.850932985964440558e-01
-1.019852588272752020e-01
1.149180095580396542e-02
3.460776077564258618e-02
-3.340280227603627944e-02
-1.735055786363922381e-01
-3.527955331045080078e-01
-5.342550746862126942e-01
-6.867678220188372373e-01
-7.915711257038731130e-01
-8.434480547537088757e-01
-8.478549060630230505e-01
-8.165419017965770410e-01
-7.636481087727791106e-01
-7.029691445178731790e-01
-6.462348133168424047e-01
-6.020448569602951938e-01
-5.752892871271374498e-01
-5.670693469204295400e-01
-5.751683093793723556e-01
-5.950141641171885487e-01
-6.209303758884614499e-01
-6.473845405407713249e-01
-6.699647935938192189e-01
-6.859246571245006807e-01
-6.942801381600389732e-01
-6.955559892553985213e-01
-6.913288918542529471e-01
-6.837093312736657325e-01
-6.748673084433074454e-01
-6.666649481936713917e-01
-6.604244209999551307e-01
-6.568342049896602752e-01
-6.559779182680036680e-01
-6.574559181355236204e-01
-6.605610767343723655e-01
-6.644680843084466160e-01
-6.684008244930591536e-01
-6.717533520640716072e-01
-6.741536910859408094e-01
-6.754725648672000871e-01
-6.757886270953373797e-01
-6.753266501316413928e-01
-6.743857196352529559e-01
-6.732719227834678133e-01
-6.722456865610112464e-01
-6.714890480655426597e-01
-6.710936257572315267e-01
-6.710664941815729367e-01
-6.713488582303859253e-01
-6.718414566769752572e-01
-6.724308731474697431e-01
-6.730121040756186224e-01
-6.735044345462958271e-01
-6.738594942330706772e-01
-6.740619605493816113e-01
-6.741245168107518060e-01
-6.740792680461270558e-01
-6.739678948839229466e-01
-6.738324992219867360e-01
-6.737085178914031802e-01
-6.736204095963649330e-01
-6.735801899938438364e-01
-6.735883947914493852e-01
-6.736367415750486032e-01
-6.737116460108142357e-01
-6.737978014693316586e-01
-6.738812051476484877e-01
-6.739512512089449459e-01
-6.740017574828373048e-01
-6.740310032379412952e-01
-6.740410039475517312e-01
-6.740363244151138522e-01
-6.740227385501313950e-01
-6.740059974764783801e-01
-6.739908879816948195e-01
-6.739806717608395337e-01
-6.739769106452579983e-01
-6.739796168741529758e-01
-6.739876270838072170e-01
-6.739990848073321716e-01
-6.740119250253229222e-01
-6.740242789155802550e-01
-6.740347495628848939e-01
-6.740425426416897237e-01
-6.740474642266836014e-01
-6.740498173784256197e-01
-6.740502387421196673e-01
-6.740495167976662261e-01
-6.740484266998025831e-01
-6.740476056435347196e-01
-6.740474802448741531e-01
-6.740482459729851827e-01
-6.740498899021172274e-01
-6.740522428152042611e-01
-6.740550450381771475e-01
-6.740580117513248481e-01
-6.740608869711188778e-01
-6.740634798520329651e-01
-6.740656814329597513e-01
-6.740674636855188417e-01
-6.740688652545688830e-01
-6.740699694677754206e-01
-6.740708801475608913e-01
-6.740716997841305069e-01
-6.740725131111388047e-01
-6.740733774574844128e-01
-6.740743197565208789e-01
-6.740753389982370170e-01
-6.740764123104756589e-01
-6.740775027399623642e-01
-6.740785670749557257e-01
-6.740795625600495278e-01
-6.740804519377265880e-01
-6.740812067669232910e-01
