-6.741300874919429198e-01
-6.741305685225248423e-01
-6.741307870553769899e-01
-6.741307486409338079e-01
-6.741304622210684272e-01
-6.741299393923432248e-01
-6.741291933151797311e-01
-6.741282372741923545e-01
-6.741270829705046097e-01
-6.741257387270734869e-01
-6.741242078913495250e-01
-6.741224877974248963e-01
-6.741205696716988660e-01
-6.741184398062490812e-01
-6.741160821683982451e-01
-6.741134823671596221e-01
-6.741106325830509283e-01
-6.741075367357625137e-01
-6.741042148819945679e-01
-6.741007056813907994e-01
-6.740970658165276186e-01
-6.740933655572030059e-01
-6.740896802345384131e-01
-6.740860781962492165e-01
-6.740826067466453297e-01
-6.740792784682737571e-01
-6.740760609680904736e-01
-6.740728732713332505e-01
-6.740695916191991044e-01
-6.740660662193023178e-01
-6.740621485949827019e-01
-6.740577267923318905e-01
-6.740527632122095270e-01
-6.740473277495361293e-01
-6.740416178094507105e-01
-6.740359571410148298e-01
-6.740307676166673589e-01
-6.740265121266507675e-01
-6.740236123110161515e-01
-6.740223511745293550e-01
-6.740227766284208055e-01
-6.740246263649054548e-01
-6.740272958668088732e-01
-6.740298686907106873e-01
-6.740312208438820063e-01
-6.740301992518913377e-01
-6.740258590509434766e-01
-6.740177277812944290e-01
-6.740060494356420184e-01
-6.739919512614424013e-01
-6.739774748692822781e-01
-6.739654236152272659e-01
-6.739590020352432820e-01
-6.739612596655355503e-01
-6.739743972644632874e-01
-6.739990413857933627e-01
-6.740336336774461756e-01
-6.740741027385488415e-01
-6.741139777636234731e-01
-6.741450565256184024e-01
-6.741586535411743242e-01
-6.741473341640269457e-01
-6.741069034494788781e-01
-6.740382908262297912e-01
-6.739488850047088420e-01
-6.738528607621070421e-01
-6.737701257248067677e-01
-6.737237109389917489e-01
-6.737357212032749620e-01
-6.738223110810351857e-01
-6.739884974772756276e-01
-6.742238815103182015e-01
-6.745004518957365969e-01
-6.747735163792869528e-01
-6.749864275073743647e-01
-6.750791508390636686e-01
-6.749999357595543037e-01
-6.747185083466090694e-01
-6.742384671700695220e-01
-6.736061004035029942e-01
-6.729128221422759903e-01
-6.722889704968549873e-01
-6.718878609838079274e-01
-6.718606703174322403e-01
-6.723247291045305607e-01
-6.733298007405121854e-01
-6.748285256718924430e-01
-6.766580325220631353e-01
-6.785394597202922817e-01
-6.801006147205819197e-01
-6.809241657307906204e-01
-6.806196637023224083e-01
-6.789125182450992391e-01
-6.757372501108162011e-01
-6.713168281565704554e-01
-6.662061912992757184e-01
-6.612781451212654815e-01
-6.576355577477993597e-01
-6.564458652200391153e-01
-6.587109536369435414e-01
-6.650038770352248996e-01
-6.752187683756091241e-01
-6.883877314550568283e-01
-7.026172507004481149e-01
-7.151885606853471966e-01
-7.228540898534099313e-01
-7.223446747163154713e-01
-7.110720791890964287e-01
-6.879564634924866251e-01
-6.542245947875943157e-01
-6.139335252850238733e-01
-5.739322713032147805e-01
-5.430481180980287759e-01
-5.304976904608191823e-01
-5.438077502716558431e-01
-5.867454561822388337e-01
-6.577732953189961984e-01
-7.493296905318659329e-01
-8.478975769018494146e-01
-9.345929055481523307e-01
-9.861708356385237018e-01
-9.770340792522023143e-01
-8.836400204032133221e-01
-6.925034357213195602e-01
-4.104728604454912499e-01
-7.167779246049522934e-02
2.660962701400374497e-01
5.370326372721933028e-01
6.868880276269954122e-01
6.861754447888857023e-01
5.350319473696018013e-01
2.632014353310164201e-01
-7.489327134479957515e-02
-4.134137208906419891e-01
-6.947297402077784456e-01
-8.849619108977783144e-01
-9.774894466633905488e-01
-9.859367774334713008e-01
-9.338984246608470485e-01
-8.469688006411829617e-01
-7.483639368309982220e-01
-6.569269683655991621e-01
-5.861258711010571831e-01
-5.434674869963090904e-01
-5.304345985873016867e-01
-5.432136339019733029e-01
-5.742475087000036282e-01
-6.143093576972696868e-01
-6.545804748423529329e-01
-6.882335843625657645e-01
-7.112389519342456889e-01
-7.223958419850964319e-01
-7.228043168258808659e-01
-7.150651260994265179e-01
-7.024523578900562226e-01
-6.882122226489290062e-01
-6.750576633676148575e-01
-6.648738546363099911e-01
-6.586196593274342703e-01
-6.563927577106681843e-01
-6.576138632416989038e-01
-6.612773926049294593e-01
-6.662147920091341380e-01
-6.713242508061374458e-01
-6.757355071452286754e-01
-6.788968687489926879e-01
-6.805886050328145975e-01
-6.808788954305015073e-01
-6.800441883434271695e-01
-6.784758600112485993e-01
-6.765913210171285996e-01
-6.747621888639311338e-01
-6.732663438751762541e-01
-6.722655199883255106e-01
-6.718059974875790763e-01
-6.718371467919868056e-01
-6.722410699318377425e-01
-6.728663409372861448e-01
-6.735596782191702880e-01
-6.741909895831299515e-01
-6.746692309519608521e-01
-6.749485213842134623e-01
-6.750256342438000212e-01
-6.749311299008660114e-01
-6.747169346603657525e-01
-6.744431456840305206e-01
-6.741663760826748231e-01
-6.739312141635025455e-01
-6.737655298279722205e-01
-6.736795739638432590e-01
-6.736682000148432881e-01
-6.737151585535824383e-01
-6.737982919086071831e-01
-6.738945570106287253e-01
-6.739840676137132114e-01
-6.740526925874376074e-01
-6.740930969422340713e-01
-6.741044040161016104e-01
-6.740908522289307259e-01
-6.740599055014644403e-01
-6.740202629148656088e-01
-6.739801260154058005e-01
-6.739459540218410982e-01
-6.739218001784538226e-01
-6.739092024810594550e-01
-6.739075155104126136e-01
-6.739145237113559617e-01
-6.739271681360666788e-01
-6.739422403676054163e-01
-6.739569379304266583e-01
-6.739692235126160114e-01
-6.739779760153150612e-01
-6.739829579517984115e-01
-6.739846474447616087e-01
-6.739839933888576162e-01
-6.739821509065200278e-01
-6.739802440960119823e-01
-6.739791878988425911e-01
-6.739795842328953901e-01
-6.739816922752135397e-01
-6.739854609733703095e-01
-6.739906045758141673e-01
-6.739966993415175134e-01
-6.740032810178157030e-01
-6.740099270632700090e-01
-6.740163136080936646e-01
-6.740222434749010283e-01
-6.740276471346597909e-01
-6.740325625057149717e-01
-6.740371016792584546e-01
-6.740414130123892900e-01
-6.740456459050843119e-01
-6.740499234831787145e-01
-6.740543259123670250e-01
-6.740588846794615119e-01
-6.740635862758548313e-01
-6.740683825149457187e-01
-6.740732042532090462e-01
-6.740779754699122162e-01
-6.740826253106672050e-01
-6.740870965962381112e-01
-6.740913502316390193e-01
-6.740953657564457968e-01
-6.740991388514889771e-01
-6.741026769197590029e-01
-6.741059939055150663e-01
-6.741091053594877591e-01
-6.741120244745603118e-01
-6.741147594834565604e-01
-6.741173124954721319e-01
-6.741196796015749282e-01
-6.741218519219380756e-01
-6.741238172107133497e-01
-6.741255616553262220e-01
-6.741270715859236651e-01
-6.741283349142640491e-01
-6.741293422217508047e-01
