-6.741252823172907416e-01
-6.741257655304248031e-01
-6.741260008077204491e-01
-6.741259928689746772e-01
-6.741257495759879204e-01
-6.741252815666349818e-01
-6.741246015346955556e-01
-6.741237230472925113e-01
-6.741226588821855881e-01
-6.741214190108349991e-01
-6.741200085242963214e-01
-6.741184259569469317e-01
-6.741166625576916482e-01
-6.741147030402709905e-01
-6.741125281777174960e-01
-6.741101192826249866e-01
-6.741074641652082811e-01
-6.741045636590355938e-01
-6.741014373615655808e-01
-6.740981269854300351e-01
-6.740946957811441154e-01
-6.740912229543952749e-01
-6.740877928666245689e-01
-6.740844799816716471e-01
-6.740813318049696523e-01
-6.740783531736449508e-01
-6.740754958801168373e-01
-6.740726574679658523e-01
-6.740696919600831505e-01
-6.740664332810372139e-01
-6.740627294561331029e-01
-6.740584827636448839e-01
-6.740536884962515796e-01
-6.740484635122071522e-01
-6.740430558890945223e-01
-6.740378290507316184e-01
-6.740332176737762193e-01
-6.740296580271498694e-01
-6.740275012969360047e-01
-6.740269237773813815e-01
-6.740278513732150811e-01
-6.740299166401652053e-01
-6.740324639718754396e-01
-6.740346124748733958e-01
-6.740353771461571331e-01
-6.740338383465768191e-01
-6.740293388264504415e-01
-6.740216784602338640e-01
-6.740112710518989525e-01
-6.739992264393932508e-01
-6.739873255469155389e-01
-6.739778663529619740e-01
-6.739733747256013707e-01
-6.739761948760270016e-01
-6.739879982549245030e-01
-6.740092746840348203e-01
-6.740388919954594105e-01
-6.740738259798242371e-01
-6.741091656450619585e-01
-6.741384839663742135e-01
-6.741546265981045449e-01
-6.741509080676350019e-01
-6.741226189631712717e-01
-6.740686471833333693e-01
-6.739929176183682147e-01
-6.739052809872836391e-01
-6.738214617280838814e-01
-6.737617338473653739e-01
-6.737481513458453142e-01
-6.738004185420487513e-01
-6.739308236094718740e-01
-6.741390262509999731e-01
-6.744078118658469734e-01
-6.747011069923808391e-01
-6.749655006397644597e-01
-6.751361606880885713e-01
-6.751473461053751901e-01
-6.749467337469468031e-01
-6.745116253735528034e-01
-6.738639852409423758e-01
-6.730804613995542418e-01
-6.722933750069528536e-01
-6.716793920299901632e-01
-6.714343600659197220e-01
-6.717355172102034144e-01
-6.726956011817790682e-01
-6.743166869837804445e-01
-6.764540844312507684e-01
-6.788015629689684305e-01
-6.809079432233671181e-01
-6.822313897551025574e-01
-6.822315704647357038e-01
-6.804915848930320754e-01
-6.768520533713729970e-01
-6.715305720844411130e-01
-6.651933846623044877e-01
-6.589458554914705557e-01
-6.542171779305016033e-01
-6.525337784413327569e-01
-6.552025245862858061e-01
-6.629526408964344641e-01
-6.756058301228278218e-01
-6.918510735708122139e-01
-7.091929362866128406e-01
-7.241247309053813197e-01
-7.325569336327542036e-01
-7.305069861244034568e-01
-7.150173370498690284e-01
-6.851953147749826334e-01
-6.431558585226835323e-01
-5.945334330372274989e-01
-5.481997376804801370e-01
-5.149696766366298473e-01
-5.054044948622139488e-01
-5.271958468664887931e-01
-5.828307538518728848e-01
-6.681511403857555154e-01
-7.720493237752288351e-01
-8.770756115657710739e-01
-9.605162885269021844e-01
-9.958792756145664615e-01
-9.557051010895776244e-01
-8.174179758755185654e-01
-5.729588241014451633e-01
-2.391073285282684369e-01
1.390559144747895992e-01
4.978575273657956379e-01
7.744822177569353761e-01
9.234879488683847004e-01
9.226510713905118344e-01
7.720919624152235983e-01
4.942885835846731468e-01
1.349230238541123672e-01
-2.430773937776551097e-01
-5.761476717437019612e-01
-8.194895100414940625e-01
-9.566327681523643101e-01
-9.958541108233840422e-01
-9.598273425469417974e-01
-8.760238835003852920e-01
-7.709030937020897589e-01
-6.671250802276428304e-01
-5.820734779940676118e-01
-5.267820232616177156e-01
-5.053349579265196123e-01
-5.151830238205729051e-01
-5.485945965453865591e-01
-5.949960327501251367e-01
-6.435854612005305064e-01
-6.855213210859982809e-01
-7.152055242972213955e-01
-7.305562554412375897e-01
-7.324902739726429912e-01
-7.239783477942570711e-01
-7.090063823652339448e-01
-6.916598151261209582e-01
-6.754366361652808237e-01
-6.628216045552026703e-01
-6.551152599950819111e-01
-6.524872069258151885e-01
-6.542022501877049478e-01
-6.589505563182836978e-01
-6.652054560464545352e-01
-6.715395640136682109e-01
-6.768505284231293162e-01
-6.804755050111698234e-01
-6.822000359549323933e-01
-6.821859636472918931e-01
-6.808517895174855949e-01
-6.787385814886185420e-01
-6.763881653266220484e-01
-6.742511527289193340e-01
-6.726328607997299480e-01
-6.716769265245948750e-01
-6.713802602264908881e-01
-6.716292840051414359e-01
-6.722461793323563084e-01
-6.730348104235291951e-01
-6.738184995837454005e-01
-6.744651366140312909e-01
-6.748984296742884803e-01
-6.750968306924600704e-01
-6.750834355923130969e-01
-6.749108863062835972e-01
-6.746451279512309940e-01
-6.743510721927667984e-01
-6.740820979471013885e-01
-6.738741641155399087e-01
-6.737443254214559030e-01
-6.736927540858909103e-01
-6.737070162020509789e-01
-6.737673039849229051e-01
-6.738515102735805895e-01
-6.739393555562578353e-01
-6.740151471162043606e-01
-6.740690886753093469e-01
-6.740973175141069529e-01
-6.741010029848534257e-01
-6.740848982143625712e-01
-6.740557147923021963e-01
-6.740206156210378774e-01
-6.739860217718777191e-01
-6.739568284909109863e-01
-6.739360395556283079e-01
-6.739247665200167603e-01
-6.739225020652990228e-01
-6.739275622387431719e-01
-6.739375958739785011e-01
-6.739500752133588124e-01
-6.739627043176340537e-01
-6.739737068077924498e-01
-6.739819784888154697e-01
-6.739871111089005273e-01
-6.739893093946953684e-01
-6.739892337419537416e-01
-6.739878053042731576e-01
-6.739860090553844163e-01
-6.739847245904130313e-01
-6.739846053304764384e-01
-6.739860160653551313e-01
-6.739890281597080701e-01
-6.739934628361248237e-01
-6.739989668981032356e-01
-6.740051026540779811e-01
-6.740114346010618318e-01
-6.740175990045328414e-01
-6.740233478489038310e-01
-6.740285645373563783e-01
-6.740332540661275740e-01
-6.740375143292927085e-01
-6.740414972592457810e-01
-6.740453686301168812e-01
-6.740492738657666294e-01
-6.740533146653698848e-01
-6.740575383484939120e-01
-6.740619391405816563e-01
-6.740664686233742708e-01
-6.740710515002149572e-01
-6.740756026877664508e-01
-6.740800423753778858e-01
-6.740843068097008839e-01
-6.740883538487378868e-01
-6.740921635045884486e-01
-6.740957345590757877e-01
-6.740990787970536635e-01
-6.741022144644671643e-01
-6.741051603045813412e-01
-6.741079310810352831e-01
-6.741105349930097690e-01
-6.741129729376459379e-01
-6.741152392517271164e-01
-6.741173233987951541e-01
-6.741192120507787378e-01
-6.741208911088129030e-01
-6.741223473665470811e-01
-6.741235696908217667e-01
-6.741245497383462348e-01
