-6.740891837807727605e-01
-6.740896559969492552e-01
-6.740899805808880929e-01
-6.740901671226292580e-01
-6.740902313090816333e-01
-6.740901940250693114e-01
-6.740900796952432605e-01
-6.740899136707890760e-01
-6.740897186517049722e-01
-6.740895104206549027e-01
-6.740892934935667213e-01
-6.740890575867997114e-01
-6.740887759710976201e-01
-6.740884067450525485e-01
-6.740878977580120335e-01
-6.740871953325019428e-01
-6.740862561280200893e-01
-6.740850605665715811e-01
-6.740836253804791678e-01
-6.740820122582060758e-01
-6.740803294704633686e-01
-6.740787239291512467e-01
-6.740773624434378553e-01
-6.740764029280451597e-01
-6.740759587575213541e-01
-6.740760619469498005e-01
-6.740766328418050790e-01
-6.740774649293580500e-01
-6.740782327089057668e-01
-6.740785279356106274e-01
-6.740779249625779013e-01
-6.740760697526334555e-01
-6.740727802857189310e-01
-6.740681398380267142e-01
-6.740625605062252612e-01
-6.740567939493061766e-01
-6.740518708407930992e-01
-6.740489604783398425e-01
-6.740491568647397624e-01
-6.740532155963593341e-01
-6.740612840861606170e-01
-6.740726820753993875e-01
-6.740857957432453418e-01
-6.740981431547583558e-01
-6.741066488782371247e-01
-6.741081313356039884e-01
-6.740999609399981329e-01
-6.740807968480825307e-01
-6.740512647651882849e-01
-6.740144091160629181e-01
-6.739757514048286824e-01
-6.739428215331483285e-01
-6.739241037087234654e-01
-6.739274491090784247e-01
-6.739581402531988896e-01
-6.740169246754875720e-01
-6.740984388520442350e-01
-6.741904859168056374e-01
-6.742745848743241233e-01
-6.743280580375915489e-01
-6.743276682651406784e-01
-6.742544819632259046e-01
-6.740992661041047551e-01
-6.738673980584450884e-01
-6.735820601355757553e-01
-6.732844905845853933e-01
-6.730303344702132096e-01
-6.728817055518114820e-01
-6.728953981968397446e-01
-6.731086697975489086e-01
-6.735249757769832257e-01
-6.741027629986605652e-01
-6.747506882281241181e-01
-6.753322404891182185e-01
-6.756816080962642079e-01
-6.756307614658886296e-01
-6.750452858191834382e-01
-6.738638197585469225e-01
-6.721335281919281757e-01
-6.700324931374579407e-01
-6.678699306560906823e-01
-6.660573086360472850e-01
-6.650479631146558601e-01
-6.652493116864034439e-01
-6.669191721742099288e-01
-6.700644118438929819e-01
-6.743644615868142900e-01
-6.791428141896167503e-01
-6.834058988830012948e-01
-6.859607573102479705e-01
-6.856110477163077643e-01
-6.814152688005987724e-01
-6.729721455325518020e-01
-6.606778768261174495e-01
-6.458837928212431967e-01
-6.308800038087444273e-01
-6.186505592912143747e-01
-6.123922373686592202e-01
-6.148537757824983352e-01
-6.276139020830102666e-01
-6.504499099488026959e-01
-6.809393898031123049e-01
-7.143934212336285894e-01
-7.441685320476266741e-01
-7.623801053529123406e-01
-7.610496414314340541e-01
-7.337168803279855434e-01
-6.774406356059676781e-01
-5.948264670856862057e-01
-4.953313682719152622e-01
-3.949015013786258965e-01
-3.133518421644594931e-01
-2.698219979986564709e-01
-2.776403187860896349e-01
-3.403462432511727420e-01
-4.502237218230489280e-01
-5.897147870707771800e-01
-7.348923608183001166e-01
-8.593120196654170373e-01
-9.367503426316017290e-01
-9.428285119296573313e-01
-8.573749425584306083e-01
-6.697402922638132639e-01
-3.867199392028176641e-01
-3.823181691839494523e-02
3.260040185692136827e-01
6.501595859795308296e-01
8.884158083867933486e-01
1.013049070558740272e+00
1.012556331637820550e+00
8.869773498558117808e-01
6.479193793882255248e-01
3.232486956992394744e-01
-4.109120183571222246e-02
-3.892507566855257228e-01
-6.716186195212093812e-01
-8.584562326021689671e-01
-9.431312687498943914e-01
-9.363947342348077907e-01
-8.584664063036586690e-01
-7.337478804262448362e-01
-5.884762750138801124e-01
-4.490966110233600705e-01
-3.395100927042183359e-01
-2.772155432717262613e-01
-2.698445742432455385e-01
-3.137682014916284290e-01
-3.955871162640856031e-01
-4.961270217282566231e-01
-5.955793974815591918e-01
-6.780367076829465489e-01
-7.340955359386526213e-01
-7.612019645762035935e-01
-7.623363193291814444e-01
-7.439821489880871219e-01
-7.141267615134039293e-01
-6.806522643079028212e-01
-6.501916018976846567e-01
-6.274182054894150706e-01
-6.147369872650886302e-01
-6.123540155159290510e-01
-6.186772698119148428e-01
-6.309497237519104962e-01
-6.459718301448927891e-01
-6.607616589633237281e-01
-6.730346486452939425e-01
-6.814466515270529712e-01
-6.856086227704194513e-01
-6.859277409770451195e-01
-6.833494861148704524e-01
-6.790720821628889459e-01
-6.742884821317991495e-01
-6.699908128352121128e-01
-6.668532601309125063e-01
-6.651937615379879265e-01
-6.650029978989149271e-01
-6.660212341712089534e-01
-6.678398617031224838e-01
-6.700051097444990056e-01
-6.721057299260283502e-01
-6.738331919993444385e-01
-6.750103440459814808e-01
-6.755909853290676947e-01
-6.756373096686983937e-01
-6.752843278306759345e-01
-6.747003875937575001e-01
-6.740513543141622987e-01
-6.734735807729516077e-01
-6.730581145066819593e-01
-6.728461546589634690e-01
-6.728339038574859821e-01
-6.729838270631003372e-01
-6.732389464661427958e-01
-6.735370668809924632e-01
-6.738225533333771500e-01
-6.740542462772906029e-01
-6.742090819900875553e-01
-6.742818130291773349e-01
-6.742817899194439857e-01
-6.742280350568029545e-01
-6.741438378185463653e-01
-6.740518914087688662e-01
-6.739706614312618305e-01
-6.739123079179577536e-01
-6.738821468772674406e-01
-6.738793826054737535e-01
-6.738986916062632559e-01
-6.739321938127880163e-01
-6.739713900435803096e-01
-6.740087485008751100e-01
-6.740387561004835826e-01
-6.740583833521389678e-01
-6.740670220091566911e-01
-6.740660294064404479e-01
-6.740580481142817160e-01
-6.740462677903712452e-01
-6.740337667578860659e-01
-6.740230252763925733e-01
-6.740156521459432781e-01
-6.740123207472717981e-01
-6.740128763857451411e-01
-6.740165569707752269e-01
-6.740222635873387436e-01
-6.740288239658110969e-01
-6.740352063628584078e-01
-6.740406596126187200e-01
-6.740447731568889322e-01
-6.740474657314673435e-01
-6.740489213210778541e-01
-6.740494954836933061e-01
-6.740496147076285860e-01
-6.740496873276315970e-01
-6.740500382493090914e-01
-6.740508728686440687e-01
-6.740522694137667248e-01
-6.740541943488227439e-01
-6.740565328668572942e-01
-6.740591258368050509e-01
-6.740618055133226205e-01
-6.740644243327261753e-01
-6.740668736138734074e-01
-6.740690914263964828e-01
-6.740710608803932580e-01
-6.740728014011496683e-01
-6.740743561183724086e-01
-6.740757784006242703e-01
-6.740771199757490395e-01
-6.740784222140583370e-01
-6.740797112268523961e-01
-6.740809966234361239e-01
-6.740822731901281450e-01
-6.740835244531421244e-01
-6.740847270514628287e-01
-6.740858550180603981e-01
-6.740868833640366597e-01
-6.740877906906017625e-01
-6.740885608396528506e-01
