-6.740955252117842855e-01
-6.740960054732666462e-01
-6.740963229644991728e-01
-6.740964847574816288e-01
-6.740965025156977486e-01
-6.740963918844711245e-01
-6.740961713343196493e-01
-6.740958603058654353e-01
-6.740954766392595054e-01
-6.740950334780562159e-01
-6.740945360780703499e-01
-6.740939791696349825e-01
-6.740933456519513367e-01
-6.740926073798800822e-01
-6.740917285939220793e-01
-6.740906721328431273e-01
-6.740894079883472667e-01
-6.740879230930888477e-01
-6.740862306015774630e-01
-6.740843764814898886e-01
-6.740824411376946657e-01
-6.740805341706579412e-01
-6.740787812864693640e-01
-6.740773037898735165e-01
-6.740761928460676788e-01
-6.740754825106091142e-01
-6.740751270204141665e-01
-6.740749885881435199e-01
-6.740748415566484297e-01
-6.740743969880858000e-01
-6.740733485476935183e-01
-6.740714361604455140e-01
-6.740685189707738001e-01
-6.740646445282774124e-01
-6.740600979646561575e-01
-6.740554143489869698e-01
-6.740513403209378307e-01
-6.740487379312750660e-01
-6.740484340674683938e-01
-6.740510317302648158e-01
-6.740567126846193080e-01
-6.740650718557750221e-01
-6.740750291808645933e-01
-6.740848616212906652e-01
-6.740923848126144646e-01
-6.740952901548676879e-01
-6.740916110128888361e-01
-6.740802555353463399e-01
-6.740615100715275920e-01
-6.740373943828070757e-01
-6.740117460594816645e-01
-6.739899333801131487e-01
-6.739781463211829138e-01
-6.739822922183892340e-01
-6.740066168973907201e-01
-6.740522686224068583e-01
-6.741161005416271834e-01
-6.741900448635327336e-01
-6.742613683134393021e-01
-6.743140201839137315e-01
-6.743311103133259321e-01
-6.742983193831100230e-01
-6.742077804376349626e-01
-6.740617270720807852e-01
-6.738750396472458215e-01
-6.736757967821709325e-01
-6.735031040206957975e-01
-6.734018469398720397e-01
-6.734145834467947234e-01
-6.735714818615357036e-01
-6.738799116238433085e-01
-6.743158506865675195e-01
-6.748195254206437177e-01
-6.752975037391472091e-01
-6.756327334789745676e-01
-6.757027533828430244e-01
-6.754046065820722422e-01
-6.746830773677207072e-01
-6.735570897413417635e-01
-6.721378853226890326e-01
-6.706324123131642834e-01
-6.693266136665709798e-01
-6.685461940740262676e-01
-6.685967982250471398e-01
-6.696907233073547960e-01
-6.718722987220774323e-01
-6.749576999177495651e-01
-6.785061587102848568e-01
-6.818376222672813958e-01
-6.841067008489644108e-01
-6.844343764165146116e-01
-6.820877486849882265e-01
-6.766846984035042034e-01
-6.683862706454128944e-01
-6.580280887572762527e-01
-6.471384833048681173e-01
-6.378011877778748673e-01
-6.323476802880229064e-01
-6.329053496212577734e-01
-6.408716659722141218e-01
-6.564162044318692102e-01
-6.781198366084452145e-01
-7.028427168674022951e-01
-7.258817948223321714e-01
-7.414522104713400230e-01
-7.435130386742120345e-01
-7.269382944038655925e-01
-6.889634028764056728e-01
-6.306746101775150271e-01
-5.580816232810824618e-01
-4.821653274195322747e-01
-4.174263521247766340e-01
-3.789583400090514864e-01
-3.787344968579345328e-01
-4.222399171933677309e-01
-5.065249357217453952e-01
-6.202036258419668657e-01
-7.451132499954337129e-01
-8.586823578529594325e-01
-9.360339080516708599e-01
-9.517657820974478877e-01
-8.827501184488203423e-01
-7.138213819509612312e-01
-4.463448304169662650e-01
-1.054669810978238337e-01
2.609422716896210304e-01
5.946744676631213755e-01
8.443813655723672040e-01
9.764724351294241655e-01
9.758563922758118903e-01
8.425979663170107825e-01
5.919406744485565808e-01
2.576531078709334843e-01
-1.087882804234853590e-01
-4.491885387556090459e-01
-7.158421689218663619e-01
-8.838303738382251584e-01
-9.519773957113428775e-01
-9.355569987160712309e-01
-8.577387602805484068e-01
-7.439319397813377588e-01
-6.190046267443420902e-01
-5.055035598921697737e-01
-4.215447120830292937e-01
-3.784449306127027901e-01
-3.790730616494115135e-01
-4.178693485054946755e-01
-4.828097345886583347e-01
-5.587837694344415240e-01
-6.313072129882030259e-01
-6.894383047979975032e-01
-7.272146385756289577e-01
-7.435928566012367513e-01
-7.413687395064697538e-01
-7.256857852753026972e-01
-7.025900659811673554e-01
-6.778619424747690525e-01
-6.561933362765118849e-01
-6.407092937279272871e-01
-6.328132923248248609e-01
-6.323217754422179038e-01
-6.378268924609399315e-01
-6.471955274202484398e-01
-6.580951786560192973e-01
-6.684449664147734671e-01
-6.767219155670656239e-01
-6.820967372734101364e-01
-6.844143732410931102e-01
-6.840616549944372737e-01
-6.817744511704639798e-01
-6.784329426965397536e-01
-6.748821191671784403e-01
-6.718004987188475052e-01
-6.696266850201643139e-01
-6.685421970816550763e-01
-6.685006617877616852e-01
-6.692882726740235766e-01
-6.705985361598961747e-01
-6.721055485660978324e-01
-6.735237021127143953e-01
-6.746467398094351253e-01
-6.753642711012091127e-01
-6.756582058928201073e-01
-6.755844438197201596e-01
-6.752463984950899389e-01
-6.747667385527627015e-01
-6.742624975965543221e-01
-6.738269178358580191e-01
-6.735194815398536372e-01
-6.733638882837649220e-01
-6.733524745061495453e-01
-6.734548475221239228e-01
-6.736283155067869233e-01
-6.738279506702082866e-01
-6.740146829534836570e-01
-6.741605233832957955e-01
-6.742507083464814865e-01
-6.742831227426062668e-01
-6.742657338774915576e-01
-6.742129308570987689e-01
-6.741416384571584652e-01
-6.740679090110690552e-01
-6.740044515244911771e-01
-6.739592933658280494e-01
-6.739355350139871748e-01
-6.739319847772763383e-01
-6.739443627691612537e-01
-6.739667404043928611e-01
-6.739929198326756188e-01
-6.740175365086705783e-01
-6.740367648899630026e-01
-6.740486016427522653e-01
-6.740527774396601890e-01
-6.740503987051144064e-01
-6.740434422370304990e-01
-6.740342215938662784e-01
-6.740249211419782061e-01
-6.740172599838484269e-01
-6.740123117583647350e-01
-6.740104741735838401e-01
-6.740115585163710676e-01
-6.740149562462970367e-01
-6.740198368789183103e-01
-6.740253367978144006e-01
-6.740307095546875793e-01
-6.740354215173599561e-01
-6.740391896261946902e-01
-6.740419684545992940e-01
-6.740439005674696560e-01
-6.740452470433968557e-01
-6.740463144075481416e-01
-6.740473910303748095e-01
-6.740487014170053470e-01
-6.740503818536914826e-01
-6.740524764972010141e-01
-6.740549497886901831e-01
-6.740577093071673520e-01
-6.740606328091626187e-01
-6.740635939659486153e-01
-6.740664828146362142e-01
-6.740692187592693951e-01
-6.740717557134286997e-01
-6.740740803868079389e-01
-6.740762056277765923e-01
-6.740781611061462675e-01
-6.740799835183645117e-01
-6.740817080500441927e-01
-6.740833621958595145e-01
-6.740849623678905056e-01
-6.740865131445534786e-01
-6.740880086034439778e-01
-6.740894349748739467e-01
-6.740907738375221392e-01
-6.740920052101744275e-01
-6.740931101126539371e-01
-6.740940724098182235e-01
-6.740948799586874429e-01
