-6.741296390423519025e-01
-6.741301202414180516e-01
-6.741303402118999921e-01
-6.741303044878826922e-01
-6.741300219901670276e-01
-6.741295042957783368e-01
-6.741287645529668859e-01
-6.741278160446857459e-01
-6.741266704795076947e-01
-6.741253361903618568e-01
-6.741238165267490201e-01
-6.741221088060981304e-01
-6.741202042132918848e-01
-6.741180889773403795e-01
-6.741157469959400128e-01
-6.741131638261650405e-01
-6.741103316399006395e-01
-6.741072544066077921e-01
-6.741039522838192521e-01
-6.741004640469981934e-01
-6.740968464493091172e-01
-6.740931697194143535e-01
-6.740895089910395876e-01
-6.740859322654590979e-01
-6.740824864287269236e-01
-6.740791837143438325e-01
-6.740759916166216836e-01
-6.740728294135697185e-01
-6.740695739828125310e-01
-6.740660764080691481e-01
-6.740621890230252822e-01
-6.740578002240844580e-01
-6.740528719587804973e-01
-6.740474727421330581e-01
-6.740417979075027377e-01
-6.740361690639570247e-01
-6.740310067609834865e-01
-6.740267742405717799e-01
-6.740238956147237559e-01
-6.740226581663089078e-01
-6.740231146717323707e-01
-6.740250063452807305e-01
-6.740277287814703255e-01
-6.740303608792693746e-01
-6.740317694204759347e-01
-6.740307897937191095e-01
-6.740264673924364347e-01
-6.740183266889151481e-01
-6.740066191359371794e-01
-6.739924907645588048e-01
-6.739780095485620182e-01
-6.739660043964866842e-01
-6.739596933627258757e-01
-6.739621170838204778e-01
-6.739754401283469809e-01
-6.740002303018788332e-01
-6.740348638854322116e-01
-6.740752221951378242e-01
-6.741148317408992563e-01
-6.741455503003521699e-01
-6.741588142225917180e-01
-6.741473460537256157e-01
-6.741070926284264964e-01
-6.740390462466665511e-01
-6.739505242645603689e-01
-6.738554739399120752e-01
-6.737734516659634743e-01
-6.737271073953274847e-01
-6.737382754985599131e-01
-6.738230995873631946e-01
-6.739869467875940767e-01
-6.742201273296207775e-01
-6.744955548162325787e-01
-6.747693980159263916e-01
-6.749854486730550995e-01
-6.750833622227512265e-01
-6.750101674903951077e-01
-6.747335862669049389e-01
-6.742549000432134232e-01
-6.736185297197255784e-01
-6.729153458259105047e-01
-6.722771656414048280e-01
-6.718610076516361440e-01
-6.718234249575011363e-01
-6.722874295947905976e-01
-6.733067936369099282e-01
-6.748344071739161842e-01
-6.767024061320430217e-01
-6.786215544231459784e-01
-6.802056309289667979e-01
-6.810232725004990995e-01
-6.806749849854334400e-01
-6.788871938677313311e-01
-6.756089219978462790e-01
-6.710910961171524525e-01
-6.659253068271927534e-01
-6.610201273408141676e-01
-6.575005138624120393e-01
-6.565296181006655685e-01
-6.590705042578864914e-01
-6.656235149662825812e-01
-6.759882609704138678e-01
-6.891037125805922203e-01
-7.030151939838803488e-01
-7.150059621568660706e-01
-7.219167199436355986e-01
-7.206582240496216540e-01
-7.088927223053559379e-01
-6.858084128908092936e-01
-6.528352109121982050e-01
-6.140725077756582495e-01
-5.761728232477796308e-01
-5.475072614270490856e-01
-5.366424099223230382e-01
-5.504143282529249115e-01
-5.920645242783870721e-01
-6.598952827666865195e-01
-7.466911352734512120e-01
-8.398450014347695891e-01
-9.219334543354565925e-01
-9.716501352945775549e-01
-9.656179542300331597e-01
-8.823054477960483588e-01
-7.091123856904295586e-01
-4.515740399012249107e-01
-1.399626257212950864e-01
1.731290819469848141e-01
4.261813920119090771e-01
5.669179995015587448e-01
5.661789953795157704e-01
4.241164415602596272e-01
1.701660191594399352e-01
-1.432209722722316003e-01
-4.545230045594963464e-01
-7.113199059043826544e-01
-8.835952636592797615e-01
-9.660391885605410511e-01
-9.713870431306791398e-01
-9.212191155847856416e-01
-8.389072390532097412e-01
-7.457266548535659290e-01
-6.590577932313610443e-01
-5.914573822957955862e-01
-5.500861044825866575e-01
-5.365879966179590843e-01
-5.476767781405591506e-01
-5.764876642749510172e-01
-6.144449048376215972e-01
-6.531863601308588452e-01
-6.860810515096813500e-01
-7.090563751558354166e-01
-7.207078391335276502e-01
-7.218669533074485445e-01
-7.148836462170800043e-01
-7.028519447965271283e-01
-6.889298178727977229e-01
-6.758283426036951758e-01
-6.654940686216663792e-01
-6.589791990904049213e-01
-6.564760844021810815e-01
-6.574782139209670584e-01
-6.610188110347241519e-01
-6.659335360973622775e-01
-6.710983987330881861e-01
-6.756072868468052661e-01
-6.788718026130217131e-01
-6.806442389942322091e-01
-6.809782854067538693e-01
-6.801494056463356364e-01
-6.785580580765747660e-01
-6.766357159882997463e-01
-6.747680441658251427e-01
-6.732433017047316781e-01
-6.722282076012117136e-01
-6.717687781436332273e-01
-6.718103597449085473e-01
-6.722293612659254736e-01
-6.728689745941456302e-01
-6.735722154916410354e-01
-6.742075173323981430e-01
-6.746843862672995407e-01
-6.749588148119424202e-01
-6.750298974648355488e-01
-6.749302001930569395e-01
-6.747128687547048198e-01
-6.744383078524692765e-01
-6.741626884666805930e-01
-6.739297355404655354e-01
-6.737663928670686309e-01
-6.736822021889753431e-01
-6.736716675863281267e-01
-6.737185518488446601e-01
-6.738009689284916170e-01
-6.738962576410986172e-01
-6.739848832343560137e-01
-6.740529418906479053e-01
-6.740931694877666525e-01
-6.741046259466666468e-01
-6.740914074839133852e-01
-6.740608206215520370e-01
-6.740214426236893486e-01
-6.739814152042388207e-01
-6.739472005001201360e-01
-6.739228992443662136e-01
-6.739101149211649266e-01
-6.739082608816941988e-01
-6.739151577039080854e-01
-6.739277552440453567e-01
-6.739428314740228965e-01
-6.739575583059039809e-01
-6.739698720490363559e-01
-6.739786328440674490e-01
-6.739835957892004181e-01
-6.739852421224405976e-01
-6.739845305154533728e-01
-6.739826276413686257e-01
-6.739806668181507199e-01
-6.739795676265067925e-01
-6.739799318507014858e-01
-6.739820151281602501e-01
-6.739857615326306783e-01
-6.739908810352920332e-01
-6.739969474310173458e-01
-6.740034961263338120e-01
-6.740101059130142458e-01
-6.740164550683754863e-01
-6.740223484899908746e-01
-6.740277180286148306e-01
-6.740326020539240126e-01
-6.740371123043930046e-01
-6.740413963249788365e-01
-6.740456026387415811e-01
-6.740498537350716468e-01
-6.740542295272160533e-01
-6.740587616148544514e-01
-6.740634368383360275e-01
-6.740682074289655601e-01
-6.740730045892973088e-01
-6.740777524959022937e-01
-6.740823803358669819e-01
-6.740868308600976855e-01
-6.740910648586874165e-01
-6.740950617711030102e-01
-6.740988172286462854e-01
-6.741023386425277764e-01
-6.741056400079123989e-01
-6.741087369437421817e-01
-6.741116427045249493e-01
-6.741143655634106446e-01
-6.741169076458928267e-01
-6.741192650411321763e-01
-6.741214288601546922e-01
-6.741233868507565674e-01
-6.741251252029800689e-01
-6.741266302595652071e-01
-6.741278899514153711e-01
-6.741288948797219405e-01
