-6.741070199123498918e-01
-6.741074937604308870e-01
-6.741077503956284245e-01
-6.741077961197882162e-01
-6.741076426085452766e-01
-6.741073077792495427e-01
-6.741068159253574832e-01
-6.741061964135314222e-01
-6.741054804890947993e-01
-6.741046961906909107e-01
-6.741038619585482117e-01
-6.741029801118230136e-01
-6.741020318222655794e-01
-6.741009753770365043e-01
-6.740997492873750385e-01
-6.740982811102845806e-01
-6.740965017462399178e-01
-6.740943636006887507e-01
-6.740918595944580538e-01
-6.740890388941246369e-01
-6.740860147457591323e-01
-6.740829602245328456e-01
-6.740800892238288933e-01
-6.740776225700242374e-01
-6.740757424882600768e-01
-6.740745422342809823e-01
-6.740739808159459390e-01
-6.740738545208426746e-01
-6.740737966610936827e-01
-6.740733139991623712e-01
-6.740718626118500367e-01
-6.740689579412871835e-01
-6.740643045705929648e-01
-6.740579225351150949e-01
-6.740502408164973369e-01
-6.740421271971570594e-01
-6.740348286083170937e-01
-6.740298083168808629e-01
-6.740284852418167993e-01
-6.740319041954530022e-01
-6.740403900616926958e-01
-6.740532586700440643e-01
-6.740686666249494641e-01
-6.740836763325933623e-01
-6.740945874943590210e-01
-6.740975421401523837e-01
-6.740893508112333343e-01
-6.740684213944224679e-01
-6.740356121943438250e-01
-6.739947926084191021e-01
-6.739528937439525080e-01
-6.739192794518656937e-01
-6.739043700727415098e-01
-6.739176003301751150e-01
-6.739649699780674297e-01
-6.740466191770019266e-01
-6.741549891971329034e-01
-6.742741695015297410e-01
-6.743809478562114990e-01
-6.744478512574104689e-01
-6.744480993415381542e-01
-6.743619291610890576e-01
-6.741832662790173680e-01
-6.739253167386126675e-01
-6.736234571728101361e-01
-6.733339175396491072e-01
-6.731272561876767702e-01
-6.730765243435459233e-01
-6.732412170521049344e-01
-6.736494191398209042e-01
-6.742817031830653507e-01
-6.750610075384889663e-01
-6.758526264581679044e-01
-6.764773851172530827e-01
-6.767390074963489655e-01
-6.764637672980033933e-01
-6.755471131884136504e-01
-6.739986759045365483e-01
-6.719746910485177027e-01
-6.697863093055637096e-01
-6.678743254631656079e-01
-6.667459503631211204e-01
-6.668770544877798967e-01
-6.685925842529163443e-01
-6.719465602173231300e-01
-6.766289022264055930e-01
-6.819274157212699139e-01
-6.867687145353313927e-01
-6.898517491616478203e-01
-6.898725703385428787e-01
-6.858196045622070303e-01
-6.772959597362969708e-01
-6.648018743089489924e-01
-6.498930531665615407e-01
-6.351301837467778766e-01
-6.237624627532770694e-01
-6.191466031208169296e-01
-6.239803890850572632e-01
-6.394997987035812015e-01
-6.648219168567600645e-01
-6.965981930493779783e-01
-7.290864879545772004e-01
-7.546904622133888685e-01
-7.649840159197769385e-01
-7.522307575350914988e-01
-7.113550849244175689e-01
-6.421226236269267362e-01
-5.509256755043295817e-01
-4.512389647099404044e-01
-3.618892779565612283e-01
-3.030073320021864358e-01
-2.906287375306174647e-01
-3.317010170937819691e-01
-4.212366874964763586e-01
-5.425643472409027446e-01
-6.704312006647099587e-01
-7.756345951841163711e-01
-8.296350580670533992e-01
-8.085976957064158199e-01
-6.976570911105202111e-01
-4.960980774920009662e-01
-2.217528176817990526e-01
8.972042904071225733e-02
3.938561032952210272e-01
6.519517547373814281e-01
8.427904902498351003e-01
9.652635865955747629e-01
1.032198960152323153e+00
1.060147911506880369e+00
1.060023981680424665e+00
1.031764156381790976e+00
9.643578313159156812e-01
8.412374080081125305e-01
6.496683392560356207e-01
3.909486382659755344e-01
8.650981350880775078e-02
-2.248115974813027496e-01
-4.985715627318322296e-01
-6.992652413948117207e-01
-8.092605141179541883e-01
-8.294429790836984617e-01
-7.747916704056418968e-01
-6.692057175746858322e-01
-5.412492808035523906e-01
-4.201084711229177704e-01
-3.309737237298166490e-01
-2.904147960444511400e-01
-3.033001357465590631e-01
-3.625758987343566941e-01
-4.521394764020487123e-01
-5.518455219962343783e-01
-6.429001453430812640e-01
-7.118901928605951834e-01
-7.524907338043895777e-01
-7.649919834432643562e-01
-7.545059184174907063e-01
-7.287855263036444597e-01
-6.962572144876782998e-01
-6.645057976862428495e-01
-6.392544036448222222e-01
-6.238292467017265697e-01
-6.190915556622070826e-01
-6.237877535374910520e-01
-6.352088807814710858e-01
-6.499942788075045996e-01
-6.648972846885989885e-01
-6.773643261001344174e-01
-6.858490067785321109e-01
-6.898603547993353846e-01
-6.898028320407726399e-01
-6.866929712268494690e-01
-6.818368475913367810e-01
-6.765351119138423019e-01
-6.718588755617660446e-01
-6.685169889015022404e-01
-6.668159247967926362e-01
-6.666984707111590636e-01
-6.678373668252373108e-01
-6.697555179486931465e-01
-6.719455475694253721e-01
-6.739673405997438360e-01
-6.755109537111619877e-01
-6.764215472982352262e-01
-6.766907825711264701e-01
-6.764241947536181465e-01
-6.757960858669233017e-01
-6.750028956964810867e-01
-6.742236205290037532e-01
-6.735925582819346502e-01
-6.731862595732146515e-01
-6.730236515353482663e-01
-6.730762444339590811e-01
-6.732842811670043393e-01
-6.735746021622687207e-01
-6.738766756688489012e-01
-6.741343954705024677e-01
-6.743125603948753044e-01
-6.743981484442316265e-01
-6.743973928370341486e-01
-6.743301690264493775e-01
-6.742233158065791265e-01
-6.741043139210023405e-01
-6.739963437865446050e-01
-6.739152595810333768e-01
-6.738685545093004992e-01
-6.738560267913656920e-01
-6.738716281383232420e-01
-6.739058931305795808e-01
-6.739483892341724403e-01
-6.739897563939498681e-01
-6.740230787897615317e-01
-6.740445085277100290e-01
-6.740532099977558644e-01
-6.740507951569634226e-01
-6.740404678023641516e-01
-6.740260935634253547e-01
-6.740113738746360550e-01
-6.739992421067744210e-01
-6.739915338452814320e-01
-6.739889238345297962e-01
-6.739910779653567330e-01
-6.739969438056038209e-01
-6.740050972713225175e-01
-6.740140726521328673e-01
-6.740226230496570992e-01
-6.740298825744889255e-01
-6.740354251870789293e-01
-6.740392340135917815e-01
-6.740416071507516760e-01
-6.740430308800225978e-01
-6.740440496840356399e-01
-6.740451562396465590e-01
-6.740467157925711383e-01
-6.740489300826972840e-01
-6.740518379756148537e-01
-6.740553442613408386e-01
-6.740592651579825345e-01
-6.740633787820599077e-01
-6.740674706680067629e-01
-6.740713675492722157e-01
-6.740749562150056828e-01
-6.740781875971411097e-01
-6.740810687983610494e-01
-6.740836472703125581e-01
-6.740859917663668543e-01
-6.740881741928269610e-01
-6.740902553594522173e-01
-6.740922762233408916e-01
-6.740942548454814665e-01
-6.740961881792160160e-01
-6.740980571263784915e-01
-6.740998330670692207e-01
-6.741014842398542761e-01
-6.741029808042093840e-01
-6.741042980091136450e-01
-6.741054174742407978e-01
-6.741063270429299426e-01
