-6.740816803991548367e-01
-6.740821236130047911e-01
-6.740824133774202531e-01
-6.740825672198123009e-01
-6.740826134764885680e-01
-6.740825893558494153e-01
-6.740825375603984870e-01
-6.740825011706269576e-01
-6.740825168443675963e-01
-6.740826069068910353e-01
-6.740827714971773243e-01
-6.740829824488102640e-01
-6.740831808555801663e-01
-6.740832801519796025e-01
-6.740831759288368197e-01
-6.740827625929132205e-01
-6.740819554681803938e-01
-6.740807152497247934e-01
-6.740790701900658544e-01
-6.740771304183759138e-01
-6.740750887584018303e-01
-6.740732036220365986e-01
-6.740717621283516259e-01
-6.740710253815769271e-01
-6.740711623707328348e-01
-6.740721834559911807e-01
-6.740738878794236832e-01
-6.740758410976689374e-01
-6.740773960321774227e-01
-6.740777670034370228e-01
-6.740761562182991939e-01
-6.740719210765309111e-01
-6.740647579759746488e-01
-6.740548671918230594e-01
-6.740430566824777703e-01
-6.740307431564976914e-01
-6.740198185285570798e-01
-6.740123697002232683e-01
-6.740102681372662774e-01
-6.740146793758597932e-01
-6.740255755403017357e-01
-6.740413587318258015e-01
-6.740587118068733785e-01
-6.740727787747083921e-01
-6.740777359287681847e-01
-6.740677476965056814e-01
-6.740382148058159384e-01
-6.739871297705649633e-01
-6.739162743227864460e-01
-6.738319467093640824e-01
-6.737449144044301841e-01
-6.736693648492190212e-01
-6.736207776804409297e-01
-6.736128558508992503e-01
-6.736539020753095075e-01
-6.737432668558014370e-01
-6.738686694058633186e-01
-6.740052452662255167e-01
-6.741170560738684037e-01
-6.741614821943521241e-01
-6.740964165468888991e-01
-6.738895393576618265e-01
-6.735282752055757882e-01
-6.730284513656754619e-01
-6.724393493885019168e-01
-6.718429253808758661e-01
-6.713455818172963108e-01
-6.710620329474044077e-01
-6.710924228411696557e-01
-6.714956977860288001e-01
-6.722639516604420606e-01
-6.733036391559970024e-01
-6.744297909619849651e-01
-6.753783743990290356e-01
-6.758395983516074512e-01
-6.755113459836490364e-01
-6.741673507022233336e-01
-6.717298026333139438e-01
-6.683317014556076074e-01
-6.643516988673480173e-01
-6.604048054400555312e-01
-6.572773228947230706e-01
-6.558039758203825231e-01
-6.566982885641525769e-01
-6.603610891814156725e-01
-6.667030751255794696e-01
-6.750225298831050713e-01
-6.839770991579320336e-01
-6.916795982306720436e-01
-6.959336573699939077e-01
-6.946060844198080897e-01
-6.861071966933897093e-01
-6.699152558846864780e-01
-6.470383403945921819e-01
-6.202697183429916050e-01
-5.940868094978526415e-01
-5.740958851737728574e-01
-5.660400501823399377e-01
-5.745335531365045600e-01
-6.017973224857997572e-01
-6.466894416025090742e-01
-7.042348372613574936e-01
-7.657093052791387189e-01
-8.192248922577178849e-01
-8.508005451411475573e-01
-8.460997997476576993e-01
-7.932028169743000623e-01
-6.865858681307670519e-01
-5.315924780631744451e-01
-3.473586188719645085e-01
-1.655680376116722141e-01
-2.383247039963020189e-02
4.452649779106993694e-02
2.037729033828563144e-02
-9.525765980473668848e-02
-2.811148051923817448e-01
-5.014637378393552725e-01
-7.155370589793831337e-01
-8.863612453159820381e-01
-9.851316325054362277e-01
-9.910227847425252534e-01
-8.904000231934450227e-01
-6.798366868143971287e-01
-3.730491390654680495e-01
-5.804398141529764146e-03
3.687874295194598084e-01
6.951642473640211595e-01
9.309552725747328727e-01
1.052880678674621207e+00
1.052398420150678859e+00
9.295354466418872530e-01
6.929185619978200927e-01
3.659677765375860536e-01
-8.803510946648976723e-03
-3.757821447300847550e-01
-6.819424608251422049e-01
-8.916847357598971513e-01
-9.914505840909578760e-01
-9.847658396622427368e-01
-8.853202994195964459e-01
-7.139912219058703879e-01
-4.996508972067490451e-01
-2.793350185517055051e-01
-9.382520835912751267e-02
2.120924650168197131e-02
4.463335667314910493e-02
-2.441507733020478396e-02
-1.666592589416940884e-01
-3.486894827720216083e-01
-5.328856524579628218e-01
-6.876270925298546555e-01
-7.938776700581239298e-01
-8.463910173728683706e-01
-8.507609727224477725e-01
-8.189453432122624221e-01
-7.652926932996516607e-01
-7.037787652247805559e-01
-6.462750110132909898e-01
-6.014819546046883403e-01
-5.743472497420499812e-01
-5.659855607126874633e-01
-5.741530306228617153e-01
-5.942201930612843741e-01
-6.204380324149987302e-01
-6.472030769889440815e-01
-6.700470269647730293e-01
-6.861888189458978937e-01
-6.946325992122233117e-01
-6.959101378720820019e-01
-6.916178095278440185e-01
-6.838919385406404539e-01
-6.749288879681648590e-01
-6.666134783738923986e-01
-6.602842699421036521e-01
-6.566386743510030932e-01
-6.557619733621076197e-01
-6.572501858006003506e-01
-6.603878237919806882e-01
-6.643394446945690701e-01
-6.683191066972242744e-01
-6.717129231369580733e-01
-6.741437592627103070e-01
-6.754801773276085664e-01
-6.758013244648617412e-01
-6.753344148569806471e-01
-6.743820634483767007e-01
-6.732541379663981029e-01
-6.722144151579477755e-01
-6.714473965238931807e-01
-6.710460733622192198e-01
-6.710178212552443400e-01
-6.713032668532195046e-01
-6.718019869305923431e-01
-6.723991459454253805e-01
-6.729883599256337723e-01
-6.734877945351965822e-01
-6.738483486550910229e-01
-6.740543906521470063e-01
-6.741186713180775669e-01
-6.740736418524641005e-01
-6.739614859251293888e-01
-6.738248454813896560e-01
-6.736996360807946393e-01
-6.736106685027586360e-01
-6.735701547984649373e-01
-6.735786751681940299e-01
-6.736278681939514845e-01
-6.737039896323522292e-01
-6.737915383781992729e-01
-6.738763239977311192e-01
-6.739475905016841795e-01
-6.739990602239127604e-01
-6.740289755364805568e-01
-6.740393667302775338e-01
-6.740348511077349780e-01
-6.740212756100767422e-01
-6.740044682805222953e-01
-6.739892832636656950e-01
-6.739790313202979055e-01
-6.739753014218551330e-01
-6.739781119092232986e-01
-6.739862886876286652e-01
-6.739979537670991450e-01
-6.740110162411747652e-01
-6.740235826766161065e-01
-6.740342369074228124e-01
-6.740421729209495894e-01
-6.740471930601860118e-01
-6.740496035488127147e-01
-6.740500490979434156e-01
-6.740493287889459673e-01
-6.740482286603466378e-01
-6.740473952890843057e-01
-6.740472620484332378e-01
-6.740480281139277219e-01
-6.740496813947373100e-01
-6.740520512503673789e-01
-6.740548751668201666e-01
-6.740578649432256153e-01
-6.740607614274384263e-01
-6.740633713523697113e-01
-6.740655843600935615e-01
-6.740673720857742746e-01
-6.740687737438342264e-01
-6.740698738648882582e-01
-6.740707777911015830e-01
-6.740715895523196055e-01
-6.740723952091770554e-01
-6.740732530593382954e-01
-6.740741905903792075e-01
-6.740752069514486244e-01
-6.740762791071622795e-01
-6.740773697191787539e-01
-6.740784350746197306e-01
-6.740794318953561293e-01
-6.740803224537114113e-01
-6.740810779426212873e-01
