-6.740960498585146787e-01
-6.740963691675160296e-01
-6.740962381358877042e-01
-6.740957466731503089e-01
-6.740950345112194375e-01
-6.740942750917066073e-01
-6.740936518348475959e-01
-6.740933274114511153e-01
-6.740934087399008678e-01
-6.740939129650662665e-01
-6.740947419182247158e-01
-6.740956736438367125e-01
-6.740963787223962500e-01
-6.740964658434509538e-01
-6.740955554393680549e-01
-6.740933728865400321e-01
-6.740898451835329874e-01
-6.740851789887118972e-01
-6.740798954726463510e-01
-6.740748003456151771e-01
-6.740708765734314545e-01
-6.740691023278990723e-01
-6.740702156960473035e-01
-6.740744671102365526e-01
-6.740814157290743180e-01
-6.740898321213371069e-01
-6.740977623765830318e-01
-6.741027860018656837e-01
-6.741024626186538082e-01
-6.740949153240888281e-01
-6.740794501786451232e-01
-6.740570729860919652e-01
-6.740307485729657433e-01
-6.740052645501660722e-01
-6.739866165512335971e-01
-6.739809230306827992e-01
-6.739929933402717399e-01
-6.740247921643364171e-01
-6.740741387690597497e-01
-6.741340210348722994e-01
-6.741928664779572866e-01
-6.742359818133312199e-01
-6.742481538082287784e-01
-6.742171243171464212e-01
-6.741373608140510676e-01
-6.740133066939416606e-01
-6.738611854673965951e-01
-6.737085127191079215e-01
-6.735907750064993316e-01
-6.735452571868300042e-01
-6.736026752012660435e-01
-6.737779808551823679e-01
-6.740622878329038947e-01
-6.744181500805337404e-01
-6.747802561483828843e-01
-6.750629038732222087e-01
-6.751744074361446524e-01
-6.750370025826686327e-01
-6.746091161497698163e-01
-6.739054131217412369e-01
-6.730092407774187491e-01
-6.720723437367425168e-01
-6.712982859918283918e-01
-6.709089000686332405e-01
-6.710969616700703799e-01
-6.719724702159732832e-01
-6.735134426303094335e-01
-6.755339803173616708e-01
-6.776817312755410994e-01
-6.794733470931945130e-01
-6.803702544925537277e-01
-6.798886468208393818e-01
-6.777281255828309092e-01
-6.738944457755762230e-01
-6.687854960238586166e-01
-6.632086642557945000e-01
-6.583047303612691303e-01
-6.553696740202195059e-01
-6.555897045150081981e-01
-6.597312401352042333e-01
-6.678488442614382015e-01
-6.790831010364942744e-01
-6.916137520767274838e-01
-7.028130815372001239e-01
-7.096157986217773717e-01
-7.090882831810414455e-01
-6.991402180837275049e-01
-6.792698986822254259e-01
-6.511725543389611515e-01
-6.189914417862133478e-01
-5.889992516106185017e-01
-5.686048139044652672e-01
-5.647837215812268052e-01
-5.822582348011188236e-01
-6.218887305736894300e-01
-6.797039457784060934e-01
-7.467997891311056735e-01
-8.100909084127090320e-01
-8.537793435865479452e-01
-8.615260571474666618e-01
-8.195623625884469465e-01
-7.209427638730859789e-01
-5.703436073086928237e-01
-3.873662449325268597e-01
-2.054341348924431654e-01
-6.466671991744267489e-02
-3.901012852171766563e-04
-3.161433892707454091e-02
-1.538294907138303136e-01
-3.387095303336064012e-01
-5.409068103522580717e-01
-7.094066264425724633e-01
-7.989119883114474963e-01
-7.779956679954068699e-01
-6.344928303131658343e-01
-3.798272775339681107e-01
-5.034651950670948617e-02
2.995860975958570260e-01
6.140334972073925313e-01
8.538105384008052301e-01
1.005644337235257924e+00
1.079100656875409125e+00
1.096405727281851483e+00
1.081986499328474016e+00
1.055696236531421750e+00
1.030155835469761971e+00
1.011142003915483922e+00
9.996652634909909407e-01
9.945398776580619549e-01
9.945639415095012259e-01
9.997443385298068197e-01
1.011290544388272927e+00
1.030378591694372625e+00
1.055963908598005485e+00
1.082211244616031021e+00
1.096426712010325044e+00
1.078692592407977990e+00
1.004562166470522655e+00
8.518765822462960324e-01
6.112492098394556317e-01
2.962105717649813896e-01
-5.382099643191975286e-02
-3.828205377058154224e-01
-6.365251819216483087e-01
-7.788099410124413868e-01
-7.984966594049568434e-01
-7.079663724801856794e-01
-5.388227437103353390e-01
-3.364817251159321621e-01
-1.519792213308793771e-01
-3.055861860319342843e-02
-3.355929995270696812e-04
-6.556518743637464175e-02
-2.070142538818847133e-01
-3.892297784909808378e-01
-5.720907772726714358e-01
-7.222775319415980499e-01
-8.203408517984006609e-01
-8.617464917026625981e-01
-8.535394346648540465e-01
-8.095406395473595529e-01
-7.461035972404480576e-01
-6.790135562664503244e-01
-6.213237104725495286e-01
-5.818930636502477327e-01
-5.646425917892304858e-01
-5.686655148932358017e-01
-5.892054577752563471e-01
-6.192701578423585040e-01
-6.514519986581966959e-01
-6.794934765073074034e-01
-6.992741189840420146e-01
-7.091225651564828647e-01
-7.095605332249242947e-01
-7.026917793349556352e-01
-6.914560777404943348e-01
-6.789183103777208794e-01
-6.677008027713686733e-01
-6.596154376523281071e-01
-6.555123303869844209e-01
-6.553285114980546000e-01
-6.582913726118626574e-01
-6.632113960487737714e-01
-6.687921691899243459e-01
-6.738948041443281189e-01
-6.777152585408997565e-01
-6.798594966478025414e-01
-6.803253054336578787e-01
-6.794157475896303033e-01
-6.776161414679536810e-01
-6.754654128988180073e-01
-6.734463013374556439e-01
-6.719099090531664986e-01
-6.710406060566596054e-01
-6.708589003327133371e-01
-6.712536222208937975e-01
-6.720312736112252772e-01
-6.729697791631618076e-01
-6.738657500310480941e-01
-6.745679109604336698e-01
-6.749935284732491159e-01
-6.751285529641969374e-01
-6.750150629714586348e-01
-6.747311510109281762e-01
-6.743686336446169660e-01
-6.740131659534466246e-01
-6.737298819752520762e-01
-6.735559807378616037e-01
-6.735000920247019573e-01
-6.735470467117113946e-01
-6.736659816538990153e-01
-6.738195461830065458e-01
-6.739722631736566605e-01
-6.740966830887591410e-01
-6.741766801681652321e-01
-6.742079152760221961e-01
-6.741960109588257533e-01
-6.741532876901017435e-01
-6.740949880301406738e-01
-6.740358035742957110e-01
-6.739872813576894828e-01
-6.739563942847358602e-01
-6.739452803630405775e-01
-6.739519372312601231e-01
-6.739715285789072974e-01
-6.739979221037099011e-01
-6.740251208629154389e-01
-6.740483457265004086e-01
-6.740646462237239733e-01
-6.740730326905089997e-01
-6.740742135162565152e-01
-6.740700760026469007e-01
-6.740630658029399536e-01
-6.740556036745856128e-01
-6.740496397880060275e-01
-6.740463973376189522e-01
-6.740463100495526216e-01
-6.740491209052469346e-01
-6.740540867482722742e-01
-6.740602263378061565e-01
-6.740665556459077834e-01
-6.740722695445928725e-01
-6.740768485094333906e-01
-6.740800879496190445e-01
-6.740820627829697820e-01
-6.740830489840843320e-01
-6.740834266892165028e-01
-6.740835869688963644e-01
-6.740838583188545341e-01
-6.740844613046107492e-01
-6.740854924884837063e-01
-6.740869331337379089e-01
-6.740886749222245733e-01
-6.740905540840547161e-01
-6.740923864409270605e-01
-6.740939981180232854e-01
-6.740952492189864476e-01
