-6.741135335028394238e-01
-6.741140295399958848e-01
-6.741143290548847755e-01
-6.741144283110044322e-01
-6.741143232864548196e-01
-6.741140121519348938e-01
-6.741134977777150095e-01
-6.741127895229608313e-01
-6.741119036244169749e-01
-6.741108617289754967e-01
-6.741096874900273095e-01
-6.741084016219880404e-01
-6.741070162996217752e-01
-6.741055301919859355e-01
-6.741039256187743023e-01
-6.741021692078327243e-01
-6.741002169575526226e-01
-6.740980237770425321e-01
-6.740955564884126838e-01
-6.740928081171001507e-01
-6.740898103269945540e-01
-6.740866403656824435e-01
-6.740834191286487753e-01
-6.740802980850086890e-01
-6.740774348185717413e-01
-6.740749596012328704e-01
-6.740729382862216124e-01
-6.740713392659493097e-01
-6.740700135833067597e-01
-6.740686968788167643e-01
-6.740670392899981156e-01
-6.740646646711839773e-01
-6.740612540488177817e-01
-6.740566410742052650e-01
-6.740509008332236096e-01
-6.740444094092492566e-01
-6.740378516812240983e-01
-6.740321601176204602e-01
-6.740283780894921195e-01
-6.740274566037016690e-01
-6.740300111935590976e-01
-6.740360826723279519e-01
-6.740449574734580507e-01
-6.740551062282872374e-01
-6.740642897695837688e-01
-6.740698584157637230e-01
-6.740692343675321885e-01
-6.740605226868712219e-01
-6.740431511055992031e-01
-6.740184026936477668e-01
-6.739896889806962221e-01
-6.739624240304965541e-01
-6.739434080702180196e-01
-6.739397123029472469e-01
-6.739571662928164342e-01
-6.739986691717410050e-01
-6.740626520009181943e-01
-6.741420830262582209e-01
-6.742244034098655581e-01
-6.742926887052840268e-01
-6.743281450364095875e-01
-6.743137819083120377e-01
-6.742387910167563225e-01
-6.741028584348863761e-01
-6.739194172983161701e-01
-6.737167846707320384e-01
-6.735362827891140380e-01
-6.734268538707853802e-01
-6.734363232053429682e-01
-6.736002712836476336e-01
-6.739303057432354249e-01
-6.744041959439353029e-01
-6.749606495606428336e-01
-6.755012991914995935e-01
-6.759016229882582882e-01
-6.760310470925935400e-01
-6.757805005460449932e-01
-6.750934898387700445e-01
-6.739947430778044923e-01
-6.726091620773928526e-01
-6.711637652681196053e-01
-6.699669561343676305e-01
-6.693629841968098404e-01
-6.696646008668191152e-01
-6.710728414313317236e-01
-6.735983388800110827e-01
-6.770021906513584709e-01
-6.807749717076796436e-01
-6.841693498248506700e-01
-6.862948263514453417e-01
-6.862727348096523405e-01
-6.834363879657373575e-01
-6.775462520938592137e-01
-6.689755055534806205e-01
-6.588115415777230366e-01
-6.488199490268847791e-01
-6.412349580666472093e-01
-6.383756917611317361e-01
-6.421344301353351103e-01
-6.534274649531726098e-01
-6.717249525197102056e-01
-6.947741033002196032e-01
-7.186038638395362277e-01
-7.378644466321475637e-01
-7.465272347329588998e-01
-7.389474388740371325e-01
-7.112417552780456731e-01
-6.628099279043384584e-01
-5.976240514369089984e-01
-5.247150704408024557e-01
-4.572925003823588574e-01
-4.102938534887691224e-01
-3.967975295475132946e-01
-4.243124971069799356e-01
-4.921236767035795379e-01
-5.905074499366493868e-01
-7.018991745846633323e-01
-8.033558637858986273e-01
-8.694054382599093467e-01
-8.749527700701128508e-01
-7.989786510548859688e-01
-6.300954749313654180e-01
-3.733313248672044948e-01
-5.427394658803513794e-02
2.846458166147387003e-01
5.967118565778449790e-01
8.457574956142955847e-01
1.013507857041827220e+00
1.096296720717011564e+00
1.095917319716597005e+00
1.012353912667834477e+00
8.438197190347588306e-01
5.940759669482224004e-01
2.815622026641321773e-01
-5.740577434788034228e-02
-3.760744909845517014e-01
-6.321163731590454526e-01
-8.001282169252471599e-01
-8.752603450001863461e-01
-8.690224136438823299e-01
-8.024974776700145584e-01
-7.008045181698073778e-01
-5.894115490200612095e-01
-4.912303166762962414e-01
-4.237657827613701689e-01
-3.966599144149671741e-01
-4.105403015399208266e-01
-4.578250223748774883e-01
-5.253937864430830995e-01
-5.983046166945397148e-01
-6.633755123546841714e-01
-7.116214093975535837e-01
-7.391192130473155375e-01
-7.465099029041546430e-01
-7.377037003580508845e-01
-7.183578263495875582e-01
-6.945009115335124550e-01
-6.714735056961635973e-01
-6.532316373324527081e-01
-6.420107431792412278e-01
-6.383241964659321921e-01
-6.412427174992654244e-01
-6.488661280311509572e-01
-6.588728968186845503e-01
-6.690311473766078487e-01
-6.775808995835729265e-01
-6.834418225188357843e-01
-6.862476064067637438e-01
-6.862432627226998649e-01
-6.840989299720880989e-01
-6.806945879180910097e-01
-6.769201997136763405e-01
-6.735212487761594868e-01
-6.710046295355336365e-01
-6.696066325342467929e-01
-6.693144069416342434e-01
-6.699253905330320169e-01
-6.711261009800363331e-01
-6.725722914511315098e-01
-6.739561148258014223e-01
-6.750514264166580514e-01
-6.757342804877287668e-01
-6.759807967823124875e-01
-6.758480860843240068e-01
-6.754455565673036510e-01
-6.749038524696688857e-01
-6.743473561572466135e-01
-6.738741646040478095e-01
-6.735452497363275670e-01
-6.733825399550597002e-01
-6.733741902504444266e-01
-6.734844704987668074e-01
-6.736654950822545951e-01
-6.738683366707649558e-01
-6.740517402495405097e-01
-6.741874830969798449e-01
-6.742622309585863949e-01
-6.742763842459535972e-01
-6.742408151704978314e-01
-6.741725517455018357e-01
-6.740904002204225476e-01
-6.740112768703566681e-01
-6.739477181133796124e-01
-6.739067256608594070e-01
-6.738898367692719438e-01
-6.738941237395459360e-01
-6.739137348120274318e-01
-6.739415846805828503e-01
-6.739708674158196855e-01
-6.739961707809679625e-01
-6.740140908588049262e-01
-6.740233557172475853e-01
-6.740245498847219352e-01
-6.740195794898112824e-01
-6.740110307639713971e-01
-6.740015580697437114e-01
-6.739934012744406289e-01
-6.739880869364760496e-01
-6.739863232984056873e-01
-6.739880629856747074e-01
-6.739926839558617599e-01
-6.739992298121227909e-01
-6.740066535942264014e-01
-6.740140212746543735e-01
-6.740206482521252651e-01
-6.740261600487778004e-01
-6.740304838403167187e-01
-6.740337882184849194e-01
-6.740363938379010378e-01
-6.740386776355247189e-01
-6.740409892890746324e-01
-6.740435921241771933e-01
-6.740466334882623256e-01
-6.740501431382568409e-01
-6.740540534443900667e-01
-6.740582326663178137e-01
-6.740625221805627287e-01
-6.740667699127792512e-01
-6.740708547103761994e-01
-6.740746992764138357e-01
-6.740782719525582056e-01
-6.740815796439829644e-01
-6.740846553003010388e-01
-6.740875435952445871e-01
-6.740902879428943839e-01
-6.740929210097059698e-01
-6.740954597190783604e-01
-6.740979046575700240e-01
-6.741002429657135808e-01
-6.741024533278167086e-01
-6.741045115726927994e-01
-6.741063956003753299e-01
-6.741080887560539914e-01
-6.741095812654377406e-01
-6.741108698190753090e-01
-6.741119557661700012e-01
-6.741128426031094412e-01
