-6.740834096307565249e-01
-6.740838634579651156e-01
-6.740841709819329619e-01
-6.740843470091179013e-01
-6.740844155484770894e-01
-6.740844082414573224e-01
-6.740843615862598392e-01
-6.740843126915357919e-01
-6.740842935888210485e-01
-6.740843245738427081e-01
-6.740844075482214093e-01
-6.740845207724885935e-01
-6.740846166800067429e-01
-6.740846243117396552e-01
-6.740844574291708913e-01
-6.740840284349379763e-01
-6.740832669610981043e-01
-6.740821405595132099e-01
-6.740806736250460895e-01
-6.740789598336757171e-01
-6.740771633169343469e-01
-6.740755047792819088e-01
-6.740742309002824006e-01
-6.740735685298296920e-01
-6.740736689987752994e-01
-6.740745516855701780e-01
-6.740760589605495623e-01
-6.740778358588795927e-01
-6.740793465021417408e-01
-6.740799349039032773e-01
-6.740789303834151536e-01
-6.740757880742959118e-01
-6.740702443780179909e-01
-6.740624577367696491e-01
-6.740530992258239040e-01
-6.740433575883911788e-01
-6.740348312700079614e-01
-6.740292964077883031e-01
-6.740283635837310827e-01
-6.740330645024377176e-01
-6.740434377481899775e-01
-6.740582041537246383e-01
-6.740746303528336592e-01
-6.740886679457006592e-01
-6.740954219550913118e-01
-6.740899463743099673e-01
-6.740682920775596942e-01
-6.740286539806951138e-01
-6.739723955161902591e-01
-6.739046872952794143e-01
-6.738345008647336210e-01
-6.737737607891055580e-01
-6.737355831073825740e-01
-6.737317071651294231e-01
-6.737694379653993426e-01
-6.738486206716514104e-01
-6.739593210289873682e-01
-6.740809360751701673e-01
-6.741833669346458668e-01
-6.742306266672704052e-01
-6.741868368460508520e-01
-6.740240286476226750e-01
-6.737305880513140277e-01
-6.733186843292463530e-01
-6.728287309083476053e-01
-6.723289799229389407e-01
-6.719088442072498335e-01
-6.716655009460400505e-01
-6.716846864337145950e-01
-6.720181524974807585e-01
-6.726617303716115881e-01
-6.735389861198201045e-01
-6.744957095216942422e-01
-6.753096925395924988e-01
-6.757183024303169416e-01
-6.754632992827992455e-01
-6.743484606614918997e-01
-6.723013712686505272e-01
-6.694269982792705465e-01
-6.660384447720504308e-01
-6.626507137169381778e-01
-6.599273716164427706e-01
-6.585779278324652708e-01
-6.592146586379438178e-01
-6.621893837478681766e-01
-6.674404630235480917e-01
-6.743853352200028795e-01
-6.818927666777468977e-01
-6.883616636850761195e-01
-6.919207718402561325e-01
-6.907463035487857450e-01
-6.834715534829076677e-01
-6.696326164108165058e-01
-6.500596662562411199e-01
-6.270943859354713990e-01
-6.045104875161646518e-01
-5.870558703078215812e-01
-5.796263069846312455e-01
-5.861976063271133741e-01
-6.087380108361613029e-01
-6.463480981988178886e-01
-6.948162701479148051e-01
-7.466672548708044310e-01
-7.916924791741759559e-01
-8.179600201611659793e-01
-8.134174446368286349e-01
-7.682977403234507729e-01
-6.783638098716484599e-01
-5.483818819862865679e-01
-3.943013774933620819e-01
-2.422293682378739155e-01
-1.232680550039756961e-01
-6.540232132401735399e-02
-8.534707192491160221e-02
-1.833462103370964436e-01
-3.426867274775161065e-01
-5.340049613024960840e-01
-7.225633543927745261e-01
-8.751808482639881204e-01
-9.639655191140142909e-01
-9.668736844217326043e-01
-8.682402391631380834e-01
-6.627376887148801465e-01
-3.625386242349676880e-01
-2.070179386972273786e-03
3.667087448469507627e-01
6.889444040392138646e-01
9.223439571491548472e-01
1.043261868877338072e+00
1.042795295226542907e+00
9.209721954150246193e-01
6.867799621789909548e-01
3.639992937046696020e-01
-4.942220046547244131e-03
-3.651452854889721822e-01
-6.647355186392887028e-01
-8.694501903450689850e-01
-9.672736168823912184e-01
-9.636340101734782726e-01
-8.742506516075301271e-01
-7.212088963040542700e-01
-5.324475339199129520e-01
-3.411860099587220585e-01
-1.821616437283240242e-01
-8.467978421501262676e-02
-6.534396629047781180e-02
-1.237788166943415979e-01
-2.431537023799145159e-01
-3.954164578463131852e-01
-5.494615334990288202e-01
-6.792337664366235872e-01
-7.688637047532451696e-01
-8.136633881104782251e-01
-8.179278108452929796e-01
-7.914567835553558695e-01
-7.463143176598392436e-01
-6.944287779743112399e-01
-6.459950325828757167e-01
-6.084681584986828540e-01
-5.860363530367000973e-01
-5.795759493364608383e-01
-5.870994421578609179e-01
-6.046183194436446362e-01
-6.272318773546186055e-01
-6.501944982653480309e-01
-6.697399882099609458e-01
-6.835367807597567680e-01
-6.907649109833259304e-01
-6.918967475890570595e-01
-6.883047248481758418e-01
-6.818153936849907781e-01
-6.743001186166448502e-01
-6.673580840550694671e-01
-6.621173696328243041e-01
-6.591569165144459674e-01
-6.585349566337711513e-01
-6.598969744220126721e-01
-6.626289898142833090e-01
-6.660208373060541032e-01
-6.694092090600850531e-01
-6.722800179391600350e-01
-6.743214252690115096e-01
-6.754297837023769402e-01
-6.756786530699547821e-01
-6.752650801488010446e-01
-6.744477520934083481e-01
-6.734893897787640471e-01
-6.726120015158586485e-01
-6.719694101241348028e-01
-6.716375808566901195e-01
-6.716202268692486044e-01
-6.718652239507398871e-01
-6.722865869876378797e-01
-6.727870244703947344e-01
-6.732771303231706028e-01
-6.736887503819767309e-01
-6.739816228178983071e-01
-6.741437462332748876e-01
-6.741868876879670847e-01
-6.741391328784663850e-01
-6.740364304904764570e-01
-6.739147906276885536e-01
-6.738042954316030286e-01
-6.737255031423866614e-01
-6.736882889135863417e-01
-6.736927468347041481e-01
-6.737315195355417785e-01
-6.737928300268744009e-01
-6.738635418520696474e-01
-6.739317264093668269e-01
-6.739884212168123501e-01
-6.740284732115456867e-01
-6.740505400879759357e-01
-6.740564472981031008e-01
-6.740501603707290679e-01
-6.740366359281455555e-01
-6.740207733080268993e-01
-6.740066196637571894e-01
-6.739969029103327625e-01
-6.739928943156198171e-01
-6.739945466947572239e-01
-6.740008204999825558e-01
-6.740100990652554414e-01
-6.740206024168922117e-01
-6.740307305342791988e-01
-6.740392950067030098e-01
-6.740456264184143675e-01
-6.740495686521073004e-01
-6.740513876791135450e-01
-6.740516303029335798e-01
-6.740509684035437266e-01
-6.740500583153493652e-01
-6.740494354642081465e-01
-6.740494537310278700e-01
-6.740502692633891790e-01
-6.740518610474561800e-01
-6.740540761778295309e-01
-6.740566864465799002e-01
-6.740594441178486829e-01
-6.740621277495815189e-01
-6.740645727527698750e-01
-6.740666851987914265e-01
-6.740684405534567158e-01
-6.740698711495778372e-01
-6.740710471905198009e-01
-6.740720560107252846e-01
-6.740729834649015206e-01
-6.740739000089853716e-01
-6.740748526073205849e-01
-6.740758623292644192e-01
-6.740769265706783031e-01
-6.740780243342063827e-01
-6.740791229144107444e-01
-6.740801845744465171e-01
-6.740811722421605756e-01
-6.740820537561955650e-01
-6.740828046343254609e-01
