-6.741291930340530536e-01
-6.741296743814328973e-01
-6.741298957458456975e-01
-6.741298626515797032e-01
-6.741295840080202550e-01
-6.741290713843258731e-01
-6.741283379280851307e-01
-6.741273969288502643e-01
-6.741262601045429070e-01
-6.741249357919003593e-01
-6.741234273292762147e-01
-6.741217320013650482e-01
-6.741198409388181600e-01
-6.741177403040332639e-01
-6.741154139330378658e-01
-6.741128473470954230e-01
-6.741100327248532587e-01
-6.741069740889021888e-01
-6.741036916808456070e-01
-6.741002243561274865e-01
-6.740966288969623132e-01
-6.740929754670316187e-01
-6.740893390212178149e-01
-6.740857872882409785e-01
-6.740823668539813740e-01
-6.740790897251330849e-01
-6.740759233490304370e-01
-6.740727872064310455e-01
-6.740695586190228461e-01
-6.740660892449541475e-01
-6.740622319184118583e-01
-6.740578752151118458e-01
-6.740529807357117376e-01
-6.740476160569388586e-01
-6.740419751317506813e-01
-6.740363781248702724e-01
-6.740312446123696288e-01
-6.740270378663604234e-01
-6.740241833510673963e-01
-6.740229709296051697e-01
-6.740234565769832598e-01
-6.740253842637705661e-01
-6.740281506487123542e-01
-6.740308329864020953e-01
-6.740322933936909733e-01
-6.740313603212448879e-01
-6.740270718232296288e-01
-6.740189472833859607e-01
-6.740072379965081906e-01
-6.739930964671407843e-01
-6.739786035339436765e-01
-6.739666046385318632e-01
-6.739603330432365480e-01
-6.739628371296617626e-01
-6.739762763731741435e-01
-6.740011982624194431e-01
-6.740359459728351155e-01
-6.740763628249587525e-01
-6.741159446636236785e-01
-6.741465394165635505e-01
-6.741596046909095197e-01
-6.741479178166360775e-01
-6.741075051685948560e-01
-6.740394430264703418e-01
-6.739511089006489097e-01
-6.738564576355684510e-01
-6.737749813048465874e-01
-6.737291932705120612e-01
-6.737407435174781467e-01
-6.738255918703816016e-01
-6.739889852297810124e-01
-6.742212376902326776e-01
-6.744954277992903924e-01
-6.747680445087012036e-01
-6.749832957134638267e-01
-6.750812402612184071e-01
-6.750091608154620282e-01
-6.747347549411017997e-01
-6.742589257769963096e-01
-6.736253777542067223e-01
-6.729240561872440463e-01
-6.722858781945423301e-01
-6.718672807479330045e-01
-6.718248316198456305e-01
-6.722823237924951956e-01
-6.732950569409200670e-01
-6.748179407938490471e-01
-6.766851478406197273e-01
-6.786088838821954239e-01
-6.802031718712171493e-01
-6.810352788097746579e-01
-6.807026683133617917e-01
-6.789274646711234151e-01
-6.756540280548675170e-01
-6.711295203409507470e-01
-6.659440233310300883e-01
-6.610079445902291573e-01
-6.574518370680699775e-01
-6.564476589722966215e-01
-6.589688795935824128e-01
-6.655253855182946543e-01
-6.759226569081933089e-01
-6.890993594793645149e-01
-7.030928226466068853e-01
-7.151706033827083253e-01
-7.221517786930841121e-01
-7.209231970451835947e-01
-7.091262476615139976e-01
-6.859377586538921712e-01
-6.527920342308508594e-01
-6.138126128333601939e-01
-5.756951717132380297e-01
-5.468658569572512063e-01
-5.359452876416297418e-01
-5.498072063314067837e-01
-5.917015701325188948e-01
-6.599035941353785795e-01
-7.471367129368612359e-01
-8.407053885865071186e-01
-9.230775797989201337e-01
-9.728238672958665623e-01
-9.664397787324487954e-01
-8.822904841136438581e-01
-7.077518189690497064e-01
-4.484768396706521609e-01
-1.350082921621919563e-01
1.797258130252547548e-01
4.339483003644509784e-01
5.752759885515036364e-01
5.745390315508311918e-01
4.318883876383767806e-01
1.767682521680067620e-01
-1.382629533290769819e-01
-4.514248154684159520e-01
-7.099606279295330724e-01
-8.835829320347903248e-01
-9.668641270783616681e-01
-9.725637303855492188e-01
-9.223655673829027624e-01
-8.397690034177992535e-01
-7.461725343728257132e-01
-6.590654383813575601e-01
-5.910931094869830149e-01
-5.494774399219416461e-01
-5.358895214663382811e-01
-5.470345005408158157e-01
-5.760097310896848954e-01
-6.141852621205847740e-01
-6.531437978452433457e-01
-6.862111596976072647e-01
-7.092906160083457534e-01
-7.209733432880022219e-01
-7.221022935727580139e-01
-7.150483224871500010e-01
-7.029294181485300497e-01
-6.889252058793594591e-01
-6.757624690921180122e-01
-6.653957366431731968e-01
-6.588774858307322457e-01
-6.563941617607498280e-01
-6.574296780919295369e-01
-6.610068325011747570e-01
-6.659524723046019723e-01
-6.711370167305685808e-01
-6.756525343583932308e-01
-6.789121543863932962e-01
-6.806719509888291553e-01
-6.809902872145869868e-01
-6.801469321408083468e-01
-6.785453840398882885e-01
-6.766184791907966511e-01
-6.747516294765292244e-01
-6.732316438309060569e-01
-6.722231988666548252e-01
-6.717702887878519435e-01
-6.718167332421555171e-01
-6.722381633725695860e-01
-6.728777607094220681e-01
-6.735791266208751571e-01
-6.742115975367645175e-01
-6.746856060550646683e-01
-6.749578607868443880e-01
-6.750278330540534499e-01
-6.749281110117022475e-01
-6.747115846645090897e-01
-6.744382539703802637e-01
-6.741638732172898774e-01
-6.739318473709561275e-01
-6.737689560061651539e-01
-6.736847379370064504e-01
-6.736738183197621410e-01
-6.737201442933251627e-01
-6.738020143891925162e-01
-6.738969038771027709e-01
-6.739853419748362828e-01
-6.740534168630821776e-01
-6.740938039147432725e-01
-6.741054788659911479e-01
-6.740924583551083371e-01
-6.740619942190093639e-01
-6.740226426382289748e-01
-6.739825553590987894e-01
-6.739482253205211215e-01
-6.739237913146550740e-01
-6.739108899213089865e-01
-6.739089547461825092e-01
-6.739158113767828029e-01
-6.739284018493393313e-01
-6.739434888819592073e-01
-6.739582278439404384e-01
-6.739705422011260660e-01
-6.739792856601016791e-01
-6.739842135192661843e-01
-6.739858121376055555e-01
-6.739850475419115750e-01
-6.739830933421407932e-01
-6.739810875076934771e-01
-6.739799512448967356e-01
-6.739802852567551295e-01
-6.739823424139229635e-01
-6.739860635893700769e-01
-6.739911561791027683e-01
-6.739971926351677745e-01
-6.740037083442088628e-01
-6.740102830796054212e-01
-6.740165965675594117e-01
-6.740224550867626174e-01
-6.740277914241173951e-01
-6.740326442927031536e-01
-6.740371252483917663e-01
-6.740413813335873749e-01
-6.740455604965153169e-01
-6.740497847835492662e-01
-6.740541339071073335e-01
-6.740586395159309241e-01
-6.740632886788331390e-01
-6.740680339281924782e-01
-6.740728067392149914e-01
-6.740775314667868390e-01
-6.740821373621210810e-01
-6.740865671461977460e-01
-6.740907815284510329e-01
-6.740947598639088767e-01
-6.740984977306699877e-01
-6.741020025333138710e-01
-6.741052883030120846e-01
-6.741083707204986730e-01
-6.741112631068443273e-01
-6.741139737891476136e-01
-6.741165049251106600e-01
-6.741188526143143678e-01
-6.741210079631133611e-01
-6.741229587090475928e-01
-6.741246910346961885e-01
-6.741261912827131164e-01
-6.741274473912838294e-01
-6.741284499726007962e-01
