-6.741040226461795237e-01
-6.741044878412316699e-01
-6.741047304049752054e-01
-6.741047610119094147e-01
-6.741045979701857371e-01
-6.741042672161318139e-01
-6.741038013291424935e-01
-6.741032369557179438e-01
-6.741026103038845196e-01
-6.741019508490702083e-01
-6.741012740023040184e-01
-6.741005741064484136e-01
-6.740998195895091527e-01
-6.740989522533198386e-01
-6.740978923767386721e-01
-6.740965504965520383e-01
-6.740948454289125147e-01
-6.740927264652916140e-01
-6.740901960011903560e-01
-6.740873275145485843e-01
-6.740842732276469684e-01
-6.740812563421281212e-01
-6.740785446669290693e-01
-6.740764057518894292e-01
-6.740750479616012258e-01
-6.740745565938843775e-01
-6.740748381872657680e-01
-6.740755884318282432e-01
-6.740762985105979155e-01
-6.740763104902799396e-01
-6.740749243889501141e-01
-6.740715484404592450e-01
-6.740658714480572966e-01
-6.740580244208660421e-01
-6.740486909116784053e-01
-6.740391246434623840e-01
-6.740310414791879090e-01
-6.740263714929679573e-01
-6.740268847054079471e-01
-6.740337373657914188e-01
-6.740470185285478699e-01
-6.740654013683998746e-01
-6.740860119882701174e-01
-6.741046134021092540e-01
-6.741161601323298891e-01
-6.741157107218476163e-01
-6.740995990378043645e-01
-6.740666747288657223e-01
-6.740193481735651249e-01
-6.739641379029439605e-01
-6.739114392739005144e-01
-6.738743255765673457e-01
-6.738663578320759351e-01
-6.738986016921291178e-01
-6.739762952576737742e-01
-6.740958304600239703e-01
-6.742428438113376998e-01
-6.743922024346142852e-01
-6.745104763382316904e-01
-6.745610955081393634e-01
-6.745118294938557968e-01
-6.743435743479483380e-01
-6.740588092793194930e-01
-6.736876483500922053e-01
-6.732893240464843387e-01
-6.729473338582431241e-01
-6.727574196380786686e-01
-6.728089797424835483e-01
-6.731622438573132694e-01
-6.738252450982245012e-01
-6.747358908721772242e-01
-6.757548423507070412e-01
-6.766741289448658936e-01
-6.772442909076168416e-01
-6.772194408143727973e-01
-6.764153202582169344e-01
-6.747708557978208121e-01
-6.723998391648569051e-01
-6.696173582201900842e-01
-6.669267159899021635e-01
-6.649576858249470757e-01
-6.643561053088633539e-01
-6.656367896883285118e-01
-6.690240456702956084e-01
-6.743134847948933919e-01
-6.807925016297290410e-01
-6.872531330192624965e-01
-6.921200830197494769e-01
-6.936994481820646374e-01
-6.905309057046625787e-01
-6.817981919962855519e-01
-6.677213166714962567e-01
-6.498257574414016968e-01
-6.309727394537331113e-01
-6.150582184217128212e-01
-6.063564676770836215e-01
-6.085866238464796574e-01
-6.238825550878345227e-01
-6.519037241703489194e-01
-6.893096270904502942e-01
-7.297429497844318824e-01
-7.643750587879908354e-01
-7.830200070148990443e-01
-7.758342890707299322e-01
-7.356091406664845289e-01
-6.604723171249236024e-01
-5.563556933424018691e-01
-4.380515749727603159e-01
-3.276066783017022588e-01
-2.496403478865587555e-01
-2.246591037028819737e-01
-2.626054619217694786e-01
-3.589622364917369746e-01
-4.947904595101662584e-01
-6.405751041796364786e-01
-7.622532796730956406e-01
-8.272421517581241002e-01
-8.093912619589002100e-01
-6.936233368878754746e-01
-4.812028739946097033e-01
-1.938955500757408301e-01
1.276974929545499904e-01
4.348054717127338153e-01
6.865606158066636100e-01
8.621462963440904570e-01
9.631268603224264480e-01
1.007178536683692727e+00
1.018305601622876200e+00
1.017782737370519053e+00
1.017800155576577659e+00
1.018291866255301992e+00
1.006952157036613338e+00
9.624404419604029037e-01
8.607677772377487768e-01
6.843751786818071947e-01
4.319064287666480317e-01
1.244128270519371526e-01
-1.970821169622168634e-01
-4.838117687705315029e-01
-6.953265955867024006e-01
-8.100739394254989900e-01
-8.269803638576405103e-01
-7.612599633614890449e-01
-6.391502425750579253e-01
-4.932760077825124045e-01
-3.576881237192259810e-01
-2.618269301044869879e-01
-2.245038213221456636e-01
-2.500866071671687396e-01
-3.285022223910900596e-01
-4.391667166459318761e-01
-5.574515429364584884e-01
-6.613598809225882391e-01
-7.361814885063066027e-01
-7.760686024594959376e-01
-7.829589778060310756e-01
-7.641007363503584671e-01
-7.293522720245708690e-01
-6.888953273994937732e-01
-6.515409794624938966e-01
-6.236209469882669776e-01
-6.084472374305053277e-01
-6.063339511449822306e-01
-6.151270262183122783e-01
-6.310959509719328286e-01
-6.499643505415076961e-01
-6.678418984601255382e-01
-6.818778940785046316e-01
-6.905591021842643062e-01
-6.936767667066715548e-01
-6.920556257716526938e-01
-6.871609001160726704e-01
-6.806878470895683098e-01
-6.742101835787971398e-01
-6.689323004736196232e-01
-6.655622889496578543e-01
-6.643000624676613786e-01
-6.649176481348683110e-01
-6.668978414936153065e-01
-6.695938339293752151e-01
-6.723761525129513528e-01
-6.747427193754595987e-01
-6.763801597018712641e-01
-6.771764590954989504e-01
-6.771941983951474953e-01
-6.766186685113414478e-01
-6.756962442127052437e-01
-6.746763712565718718e-01
-6.737666270787245892e-01
-6.731057380923350930e-01
-6.727551255446138079e-01
-6.727061583565843161e-01
-6.728981697792187910e-01
-6.732415231743100748e-01
-6.736404306594308000e-01
-6.740115020231074450e-01
-6.742957089451707686e-01
-6.744631789094025498e-01
-6.745116603506298159e-01
-6.744604348542462269e-01
-6.743418420503329846e-01
-6.741924906097483960e-01
-6.740457892000557560e-01
-6.739268075663674695e-01
-6.738498250594276984e-01
-6.738183638638461925e-01
-6.738271131013110482e-01
-6.738649564921680435e-01
-6.739183076795955962e-01
-6.739740914843137531e-01
-6.740219287840234497e-01
-6.740553283216802472e-01
-6.740719107764374662e-01
-6.740728551520877021e-01
-6.740618494782031345e-01
-6.740438481329638076e-01
-6.740239003283968744e-01
-6.740062389748008309e-01
-6.739937284612658175e-01
-6.739876834320386312e-01
-6.739880025720765833e-01
-6.739935193191510798e-01
-6.740024565291190539e-01
-6.740128806102141379e-01
-6.740230754879706909e-01
-6.740317897267061875e-01
-6.740383434963900244e-01
-6.740426098693090839e-01
-6.740449035845649250e-01
-6.740458188123376049e-01
-6.740460565395774983e-01
-6.740462743540908130e-01
-6.740469796557588822e-01
-6.740484746721516762e-01
-6.740508505479373413e-01
-6.740540198053555088e-01
-6.740577722950361617e-01
-6.740618392026949124e-01
-6.740659519766480923e-01
-6.740698871017950511e-01
-6.740734923255865541e-01
-6.740766942632603342e-01
-6.740794905949938354e-01
-6.740819319859193692e-01
-6.740840994031076505e-01
-6.740860819096485823e-01
-6.740879586673197421e-01
-6.740897872002590274e-01
-6.740915983433786174e-01
-6.740933970015743348e-01
-6.740951670337408386e-01
-6.740968782804444004e-01
-6.740984939066356763e-01
-6.740999766962185724e-01
-6.741012935510751758e-01
-6.741024180568214730e-01
-6.741033314566718948e-01
