-6.741095457429793214e-01
-6.741100271620128481e-01
-6.741102975173146605e-01
-6.741103595107044155e-01
-6.741102191559129597e-01
-6.741098872423406663e-01
-6.741093803489704994e-01
-6.741087206877012239e-01
-6.741079342397242602e-01
-6.741070470214761690e-01
-6.741060798203855065e-01
-6.741050422798793296e-01
-6.741039276674720693e-01
-6.741027099025855840e-01
-6.741013443436020269e-01
-6.740997733726500352e-01
-6.740979369766162410e-01
-6.740957873936307410e-01
-6.740933056536115853e-01
-6.740905167405686349e-01
-6.740874994334825621e-01
-6.740843869184610648e-01
-6.740813552059188307e-01
-6.740785982860597603e-01
-6.740762916678031402e-01
-6.740745490981184807e-01
-6.740733802680974884e-01
-6.740726594538498651e-01
-6.740721155671789422e-01
-6.740713523950941921e-01
-6.740699036000648015e-01
-6.740673205278842062e-01
-6.740632828055639347e-01
-6.740577134734331288e-01
-6.740508738056374405e-01
-6.740434100347294510e-01
-6.740363266921913787e-01
-6.740308702957102938e-01
-6.740283225870035144e-01
-6.740297228866269919e-01
-6.740355612256738738e-01
-6.740455032231741361e-01
-6.740582189519260803e-01
-6.740713862679801327e-01
-6.740819207250889900e-01
-6.740864484209647678e-01
-6.740819878093443629e-01
-6.740667487218144904e-01
-6.740409024690304784e-01
-6.740071393358786356e-01
-6.739708226695759752e-01
-6.739395828781271636e-01
-6.739222746522475216e-01
-6.739273421668819930e-01
-6.739607846980621986e-01
-6.740240632951194355e-01
-6.741124044507461610e-01
-6.742140033212461470e-01
-6.743105761873282589e-01
-6.743795420222375991e-01
-6.743978296759169933e-01
-6.743469398822105054e-01
-6.742184970223118468e-01
-6.740191845045001573e-01
-6.737737626741111541e-01
-6.735249082692420508e-01
-6.733289527774044547e-01
-6.732472477619942941e-01
-6.733337940646150210e-01
-6.736208077516253612e-01
-6.741048597963956723e-01
-6.747368802008095745e-01
-6.754194268818427549e-01
-6.760140081603210893e-01
-6.763598429625616859e-01
-6.763033145338064323e-01
-6.757347561634906574e-01
-6.746265099572937851e-01
-6.730639939650728820e-01
-6.712604824001527914e-01
-6.695471225887984490e-01
-6.683328427095424074e-01
-6.680342452224470318e-01
-6.689826692727096624e-01
-6.713230037033136588e-01
-6.749247857464141243e-01
-6.793289314946640012e-01
-6.837519551414426022e-01
-6.871633522396565219e-01
-6.884411650591890641e-01
-6.865960957718771906e-01
-6.810365864155180082e-01
-6.718277054144465854e-01
-6.598794940946207666e-01
-6.469929051078566751e-01
-6.357026279535370472e-01
-6.288918880277362122e-01
-6.292113595124118053e-01
-6.383971237476347982e-01
-6.566282570421048126e-01
-6.820746607710231890e-01
-7.107580656096262883e-01
-7.368016156103326386e-01
-7.531031715335350096e-01
-7.524466627249920547e-01
-7.290364191985705400e-01
-6.803335284672490380e-01
-6.088381874532675653e-01
-5.231607423955154657e-01
-4.375894444254900262e-01
-3.696704754355997768e-01
-3.360891243424156127e-01
-3.479938293852737341e-01
-4.073043217800039195e-01
-5.052471489204369837e-01
-6.235140827208462966e-01
-7.374190572407863797e-01
-8.197946403931929416e-01
-8.446755705342575693e-01
-7.909691030427682401e-01
-6.471237050677168812e-01
-4.167752005967052531e-01
-1.225077815099047257e-01
1.969223396994214947e-01
4.976437700888116100e-01
7.451464433164221024e-01
9.231835360905956689e-01
1.032716653053588063e+00
1.083345245522948641e+00
1.083098884273461238e+00
1.031932800157105534e+00
9.217620202886028791e-01
7.430209475091957838e-01
4.948828370991434356e-01
1.937834690723701792e-01
-1.256188022281177208e-01
-4.194301947784396245e-01
-6.490085285726027164e-01
-7.919536544608644091e-01
-8.448027036942439283e-01
-8.192280349209296597e-01
-7.363919315879845495e-01
-6.222912022119312381e-01
-5.040910840088552725e-01
-4.064376007568973326e-01
-3.475611965780441293e-01
-3.361327938746447863e-01
-3.701293827946381398e-01
-4.383244002434193987e-01
-5.239972725106641915e-01
-6.096123870376780607e-01
-6.809264191223353135e-01
-7.293889722997505265e-01
-7.525565723328858647e-01
-7.530102900379906927e-01
-7.365696966733218387e-01
-7.104579447820712490e-01
-6.817711260940743090e-01
-6.563711548567525700e-01
-6.382166527887702667e-01
-6.291173274184105324e-01
-6.288764272084071960e-01
-6.357454254512738823e-01
-6.470676113964217713e-01
-6.599598766490967217e-01
-6.718923862616000831e-01
-6.810717419211865797e-01
-6.865960888268736184e-01
-6.884075299761965860e-01
-6.871027698842442355e-01
-6.836738597750525726e-01
-6.792432621807217297e-01
-6.748402175025990379e-01
-6.712458215274108575e-01
-6.689163057814478952e-01
-6.679793963824905978e-01
-6.682880069693059033e-01
-6.695093767758222292e-01
-6.712263112104606133e-01
-6.730300225887161369e-01
-6.745900405862899074e-01
-6.756940657804738626e-01
-6.762577217285232756e-01
-6.763095878760159163e-01
-6.759600092778697000e-01
-6.753629826324558660e-01
-6.746793758497026117e-01
-6.740475253066734451e-01
-6.735645541562618188e-01
-6.732791377038318537e-01
-6.731943159769075979e-01
-6.732775530160401978e-01
-6.734746359815916295e-01
-6.737241219599636732e-01
-6.739696985637203541e-01
-6.741687917589104240e-01
-6.742967919117530684e-01
-6.743471778528216110e-01
-6.743284680948929966e-01
-6.742592644372726873e-01
-6.741626907289970383e-01
-6.740613322441305622e-01
-6.739734382497982734e-01
-6.739107550644386491e-01
-6.738779894210600308e-01
-6.738736191210140669e-01
-6.738915991494242030e-01
-6.739234597705117125e-01
-6.739603408707284249e-01
-6.739946229841560221e-01
-6.740209641142848040e-01
-6.740366992193774776e-01
-6.740416804134693463e-01
-6.740377154635766033e-01
-6.740277957447559087e-01
-6.740152972144782817e-01
-6.740033000655556439e-01
-6.739941181706671225e-01
-6.739890716381392588e-01
-6.739884856114802814e-01
-6.739918628688066349e-01
-6.739981596370614447e-01
-6.740060924488441296e-01
-6.740144152632685515e-01
-6.740221254312613874e-01
-6.740285791676644545e-01
-6.740335175006515467e-01
-6.740370190673252715e-01
-6.740394050694341610e-01
-6.740411241412410659e-01
-6.740426419083898057e-01
-6.740443534158265804e-01
-6.740465283729406565e-01
-6.740492911196134251e-01
-6.740526307157178598e-01
-6.740564323708894134e-01
-6.740605197506693846e-01
-6.740646982296363277e-01
-6.740687913048690749e-01
-6.740726653887977315e-01
-6.740762413465851699e-01
-6.740794938493011035e-01
-6.740824415093620292e-01
-6.740851317034195489e-01
-6.740876240231882255e-01
-6.740899756244643770e-01
-6.740922306447805212e-01
-6.740944146203854404e-01
-6.740965337044008132e-01
-6.740985776478110036e-01
-6.741005250433329543e-01
-6.741023492543094520e-01
-6.741040236930000429e-01
-6.741055255667284252e-01
-6.741068377497648756e-01
-6.741079489430575888e-01
-6.741088526576616280e-01
