-6.740899415426130359e-01
-6.740904151109937681e-01
-6.740907395896327259e-01
-6.740909241548838082e-01
-6.740909838306244906e-01
-6.740909386392895941e-01
-6.740908120291697614e-01
-6.740906283883735250e-01
-6.740904096340628593e-01
-6.740901711381496186e-01
-6.740899175656092090e-01
-6.740896394841008332e-01
-6.740893117679452873e-01
-6.740888947856522595e-01
-6.740883390730415536e-01
-6.740875936419080672e-01
-6.740866173031669906e-01
-6.740853915029322296e-01
-6.740839323466554234e-01
-6.740822989239725338e-01
-6.740805949519879103e-01
-6.740789612927459151e-01
-6.740775581469052868e-01
-6.740765376220072547e-01
-6.740760097012127305e-01
-6.740760070165388029e-01
-6.740764557520079192e-01
-6.740771609051084967e-01
-6.740778135099521062e-01
-6.740780249426260307e-01
-6.740773890649326416e-01
-6.740755670983088477e-01
-6.740723835814592668e-01
-6.740679157789566389e-01
-6.740625549532783811e-01
-6.740570174758795385e-01
-6.740522880040631382e-01
-6.740494863901848044e-01
-6.740496641346135354e-01
-6.740535533818384772e-01
-6.740613088542286579e-01
-6.740722969745485127e-01
-6.740849926345390264e-01
-6.740970389332373580e-01
-6.741055064026671984e-01
-6.741073557056203036e-01
-6.741000644586887525e-01
-6.740823308853650664e-01
-6.740547235213988353e-01
-6.740201180672478198e-01
-6.739837605783436381e-01
-6.739528289529286287e-01
-6.739354355377149552e-01
-6.739391186986987137e-01
-6.739689977429096368e-01
-6.740258923854129947e-01
-6.741048073126442164e-01
-6.741942242562715126e-01
-6.742766018629581248e-01
-6.743303413301281468e-01
-6.743332338759218114e-01
-6.742670868765577863e-01
-6.741228746883440870e-01
-6.739054445971937035e-01
-6.736366082359787066e-01
-6.733554445559739587e-01
-6.731148944395733968e-01
-6.729742632232686983e-01
-6.729880327907306059e-01
-6.731923192870701289e-01
-6.735912319638089896e-01
-6.741460859496816171e-01
-6.747706818572222209e-01
-6.753355092572425056e-01
-6.756826597309584237e-01
-6.756514635884973696e-01
-6.751125470600904954e-01
-6.740054533184666186e-01
-6.723726481406042677e-01
-6.703812388119392285e-01
-6.683237243920460147e-01
-6.665911110801333583e-01
-6.656159796780506399e-01
-6.657892403688623340e-01
-6.673613605698178741e-01
-6.703453009610141899e-01
-6.744426104430911728e-01
-6.790148298020070028e-01
-6.831189246584021824e-01
-6.856179307892701358e-01
-6.853666354118843618e-01
-6.814571722615109239e-01
-6.734913599535292672e-01
-6.618274151273919603e-01
-6.477333394657379673e-01
-6.333762272849854380e-01
-6.215950125048984587e-01
-6.154474720212937955e-01
-6.175830476023931315e-01
-6.295518264280141052e-01
-6.511934617250951796e-01
-6.802438338245604399e-01
-7.122576014663832833e-01
-7.408969455933746007e-01
-7.586111311116806588e-01
-7.577360631418794679e-01
-7.320374231810817811e-01
-6.786198223387657213e-01
-5.998610401112632884e-01
-5.046722610557091704e-01
-4.081998685260689319e-01
-3.293977187394263595e-01
-2.867488856283149090e-01
-2.933592795112164864e-01
-3.530736130381463833e-01
-4.589260505131084744e-01
-5.943219740069684009e-01
-7.362174102989563762e-01
-8.587366324042865484e-01
-9.358232908606154421e-01
-9.429146964232095751e-01
-8.594050637313958019e-01
-6.740424915930365302e-01
-3.929433878469847374e-01
-4.545215221564383179e-02
3.189287420404633422e-01
6.440972289523813066e-01
8.836034992709010938e-01
1.009058777486403269e+00
1.008554163019397709e+00
8.821318632917046765e-01
6.418097004061197319e-01
3.161225812269919944e-01
-4.835490370637176433e-02
-3.955026163002277606e-01
-6.759323681971199926e-01
-8.604840554666400854e-01
-9.432071350798976184e-01
-9.354560180917985690e-01
-8.578840782819738831e-01
-7.350749132680586273e-01
-5.930955899995604685e-01
-4.578189981031839939e-01
-3.522604704118396102e-01
-2.929543829612092365e-01
-2.867830428230224715e-01
-3.298146924179680695e-01
-4.088756024525324051e-01
-5.054506499027832112e-01
-6.005937172246554878e-01
-6.791968008274453794e-01
-7.324010201205285453e-01
-7.578786879441443691e-01
-7.585630481311429474e-01
-7.407108699758270243e-01
-7.119946047509607689e-01
-6.799622953880366527e-01
-6.509412470635120851e-01
-6.293614961866433877e-01
-6.174699986388214601e-01
-6.154108956388184559e-01
-6.216212566730753286e-01
-6.334437282857616758e-01
-6.478180022658472925e-01
-6.619073392901280162e-01
-6.735501267111316803e-01
-6.814853849596480551e-01
-6.853618538310054520e-01
-6.855834298930369997e-01
-6.830618085979878185e-01
-6.789439876270153551e-01
-6.743668817057564269e-01
-6.702720835042733638e-01
-6.672957682228097820e-01
-6.657338142647563073e-01
-6.655708756501228507e-01
-6.665546297474130855e-01
-6.682930236571245075e-01
-6.703530716586477700e-01
-6.723439976988684341e-01
-6.739739828270545630e-01
-6.750768327729038676e-01
-6.756110230928914495e-01
-6.756378195772526629e-01
-6.752871717997778189e-01
-6.747200531085252306e-01
-6.740944175868835986e-01
-6.735396156507972298e-01
-6.731415541540570757e-01
-6.729385704433983317e-01
-6.729262213039375329e-01
-6.730681208490357781e-01
-6.733096103709361735e-01
-6.735913077198477650e-01
-6.738602844804643111e-01
-6.740775407203358771e-01
-6.742213821035684118e-01
-6.742870889718355354e-01
-6.742838017608953072e-01
-6.742297993076283857e-01
-6.741473405324954760e-01
-6.740580383589084290e-01
-6.739794181045164478e-01
-6.739229612355466248e-01
-6.738936160968207467e-01
-6.738905156638086424e-01
-6.739085006234650788e-01
-6.739400046322751026e-01
-6.739769011004635990e-01
-6.740120107177944853e-01
-6.740400960734252989e-01
-6.740582963957238993e-01
-6.740660604282942003e-01
-6.740647061553627362e-01
-6.740567686235356959e-01
-6.740452949503171753e-01
-6.740332172572747194e-01
-6.740228906152933019e-01
-6.740158350445711877e-01
-6.740126772547623268e-01
-6.740132553110402824e-01
-6.740168306795042419e-01
-6.740223470648992743e-01
-6.740286817531500052e-01
-6.740348491061339820e-01
-6.740401333053137600e-01
-6.740441446552265514e-01
-6.740468079034217519e-01
-6.740483004537429768e-01
-6.740489625690874176e-01
-6.740492011864422928e-01
-6.740494049780925145e-01
-6.740498822799405598e-01
-6.740508269529796870e-01
-6.740523113734872007e-01
-6.740543013863248278e-01
-6.740566855826072290e-01
-6.740593106513734778e-01
-6.740620154718409696e-01
-6.740646585464176166e-01
-6.740671357615816150e-01
-6.740693877959542668e-01
-6.740713983920397778e-01
-6.740731859519762947e-01
-6.740747914511429073e-01
-6.740762655632026590e-01
-6.740776573225130130e-01
-6.740790058223633530e-01
-6.740803355643311123e-01
-6.740816553019244317e-01
-6.740829596698477699e-01
-6.740842326043381405e-01
-6.740854515279509629e-01
-6.740865914384097657e-01
-6.740876283252508205e-01
-6.740885416541128050e-01
-6.740893159316744265e-01
