-6.740971563246358489e-01
-6.740975364733898800e-01
-6.740975665385966487e-01
-6.740972957552100464e-01
-6.740968040356553059e-01
-6.740961969139461774e-01
-6.740955956611703881e-01
-6.740951213400657727e-01
-6.740948730203284445e-01
-6.740949024769092857e-01
-6.740951899614084919e-01
-6.740956274266093340e-01
-6.740960162108673437e-01
-6.740960850892323553e-01
-6.740955315028026584e-01
-6.740940838591482631e-01
-6.740915767493219635e-01
-6.740880249460052820e-01
-6.740836776787964002e-01
-6.740790335444486470e-01
-6.740747998119086537e-01
-6.740717884069383770e-01
-6.740707539967757400e-01
-6.740721955251791631e-01
-6.740761582002119390e-01
-6.740820843582383537e-01
-6.740887646912654407e-01
-6.740944326975996104e-01
-6.740970234226304481e-01
-6.740945839112477689e-01
-6.740857819245245075e-01
-6.740704191939428380e-01
-6.740498258411105059e-01
-6.740270040639306792e-01
-6.740064102613664287e-01
-6.739933192208228396e-01
-6.739927985618228146e-01
-6.740084246967323889e-01
-6.740409735215086018e-01
-6.740873947338561489e-01
-6.741404019299938044e-01
-6.741889603622660543e-01
-6.742198209997281033e-01
-6.742200411418117767e-01
-6.741801764729781210e-01
-6.740975748193079875e-01
-6.739790095206490417e-01
-6.738418249959592377e-01
-6.737128820053106537e-01
-6.736249106189310387e-01
-6.736103876881837094e-01
-6.736936842486898058e-01
-6.738828592244670013e-01
-6.741629575528791385e-01
-6.744928458612247102e-01
-6.748073598021255837e-01
-6.750257845216918184e-01
-6.750664819953804408e-01
-6.748659689809330953e-01
-6.743992017474995659e-01
-6.736965900778091321e-01
-6.728527309834542169e-01
-6.720223668354931013e-01
-6.714008316618752525e-01
-6.711891970853269829e-01
-6.715480792558977674e-01
-6.725479062594222901e-01
-6.741264428808776410e-01
-6.760655913452500165e-01
-6.779982339746305486e-01
-6.794518810380335561e-01
-6.799293567431140550e-01
-6.790184007805021293e-01
-6.765130439207678315e-01
-6.725216040812790341e-01
-6.675313742847713838e-01
-6.624011255158508416e-01
-6.582616254258413235e-01
-6.563219921154037628e-01
-6.576034234098558917e-01
-6.626460464758240354e-01
-6.712520525992974330e-01
-6.823329472958067354e-01
-6.939187394661018304e-01
-7.033649074276189239e-01
-7.077637093332540541e-01
-7.045321217395845714e-01
-6.921068492853368337e-01
-6.706241980050531293e-01
-6.424063433638784737e-01
-6.120434948438041589e-01
-5.858965521957157918e-01
-5.709756568350915495e-01
-5.733539031700140010e-01
-5.964701433934156416e-01
-6.397593490354323009e-01
-6.979695957712288568e-01
-7.613192707205747034e-01
-8.164425941333951497e-01
-8.480184615829112760e-01
-8.411293725406348010e-01
-7.845658772977197604e-01
-6.750574068952371887e-01
-5.214634814194081258e-01
-3.467061218961506874e-01
-1.849742396527400412e-01
-7.356936045038620087e-02
-4.180298266269748958e-02
-1.011557587913108347e-01
-2.403492331233506030e-01
-4.271096194418971814e-01
-6.160339222786312963e-01
-7.594311854068005463e-01
-8.170165874849817378e-01
-7.625945562116875909e-01
-5.890924407667430529e-01
-3.129189882955485946e-01
2.565283763593010496e-02
3.713076313364143122e-01
6.711378130417420262e-01
8.915110924539130233e-01
1.024473698284036338e+00
1.082704651962943077e+00
1.089027685996214911e+00
1.066878762314124707e+00
1.034767871491378388e+00
1.004613959143500823e+00
9.826362811471418546e-01
9.713315211653928971e-01
9.713848617527188756e-01
9.827950471024584633e-01
1.004868328106163888e+00
1.035082972335184204e+00
1.067172934889339952e+00
1.089154677007603045e+00
1.082453347588955728e+00
1.023600620594768085e+00
8.898160174298964664e-01
6.685728583627787991e-01
3.680695601059942312e-01
2.218704787254732400e-02
-3.160407299286695504e-01
-5.913657181732074886e-01
-7.637227061619081825e-01
-8.169466067817550137e-01
-7.583226775084439542e-01
-6.142147782960464264e-01
-4.250263012361815695e-01
-2.384891125309765714e-01
-9.993918768698675792e-02
-4.147942570683785940e-02
-7.415989319477353514e-02
-1.862816439875407959e-01
-3.483882426220515915e-01
-5.231433660818887166e-01
-6.764279487774317312e-01
-7.854506400633504137e-01
-8.414884690216776209e-01
-8.479168739632693130e-01
-8.160070145488027560e-01
-7.607002798035308322e-01
-6.973135040170573840e-01
-6.391878887532277398e-01
-5.960664070921880553e-01
-5.731551131762724349e-01
-5.709741163200422465e-01
-5.860487730287161634e-01
-6.122851816563394944e-01
-6.426691841869400790e-01
-6.708502246494980614e-01
-6.922574792255941079e-01
-7.045910748895648501e-01
-7.077347935680049495e-01
-7.032665820663587253e-01
-6.937774127423298465e-01
-6.821765293134776087e-01
-6.711047511703074342e-01
-6.625249407707396454e-01
-6.575169892605402522e-01
-6.562704421337369753e-01
-6.582386604693253318e-01
-6.623965096337580682e-01
-6.675336885332759929e-01
-6.725206183176811736e-01
-6.765013362272386255e-01
-6.789920867626536571e-01
-6.798879993269929534e-01
-6.793977922426139848e-01
-6.779354411779964229e-01
-6.759987334692433292e-01
-6.740598092221945503e-01
-6.724847551911962151e-01
-6.714902939812568139e-01
-6.711372642906628938e-01
-6.713540753389442006e-01
-6.719793388609880402e-01
-6.728116532059097432e-01
-6.736557563707675778e-01
-6.743572761132533566e-01
-6.748221491600236988e-01
-6.750205295076853185e-01
-6.749779461045606332e-01
-6.747582190959903192e-01
-6.744431478287691295e-01
-6.741134433196289688e-01
-6.738341386445713121e-01
-6.736461606357849741e-01
-6.735642366016112437e-01
-6.735801044773273016e-01
-6.736692458645531234e-01
-6.737991064318843426e-01
-6.739369467682378989e-01
-6.740559511479783383e-01
-6.741388539597603646e-01
-6.741789722957723940e-01
-6.741790410948740320e-01
-6.741485662369995913e-01
-6.741005242070102765e-01
-6.740481700625904349e-01
-6.740025219538183787e-01
-6.739708352037160344e-01
-6.739561235106955595e-01
-6.739575767817406193e-01
-6.739715924743787667e-01
-6.739930877618371952e-01
-6.740167837367576631e-01
-6.740382290325280801e-01
-6.740544324515049812e-01
-6.740640772940830194e-01
-6.740673745128450411e-01
-6.740656660191821636e-01
-6.740609102560641830e-01
-6.740551733656416911e-01
-6.740502194467887787e-01
-6.740472530191156109e-01
-6.740468259283015628e-01
-6.740488873373743361e-01
-6.740529337513634367e-01
-6.740582075041607890e-01
-6.740638952976860665e-01
-6.740692898754824247e-01
-6.740738936024647243e-01
-6.740774586579585392e-01
-6.740799716653190776e-01
-6.740815990717058392e-01
-6.740826129541206413e-01
-6.740833157537852172e-01
-6.740839780459848551e-01
-6.740847974570881584e-01
-6.740858807903579164e-01
-6.740872465099742028e-01
-6.740888416494774660e-01
-6.740905661250398140e-01
-6.740922980733118353e-01
-6.740939156325245207e-01
-6.740953128577721332e-01
-6.740964095619714769e-01
