-6.741227990202339759e-01
-6.741232793701167347e-01
-6.741235128192418768e-01
-6.741235067997692898e-01
-6.741232730371499171e-01
-6.741228262975363927e-01
-6.741221826190220145e-01
-6.741213571153223949e-01
-6.741203615718345254e-01
-6.741192021987043592e-01
-6.741178780168988194e-01
-6.741163803815725108e-01
-6.741146940541581367e-01
-6.741128000077478699e-01
-6.741106798107993070e-01
-6.741083210389018365e-01
-6.741057227977779176e-01
-6.741029001985974212e-01
-6.740998865939428208e-01
-6.740967326102723645e-01
-6.740935014992245344e-01
-6.740902610137899931e-01
-6.740870727792083184e-01
-6.740839808196633642e-01
-6.740810013623871333e-01
-6.740781161428270885e-01
-6.740752711125589380e-01
-6.740723817226701442e-01
-6.740693449212040722e-01
-6.740660568326235502e-01
-6.740624339810323828e-01
-6.740584350670294489e-01
-6.740540798494781827e-01
-6.740494616809827866e-01
-6.740447506840598901e-01
-6.740401853627069340e-01
-6.740360515341043968e-01
-6.740326487762443586e-01
-6.740302461093297115e-01
-6.740290303938974992e-01
-6.740290529591630442e-01
-6.740301821952822126e-01
-6.740320719785094505e-01
-6.740341573016525034e-01
-6.740356885355801575e-01
-6.740358133769679405e-01
-6.740337098615827305e-01
-6.740287644119404842e-01
-6.740207761695196087e-01
-6.740101544527389299e-01
-6.739980630211948043e-01
-6.739864569624648416e-01
-6.739779599706434698e-01
-6.739755454895854925e-01
-6.739820166466987672e-01
-6.739993257929748349e-01
-6.740278291461302418e-01
-6.740656252713602692e-01
-6.741081639765728051e-01
-6.741483191613765191e-01
-6.741770816200332028e-01
-6.741849381656107587e-01
-6.741638643002707543e-01
-6.741096848525582885e-01
-6.740243805238764763e-01
-6.739177799132344271e-01
-6.738080237294225006e-01
-6.737202637514030368e-01
-6.736832903238879622e-01
-6.737241664290640752e-01
-6.738614429789435700e-01
-6.740980573359065531e-01
-6.744154596630020926e-01
-6.747707374711993111e-01
-6.750983951907866265e-01
-6.753179105421563966e-01
-6.753472208159609913e-01
-6.751209714293294750e-01
-6.746108737132440192e-01
-6.738441576837992386e-01
-6.729152309989321346e-01
-6.719856446201591949e-01
-6.712686186379465125e-01
-6.709968061207342016e-01
-6.713754798176493344e-01
-6.725273831424459781e-01
-6.744392693296747954e-01
-6.769227080013048292e-01
-6.796022075604966073e-01
-6.819415166638439496e-01
-6.833139454104507626e-01
-6.831148802798752140e-01
-6.809049192286015240e-01
-6.765612987203865059e-01
-6.704054315488384708e-01
-6.632684275199911550e-01
-6.564582100261805442e-01
-6.516044827422609043e-01
-6.503818118680304572e-01
-6.541423818121411271e-01
-6.635201208912167026e-01
-6.780871791173727070e-01
-6.961460299019227582e-01
-7.147268028339075485e-01
-7.298373325571687609e-01
-7.369903908469765952e-01
-7.320066839508462264e-01
-7.120465007059109119e-01
-6.767345542341213216e-01
-6.291112476602898074e-01
-5.760243434155187803e-01
-5.275763443679547526e-01
-4.954570171628516762e-01
-4.903882349919715389e-01
-5.193060610623564388e-01
-5.830707207908213396e-01
-6.753083212260028168e-01
-7.825189429186941714e-01
-8.850892403793853003e-01
-9.587131353426229241e-01
-9.762739527460861932e-01
-9.113022787705122862e-01
-7.446379644370296758e-01
-4.742546874194448203e-01
-1.239305106135686757e-01
2.569318035295904412e-01
6.062971349324735026e-01
8.686959407159415836e-01
1.007708533553674624e+00
1.007024432545193138e+00
8.667171611219323113e-01
6.032716110279702226e-01
2.533106302965400514e-01
-1.275552769038582612e-01
-4.773181177612161319e-01
-7.467746156647776523e-01
-9.124115077909491500e-01
-9.764683338796830148e-01
-9.582203333462797623e-01
-8.841713313029202492e-01
-7.814270552419166904e-01
-6.742600095377586644e-01
-5.822343932846002490e-01
-5.187870961396164882e-01
-4.902205487167188291e-01
-4.956058557574838930e-01
-5.279543160310505856e-01
-5.765171670726407793e-01
-6.296058203569925293e-01
-6.771415379736569484e-01
-7.123125632833623433e-01
-7.321158805945294779e-01
-7.369575556399280414e-01
-7.296975292762589715e-01
-7.145242416948189845e-01
-6.959245311705370973e-01
-6.778831428314907592e-01
-6.633583030556965410e-01
-6.540344248393112903e-01
-6.503272101524764093e-01
-6.515933951186001494e-01
-6.564753090162457339e-01
-6.632968956558307205e-01
-6.704303277424153995e-01
-6.765717909846811207e-01
-6.808952207325440487e-01
-6.830840291871158598e-01
-6.832647648811900343e-01
-6.818791613762257287e-01
-6.795326700862213132e-01
-6.768515633085271377e-01
-6.743708177237972556e-01
-6.724642392846222894e-01
-6.713185649094245422e-01
-6.709456402612242742e-01
-6.712217829995545948e-01
-6.719412856704541914e-01
-6.728715044410426005e-01
-6.737995481415802734e-01
-6.745643668763561251e-01
-6.750720896133381999e-01
-6.752959553806686666e-01
-6.752645939897640170e-01
-6.750435539298621501e-01
-6.747149569711575756e-01
-6.743592812719052532e-01
-6.740419139680340344e-01
-6.738056315247528127e-01
-6.736688490698857779e-01
-6.736285147968493758e-01
-6.736659931436161930e-01
-6.737541684442444057e-01
-6.738642269870572798e-01
-6.739710177272755232e-01
-6.740564186158980453e-01
-6.741106314291763768e-01
-6.741317117393373914e-01
-6.741238716512009121e-01
-6.740951687491888444e-01
-6.740551419079237050e-01
-6.740128162990054461e-01
-6.739753234054696174e-01
-6.739472088947690009e-01
-6.739303618244534277e-01
-6.739244087800612126e-01
-6.739273788316906266e-01
-6.739364521047903622e-01
-6.739486426859466750e-01
-6.739613200172313023e-01
-6.739725278684876031e-01
-6.739811061168713424e-01
-6.739866522043541641e-01
-6.739893749392549260e-01
-6.739898952472714866e-01
-6.739890405129764783e-01
-6.739876658404482246e-01
-6.739865209919565503e-01
-6.739861689119760468e-01
-6.739869522523840306e-01
-6.739889986177043379e-01
-6.739922529100628168e-01
-6.739965252729109846e-01
-6.740015447146042726e-01
-6.740070106991660204e-01
-6.740126372611594530e-01
-6.740181862540401969e-01
-6.740234881027993286e-01
-6.740284499318000000e-01
-6.740330522192660156e-01
-6.740373361900469096e-01
-6.740413849434809812e-01
-6.740453017392168400e-01
-6.740491888593925784e-01
-6.740531300125157665e-01
-6.740571784018809520e-01
-6.740613514847929588e-01
-6.740656322856783955e-01
-6.740699760961055276e-01
-6.740743206666865994e-01
-6.740785976725005568e-01
-6.740827433334410923e-01
-6.740867065293083549e-01
-6.740904534394325243e-01
-6.740939685002300674e-01
-6.740972521583004085e-01
-6.741003163840122436e-01
-6.741031791387154248e-01
-6.741058589561506054e-01
-6.741083705561821127e-01
-6.741107220416113766e-01
-6.741129138325616665e-01
-6.741149391525390611e-01
-6.741167856528644808e-01
-6.741184376691887747e-01
-6.741198786323951975e-01
-6.741210932681197532e-01
-6.741220693645558759e-01
