-6.740877441184728314e-01
-6.740882132882177746e-01
-6.740885370968298096e-01
-6.740887260508861001e-01
-6.740887973042044568e-01
-6.740887736456677715e-01
-6.740886816495275102e-01
-6.740885487786637542e-01
-6.740883994371276167e-01
-6.740882502813015931e-01
-6.740881054591295607e-01
-6.740879527677623440e-01
-6.740877619031824253e-01
-6.740874859293456423e-01
-6.740870667567656627e-01
-6.740864447792863645e-01
-6.740855719277604186e-01
-6.740844263880875209e-01
-6.740830262916097659e-01
-6.740814390530067701e-01
-6.740797829416520504e-01
-6.740782181146918184e-01
-6.740769257966272576e-01
-6.740760764887347989e-01
-6.740757907744409083e-01
-6.740760990107875772e-01
-6.740769083742516044e-01
-6.740779867151619476e-01
-6.740789718871701419e-01
-6.740794122867628246e-01
-6.740788392500322024e-01
-6.740768651662438771e-01
-6.740732936486598659e-01
-6.740682212775814808e-01
-6.740621060074154514e-01
-6.740557770134757432e-01
-6.740503658709129375e-01
-6.740471500470904820e-01
-6.740473161440138083e-01
-6.740516701803910271e-01
-6.740603421378851268e-01
-6.740725476674543915e-01
-6.740864765230655253e-01
-6.740993707533059487e-01
-6.741078333373736742e-01
-6.741083698672826197e-01
-6.740981155825178650e-01
-6.740756448369673581e-01
-6.740417105122148422e-01
-6.739997295923912946e-01
-6.739558305618660317e-01
-6.739183180388980121e-01
-6.738964937374756214e-01
-6.738988954925511088e-01
-6.739311626010341394e-01
-6.739938811708544586e-01
-6.740808752751413779e-01
-6.741784538385618974e-01
-6.742660691671878981e-01
-6.743186729792972622e-01
-6.743107714994365232e-01
-6.742218095890697427e-01
-6.740421090505626101e-01
-6.737782263126979032e-01
-6.734563728946744154e-01
-6.731225510222775821e-01
-6.728383673737065029e-01
-6.726721251173629623e-01
-6.726857158780842338e-01
-6.729189180953496496e-01
-6.733737622616099427e-01
-6.740024048957757863e-01
-6.747022150071392277e-01
-6.753213185981833400e-01
-6.756765623317779745e-01
-6.755837731176370653e-01
-6.748974911645883035e-01
-6.735544020907098250e-01
-6.716120346763786442e-01
-6.692726286334621522e-01
-6.668821784147553888e-01
-6.648971591444909901e-01
-6.638165608458901357e-01
-6.640841368382048859e-01
-6.659739692150420387e-01
-6.694797488337899116e-01
-6.742326635607155394e-01
-6.794731063274008775e-01
-6.840970350228726682e-01
-6.867889343798825319e-01
-6.862402984918495319e-01
-6.814354471420114301e-01
-6.719655608717047812e-01
-6.583092157141269274e-01
-6.419996409590966735e-01
-6.255960913835636461e-01
-6.124003932235787540e-01
-6.059137763152524503e-01
-6.091026285164652387e-01
-6.236093723544333667e-01
-6.490775716448188293e-01
-6.827437605318718017e-01
-7.193935648886221612e-01
-7.517218644090813973e-01
-7.711154024073469948e-01
-7.688991514852515641e-01
-7.380973599418169107e-01
-6.756398620344141737e-01
-5.846059242253851540e-01
-4.756386070554831647e-01
-3.664463922011380603e-01
-2.787539022660375232e-01
-2.331640152465348781e-01
-2.435129028826217845e-01
-3.126870619828838738e-01
-4.313401777529596304e-01
-5.798185698910830466e-01
-7.322830957402738372e-01
-8.610763866276929246e-01
-9.396419310376961098e-01
-9.440120117731410909e-01
-8.549197193178393883e-01
-6.629160964160697445e-01
-3.761096303173108168e-01
-2.551745767525128578e-02
3.387052429655635355e-01
6.612061671847210276e-01
8.973070403321822264e-01
1.020499267308101921e+00
1.020025074662300524e+00
8.959200712998320881e-01
6.590384111058879002e-01
3.360259086741012591e-01
-2.831476331947827690e-02
-3.786034217262947421e-01
-6.647842360126896555e-01
-8.560114848117349462e-01
-9.443352805564341201e-01
-9.393049276344068721e-01
-8.602366841282601539e-01
-7.311247293750069431e-01
-5.785453555648463198e-01
-4.301635744095087532e-01
-3.117981421086353788e-01
-2.430453545403998550e-01
-2.331645055554500412e-01
-2.791736756567824163e-01
-3.671587131399213222e-01
-4.764763821374343733e-01
-5.854060393696935982e-01
-6.762788297603445908e-01
-7.385084985669394531e-01
-7.690711079355112556e-01
-7.710788739862678431e-01
-7.515326141375809899e-01
-7.191170113076000847e-01
-6.824430506346217395e-01
-6.488051504750034226e-01
-6.234016816552990781e-01
-6.089778091739191934e-01
-6.058723476853876688e-01
-6.124285941301285119e-01
-6.256710709119935876e-01
-6.420953021403383865e-01
-6.584014689665520503e-01
-6.720360622073124901e-01
-6.814734247189954131e-01
-6.862425892210328726e-01
-6.867586960316183209e-01
-6.840417222133459152e-01
-6.794022511487869398e-01
-6.741558682878059372e-01
-6.694051469386702591e-01
-6.659072753963564129e-01
-6.640282954218036382e-01
-6.637719146935299186e-01
-6.648619996725810832e-01
-6.668535055513986620e-01
-6.692469499014332968e-01
-6.715860617910273112e-01
-6.735255519767734400e-01
-6.748641531780937841e-01
-6.755453533323437787e-01
-6.756333508774260421e-01
-6.752742442545947021e-01
-6.746525539323148246e-01
-6.739515013962943391e-01
-6.733228035845570947e-01
-6.728687866588971556e-01
-6.726369246108144795e-01
-6.726248270782326788e-01
-6.727924210049358589e-01
-6.730776177227165702e-01
-6.734120237122924735e-01
-6.737340383921898157e-01
-6.739977385911402052e-01
-6.741770349464358825e-01
-6.742655063906205504e-01
-6.742729546029104792e-01
-6.742200289849203942e-01
-6.741322797557796065e-01
-6.740347733116300866e-01
-6.739480429194045774e-01
-6.738857423869969443e-01
-6.738539986880373034e-01
-6.738521755570773264e-01
-6.738745906116784257e-01
-6.739126752458803882e-01
-6.739571113461375607e-01
-6.739995915331511434e-01
-6.740339954325863525e-01
-6.740569211507990710e-01
-6.740676337479964975e-01
-6.740675760169317909e-01
-6.740596263846010405e-01
-6.740472879362033876e-01
-6.740339610232143341e-01
-6.740224021713756564e-01
-6.740144166715726914e-01
-6.740107819087307606e-01
-6.740113604295141503e-01
-6.740153394794345942e-01
-6.740215272989404927e-01
-6.740286432367044167e-01
-6.740355544924294673e-01
-6.740414322946216563e-01
-6.740458202014106837e-01
-6.740486236705748313e-01
-6.740500411153460547e-01
-6.740504617472197202e-01
-6.740503551536194404e-01
-6.740501730997524588e-01
-6.740502771903910118e-01
-6.740508984903328393e-01
-6.740521284074787456e-01
-6.740539350571289612e-01
-6.740561964040502341e-01
-6.740587407044061896e-01
-6.740613857698133371e-01
-6.740639707664345393e-01
-6.740663769952570661e-01
-6.740685367876326772e-01
-6.740704318498464964e-01
-6.740720838448650554e-01
-6.740735406374086525e-01
-6.740748615340066419e-01
-6.740761042116789614e-01
-6.740773150851889772e-01
-6.740785238487374542e-01
-6.740797420366450021e-01
-6.740809648065140269e-01
-6.740821748118497325e-01
-6.740833469867918426e-01
-6.740844532506286013e-01
-6.740854664622667469e-01
-6.740863633161294777e-01
-6.740871261846288487e-01
