-6.740936819069720531e-01
-6.740941604296634138e-01
-6.740944810886873029e-01
-6.740946515065669997e-01
-6.740946842205811640e-01
-6.740945960146573768e-01
-6.740944066588370198e-01
-6.740941368933891509e-01
-6.740938056406190482e-01
-6.740934266519772455e-01
-6.740930050588117561e-01
-6.740925345307159366e-01
-6.740919958854015848e-01
-6.740913579722513926e-01
-6.740905814220751191e-01
-6.740896254073497351e-01
-6.740884569265962467e-01
-6.740870614018763529e-01
-6.740854526952052561e-01
-6.740836801747186469e-01
-6.740818303650482068e-01
-6.740800211363798811e-01
-6.740783873886101452e-01
-6.740770587280662252e-01
-6.740761315402468146e-01
-6.740756398258902493e-01
-6.740755307763753867e-01
-6.740756518572319500e-01
-6.740757557230148134e-01
-6.740755273228868916e-01
-6.740746340404157877e-01
-6.740727949386711160e-01
-6.740698598123501251e-01
-6.740658837732772524e-01
-6.740611797209157263e-01
-6.740563305002386096e-01
-6.740521458061143889e-01
-6.740495564042110477e-01
-6.740494496580303752e-01
-6.740524643754025602e-01
-6.740587773448120101e-01
-6.740679255880118736e-01
-6.740787139440277409e-01
-6.740892540561785884e-01
-6.740971661553811778e-01
-6.740999490369222746e-01
-6.740954885433658728e-01
-6.740826355829853123e-01
-6.740617485277241583e-01
-6.740350705964578415e-01
-6.740068094830224954e-01
-6.739828111434911229e-01
-6.739697754592227641e-01
-6.739740457107843419e-01
-6.740001066286926967e-01
-6.740490303642302505e-01
-6.741171937046075424e-01
-6.741956286842881729e-01
-6.742703403386401950e-01
-6.743238156049111698e-01
-6.743377555479691532e-01
-6.742968059015044258e-01
-6.741927742948633506e-01
-6.740285598656663435e-01
-6.738208470996407407e-01
-6.736005965307531040e-01
-6.734105527852560780e-01
-6.732994079248746377e-01
-6.733128828480440253e-01
-6.734827454806027180e-01
-6.738155430932901702e-01
-6.742834211640490460e-01
-6.748196562456867387e-01
-6.753212936785912834e-01
-6.756604623250016539e-01
-6.757045398381587020e-01
-6.753434803289050103e-01
-6.745205364332600428e-01
-6.732606823320376188e-01
-6.716897509477857131e-01
-6.700371569989783671e-01
-6.686165305728443142e-01
-6.677818316969693635e-01
-6.678613396820795023e-01
-6.690775949736678108e-01
-6.714667726868670528e-01
-6.748147732653986264e-01
-6.786283980467153754e-01
-6.821576714460940716e-01
-6.844795292662361197e-01
-6.846439008518712122e-01
-6.818709945420070584e-01
-6.757739662709000283e-01
-6.665657575265573342e-01
-6.551964335472235668e-01
-6.433638834979995558e-01
-6.333529609645994762e-01
-6.276894527191352324e-01
-6.286414469022577611e-01
-6.376486868403027364e-01
-6.547930100345233928e-01
-6.784273943456512468e-01
-7.050579949023513260e-01
-7.295380575185406169e-01
-7.456056001898812013e-01
-7.467863857100001113e-01
-7.276666379944169982e-01
-6.854613173265626802e-01
-6.216166793245414546e-01
-5.429273144410518004e-01
-4.614905904706809725e-01
-3.929988940179615087e-01
-3.534559135905010474e-01
-3.551420534186520150e-01
-4.031003636830471359e-01
-4.932870578265247108e-01
-6.128807356481117408e-01
-7.423481823976033622e-01
-8.581553531630409237e-01
-9.350376116313714459e-01
-9.477835782716567126e-01
-8.739826161553742034e-01
-6.996656982556219706e-01
-4.277174099887116610e-01
-8.467002412340715600e-02
2.810408303722681800e-01
6.118857005227671397e-01
8.581504577550521651e-01
9.880003585483648765e-01
9.874241449538729842e-01
8.564783372512000392e-01
6.093107597982453383e-01
2.779229557911552240e-01
-8.784352232400373384e-02
-4.304610759434613354e-01
-7.016405948544347515e-01
-8.750624598549283650e-01
-9.480237588132350846e-01
-9.346002268236741628e-01
-8.572465197469226750e-01
-7.411857762141640382e-01
-6.116798696290988158e-01
-4.922448330296120833e-01
-4.023726807779980930e-01
-3.548186074484953600e-01
-3.535450907410865318e-01
-3.934310602707801752e-01
-4.621404692274266868e-01
-5.436483896739564559e-01
-6.222761396560130276e-01
-6.859649524989176461e-01
-7.279686526439482774e-01
-7.468857108795577959e-01
-7.455341937087887061e-01
-7.293468438197189263e-01
-7.048040720348923704e-01
-6.781640017746206617e-01
-6.545625418490254033e-01
-6.374786739781420630e-01
-6.285433909757184301e-01
-6.276602686298883294e-01
-6.333784884218348621e-01
-6.434236000372642872e-01
-6.552683346625053362e-01
-6.666304653357277843e-01
-6.758174527266983533e-01
-6.818857265513516008e-01
-6.846285851231950215e-01
-6.844378618768964806e-01
-6.820965667612839400e-01
-6.785561247804926532e-01
-6.747393190073550651e-01
-6.713946364021559088e-01
-6.690130936756734092e-01
-6.678064201872839778e-01
-6.677363051622642320e-01
-6.685785997956579241e-01
-6.700040868400728433e-01
-6.716585401629687757e-01
-6.732286253233259465e-01
-6.744856067339161099e-01
-6.753045133877276784e-01
-6.756612317547772140e-01
-6.756132279849775824e-01
-6.752710405529953608e-01
-6.747675304062572543e-01
-6.742305730912045991e-01
-6.737629464726493378e-01
-6.734310859932849391e-01
-6.732625188691330198e-01
-6.732503930948368076e-01
-6.733627027450718172e-01
-6.735535789789434125e-01
-6.737742752543588454e-01
-6.739820733671210151e-01
-6.741460972509899507e-01
-6.742497778468647951e-01
-6.742903364609514894e-01
-6.742760700852964417e-01
-6.742224082661684159e-01
-6.741476902010552497e-01
-6.740694354984201331e-01
-6.740016184357011664e-01
-6.739531685021937779e-01
-6.739276628515975531e-01
-6.739239848328483218e-01
-6.739376136081197677e-01
-6.739621821134024193e-01
-6.739909800474824797e-01
-6.740181630234800547e-01
-6.740395338804783254e-01
-6.740528650820798440e-01
-6.740578152837112258e-01
-6.740555487732727835e-01
-6.740481909046445175e-01
-6.740382490488475709e-01
-6.740281041348576974e-01
-6.740196415132361230e-01
-6.740140505114853298e-01
-6.740117869542358031e-01
-6.740126669702188877e-01
-6.740160458111860153e-01
-6.740210319614647894e-01
-6.740266924986781927e-01
-6.740322173972971287e-01
-6.740370248722732383e-01
-6.740408039035123977e-01
-6.740435014956048798e-01
-6.740452697128591630e-01
-6.740463907503839724e-01
-6.740471977138842163e-01
-6.740480053717179398e-01
-6.740490601420391359e-01
-6.740505131945083717e-01
-6.740524157708841502e-01
-6.740547323195338336e-01
-6.740573650877605960e-01
-6.740601833858811398e-01
-6.740630515448702287e-01
-6.740658512103396838e-01
-6.740684955873701423e-01
-6.740709351598800358e-01
-6.740731559481464297e-01
-6.740751723657302241e-01
-6.740770171510331865e-01
-6.740787307459098487e-01
-6.740803520132456761e-01
-6.740819114983047644e-01
-6.740834277120167917e-01
-6.740849062837076522e-01
-6.740863413839547347e-01
-6.740877185909536218e-01
-6.740890183545762415e-01
-6.740902193545470489e-01
-6.740913012863450904e-01
-6.740922468698838932e-01
-6.740930431004898971e-01
