-6.740907254178795105e-01
-6.740912002363933508e-01
-6.740915243135674473e-01
-6.740917064393243674e-01
-6.740917610179428809e-01
-6.740917072651274600e-01
-6.740915677143524132e-01
-6.740913658491560767e-01
-6.740911228482122652e-01
-6.740908536906767834e-01
-6.740905631709124268e-01
-6.740902426427719529e-01
-6.740898684721350342e-01
-6.740894031458224411e-01
-6.740887997123772291e-01
-6.740880097040483632e-01
-6.740869939532019295e-01
-6.740857348744277999e-01
-6.740842479947658505e-01
-6.740825899732062476e-01
-6.740808602547406769e-01
-6.740791940123405102e-01
-6.740777452153542404e-01
-6.740766604707518761e-01
-6.740760465066707452e-01
-6.740759364436468282e-01
-6.740762618438138620e-01
-6.740768384054053319e-01
-6.740773725910598202e-01
-6.740774941257665631e-01
-6.740768151474574310e-01
-6.740750111998801142e-01
-6.740719130080977672e-01
-6.740675922392610486e-01
-6.740624206370998683e-01
-6.740570814499076135e-01
-6.740525160723893627e-01
-6.740497977800186113e-01
-6.740499379022055759e-01
-6.740536461849763183e-01
-6.740610837396796562e-01
-6.740716602920778788e-01
-6.740839335082615680e-01
-6.740956634441896966e-01
-6.741040573915594303e-01
-6.741062094857308562e-01
-6.740996981545464006e-01
-6.740832586803126025e-01
-6.740574064604512028e-01
-6.740248593701245738e-01
-6.739906053461227620e-01
-6.739614920467590364e-01
-6.739452825529730351e-01
-6.739492209376037879e-01
-6.739782721989687753e-01
-6.740333223772468907e-01
-6.741097202582929659e-01
-6.741965832315258700e-01
-6.742772511938491808e-01
-6.743311381925940484e-01
-6.743370020315466729e-01
-6.742773482022580422e-01
-6.741433495624559180e-01
-6.739393606574570761e-01
-6.736859118918779865e-01
-6.734200606837335013e-01
-6.731922142085373650e-01
-6.730590449793417696e-01
-6.730728660311754430e-01
-6.732687226946170167e-01
-6.736513377369114375e-01
-6.741847189509068139e-01
-6.747874975314946955e-01
-6.753367395622412728e-01
-6.756819642980705920e-01
-6.756694235419475891e-01
-6.751744917194524298e-01
-6.741375799368771737e-01
-6.725967631413531933e-01
-6.707088665716199882e-01
-6.687507142143176431e-01
-6.670941166919784893e-01
-6.661521773793744883e-01
-6.663003137825764810e-01
-6.677821041391217571e-01
-6.706162640848686296e-01
-6.745251809965556733e-01
-6.789062354675622357e-01
-6.828639896612336280e-01
-6.853141952410312099e-01
-6.851597328284307897e-01
-6.815243081074544573e-01
-6.740125272436133796e-01
-6.629467404160417354e-01
-6.495164545105813758e-01
-6.357729706497616817e-01
-6.244186342654499677e-01
-6.183803338758407930e-01
-6.202139656414730196e-01
-6.314427375027515943e-01
-6.519655720683595890e-01
-6.796687025754916123e-01
-7.103381639589715357e-01
-7.379260314932162279e-01
-7.551968546724029396e-01
-7.547808956768061739e-01
-7.306517077872838328e-01
-6.799500645623032247e-01
-6.048329978539247476e-01
-5.136951072921620565e-01
-4.209315937833545962e-01
-3.446901713768648068e-01
-3.028406243000498210e-01
-3.082833865019748987e-01
-3.651542069064896978e-01
-4.671979694683045525e-01
-5.987334501699840272e-01
-7.375577515332976120e-01
-8.583431556699615550e-01
-9.352023910405872220e-01
-9.434032177760008908e-01
-8.619174977779388014e-01
-6.788896059850165754e-01
-3.997422883090210322e-01
-5.322895388396854666e-02
3.113692888902719336e-01
6.376566266598137078e-01
8.785153811087048625e-01
1.004854196562642077e+00
1.004336113783142581e+00
8.770060478052277286e-01
6.353151126460957476e-01
3.085047186840720879e-01
-5.618216263425175605e-02
-4.023354384470216871e-01
-6.807944531999662319e-01
-8.629955766202883627e-01
-9.436850616901358846e-01
-9.348219647508561048e-01
-8.574813624288410985e-01
-7.364144897048833238e-01
-5.975163660460754977e-01
-4.661084710507422679e-01
-3.643622811768018055e-01
-3.078975712515195085e-01
-3.028866443907742845e-01
-3.451089820016576271e-01
-4.215992777386178281e-01
-5.144582355979959720e-01
-6.055471853759861744e-01
-6.805091916140552089e-01
-7.310008656414954675e-01
-7.549138743281174069e-01
-7.551441065812499742e-01
-7.377396493471456429e-01
-7.100781302813591322e-01
-6.793920913722175658e-01
-6.517189186214779051e-01
-6.312574184836224900e-01
-6.201044917315553517e-01
-6.183454111554822497e-01
-6.244445509651774806e-01
-6.358384668838911180e-01
-6.495979755633022323e-01
-6.630230107630981085e-01
-6.740677023810217605e-01
-6.815494237346015893e-01
-6.851525996239236083e-01
-6.852781619565413429e-01
-6.828060903486512512e-01
-6.788351922835448304e-01
-6.744496192746514129e-01
-6.705433643512208608e-01
-6.677167941346443536e-01
-6.662450016941117159e-01
-6.661069481048246255e-01
-6.670572589774673711e-01
-6.687194212490003009e-01
-6.706799568137380430e-01
-6.725672973747891525e-01
-6.741052955297616167e-01
-6.751380242514345431e-01
-6.756283290510511907e-01
-6.756365857091112259e-01
-6.752879761318379970e-01
-6.747365377225110761e-01
-6.741327884850091268e-01
-6.735994998069985140e-01
-6.732177503182420475e-01
-6.730231904166040779e-01
-6.730107707713802734e-01
-6.731451838572294344e-01
-6.733739463109568169e-01
-6.736403135011360677e-01
-6.738938933229711159e-01
-6.740977079948290429e-01
-6.742313434287562357e-01
-6.742905706698355539e-01
-6.742843291303759479e-01
-6.742301970323101301e-01
-6.741494646142029978e-01
-6.740627304844682977e-01
-6.739866379540846442e-01
-6.739320327355573514e-01
-6.739035195022020641e-01
-6.739001656727516831e-01
-6.739169671600634404e-01
-6.739466528105721999e-01
-6.739814460499325977e-01
-6.740144983349705132e-01
-6.740408306531445737e-01
-6.740577401075600328e-01
-6.740647284463258115e-01
-6.740630763405296433e-01
-6.740552177164069736e-01
-6.740440659134113721e-01
-6.740324160360242622e-01
-6.740225060161629811e-01
-6.740157730032119154e-01
-6.740128003885317298e-01
-6.740134198990971326e-01
-6.740169154950802488e-01
-6.740222711695844637e-01
-6.740284109033781723e-01
-6.740343924226159800e-01
-6.740395331062443152e-01
-6.740434628195320910e-01
-6.740461119176160976e-01
-6.740476516011677521e-01
-6.740484077746238256e-01
-6.740487690521919095e-01
-6.740491057087156790e-01
-6.740497106083838119e-01
-6.740507668787445450e-01
-6.740523414984542772e-01
-6.740543998178626373e-01
-6.740568336889644074e-01
-6.740594953159778635e-01
-6.740622298289730141e-01
-6.740649014400210692e-01
-6.740674103259971517e-01
-6.740696996097221838e-01
-6.740717536196678683e-01
-6.740735897909274632e-01
-6.740752470736059987e-01
-6.740767736133831400e-01
-6.740782159225323644e-01
-6.740796109666691294e-01
-6.740809817479395116e-01
-6.740823362282275522e-01
-6.740836689101988854e-01
-6.740849641227506517e-01
-6.740862000287374256e-01
-6.740873525333113125e-01
-6.740883985438848036e-01
-6.740893183354330631e-01
-6.740900970360493849e-01
