-6.741167896936897108e-01
-6.741172845208365239e-01
-6.741175734232199845e-01
-6.741176566196742659e-01
-6.741175348415792135e-01
-6.741172096572272121e-01
-6.741166838977056264e-01
-6.741159621040812011e-01
-6.741150508547320008e-01
-6.741139587845627057e-01
-6.741126961050334376e-01
-6.741112735014853641e-01
-6.741097004325470321e-01
-6.741079830706461218e-01
-6.741061223591080509e-01
-6.741041128513145519e-01
-6.741019430603851781e-01
-6.740995979122046400e-01
-6.740970635222932605e-01
-6.740943339264515721e-01
-6.740914186753186321e-01
-6.740883495123856095e-01
-6.740851839003334511e-01
-6.740820031560764702e-01
-6.740789035657657191e-01
-6.740759801322211420e-01
-6.740733044517206451e-01
-6.740709003303312352e-01
-6.740687226659087816e-01
-6.740666462684468119e-01
-6.740644711047985016e-01
-6.740619485269377931e-01
-6.740588292813887161e-01
-6.740549288445378817e-01
-6.740501997194302541e-01
-6.740447950382426612e-01
-6.740391046735939584e-01
-6.740337455615370565e-01
-6.740294931428781888e-01
-6.740271509752028267e-01
-6.740273697497249916e-01
-6.740304429799605090e-01
-6.740361211867207381e-01
-6.740434954753610208e-01
-6.740510010554645604e-01
-6.740565786138321691e-01
-6.740580057125594715e-01
-6.740533736330646120e-01
-6.740416426865482036e-01
-6.740231693135684266e-01
-6.740000715625749095e-01
-6.739762960856936491e-01
-6.739572775625993772e-01
-6.739491434345131760e-01
-6.739575088126094071e-01
-6.739860159207606838e-01
-6.740348791164385567e-01
-6.740997747216451730e-01
-6.741714379710035399e-01
-6.742362756769527676e-01
-6.742781623695295323e-01
-6.742813662196568414e-01
-6.742342757580727097e-01
-6.741333160821278980e-01
-6.739862161831819964e-01
-6.738136855587514296e-01
-6.736486390547443692e-01
-6.735324105299463904e-01
-6.735079150211972232e-01
-6.736104007455465670e-01
-6.738571679920843938e-01
-6.742382700140825413e-01
-6.747105801892316901e-01
-6.751975528856708486e-01
-6.755964169632538985e-01
-6.757933997479969035e-01
-6.756859733574501758e-01
-6.752092520869588110e-01
-6.743618734904414103e-01
-6.732253845296485295e-01
-6.719707853225744820e-01
-6.708468594486571845e-01
-6.701474560640585665e-01
-6.701588691467295078e-01
-6.710933449731689704e-01
-6.730196081043648970e-01
-6.758049802926064942e-01
-6.790850958333265464e-01
-6.822756524933369926e-01
-6.846358136697456853e-01
-6.853849490982856230e-01
-6.838638215202273996e-01
-6.797189013233005950e-01
-6.730757892466482373e-01
-6.646576931525505216e-01
-6.558020357515490506e-01
-6.483375122800060231e-01
-6.443080108748416857e-01
-6.455661887401310528e-01
-6.532990897918142803e-01
-6.675780903937381661e-01
-6.870350960392903605e-01
-7.087543268069418367e-01
-7.284426710655627080e-01
-7.409144389667006170e-01
-7.409032687157998120e-01
-7.241793968685148464e-01
-6.888705047911202195e-01
-6.367357048263796448e-01
-5.739627986201298881e-01
-5.109745968015311224e-01
-4.608949882061342262e-01
-4.367756662036558213e-01
-4.482353445766286137e-01
-4.985007618143167951e-01
-5.827466598876712700e-01
-6.881299166163490355e-01
-7.952402527633296581e-01
-8.802529203231688193e-01
-9.172949837281533236e-01
-8.814642206608371833e-01
-7.537725032536843894e-01
-5.285664977624086047e-01
-2.209331480876563780e-01
1.317315779262229203e-01
4.785714733359651696e-01
7.714581032082235001e-01
9.778297995736725534e-01
1.082725375153025471e+00
1.082131150292687360e+00
9.760648717582723899e-01
7.686202489523432657e-01
4.749278386941802044e-01
1.277524068795225787e-01
-2.246668131362211107e-01
-5.315456523216266493e-01
-7.557101118816763607e-01
-8.823288053350111237e-01
-9.172460116820551068e-01
-8.795486185957588354e-01
-7.941670164307225166e-01
-6.869603543234850118e-01
-5.817125441898816085e-01
-4.977703421143659934e-01
-4.478957222291616302e-01
-4.368271506997988274e-01
-4.612624220093544669e-01
-5.115341748845816383e-01
-5.745767057503190500e-01
-6.372841771585583404e-01
-6.892728357003898854e-01
-7.244006594968726009e-01
-7.409490044367378347e-01
-7.408185341365961518e-01
-7.282535771389875290e-01
-7.085229942454920327e-01
-6.868060926200511007e-01
-6.673841640913732443e-01
-6.531588986656338136e-01
-6.454847103545340303e-01
-6.442789966240798361e-01
-6.483472050654334184e-01
-6.558332901181617158e-01
-6.646937025267479759e-01
-6.731028463467118028e-01
-6.797279309346664355e-01
-6.838507302748272343e-01
-6.853500528742358933e-01
-6.845826977781221956e-01
-6.822098099773409308e-01
-6.790126174185813213e-01
-6.757314775304371635e-01
-6.729494655203684950e-01
-6.710293278196531874e-01
-6.701020612333118409e-01
-6.700974650370252750e-01
-6.708022037871160803e-01
-6.719293684109174380e-01
-6.731849662702145132e-01
-6.743204670642016785e-01
-6.751653986451524592e-01
-6.756388754679066855e-01
-6.757429203289498920e-01
-6.755429704564672733e-01
-6.751419275052954472e-01
-6.746537338387303961e-01
-6.741811388007652450e-01
-6.738005170003715794e-01
-6.735547342029849505e-01
-6.734534497311502887e-01
-6.734791047850638979e-01
-6.735962609641974463e-01
-6.737619007681111549e-01
-6.739346753529347200e-01
-6.740817264034454359e-01
-6.741824468556862904e-01
-6.742292274696727317e-01
-6.742257545577481359e-01
-6.741837240705060852e-01
-6.741189158343086074e-01
-6.740474661511144383e-01
-6.739829482657002657e-01
-6.739345869297711511e-01
-6.739066577721710694e-01
-6.738989011347336078e-01
-6.739076400032235625e-01
-6.739272389343735625e-01
-6.739515648722299579e-01
-6.739751896225913974e-01
-6.739941808107151600e-01
-6.740064376969958637e-01
-6.740116200041244010e-01
-6.740107795192711304e-01
-6.740058315971505509e-01
-6.739989998727456966e-01
-6.739923405017973490e-01
-6.739874124257468901e-01
-6.739851177611144717e-01
-6.739856997621767043e-01
-6.739888602191604905e-01
-6.739939456760044578e-01
-6.740001516405053072e-01
-6.740067031176673051e-01
-6.740129843868559734e-01
-6.740186069609284125e-01
-6.740234187993129344e-01
-6.740274679305738870e-01
-6.740309387842428057e-01
-6.740340799867317045e-01
-6.740371392113190252e-01
-6.740403153778843359e-01
-6.740437326022946651e-01
-6.740474350649293678e-01
-6.740513982304967566e-01
-6.740555499443826593e-01
-6.740597947561901560e-01
-6.740640359710202700e-01
-6.740681918409364703e-01
-6.740722044136405744e-01
-6.740760413898019277e-01
-6.740796926130309119e-01
-6.740831634219660584e-01
-6.740864670878593534e-01
-6.740896181082596250e-01
-6.740926274408204355e-01
-6.740955000462848234e-01
-6.740982345233124118e-01
-6.741008242481063562e-01
-6.741032592968526638e-01
-6.741055284909122092e-01
-6.741076210924074052e-01
-6.741095279115417727e-01
-6.741112417987535910e-01
-6.741127576413998845e-01
-6.741140720516468621e-01
-6.741151829299355525e-01
-6.741160890426695085e-01
