-6.741248629537580639e-01
-6.741253459256976166e-01
-6.741255814840382277e-01
-6.741255744695341390e-01
-6.741253329740555245e-01
-6.741248679904802144e-01
-6.741241926713202881e-01
-6.741233210689044908e-01
-6.741222663404875526e-01
-6.741210385712320674e-01
-6.741196425619528920e-01
-6.741180760967088181e-01
-6.741163292907351723e-01
-6.741143855705420407e-01
-6.741122246244357630e-01
-6.741098272866683505e-01
-6.741071818285758743e-01
-6.741042906158222214e-01
-6.741011756756046802e-01
-6.740978815354593534e-01
-6.740944738594925045e-01
-6.740910329766565123e-01
-6.740876423424274622e-01
-6.740843731728326516e-01
-6.740812677163591227e-01
-6.740783245996392337e-01
-6.740754901026621004e-01
-6.740726588549915688e-01
-6.740696861932539141e-01
-6.740664123636114224e-01
-6.740626961772914205e-01
-6.740584530983718681e-01
-6.740536906340631740e-01
-6.740485328780019270e-01
-6.740432265627546160e-01
-6.740381231919129190e-01
-6.740336355941675128e-01
-6.740301720701775690e-01
-6.740280563939928804e-01
-6.740274463263211668e-01
-6.740282660506687895e-01
-6.740301683068747884e-01
-6.740325395752707616e-01
-6.740345565085344992e-01
-6.740352944172920413e-01
-6.740338798647051988e-01
-6.740296704339847622e-01
-6.740224367179545872e-01
-6.740125157337579775e-01
-6.740009023816645461e-01
-6.739892472084150210e-01
-6.739797354141875418e-01
-6.739748343442600875e-01
-6.739769148096819151e-01
-6.739877749340174029e-01
-6.740081221165418190e-01
-6.740370958460362161e-01
-6.740719363883852511e-01
-6.741079150681952292e-01
-6.741386334077220654e-01
-6.741567639276796475e-01
-6.741552410128160977e-01
-6.741288173907566961e-01
-6.740757896631074386e-01
-6.739995831095920709e-01
-6.739097981112539548e-01
-6.738222895477121721e-01
-6.737579070093944189e-01
-6.737396889109198428e-01
-6.737885802721388373e-01
-6.739181081357442649e-01
-6.741288458487467716e-01
-6.744038452447095322e-01
-6.747064139680210015e-01
-6.749815639302862991e-01
-6.751620800373391296e-01
-6.751794287266316141e-01
-6.749786882024803036e-01
-6.745354686326284765e-01
-6.738716230384989014e-01
-6.730657230320922224e-01
-6.722541116940842221e-01
-6.716191279030309103e-01
-6.713629613112662708e-01
-6.716684498138459913e-01
-6.726515876019029117e-01
-6.743139194693799077e-01
-6.765055463548297343e-01
-6.789103649764640647e-01
-6.810638085081796023e-01
-6.824094459693987869e-01
-6.823943745280266482e-01
-6.805948038492546370e-01
-6.768534723310699608e-01
-6.714011799241796918e-01
-6.649283644206074317e-01
-6.585726396467308508e-01
-6.537976325633347852e-01
-6.521583037435412233e-01
-6.549754279152638636e-01
-6.629702513080363291e-01
-6.759309068540276799e-01
-6.924885046865774108e-01
-7.100721839663655111e-01
-7.250940507245680067e-01
-7.333934584229969689e-01
-7.309454964935840904e-01
-7.147983683218480655e-01
-6.841288901680868673e-01
-6.411897911882589174e-01
-5.918065183025382758e-01
-5.450554521128917473e-01
-5.119114049771704700e-01
-5.029905209314432524e-01
-5.258949944667646870e-01
-5.828762029881537909e-01
-6.694314599324800996e-01
-7.740609692845106249e-01
-8.789389522428157075e-01
-9.610457297088935702e-01
-9.937142573170262283e-01
-9.495448165916343664e-01
-8.064044545943477305e-01
-5.571429403709743378e-01
-2.197190403904600298e-01
1.599032601767910455e-01
5.180773227876208642e-01
7.930169848831970514e-01
9.407035015873738137e-01
9.398893615891675823e-01
7.906865621262313404e-01
5.145831897107414621e-01
1.558331965243477113e-01
-2.236580439135279486e-01
-5.603368309279973536e-01
-8.085078818536260981e-01
-9.505162262495421288e-01
-9.937308299288946101e-01
-9.603869291153347421e-01
-8.779009858820022716e-01
-7.729117823895249595e-01
-6.683892297572435748e-01
-5.820957957637815650e-01
-5.254583762897980792e-01
-5.029048917414289388e-01
-5.121191604813845055e-01
-5.454557047868883179e-01
-5.922829976901711202e-01
-6.416374421222853508e-01
-6.844724673197096765e-01
-7.149999512289652026e-01
-7.310019714218809472e-01
-7.333276142572120460e-01
-7.249433694129057137e-01
-7.098783688048901919e-01
-6.922893783438057724e-01
-6.757552221723982511e-01
-6.628353311308675666e-01
-6.548872275967916323e-01
-6.521133000528054335e-01
-6.537858205701805314e-01
-6.585808846950544915e-01
-6.649434420695514714e-01
-6.714120364994599077e-01
-6.768524993566579218e-01
-6.805781669090855690e-01
-6.823616107050941570e-01
-6.823626195291453422e-01
-6.810065038720622965e-01
-6.788467321482677397e-01
-6.764395319885153635e-01
-6.742487419259722836e-01
-6.725894586355603000e-01
-6.716105106498224675e-01
-6.713093831353049712e-01
-6.715693211000463014e-01
-6.722069902407071806e-01
-6.730199772758472809e-01
-6.738259637649084421e-01
-6.744888165131911473e-01
-6.749302943744615035e-01
-6.751289234224661095e-01
-6.751094559645318682e-01
-6.749271087045370932e-01
-6.746506106899126110e-01
-6.743472619170319815e-01
-6.740720327691291924e-01
-6.738615181314129288e-01
-6.737325205661784944e-01
-6.736843067098464699e-01
-6.737032048215177982e-01
-6.737681618082467239e-01
-6.738560785030884848e-01
-6.739460921031448226e-01
-6.740223738470324522e-01
-6.740753753919600522e-01
-6.741017343582849097e-01
-6.741032143210802241e-01
-6.740851100577950339e-01
-6.740545166946234623e-01
-6.740187724124206969e-01
-6.739842703268191793e-01
-6.739557226030084003e-01
-6.739358669488455522e-01
-6.739255414667396638e-01
-6.739240198005677085e-01
-6.739294905173502936e-01
-6.739395757608648285e-01
-6.739518067793255351e-01
-6.739640012040247763e-01
-6.739745138513696388e-01
-6.739823560855984219e-01
-6.739871967504786898e-01
-6.739892698445474339e-01
-6.739892206818944853e-01
-6.739879238486718993e-01
-6.739863036465123525e-01
-6.739851818637205838e-01
-6.739851697153083077e-01
-6.739866118251464089e-01
-6.739895813968871385e-01
-6.739939183499039643e-01
-6.739992970561584640e-01
-6.740053079043518691e-01
-6.740115372899824209e-01
-6.740176333904455142e-01
-6.740233494847903684e-01
-6.740285616714926098e-01
-6.740332626661011961e-01
-6.740375371297262497e-01
-6.740415261878538455e-01
-6.740453892971063343e-01
-6.740492705897165315e-01
-6.740532747092101706e-01
-6.740574545167089537e-01
-6.740618104692086554e-01
-6.740662994151833676e-01
-6.740708493046356775e-01
-6.740753759510309528e-01
-6.740797984074701210e-01
-6.740840504943163003e-01
-6.740880872453041128e-01
-6.740918862382598853e-01
-6.740954447231505275e-01
-6.740987740275000695e-01
-6.741018928811264299e-01
-6.741048211174710536e-01
-6.741075747913852778e-01
-6.741101632375102737e-01
-6.741125881028651179e-01
-6.741148440122882723e-01
-6.741169203124594000e-01
-6.741188032925002904e-01
-6.741204783655454502e-01
-6.741219318646588521e-01
-6.741231523009183491e-01
-6.741241311012120541e-01
