-6.741160393844444210e-01
-6.741165358088729853e-01
-6.741168307692942951e-01
-6.741169229450009182e-01
-6.741168110029892580e-01
-6.741164945402633446e-01
-6.741159751616186968e-01
-6.741152574489036597e-01
-6.741143495316005430e-01
-6.741132629699188028e-01
-6.741120117352910057e-01
-6.741106102334720740e-01
-6.741090705556446183e-01
-6.741073994281794324e-01
-6.741055955986597903e-01
-6.741036485609507301e-01
-6.741015394992420084e-01
-6.740992450553351389e-01
-6.740967439777552084e-01
-6.740940259473340301e-01
-6.740911010218941790e-01
-6.740880074020388912e-01
-6.740848148289610986e-01
-6.740816211095310706e-01
-6.740785401734873394e-01
-6.740756817115840516e-01
-6.740731246427144052e-01
-6.740708890297966160e-01
-6.740689130561061670e-01
-6.740670426502780588e-01
-6.740650407262126498e-01
-6.740626204170602209e-01
-6.740595021408989362e-01
-6.740554883433910183e-01
-6.740505433449902606e-01
-6.740448603322349852e-01
-6.740388948323937646e-01
-6.740333455140367080e-01
-6.740290698204051134e-01
-6.740269337620918844e-01
-6.740276109090387324e-01
-6.740313626369588418e-01
-6.740378463013244614e-01
-6.740460059858478514e-01
-6.740540978600770838e-01
-6.740598863773421545e-01
-6.740610182965192099e-01
-6.740555416714312242e-01
-6.740424927209210937e-01
-6.740224339481702964e-01
-6.739978026935911082e-01
-6.739729307267345870e-01
-6.739536298099750855e-01
-6.739463071940970940e-01
-6.739566729970097869e-01
-6.739882142545611243e-01
-6.740407164754861347e-01
-6.741091864552252177e-01
-6.741835435936365251e-01
-6.742493806877822848e-01
-6.742899410048676101e-01
-6.742892256534183115e-01
-6.742358633578291460e-01
-6.741270926919434858e-01
-6.739719880195864654e-01
-6.737929728459450818e-01
-6.736247668390352716e-01
-6.735102388521135852e-01
-6.734931802631671793e-01
-6.736087114598142689e-01
-6.738727767562444626e-01
-6.742728148883917472e-01
-6.747620412282088198e-01
-6.752596878385991319e-01
-6.756589154136407593e-01
-6.758429200748313770e-01
-6.757081008412454404e-01
-6.751912450228310103e-01
-6.742958628911183139e-01
-6.731114904777214525e-01
-6.718194523383835826e-01
-6.706796485608503833e-01
-6.699956170297639568e-01
-6.700592893285769458e-01
-6.710819314863081253e-01
-6.731227569708795322e-01
-6.760304224993654021e-01
-6.794139566420084320e-01
-6.826578819502386875e-01
-6.849911198411151592e-01
-6.856108851907680712e-01
-6.838516574105054646e-01
-6.793763106418772013e-01
-6.723532962563667503e-01
-6.635735926921705330e-01
-6.544587973343097831e-01
-6.469224039359465772e-01
-6.430725883091868988e-01
-6.447835018289681530e-01
-6.532030965926987065e-01
-6.682951870723504717e-01
-6.885211825730439550e-01
-7.107516471276823511e-01
-7.304693796791574822e-01
-7.422978353218976366e-01
-7.408653548698714841e-01
-7.219784371503700227e-01
-6.839893994435763958e-01
-6.290836819108946987e-01
-5.640271456089955837e-01
-4.998433397855586158e-01
-4.500925997908347687e-01
-4.279165385963626944e-01
-4.425771843229951430e-01
-4.965302384115428125e-01
-5.839254200274883733e-01
-6.908726487131051641e-01
-7.971176706204279316e-01
-8.783627143113170721e-01
-9.087661234230172136e-01
-8.641261275698464139e-01
-7.269996979832485939e-01
-4.940695251888671535e-01
-1.829162715823834939e-01
1.676124200744780746e-01
5.072699986961550778e-01
7.905124858639185348e-01
9.881298843291357326e-01
1.087937162183329587e+00
1.087391115786756846e+00
9.865001595769427034e-01
7.878680460431701782e-01
5.038319536404213261e-01
1.637993757554431773e-01
-1.865606650305924596e-01
-4.970437593628347361e-01
-7.289964834182415254e-01
-8.650806821813831204e-01
-9.088060277960089417e-01
-8.777232664995560096e-01
-7.960732141553894525e-01
-6.896942473145855068e-01
-5.828525151119327008e-01
-4.957454113043169852e-01
-4.421844918570484451e-01
-4.279311557098265939e-01
-4.504482483979247998e-01
-5.004173253696689860e-01
-5.646757788338970796e-01
-6.296771241444089062e-01
-6.844361768187184891e-01
-7.222350802748941367e-01
-7.409326586519242586e-01
-7.422089198412700206e-01
-7.302751156984998993e-01
-7.105073213079503569e-01
-6.882762742506176590e-01
-6.680867837748780680e-01
-6.530528370177522968e-01
-6.446976429987170132e-01
-6.430445580042404297e-01
-6.469369606856391064e-01
-6.544967716365043264e-01
-6.636162277496334694e-01
-6.723854618688094309e-01
-6.793882494320411247e-01
-6.838393095528647603e-01
-6.855751169524612054e-01
-6.849363057454352921e-01
-6.825902772616614378e-01
-6.793401986586781183e-01
-6.759563709353686445e-01
-6.730527637279627440e-01
-6.710185364592663460e-01
-6.700032757055466304e-01
-6.699463244621236546e-01
-6.706354312258887562e-01
-6.717781763796351058e-01
-6.730709860681256540e-01
-6.742542741564184761e-01
-6.751472503410000936e-01
-6.756610017783666322e-01
-6.757926164819983983e-01
-6.756057960348447189e-01
-6.752044707212125907e-01
-6.747055976245114328e-01
-6.742160056959787262e-01
-6.738163232359974941e-01
-6.735531131971451702e-01
-6.734386842370189141e-01
-6.734568551641907375e-01
-6.735723201614993716e-01
-6.737411747430606113e-01
-6.739205143333463210e-01
-6.740756519815567227e-01
-6.741842462973306471e-01
-6.742373303484141545e-01
-6.742377743186470651e-01
-6.741970399255275970e-01
-6.741311856352834031e-01
-6.740569923900537885e-01
-6.739888590914832056e-01
-6.739368337897516659e-01
-6.739058639573879406e-01
-6.738961164014598548e-01
-6.739040636817336116e-01
-6.739239684402542618e-01
-6.739494114588234774e-01
-6.739745830078681665e-01
-6.739951636732507412e-01
-6.740087339517131237e-01
-6.740147498588651143e-01
-6.740141905494358987e-01
-6.740090178762829787e-01
-6.740015888157870894e-01
-6.739941371537748749e-01
-6.739884010592116503e-01
-6.739854288638431612e-01
-6.739855555757927608e-01
-6.739885135452040599e-01
-6.739936250740173884e-01
-6.740000223205789842e-01
-6.740068479540104462e-01
-6.740134047036737686e-01
-6.740192389771675341e-01
-6.740241593990271562e-01
-6.740282028782423884e-01
-6.740315674049807138e-01
-6.740345322170734343e-01
-6.740373832336788995e-01
-6.740403562469656773e-01
-6.740436039487442965e-01
-6.740471868963897606e-01
-6.740510840082418742e-01
-6.740552156187431532e-01
-6.740594715225611822e-01
-6.740637374251187142e-01
-6.740679152108989269e-01
-6.740719348070294270e-01
-6.740757576086696679e-01
-6.740793730655549876e-01
-6.740827909292228526e-01
-6.740860318389780836e-01
-6.740891185318652612e-01
-6.740920692231465727e-01
-6.740948938559225834e-01
-6.740975931595299953e-01
-6.741001599149671897e-01
-6.741025815526665577e-01
-6.741048431858945866e-01
-6.741069303472440044e-01
-6.741088309604816864e-01
-6.741105363626478386e-01
-6.741120414292319785e-01
-6.741133440141311439e-01
-6.741144439895329077e-01
-6.741153421730013973e-01
