-6.740862391349146110e-01
-6.740867042549139043e-01
-6.740870253950148605e-01
-6.740872142475742290e-01
-6.740872898600263063e-01
-6.740872774721582417e-01
-6.740872064146082865e-01
-6.740871068430170920e-01
-6.740870053124979888e-01
-6.740869195455357898e-01
-6.740868531458132917e-01
-6.740867913644577047e-01
-6.740866992241381084e-01
-6.740865232488156833e-01
-6.740861976640845077e-01
-6.740856552129529389e-01
-6.740848417370307599e-01
-6.740837325471756847e-01
-6.740823475670526532e-01
-6.740807615398476393e-01
-6.740791055061056136e-01
-6.740775564967144140e-01
-6.740763140281790244e-01
-6.740755644526936763e-01
-6.740754372107973236e-01
-6.740759600613542846e-01
-6.740770227649249824e-01
-6.740783597519161008e-01
-6.740795613715825363e-01
-6.740801199876534922e-01
-6.740795114588596926e-01
-6.740773049411719064e-01
-6.740732855675515278e-01
-6.740675670009483866e-01
-6.740606660275547668e-01
-6.740535111561859472e-01
-6.740473630775390967e-01
-6.740436373862024322e-01
-6.740436384631884881e-01
-6.740482356171616507e-01
-6.740575347491262193e-01
-6.740706160638786359e-01
-6.740854154166058265e-01
-6.740988190916330502e-01
-6.741070163314683006e-01
-6.741061109447351596e-01
-6.740929368838386448e-01
-6.740659610472609087e-01
-6.740261016494856205e-01
-6.739772564325576809e-01
-6.739263356629768831e-01
-6.738826408027700499e-01
-6.738565247590488916e-01
-6.738574078146617463e-01
-6.738913874777562318e-01
-6.739588423299285314e-01
-6.740525532430969857e-01
-6.741569113913240541e-01
-6.742487179160303601e-01
-6.742998855426827198e-01
-6.742820307572368055e-01
-6.741725274090127895e-01
-6.739611401517978662e-01
-6.736559571020370729e-01
-6.732871001542125589e-01
-6.729067121149028274e-01
-6.725840805275347112e-01
-6.723954846033084465e-01
-6.724093933940546997e-01
-6.726688607729248703e-01
-6.731741349117653650e-01
-6.738693544333677066e-01
-6.746374658789778822e-01
-6.753069484528348987e-01
-6.756724608244477626e-01
-6.755291670293508410e-01
-6.747174649983423977e-01
-6.731715386410034307e-01
-6.709621966538603655e-01
-6.683226452893124003e-01
-6.656460407357975839e-01
-6.634465972733678552e-01
-6.622819205444673285e-01
-6.626425202527421732e-01
-6.648236595788719061e-01
-6.688027123868495183e-01
-6.741499011561720156e-01
-6.800002359129935225e-01
-6.851092648319461187e-01
-6.880052542858499098e-01
-6.872360377099063777e-01
-6.816898775120221465e-01
-6.709462220938215982e-01
-6.555864711075758411e-01
-6.373741375007890841e-01
-6.192109930977498511e-01
-6.048043528610657082e-01
-5.980446237932971476e-01
-6.021774219089849334e-01
-6.189297549524942488e-01
-6.477814017093282972e-01
-6.855454208608429134e-01
-7.263523931010921197e-01
-7.620665935255626078e-01
-7.831469923568936675e-01
-7.800094032204557548e-01
-7.449736973987921562e-01
-6.747430605570469142e-01
-5.729493491326316246e-01
-4.517349484037572194e-01
-3.310902573851348119e-01
-2.352409386424914872e-01
-1.867253121927787418e-01
-2.000816255670044563e-01
-2.773972049965047204e-01
-4.072593069488070205e-01
-5.673414831275898074e-01
-7.293723558847146071e-01
-8.641758073581526922e-01
-9.448101301818409015e-01
-9.478413321431734540e-01
-8.550816989991751882e-01
-6.584235309862402907e-01
-3.673788978804833905e-01
-1.413339614089183238e-02
3.506451774887662798e-01
6.719945512120529818e-01
9.063054620119723737e-01
1.028243171031466341e+00
1.027780905481421092e+00
9.049507341815457018e-01
6.698694982846454815e-01
3.480056517498106849e-01
-1.690566399429713207e-02
-3.698680113315740425e-01
-6.603052721972809680e-01
-8.561975775164081259e-01
-9.481886498991091150e-01
-9.444858800708076929e-01
-8.633277121671731891e-01
-7.281788661550863129e-01
-5.660081538735758366e-01
-4.060077937206579279e-01
-2.764349300255786734e-01
-1.995596875943755899e-01
-1.867032345558087558e-01
-2.356743231931778815e-01
-3.318472375009441366e-01
-4.526360919867787880e-01
-5.738166081165227972e-01
-6.754402140046144032e-01
-7.454264036331664789e-01
-7.802040262097230672e-01
-7.831159306953315857e-01
-7.618695142593098213e-01
-7.260594517831145955e-01
-6.852245041337837739e-01
-6.474891925842183316e-01
-6.187060496096551399e-01
-6.020425240760717278e-01
-5.979998591289124032e-01
-6.048354703638085805e-01
-6.192936550811557472e-01
-6.374802250612752186e-01
-6.556898306767117157e-01
-6.710268012054216857e-01
-6.817357792883200762e-01
-6.872436089477178545e-01
-6.879777149846125761e-01
-6.850545277902291286e-01
-6.799285102490798538e-01
-6.740715227394011855e-01
-6.687264765946936418e-01
-6.647557852881171847e-01
-6.625862559301074484e-01
-6.622377111788682047e-01
-6.634126649458611524e-01
-6.656191962767925574e-01
-6.682991471751470458e-01
-6.709385034359316435e-01
-6.731448529645704948e-01
-6.746860266026727393e-01
-6.754923055080437333e-01
-6.756304572266982333e-01
-6.752607746677437017e-01
-6.745884736837665097e-01
-6.738189764332077614e-01
-6.731236425008798596e-01
-6.726192043844464452e-01
-6.723611313508495169e-01
-6.723487913940437988e-01
-6.725388148109638919e-01
-6.728625197067892305e-01
-6.732435272866944542e-01
-6.736125532638493896e-01
-6.739175362905556188e-01
-6.741284825829158001e-01
-6.742374470580336787e-01
-6.742547962924564375e-01
-6.742032572845727545e-01
-6.741112746647741627e-01
-6.740069563185103751e-01
-6.739134871358033463e-01
-6.738464375142214635e-01
-6.738129754140202987e-01
-6.738126694179585874e-01
-6.738393763089242094e-01
-6.738836428487168240e-01
-6.739350982094178821e-01
-6.739844373778606235e-01
-6.740247580780633907e-01
-6.740521780608452751e-01
-6.740657977851792770e-01
-6.740671683638689293e-01
-6.740594703395927922e-01
-6.740466092510765117e-01
-6.740323996298570597e-01
-6.740199539658089378e-01
-6.740113314299998049e-01
-6.740074446694089838e-01
-6.740081800278098223e-01
-6.740126611436407789e-01
-6.740195781832164501e-01
-6.740275121339580622e-01
-6.740352009276111556e-01
-6.740417163915558563e-01
-6.740465432587475769e-01
-6.740495699657954587e-01
-6.740510134994899261e-01
-6.740513064073102578e-01
-6.740509738478266399e-01
-6.740505236914354770e-01
-6.740503650923171941e-01
-6.740507625524756463e-01
-6.740518248893742070e-01
-6.740535227932649143e-01
-6.740557253394213744e-01
-6.740582448987871844e-01
-6.740608809604822227e-01
-6.740634557939568783e-01
-6.740658379152040247e-01
-6.740679523222110614e-01
-6.740697789315333033e-01
-6.740713422889726969e-01
-6.740726963590240040e-01
-6.740739081100958208e-01
-6.740750429139680255e-01
-6.740761537329645892e-01
-6.740772749394463581e-01
-6.740784206159792236e-01
-6.740795864644795188e-01
-6.740807540708951828e-01
-6.740818962160355365e-01
-6.740829821239592290e-01
-6.740839818949755369e-01
-6.740848697709110882e-01
-6.740856262294533385e-01
