-6.741309912311814756e-01
-6.741314719771533959e-01
-6.741316877328750179e-01
-6.741316440429405699e-01
-6.741313498463308296e-01
-6.741308167452266797e-01
-6.741300579180860009e-01
-6.741290866800887516e-01
-6.741279147707279762e-01
-6.741265505503671873e-01
-6.741249973929901440e-01
-6.741232526417887394e-01
-6.741213075162728607e-01
-6.741191482978159399e-01
-6.741167589608640931e-01
-6.741141251640968557e-01
-6.741112391973768103e-01
-6.741081051472173069e-01
-6.741047432653434202e-01
-6.741011923799364869e-01
-6.740975092498435739e-01
-6.740937640777411310e-01
-6.740900319777679561e-01
-6.740863809911634696e-01
-6.740828581542793740e-01
-6.740794759860261331e-01
-6.740762023781446954e-01
-6.740729570373303892e-01
-6.740696171742883713e-01
-6.740660339738723250e-01
-6.740620595490521838e-01
-6.740575817689132831e-01
-6.740525619045386607e-01
-6.740470679355221595e-01
-6.740412951526529861e-01
-6.740355659020060841e-01
-6.740303023207919741e-01
-6.740259698259848387e-01
-6.740229946700121433e-01
-6.740216653812974856e-01
-6.740220342579413826e-01
-6.740238398790255880e-01
-6.740264733521085239e-01
-6.740290084469142684e-01
-6.740303081381021633e-01
-6.740292075230098767e-01
-6.740247568149025925e-01
-6.740164905129073514e-01
-6.740046732737753343e-01
-6.739904633681996771e-01
-6.739759346861788902e-01
-6.739639108915326249e-01
-6.739575915053253041e-01
-6.739599878327120486e-01
-6.739732321646544344e-01
-6.739978691364789665e-01
-6.740322739248526540e-01
-6.740723577815156409e-01
-6.741117080841441123e-01
-6.741422618828608604e-01
-6.741555286486727860e-01
-6.741442666260207828e-01
-6.741043928244453420e-01
-6.740367914776086433e-01
-6.739486068607454250e-01
-6.738535915195299486e-01
-6.737711530464793874e-01
-6.737239127682652651e-01
-6.737338514694302116e-01
-6.738174419090170453e-01
-6.739805041977696698e-01
-6.742137990005347969e-01
-6.744905180493548924e-01
-6.747667712357215963e-01
-6.749858575083645951e-01
-6.750865350863461956e-01
-6.750147188159092426e-01
-6.747371302378952773e-01
-6.742545656518730279e-01
-6.736118270436122213e-01
-6.729011912089152281e-01
-6.722567540590473900e-01
-6.718381736482479383e-01
-6.718041983757639946e-01
-6.722786801821997171e-01
-6.733141405823021008e-01
-6.748598755931298765e-01
-6.767425450350921246e-01
-6.786667917098166969e-01
-6.802414641244703963e-01
-6.810334722502700000e-01
-6.806463884119476893e-01
-6.788150238828937200e-01
-6.755010736767843582e-01
-6.709696822516088011e-01
-6.658241103567964503e-01
-6.609775171833970342e-01
-6.575487161129847102e-01
-6.566826696576514300e-01
-6.593142810279229993e-01
-6.659114620911595894e-01
-6.762456056114852787e-01
-6.892411059507819182e-01
-7.029503377637184025e-01
-7.146894051050907137e-01
-7.213561470779668028e-01
-7.199344713374540294e-01
-7.081606414247304526e-01
-6.852770674117629746e-01
-6.527255656677311002e-01
-6.145573553069176853e-01
-5.773121372343055224e-01
-5.491989927008027461e-01
-5.386092795692363211e-01
-5.522388848936901073e-01
-5.932699383138385629e-01
-6.600546989351009364e-01
-7.455414126298477440e-01
-8.373853952187146898e-01
-9.185026533477745891e-01
-9.679827273003746013e-01
-9.628665122044387514e-01
-8.819741640963306706e-01
-7.128186678244824437e-01
-4.606100924543136688e-01
-1.548041230115694555e-01
1.530633557206080020e-01
4.023316222338979009e-01
5.411324535229967703e-01
5.403888438772810332e-01
4.002558330481277293e-01
1.500898477398833475e-01
-1.580670296385359441e-01
-4.635564273833532867e-01
-7.150185054217597092e-01
-8.832543153050287366e-01
-9.632784745656673975e-01
-9.677122128042267013e-01
-9.177835880602083218e-01
-8.364459812875387756e-01
-7.445781971897648122e-01
-6.592206505019103657e-01
-5.926672424311323351e-01
-5.519148387882509832e-01
-5.385577640526408860e-01
-5.493696271084628213e-01
-5.776263795747025309e-01
-6.149279331231464196e-01
-6.530743694419668399e-01
-6.855474945841862899e-01
-7.083226837971363654e-01
-7.199832874289586737e-01
-7.213063630991248809e-01
-7.145676480713540890e-01
-7.027879283903629704e-01
-6.890680323043721911e-01
-6.760862554673475744e-01
-6.657822052418559400e-01
-6.592227786347640839e-01
-6.566286409718670170e-01
-6.575257677175355697e-01
-6.609755506733329122e-01
-6.658318065516615203e-01
-6.709766316514668150e-01
-6.754992680628786328e-01
-6.787996005680912992e-01
-6.806156790550690339e-01
-6.809885188077047236e-01
-6.801852144333058181e-01
-6.786031845679368901e-01
-6.766756572035332873e-01
-6.747932490814040341e-01
-6.732503516586426651e-01
-6.722191604285959743e-01
-6.717492776874703919e-01
-6.717872879572155398e-01
-6.722087476557819796e-01
-6.728546440662367401e-01
-6.735653489805731864e-01
-6.742070176000201087e-01
-6.746877537859432561e-01
-6.749631745026414276e-01
-6.750328646390849618e-01
-6.749303939540491903e-01
-6.747100235372772703e-01
-6.744330546782648650e-01
-6.741561492443773895e-01
-6.739230887441767237e-01
-6.737605368872738865e-01
-6.736775838434462260e-01
-6.736682804903106891e-01
-6.737160609845350701e-01
-6.737988937588407223e-01
-6.738941471603309141e-01
-6.739824358781760782e-01
-6.740500510590354821e-01
-6.740899015497513469e-01
-6.741011549892863552e-01
-6.740879370003732829e-01
-6.740575180617451867e-01
-6.740184021301401929e-01
-6.739786516368387881e-01
-6.739446679751163183e-01
-6.739205221295766490e-01
-6.739078188665008629e-01
-6.739059948238314002e-01
-6.739129028915692432e-01
-6.739255222181527172e-01
-6.739406492239201629e-01
-6.739554609692134379e-01
-6.739678877680508329e-01
-6.739767774761622476e-01
-6.739818719789257839e-01
-6.739836425066909609e-01
-6.739830429445162752e-01
-6.739812402900206001e-01
-6.739793716914064259e-01
-6.739783618672966492e-01
-6.739788170841559678e-01
-6.739809956009110703e-01
-6.739848419525992229e-01
-6.739900648493408752e-01
-6.739962359344627840e-01
-6.740028884335103054e-01
-6.740095995487586089e-01
-6.740160468212635925e-01
-6.740220351927248554e-01
-6.740274970504832597e-01
-6.740324714409046125e-01
-6.740370706291135550e-01
-6.740414423795068055e-01
-6.740457351124423679e-01
-6.740500709825657522e-01
-6.740545294727322556e-01
-6.740591417834469468e-01
-6.740638944679185895e-01
-6.740687396056195269e-01
-6.740736083580798343e-01
-6.740784249211657642e-01
-6.740831185085964794e-01
-6.740876318671240597e-01
-6.740919257362183448e-01
-6.740959794633157864e-01
-6.740997885643480458e-01
-6.741033603333471680e-01
-6.741067086636702843e-01
-6.741098490965453660e-01
-6.741127948329328490e-01
-6.741155541106450544e-01
-6.741181290297981743e-01
-6.741205156569161083e-01
-6.741227050788518582e-01
-6.741246850167041949e-01
-6.741264416327289455e-01
-6.741279612432924395e-01
-6.741292317567135761e-01
-6.741302437570176886e-01
