-6.740934594879537389e-01
-6.740939377756410833e-01
-6.740942587716380885e-01
-6.740944301732627597e-01
-6.740944646368896009e-01
-6.740943791014769593e-01
-6.740941935134689977e-01
-6.740939287887538489e-01
-6.740936039948651759e-01
-6.740932329634999887e-01
-6.740928208068167615e-01
-6.740923610488981366e-01
-6.740918342249847539e-01
-6.740912087788006879e-01
-6.740904448559441597e-01
-6.740895011381119462e-01
-6.740883442255408697e-01
-6.740869593428199247e-01
-6.740853604532270893e-01
-6.740835973874169662e-01
-6.740817574958393177e-01
-6.740799597598126081e-01
-6.740783403097547755e-01
-6.740770298571824304e-01
-6.740761254734120023e-01
-6.740756611318573510e-01
-6.740755830548417205e-01
-6.740757367042931048e-01
-6.740758718019450590e-01
-6.740756697761302041e-01
-6.740747944758319621e-01
-6.740729621676705419e-01
-6.740700214056050132e-01
-6.740660283384828366e-01
-6.740612996170599613e-01
-6.740564245171657420e-01
-6.740522211993398294e-01
-6.740496296281465183e-01
-6.740495452248839170e-01
-6.740526115038325550e-01
-6.740590044467125175e-01
-6.740682531340274064e-01
-6.740791467729106978e-01
-6.740897746437694016e-01
-6.740977306132355240e-01
-6.741004875513996186e-01
-6.740959115094278253e-01
-6.740828458109581200e-01
-6.740616586697452117e-01
-6.740346235147499643e-01
-6.740059979204088281e-01
-6.739816920792846000e-01
-6.739684742770193360e-01
-6.739727460489448596e-01
-6.739990236736310703e-01
-6.740483683150944039e-01
-6.741170918600156714e-01
-6.741961044860154129e-01
-6.742712409461089074e-01
-6.743247912562405633e-01
-6.743382672379658604e-01
-6.742961761881477445e-01
-6.741902832200650231e-01
-6.740235785779663535e-01
-6.738129910726565752e-01
-6.735898702609588451e-01
-6.733974509914081308e-01
-6.732849370983395865e-01
-6.732984735559541800e-01
-6.734700409964373691e-01
-6.738060729209789379e-01
-6.742781960465044078e-01
-6.748187496406991004e-01
-6.753234974251662859e-01
-6.756631148152646427e-01
-6.757036175767603403e-01
-6.753340142681157898e-01
-6.744973620548916360e-01
-6.732194608270761771e-01
-6.716281175666990455e-01
-6.699557774899077556e-01
-6.685197981723839389e-01
-6.676779366801212090e-01
-6.677615065150959150e-01
-6.689944113776358225e-01
-6.714117161409937085e-01
-6.747952437375016599e-01
-6.786447526480469117e-01
-6.822008899285967320e-01
-6.845301884980806717e-01
-6.846730765962477649e-01
-6.818435132703875023e-01
-6.756540687032540626e-01
-6.663246958166623157e-01
-6.548208524518295270e-01
-6.428631858449888048e-01
-6.327634890597475525e-01
-6.270735070328870009e-01
-6.280800423944471467e-01
-6.372283588036017354e-01
-6.545884837780659993e-01
-6.784829957277009882e-01
-7.053709876547239466e-01
-7.300467901636704671e-01
-7.461850043087399076e-01
-7.472535745415668229e-01
-7.277999606971904401e-01
-6.850357576249134217e-01
-6.204546293870465412e-01
-5.409555220914533669e-01
-4.587846274969554217e-01
-3.897931122802057446e-01
-3.501055361915957898e-01
-3.520426293792918715e-01
-4.005883200988528681e-01
-4.915539137104517065e-01
-6.119292207430729880e-01
-7.420025768078949424e-01
-8.581169521236893249e-01
-9.349611183386941082e-01
-9.473518919794979842e-01
-8.729722129389726470e-01
-6.980035383633553803e-01
-4.255171093868619914e-01
-8.221225133483656133e-02
2.834097516540874384e-01
6.139038431718538691e-01
8.597532939520778905e-01
9.893335194572325797e-01
9.887619697473974956e-01
8.580942222387705209e-01
6.113475818335224465e-01
2.803121019057131513e-01
-8.536820103130303428e-02
-4.282488032201814954e-01
-6.999728535095582904e-01
-8.740518850612597479e-01
-9.475953674020726192e-01
-9.345283345592804158e-01
-8.572121170137424473e-01
-7.408422077560874452e-01
-6.107278345038411604e-01
-4.905088528514138790e-01
-3.998564248511169428e-01
-3.517148902453189341e-01
-3.501915618165462596e-01
-3.902240534509098246e-01
-4.594353748362456913e-01
-5.416791607170624578e-01
-6.211176138439402639e-01
-6.855430913495036416e-01
-7.281052210416396608e-01
-7.473553127551129105e-01
-7.461150364642686883e-01
-7.298560833788266811e-01
-7.051168086960000192e-01
-6.782188284495045405e-01
-6.543569973656687688e-01
-6.370573468241900184e-01
-6.279812176001413615e-01
-6.270439160576783966e-01
-6.327890135556945017e-01
-6.429232642809130649e-01
-6.548933839105332000e-01
-6.663901790706507899e-01
-6.756983540912891995e-01
-6.818589688375179536e-01
-6.846583441227418465e-01
-6.844889352721108544e-01
-6.821400333433818020e-01
-6.785725881376590829e-01
-6.747197996763422134e-01
-6.713395369367970433e-01
-6.689298561799544851e-01
-6.677065552496425083e-01
-6.676324214929427736e-01
-6.684819302139335395e-01
-6.699228189513249943e-01
-6.715970565315892982e-01
-6.731875766304654674e-01
-6.744626122270750423e-01
-6.752952200979024378e-01
-6.756604646673917136e-01
-6.756160120350404030e-01
-6.752733506423235221e-01
-6.747667070194205419e-01
-6.742254127452477208e-01
-6.737535286435318849e-01
-6.734184276146099046e-01
-6.732481548720500308e-01
-6.732359707984870711e-01
-6.733496551016631138e-01
-6.735429132311011591e-01
-6.737664854996729957e-01
-6.739771625143057276e-01
-6.741436786781555002e-01
-6.742492205323828980e-01
-6.742909185517786952e-01
-6.742771127536031361e-01
-6.742233717390738734e-01
-6.741482245617732572e-01
-6.740693882691169980e-01
-6.740010077857183646e-01
-6.739521346457338913e-01
-6.739264109210114650e-01
-6.739227308249078341e-01
-6.739365417528823121e-01
-6.739614181218700484e-01
-6.739905809639219481e-01
-6.740181214334700632e-01
-6.740397923325236462e-01
-6.740533358350098148e-01
-6.740584007496220886e-01
-6.740561590057311259e-01
-6.740487558473641228e-01
-6.740387246887508121e-01
-6.740284729388200669e-01
-6.740199084068577706e-01
-6.740142361167635876e-01
-6.740119198629448416e-01
-6.740127765751564581e-01
-6.740161567654755492e-01
-6.740211608097012030e-01
-6.740268465294072531e-01
-6.740323953801033996e-01
-6.740372191044264882e-01
-6.740410029061357777e-01
-6.740436927458495209e-01
-6.740454419377669426e-01
-6.740465354945524012e-01
-6.740473100841272158e-01
-6.740480840242115690e-01
-6.740491066903502304e-01
-6.740505312729929699e-01
-6.740524099911331390e-01
-6.740547073197806771e-01
-6.740573248125054651e-01
-6.740601306618784205e-01
-6.740629879541296665e-01
-6.740657772106259937e-01
-6.740684108007716224e-01
-6.740708387405909274e-01
-6.740730469484476073e-01
-6.740750500388068556e-01
-6.740768811545938544e-01
-6.740785812358955909e-01
-6.740801896378997293e-01
-6.740817373169756266e-01
-6.740832430695398170e-01
-6.740847126708007231e-01
-6.740861403085768311e-01
-6.740875114772828525e-01
-6.740888064774055444e-01
-6.740900038092464408e-01
-6.740910829892271527e-01
-6.740920265812029299e-01
-6.740928214620817149e-01
