-6.741032045078765300e-01
-6.741036881379157686e-01
-6.741039859237866194e-01
-6.741041038760084980e-01
-6.741040519008693055e-01
-6.741038432537049818e-01
-6.741034935529870431e-01
-6.741030192482319050e-01
-6.741024355401057377e-01
-6.741017539116004320e-01
-6.741009796141947952e-01
-6.741001096186124419e-01
-6.740991316359898899e-01
-6.740980247953810567e-01
-6.740967623954803312e-01
-6.740953168255739980e-01
-6.740936662995865580e-01
-6.740918025309191597e-01
-6.740897379906956033e-01
-6.740875110556242555e-01
-6.740851872836474135e-01
-6.740828553524553790e-01
-6.740806169035965523e-01
-6.740785706235449259e-01
-6.740767922412598256e-01
-6.740753135154232689e-01
-6.740741044352831501e-01
-6.740730634442646529e-01
-6.740720202176047060e-01
-6.740707541833937944e-01
-6.740690295389850650e-01
-6.740666441774465500e-01
-6.740634861508264519e-01
-6.740595877411540426e-01
-6.740551647254259260e-01
-6.740506278690279185e-01
-6.740465557677421948e-01
-6.740436232291077134e-01
-6.740424872458549155e-01
-6.740436424107313362e-01
-6.740472678178502930e-01
-6.740530960038177977e-01
-6.740603389490389397e-01
-6.740677043954894643e-01
-6.740735262378806381e-01
-6.740760152260543148e-01
-6.740736120430077527e-01
-6.740653972153932694e-01
-6.740514862129221019e-01
-6.740333196162168194e-01
-6.740137537020902680e-01
-6.739968714287594143e-01
-6.739874702385921790e-01
-6.739902400250573633e-01
-6.740087158646176357e-01
-6.740441645378888458e-01
-6.740946262498700436e-01
-6.741543661459372672e-01
-6.742139782346353583e-01
-6.742613161766153329e-01
-6.742832988971073638e-01
-6.742684638360134652e-01
-6.742099399725476339e-01
-6.741083222153264609e-01
-6.739737928015331336e-01
-6.738268003999017264e-01
-6.736967123920707401e-01
-6.736181202408101365e-01
-6.736248925238541574e-01
-6.737425892960520191e-01
-6.739803921333717973e-01
-6.743241547425774529e-01
-6.747324155045189009e-01
-6.751371232429450586e-01
-6.754503358119294809e-01
-6.755772442577151482e-01
-6.754346198100902310e-01
-6.749723336028288223e-01
-6.741942065281564256e-01
-6.731734292355879834e-01
-6.720575031115858522e-01
-6.710584058896282844e-01
-6.704256537136270566e-01
-6.704030406793842767e-01
-6.711736946345294719e-01
-6.728019982997770487e-01
-6.751840110545260787e-01
-6.780194352199507835e-01
-6.808172735623772009e-01
-6.829438315366260781e-01
-6.837156588694727199e-01
-6.825316806140619974e-01
-6.790287078776593432e-01
-6.732338929926957594e-01
-6.656786931959309817e-01
-6.574349696363975815e-01
-6.500389956867309582e-01
-6.452861294887621835e-01
-6.449067670153797449e-01
-6.501668817605599227e-01
-6.614641438822105313e-01
-6.780039407970974707e-01
-6.976348822003813899e-01
-7.169051280478567767e-01
-7.313791446241376670e-01
-7.362360970091617052e-01
-7.271490850251520754e-01
-7.013946500744618895e-01
-6.590378835491748077e-01
-6.038869347112679753e-01
-5.437867195126895314e-01
-4.898540354651185202e-01
-4.545342620588012639e-01
-4.488164794061235141e-01
-4.793485477646358683e-01
-5.463017295377631255e-01
-6.425567982703619396e-01
-7.542329193840151547e-01
-8.620372751785135845e-01
-9.427727659197805421e-01
-9.709184124732208598e-01
-9.213257916277864945e-01
-7.747762889908508255e-01
-5.268879703027598005e-01
-1.970212894885199628e-01
1.698950935891924974e-01
5.135708804981043984e-01
7.762742737021605111e-01
9.170978226050215953e-01
9.163082229451319227e-01
7.740107172082650866e-01
5.101650256555819718e-01
1.659027315870093555e-01
-2.009235637983858846e-01
-5.300984284034990779e-01
-7.769379722069854610e-01
-9.223693855584549350e-01
-9.709896254975497465e-01
-9.421251592000418063e-01
-8.609522283834716294e-01
-7.529782662709686436e-01
-6.413669150343278558e-01
-5.453616207901165192e-01
-4.787770662158655210e-01
-4.486542265519040118e-01
-4.547439162319618644e-01
-4.903364110926498598e-01
-5.444092089562998504e-01
-6.045159897388697745e-01
-6.595661179503748972e-01
-7.017562042853148219e-01
-7.273220800836242006e-01
-7.362353519322732964e-01
-7.312440320867934496e-01
-7.166867461501958969e-01
-6.973850338627229917e-01
-6.777669542678285142e-01
-6.612717596794477348e-01
-6.500360958307909165e-01
-6.448403317930120338e-01
-6.452751931492438642e-01
-6.500671178754927615e-01
-6.574826007345708767e-01
-6.657272371085689588e-01
-6.732686988202088996e-01
-6.790406773860505618e-01
-6.825175230568659712e-01
-6.836770794058517620e-01
-6.828860642410354842e-01
-6.807473763986338078e-01
-6.779446919377762892e-01
-6.751106760582646915e-01
-6.727345061108939150e-01
-6.711143535045466235e-01
-6.703521494204790487e-01
-6.703819268089235006e-01
-6.710195666333640396e-01
-6.720209068933953311e-01
-6.731366041641827502e-01
-6.741552379983263288e-01
-6.749300632134028755e-01
-6.753886681993495067e-01
-6.755278957205295143e-01
-6.753983373978634797e-01
-6.750834530669329592e-01
-6.746780671013801189e-01
-6.742699703322561078e-01
-6.739269615073677500e-01
-6.736902159175671700e-01
-6.735736166171745198e-01
-6.735677813276449433e-01
-6.736470311111203424e-01
-6.737774608976532242e-01
-6.739245113305494250e-01
-6.740588934014404288e-01
-6.741602581509011927e-01
-6.742185218335590147e-01
-6.742331700027548447e-01
-6.742111265800305731e-01
-6.741638770981602802e-01
-6.741044991239093509e-01
-6.740451162253803252e-01
-6.739951011401664749e-01
-6.739601533915958731e-01
-6.739422020038818850e-01
-6.739399581255209881e-01
-6.739498748472171341e-01
-6.739672600065869101e-01
-6.739873212581324324e-01
-6.740059851722287609e-01
-6.740204064817615359e-01
-6.740291546663772504e-01
-6.740321217588851610e-01
-6.740302314636816838e-01
-6.740250441270955184e-01
-6.740183474541413533e-01
-6.740118043469063291e-01
-6.740067031586153279e-01
-6.740038281108485796e-01
-6.740034435281261338e-01
-6.740053681037873057e-01
-6.740091059743800184e-01
-6.740139996542996448e-01
-6.740193743631982537e-01
-6.740246517796203429e-01
-6.740294214293788277e-01
-6.740334676874489839e-01
-6.740367582091867371e-01
-6.740394046585370669e-01
-6.740416086761619185e-01
-6.740436054762906082e-01
-6.740456149803383257e-01
-6.740478068468898076e-01
-6.740502819779476962e-01
-6.740530697508677616e-01
-6.740561377922432706e-01
-6.740594097694817544e-01
-6.740627863969267386e-01
-6.740661654361516097e-01
-6.740694576179815378e-01
-6.740725968050983452e-01
-6.740755440609609295e-01
-6.740782863792960100e-01
-6.740808315369219983e-01
-6.740832008310295720e-01
-6.740854213955314034e-01
-6.740875194558694217e-01
-6.740895153971530052e-01
-6.740914210042137089e-01
-6.740932387802985870e-01
-6.740949629271547616e-01
-6.740965814000553502e-01
-6.740980784304424489e-01
-6.740994370044781636e-01
-6.741006409513859987e-01
-6.741016764808828166e-01
-6.741025331702480416e-01
