-6.741062264974615470e-01
-6.741067109200983287e-01
-6.741070010700048742e-01
-6.741071023631981518e-01
-6.741070238146634752e-01
-6.741067776411927559e-01
-6.741063784570199280e-01
-6.741058419312575545e-01
-6.741051828796332801e-01
-6.741044129242977911e-01
-6.741035380438190616e-01
-6.741025565067224612e-01
-6.741014577857131762e-01
-6.741002230391680561e-01
-6.740988275894256310e-01
-6.740972455167482114e-01
-6.740954560495955317e-01
-6.740934509279672415e-01
-6.740912414411225351e-01
-6.740888635086970115e-01
-6.740863791013551598e-01
-6.740838725768250050e-01
-6.740814411829907371e-01
-6.740791800218207674e-01
-6.740771630583983764e-01
-6.740754230919033807e-01
-6.740739347039941265e-01
-6.740726047575490432e-01
-6.740712747539793215e-01
-6.740697380829328011e-01
-6.740677728887144449e-01
-6.740651881228139075e-01
-6.740618767796163757e-01
-6.740578669679196944e-01
-6.740533591428419236e-01
-6.740487373161815343e-01
-6.740445440318205694e-01
-6.740414136523427135e-01
-6.740399658631840429e-01
-6.740406704535925053e-01
-6.740437039436851796e-01
-6.740488265511325183e-01
-6.740553121463391806e-01
-6.740619622059002003e-01
-6.740672259558341262e-01
-6.740694326443648077e-01
-6.740671194690125434e-01
-6.740594130839845377e-01
-6.740463983944646742e-01
-6.740293911467925003e-01
-6.740110264792953387e-01
-6.739950889250888588e-01
-6.739860428062789399e-01
-6.739882743612466420e-01
-6.740051226739446344e-01
-6.740378453130758674e-01
-6.740847225855605140e-01
-6.741405356765252099e-01
-6.741966439331456007e-01
-6.742418249031599808e-01
-6.742639252367651492e-01
-6.742522098575216560e-01
-6.742001118594493914e-01
-6.741079089343186004e-01
-6.739847245219954264e-01
-6.738492160316059687e-01
-6.737284043672983058e-01
-6.736543376482501122e-01
-6.736586598635027068e-01
-6.737656314450419792e-01
-6.739846485288383260e-01
-6.743037290704977371e-01
-6.746856630236911512e-01
-6.750684557996361468e-01
-6.753712578344543971e-01
-6.755061527547783218e-01
-6.753950301211691931e-01
-6.749894370664413223e-01
-6.742900104027804709e-01
-6.733611291634276075e-01
-6.723361207649213300e-01
-6.714089925203853282e-01
-6.708104110049794011e-01
-6.707684611041755396e-01
-6.714582439290233129e-01
-6.729479978188744882e-01
-6.751523525168718898e-01
-6.778047584458922747e-01
-6.804604645432481558e-01
-6.825383452189434097e-01
-6.834044012463093010e-01
-6.824921359009878952e-01
-6.794457744089628104e-01
-6.742625053700664894e-01
-6.674015289771100257e-01
-6.598237366204591225e-01
-6.529299096829219717e-01
-6.483799966057807174e-01
-6.478007648193083723e-01
-6.524189113386292815e-01
-6.626829767966011531e-01
-6.779515383461729439e-01
-6.963230886072738768e-01
-7.146678454711135053e-01
-7.289017882953391370e-01
-7.345248313843052435e-01
-7.274233778825400787e-01
-7.048927462372559516e-01
-6.667438523574867881e-01
-6.162241635104581672e-01
-5.603660650059534287e-01
-5.093877855172899149e-01
-4.749998739252865865e-01
-4.678726926393547147e-01
-4.949052802441002985e-01
-5.570760525177312905e-01
-6.484457118165117828e-01
-7.564020912748244951e-01
-8.627310453010681446e-01
-9.449311835283528138e-01
-9.776802778012879669e-01
-9.354133670127949829e-01
-7.977248016820592813e-01
-5.582646647757359970e-01
-2.341343312127399379e-01
1.312084429755094594e-01
4.771328891340800293e-01
7.437609427272819929e-01
8.874357641594020629e-01
8.865919670895816562e-01
7.413512758141029835e-01
4.735335298355450306e-01
1.270321073502405085e-01
-2.381646062866156488e-01
-5.615286246538094828e-01
-7.998752350553745005e-01
-9.364065129866735449e-01
-9.776899320800926940e-01
-9.442339418748332269e-01
-8.616233807248792065e-01
-7.551579384602723488e-01
-6.472963189391727212e-01
-5.561952564663530385e-01
-4.943958825265492019e-01
-4.677589328681599490e-01
-4.752323023874364671e-01
-5.098623044864325493e-01
-5.609528940020397370e-01
-6.167984917887197049e-01
-6.672097621455379546e-01
-7.051953821496489416e-01
-7.275491729726831780e-01
-7.344932586174448552e-01
-7.287532656098035799e-01
-7.144515503974037118e-01
-6.960868427098241273e-01
-6.777346124826383322e-01
-6.625119413653614009e-01
-6.523063274850789961e-01
-6.477463117879680432e-01
-6.483734249536060590e-01
-6.529550250434980052e-01
-6.598625452420867621e-01
-6.674377749035206309e-01
-6.742840835876232619e-01
-6.794458329619109671e-01
-6.824689822577235665e-01
-6.833605311719883613e-01
-6.824789928752634793e-01
-6.803920500550693085e-01
-6.777335234757089211e-01
-6.750833642063686080e-01
-6.728845940097115674e-01
-6.714019030435502966e-01
-6.707190155395671427e-01
-6.707664859229509613e-01
-6.713685419306942848e-01
-6.722969461401966385e-01
-6.733212958335816900e-01
-6.742481150690219360e-01
-6.749447172736628975e-01
-6.753473365800806150e-01
-6.754558241800338036e-01
-6.753189448243246407e-01
-6.750149370941829208e-01
-6.746316875130345947e-01
-6.742499037835623099e-01
-6.739313796658672473e-01
-6.737131145993990877e-01
-6.736069081828323091e-01
-6.736032331547381347e-01
-6.736777575939955076e-01
-6.737988216489081417e-01
-6.739344046157798029e-01
-6.740575399685522218e-01
-6.741496352363592903e-01
-6.742016288209137231e-01
-6.742132924317674192e-01
-6.741912252816685269e-01
-6.741461771488498345e-01
-6.740903010079301039e-01
-6.740348081186827711e-01
-6.739883218974902501e-01
-6.739560422244254001e-01
-6.739396714937239130e-01
-6.739379385631951713e-01
-6.739474953928383805e-01
-6.739639513313927521e-01
-6.739828414612103469e-01
-6.740003834101012670e-01
-6.740139458248476378e-01
-6.740222173494140323e-01
-6.740251172720201911e-01
-6.740235223857179436e-01
-6.740188978865978564e-01
-6.740129157631485901e-01
-6.740071269226256545e-01
-6.740027290812115046e-01
-6.740004468511217040e-01
-6.740005180489693215e-01
-6.740027640034557121e-01
-6.740067128268873997e-01
-6.740117429807144234e-01
-6.740172186264099530e-01
-6.740225961844855673e-01
-6.740274910427836996e-01
-6.740317025166283615e-01
-6.740352025307615458e-01
-6.740380982572664603e-01
-6.740405809134926152e-01
-6.740428724152218720e-01
-6.740451792469897008e-01
-6.740476595598655640e-01
-6.740504059270285842e-01
-6.740534430258503518e-01
-6.740567372009952374e-01
-6.740602135866126110e-01
-6.740637762015270207e-01
-6.740673269916391819e-01
-6.740707808965125114e-01
-6.740740753542898700e-01
-6.740771739537094742e-01
-6.740800649870752892e-01
-6.740827563353840590e-01
-6.740852683965325998e-01
-6.740876266934271444e-01
-6.740898554645082807e-01
-6.740919730614640670e-01
-6.740939894729034432e-01
-6.740959058529099046e-01
-6.740977156218561639e-01
-6.740994065495663490e-01
-6.741009632207564106e-01
-6.741023693871894817e-01
-6.741036098831606482e-01
-6.741046719701353496e-01
-6.741055461383836933e-01
