-6.741071700694887259e-01
-6.741076549027046338e-01
-6.741079432123213699e-01
-6.741080401262660171e-01
-6.741079542339183384e-01
-6.741076972625654751e-01
-6.741072833614785154e-01
-6.741067278500008086e-01
-6.741060453883351844e-01
-6.741052476914033420e-01
-6.741043410967706428e-01
-6.741033244729693896e-01
-6.741021880639899155e-01
-6.741009138618826446e-01
-6.740994779492753830e-01
-6.740978549491738470e-01
-6.740960242855535967e-01
-6.740939774559304709e-01
-6.740917250397218119e-01
-6.740893018280635918e-01
-6.740867683783215991e-01
-6.740842075637051289e-01
-6.740817153499470971e-01
-6.740793860589143760e-01
-6.740772936574678242e-01
-6.740754719349266733e-01
-6.740738975302830172e-01
-6.740724803356573647e-01
-6.740710655553976416e-01
-6.740694504533714104e-01
-6.740674165474115354e-01
-6.740647748957756535e-01
-6.740614185883315734e-01
-6.740573732426510256e-01
-6.740528339918845369e-01
-6.740481769332592465e-01
-6.740439349294794491e-01
-6.740407323329768996e-01
-6.740391804476131288e-01
-6.740397445581077784e-01
-6.740426027294383893e-01
-6.740475243933090610e-01
-6.740538008476768539e-01
-6.740602582058964343e-01
-6.740653746836433591e-01
-6.740675081560191240e-01
-6.740652179038000291e-01
-6.740576393241382025e-01
-6.740448465870600980e-01
-6.740281213106784630e-01
-6.740100410232743311e-01
-6.739943142002439158e-01
-6.739853214086385380e-01
-6.739873734176891062e-01
-6.740037615291735174e-01
-6.740357428508136906e-01
-6.740816601244281614e-01
-6.741364265817257895e-01
-6.741915966948713868e-01
-6.742361835772637813e-01
-6.742582709721548495e-01
-6.742473106694544249e-01
-6.741968152586585994e-01
-6.741069831240603660e-01
-6.739866673111568618e-01
-6.738540640912744628e-01
-6.737355859184176454e-01
-6.736626157340169785e-01
-6.736662080387634255e-01
-6.737702672290154515e-01
-6.739842225571206491e-01
-6.742966323554373531e-01
-6.746713765641187965e-01
-6.750480336436053275e-01
-6.753476154238493567e-01
-6.754840354644890965e-01
-6.753805687118519252e-01
-6.749892595876859636e-01
-6.743099702245781701e-01
-6.734048150983660275e-01
-6.724034185316480894e-01
-6.714950415038983822e-01
-6.709053186706107619e-01
-6.708580767492235974e-01
-6.715261442105801004e-01
-6.729786090310385660e-01
-6.751348607103929700e-01
-6.777371865772290338e-01
-6.803530813387492771e-01
-6.824154663048346281e-01
-6.833036949689421657e-01
-6.824607924151528948e-01
-6.795333655499040670e-01
-6.745110569617258633e-01
-6.678341869527198993e-01
-6.604342703321769426e-01
-6.536758835108797960e-01
-6.491824300392592395e-01
-6.485522658577694832e-01
-6.530006454937049565e-01
-6.629887910050108468e-01
-6.779156737886178341e-01
-6.959466972255206052e-01
-7.140391197430471237e-01
-7.282046276007998475e-01
-7.340311623804692820e-01
-7.274645903860340601e-01
-7.058073798279329569e-01
-6.688037202138737980e-01
-6.195506803065623513e-01
-5.648601967488607878e-01
-5.147036745773593269e-01
-4.805857895456797646e-01
-4.730818104344990949e-01
-4.991513969767069625e-01
-5.599895772004076511e-01
-6.499833688679919064e-01
-7.568811433223109342e-01
-8.627871137133045210e-01
-9.454206574731998103e-01
-9.795463488146203268e-01
-9.395106673832167576e-01
-8.045869726115288945e-01
-5.678520468169341306e-01
-2.457109928175114644e-01
1.188752486284488930e-01
4.652388594490480811e-01
7.328946684916668453e-01
8.773605960828952943e-01
8.765078641788943692e-01
7.304624177752508940e-01
4.616140934367097270e-01
1.146829778412992579e-01
-2.497402224955266592e-01
-5.710987033054915063e-01
-8.067108955701913775e-01
-9.404769679688058659e-01
-9.795360975428307748e-01
-9.447148775383672481e-01
-8.616837951864024792e-01
-7.556529834519468691e-01
-6.488578774154684092e-01
-5.591350296617982885e-01
-4.986644601494601425e-01
-4.729815619166617413e-01
-4.808199043766183123e-01
-5.151680789494621493e-01
-5.654277604002384550e-01
-6.201008812178869789e-01
-6.692452902760890332e-01
-7.060893663110687779e-01
-7.275759262591972032e-01
-7.339922503349064486e-01
-7.280554355608614969e-01
-7.138273749309856919e-01
-6.957182115967421865e-01
-6.777075772937234399e-01
-6.628257517674094323e-01
-6.528938366105345725e-01
-6.485006439498931519e-01
-6.491757013446030067e-01
-6.536983741330192332e-01
-6.604688699850511657e-01
-6.678656501088496844e-01
-6.745281998826020420e-01
-6.795300123609930854e-01
-6.824356043870075661e-01
-6.832591993557352028e-01
-6.823566665865566927e-01
-6.802860007900152217e-01
-6.776676105223690127e-01
-6.750674363500845931e-01
-6.729163606319148450e-01
-6.714703794058743958e-01
-6.708086025665405128e-01
-6.708608551426210598e-01
-6.714537148612133022e-01
-6.723632308533296076e-01
-6.733640163027888592e-01
-6.742672934301018328e-01
-6.749440144359899474e-01
-6.753326133859751668e-01
-6.754336638266037474e-01
-6.752954007628528821e-01
-6.749946669104027741e-01
-6.746175277402480797e-01
-6.742428519577103874e-01
-6.739308889266003577e-01
-6.737175760486739939e-01
-6.736141944332999509e-01
-6.736111964988600320e-01
-6.736846094786160810e-01
-6.738033579148079433e-01
-6.739360757660266543e-01
-6.740563923001196001e-01
-6.741461643925001912e-01
-6.741965920961217051e-01
-6.742075218301115669e-01
-6.741854728805901642e-01
-6.741410110683506707e-01
-6.740860571997007167e-01
-6.740315924641406831e-01
-6.739860499732928112e-01
-6.739545008701265383e-01
-6.739385865689924149e-01
-6.739370361007616106e-01
-6.739465476214274720e-01
-6.739628036781170062e-01
-6.739814207722212291e-01
-6.739986906840224057e-01
-6.740120384932015707e-01
-6.740201866037819345e-01
-6.740230653753391810e-01
-6.740215436710907948e-01
-6.740170656179880204e-01
-6.740112755364487951e-01
-6.740056960598272973e-01
-6.740015006449392443e-01
-6.739993965119205344e-01
-6.739996120254334588e-01
-6.740019665682843719e-01
-6.740059923128393082e-01
-6.740110757162299793e-01
-6.740165906897258585e-01
-6.740220032259611749e-01
-6.740269366580063926e-01
-6.740311957553660749e-01
-6.740347551170025042e-01
-6.740377220033446637e-01
-6.740402856707756740e-01
-6.740426647471707833e-01
-6.740450618637070512e-01
-6.740476314345993369e-01
-6.740504629342632947e-01
-6.740535788998912592e-01
-6.740569446098751971e-01
-6.740604851412943521e-01
-6.740641052652271981e-01
-6.740677082087523919e-01
-6.740712104158440576e-01
-6.740745507697597505e-01
-6.740776940221271385e-01
-6.740806292043383108e-01
-6.740833644591300855e-01
-6.740859199965298920e-01
-6.740883207939319943e-01
-6.740905903194296389e-01
-6.740927460776250379e-01
-6.740947972728018600e-01
-6.740967444491374749e-01
-6.740985806626633714e-01
-6.741002935897131287e-01
-6.741018679734265273e-01
-6.741032879202548678e-01
-6.741045387347198714e-01
-6.741056081720699922e-01
-6.741064871507880252e-01
