-6.741017654285562655e-01
-6.741022488195508311e-01
-6.741025508205192862e-01
-6.741026775757507083e-01
-6.741026392161234559e-01
-6.741024492931133594e-01
-6.741021237608856298e-01
-6.741016793982083088e-01
-6.741011316694622835e-01
-6.741004921878973599e-01
-6.740997661335699220e-01
-6.740989501483861668e-01
-6.740980313301100368e-01
-6.740969879280709343e-01
-6.740957921722664503e-01
-6.740944153369531344e-01
-6.740928346762363743e-01
-6.740910413369098908e-01
-6.740890478515748629e-01
-6.740868934642832988e-01
-6.740846454658836473e-01
-6.740823950180357960e-01
-6.740802466725555053e-01
-6.740783019172749135e-01
-6.740766384766740948e-01
-6.740752885439267317e-01
-6.740742203213685446e-01
-6.740733278625018476e-01
-6.740724339291341849e-01
-6.740713091905409238e-01
-6.740697085620682705e-01
-6.740674220097411240e-01
-6.740643332019757850e-01
-6.740604756808441511e-01
-6.740560736297752653e-01
-6.740515537331767115e-01
-6.740475167940958023e-01
-6.740446630634413516e-01
-6.740436734373289607e-01
-6.740450589023205819e-01
-6.740490012457649449e-01
-6.740552169167172147e-01
-6.740628805609093499e-01
-6.740706428720427690e-01
-6.740767674335993442e-01
-6.740793928821544601e-01
-6.740769014458305453e-01
-6.740683460825077633e-01
-6.740538612424428200e-01
-6.740349631115610807e-01
-6.740146406609769381e-01
-6.739971543682594657e-01
-6.739874978013136175e-01
-6.739905369377424682e-01
-6.740099166087099025e-01
-6.740469010744184475e-01
-6.740993805134115613e-01
-6.741613091993754470e-01
-6.742228277109264534e-01
-6.742712493146391095e-01
-6.742929575961162936e-01
-6.742760788784403214e-01
-6.742135833600358952e-01
-6.741062707015834654e-01
-6.739649555673592474e-01
-6.738111348089816932e-01
-6.736755307621118405e-01
-6.735941847939225235e-01
-6.736022111686148506e-01
-6.737258646795629691e-01
-6.739741389272317917e-01
-6.743315782713459328e-01
-6.747542259723293689e-01
-6.751705271323915625e-01
-6.754884808749117564e-01
-6.756093796543460872e-01
-6.754471562513564287e-01
-6.749508467041681614e-01
-6.741262296981405111e-01
-6.730516558564244578e-01
-6.718828036555825056e-01
-6.708419190555039435e-01
-6.701891898959573268e-01
-6.701771867366003166e-01
-6.709933461350712225e-01
-6.726995407498873591e-01
-6.751809517418612128e-01
-6.781178471511385419e-01
-6.809928376949877515e-01
-6.831424480209724592e-01
-6.838554537033115777e-01
-6.825116842621840041e-01
-6.787444652954853774e-01
-6.725987722916364486e-01
-6.646478253156609117e-01
-6.560269432395914313e-01
-6.483492707733410354e-01
-6.434863265585429870e-01
-6.432259823672599186e-01
-6.488547985487816971e-01
-6.607400495649156102e-01
-6.779995196724913908e-01
-6.983407865153185012e-01
-7.181316998257959439e-01
-7.327411259676163136e-01
-7.371708229357931685e-01
-7.269772803754434021e-01
-6.994296941618557417e-01
-6.547385253157510521e-01
-5.970276108959862160e-01
-5.345950732143505135e-01
-4.790532343246111102e-01
-4.432450007844671025e-01
-4.383209843115466464e-01
-4.707754288872981752e-01
-5.403268369931186754e-01
-6.392129807133327679e-01
-7.528809165183928398e-01
-8.614896138697606398e-01
-9.415177037292170592e-01
-9.673945994058441578e-01
-9.142424206473762638e-01
-7.634896743819071796e-01
-5.117542743305382169e-01
-1.794794695520733618e-01
1.877716178377662748e-01
5.299790609798001872e-01
7.905227384638922050e-01
9.298435161447615727e-01
9.290855735005567606e-01
7.883459805563800549e-01
5.266924712529246211e-01
1.839003907664121806e-01
-1.832862458554559426e-01
-5.149094654322042830e-01
-7.656357851196724518e-01
-9.152994446932718464e-01
-9.674941031953591120e-01
-9.409001782022878846e-01
-8.604265455381339134e-01
-7.516343537638163763e-01
-6.380160498962993421e-01
-5.393675994004538676e-01
-4.701789313484052157e-01
-4.381351956194529107e-01
-4.434389686313682244e-01
-4.795314811224005158e-01
-5.352253885549533852e-01
-5.976739836634528125e-01
-6.552894417954950868e-01
-6.998148603037561699e-01
-7.271711114790413433e-01
-7.371856891002942502e-01
-7.326153053658261971e-01
-7.179163927741261109e-01
-6.980888215622231829e-01
-6.777568535725148058e-01
-6.605403140666759043e-01
-6.487168101418396837e-01
-6.431539574372800994e-01
-6.434723277802850694e-01
-6.483771535084233983e-01
-6.560768901830078548e-01
-6.647005605343444534e-01
-6.726387526779702419e-01
-6.787616870266128810e-01
-6.825020979700097135e-01
-6.838202542397132655e-01
-6.830866459075900510e-01
-6.809235374105236938e-01
-6.780425915216724553e-01
-6.751063854370297213e-01
-6.726305315271849938e-01
-6.709325985618237453e-01
-6.701252991082432553e-01
-6.701450462003391007e-01
-6.708032770315293103e-01
-6.718469372586810540e-01
-6.730159317941676322e-01
-6.740885353518207834e-01
-6.749098308396188628e-01
-6.754022849914356197e-01
-6.755608413339855289e-01
-6.754369912999862446e-01
-6.751170914809733192e-01
-6.746999075940848245e-01
-6.742773116534276356e-01
-6.739206079854085374e-01
-6.736734516847978638e-01
-6.735510085454557982e-01
-6.735440532272948255e-01
-6.736261830184228083e-01
-6.737622250359325271e-01
-6.739161575575338681e-01
-6.740573343074637291e-01
-6.741643645062017631e-01
-6.742265442196332392e-01
-6.742431689934260675e-01
-6.742213355707393774e-01
-6.741729514560770298e-01
-6.741116357988770069e-01
-6.740500538953740906e-01
-6.739980290179030664e-01
-6.739615657859192588e-01
-6.739427362341393613e-01
-6.739402473418736328e-01
-6.739504372913522889e-01
-6.739684349063064239e-01
-6.739892511426616162e-01
-6.740086364909466665e-01
-6.740236157765621128e-01
-6.740326862104321082e-01
-6.740357239804080081e-01
-6.740336827267924269e-01
-6.740281825405718408e-01
-6.740210834128955719e-01
-6.740141177990097709e-01
-6.740086297432928975e-01
-6.740054392305583342e-01
-6.740048252389250205e-01
-6.740066027280151584e-01
-6.740102589217447093e-01
-6.740151124338360500e-01
-6.740204634613249368e-01
-6.740257121481633140e-01
-6.740304328422559443e-01
-6.740344021608557501e-01
-6.740375869450455637e-01
-6.740401034372257572e-01
-6.740421611607947394e-01
-6.740440043860040920e-01
-6.740458614679113447e-01
-6.740479086401359732e-01
-6.740502509143766474e-01
-6.740529192781506973e-01
-6.740558808655274792e-01
-6.740590573971761978e-01
-6.740623469104479737e-01
-6.740656444162413941e-01
-6.740688583167555592e-01
-6.740719208621079872e-01
-6.740747923162280220e-01
-6.740774596232677052e-01
-6.740799310912951592e-01
-6.740822289112450294e-01
-6.740843812548220626e-01
-6.740864153458092645e-01
-6.740883523987774018e-01
-6.740902047884363979e-01
-6.740919753501585232e-01
-6.740936583818386563e-01
-6.740952417458223600e-01
-6.740967094498147016e-01
-6.740980441842979731e-01
-6.740992294633726400e-01
-6.741002512049134587e-01
-6.741010987498865514e-01
