-6.741265624013590418e-01
-6.741270450201362063e-01
-6.741272758498950690e-01
-6.741272601774033202e-01
-6.741270065160875902e-01
-6.741265259050011061e-01
-6.741258308995514703e-01
-6.741249342642779974e-01
-6.741238474292110538e-01
-6.741225788451200573e-01
-6.741211324591432907e-01
-6.741195066128745639e-01
-6.741176937151213133e-01
-6.741156810328930993e-01
-6.741134528506187440e-01
-6.741109940533719369e-01
-6.741082948985333001e-01
-6.741053563824566108e-01
-6.741021952457180166e-01
-6.740988473813052106e-01
-6.740953683184974787e-01
-6.740918296482204530e-01
-6.740883107946615826e-01
-6.740848864181128164e-01
-6.740816108607674551e-01
-6.740785022279675021e-01
-6.740755296572502608e-01
-6.740726077526042470e-01
-6.740696017672626050e-01
-6.740663457339908238e-01
-6.740626733896905032e-01
-6.740584586927484967e-01
-6.740536595145359966e-01
-6.740483554278323686e-01
-6.740427692169136398e-01
-6.740372624956905145e-01
-6.740322990368668998e-01
-6.740283750000172214e-01
-6.740259225273450561e-01
-6.740252009084295448e-01
-6.740261960401272567e-01
-6.740285524432726438e-01
-6.740315611270241147e-01
-6.740342202697708895e-01
-6.740353741737269422e-01
-6.740339205844433357e-01
-6.740290596912864585e-01
-6.740205431715061701e-01
-6.740088719793261296e-01
-6.739953902408793995e-01
-6.739822314958786587e-01
-6.739720928535284372e-01
-6.739678406759812557e-01
-6.739719845520234509e-01
-6.739860894902535149e-01
-6.740102235900653493e-01
-6.740425541805319387e-01
-6.740792047610991711e-01
-6.741144649657786481e-01
-6.741414054165972836e-01
-6.741528905838191088e-01
-6.741429103320918381e-01
-6.741080723748087422e-01
-6.740490240353858020e-01
-6.739715159124869404e-01
-6.738867976090585632e-01
-6.738110622295855334e-01
-6.737637449223862207e-01
-6.737646378283689286e-01
-6.738300046743532778e-01
-6.739681427269461622e-01
-6.741751097855688268e-01
-6.744315541834033922e-01
-6.747016896039476075e-01
-6.749353759415669396e-01
-6.750739482653428380e-01
-6.750598558755986911e-01
-6.748493606398361377e-01
-6.744265922734909990e-01
-6.738163345430510098e-01
-6.730922506630019342e-01
-6.723771106048324064e-01
-6.718321942749172493e-01
-6.716345456998263908e-01
-6.719430942743035429e-01
-6.728575540060075522e-01
-6.743769447022751606e-01
-6.763668810976677381e-01
-6.785457562925298891e-01
-6.804990346125721068e-01
-6.817277230808358457e-01
-6.817316509779978162e-01
-6.801207300122908972e-01
-6.767386291503389995e-01
-6.717746934876842602e-01
-6.658337453958766972e-01
-6.599326057417429503e-01
-6.553995890203262453e-01
-6.536700186419376335e-01
-6.559949531002706724e-01
-6.631062277234959224e-01
-6.749010929887921950e-01
-6.902180415697197757e-01
-7.067703035306336368e-01
-7.212886121983599352e-01
-7.299056270507917610e-01
-7.287913549961894111e-01
-7.150122132411175224e-01
-6.875192058544998819e-01
-6.480669693602366666e-01
-6.017559294207420750e-01
-5.568515742255665257e-01
-5.236538284878872185e-01
-5.124810353644293492e-01
-5.311874037611431509e-01
-5.828600167369465401e-01
-6.642951858371066720e-01
-7.655301669535202747e-01
-8.702691157773376762e-01
-9.568023209181493183e-01
-9.993194703168113424e-01
-9.704266400745720222e-01
-8.465425173740704912e-01
-6.171845253457935998e-01
-2.956777685113173293e-01
7.585236603242061226e-02
4.342592062722043789e-01
7.141983497936919001e-01
8.662784835693417840e-01
8.654496241096015785e-01
7.118455763507660627e-01
4.307878971630623721e-01
7.190146914030258463e-02
-2.993869339186905898e-01
-6.200764440009929324e-01
-8.483391815191931862e-01
-9.711477578285404588e-01
-9.991777751297316046e-01
-9.560854821460864628e-01
-8.692606346414096796e-01
-7.644715133211475999e-01
-6.633708168316390097e-01
-5.821907174447815692e-01
-5.308278115978868339e-01
-5.124233961828861261e-01
-5.238401520449278426e-01
-5.571931625383254039e-01
-6.021559856372119546e-01
-6.484406753078609809e-01
-6.878068314179128784e-01
-7.151836723690074837e-01
-7.288435277632542286e-01
-7.298553783876288170e-01
-7.211644697784441727e-01
-7.066048330059458982e-01
-6.900418947193553976e-01
-6.747389768158691403e-01
-6.629747029501638078e-01
-6.559018542608165969e-01
-6.536152267669901317e-01
-6.553768086199527332e-01
-6.599317157948989543e-01
-6.658432595348323657e-01
-6.717839119251919344e-01
-6.767391895673479096e-01
-6.801074292250403053e-01
-6.817025662948464904e-01
-6.816837765066491306e-01
-6.804432012399269647e-01
-6.784821260370146323e-01
-6.762997553101408599e-01
-6.743101016131060055e-01
-6.727937615024379703e-01
-6.718838938237182701e-01
-6.715802838561458765e-01
-6.717822432969285940e-01
-6.723302006334270775e-01
-6.730468333789624280e-01
-6.737709099927877698e-01
-6.743799518989419539e-01
-6.748007246341722887e-01
-6.750089063318762683e-01
-6.750207772432201825e-01
-6.748803776440124302e-01
-6.746454283588168011e-01
-6.743746363007619982e-01
-6.741180797916297429e-01
-6.739114152756247034e-01
-6.737738346099847453e-01
-6.737091238429639972e-01
-6.737088577707831538e-01
-6.737566866576937263e-01
-6.738327776410192316e-01
-6.739176952528969089e-01
-6.739952762858263391e-01
-6.740543188143020004e-01
-6.740891256201182458e-01
-6.740990985918007272e-01
-6.740876683813168402e-01
-6.740608693639462690e-01
-6.740258469159395860e-01
-6.739895278602109352e-01
-6.739576109654940028e-01
-6.739339559637108623e-01
-6.739203772662997194e-01
-6.739167900255947918e-01
-6.739216160552710111e-01
-6.739323372112525634e-01
-6.739460833336687884e-01
-6.739601576856840692e-01
-6.739724302067312545e-01
-6.739815620728608625e-01
-6.739870581804658922e-01
-6.739891721658332058e-01
-6.739887078369287687e-01
-6.739867697079582332e-01
-6.739845139260565166e-01
-6.739829411697308981e-01
-6.739827581132951106e-01
-6.739843172627859591e-01
-6.739876296070261841e-01
-6.739924330341596770e-01
-6.739982931699245450e-01
-6.740047123546039076e-01
-6.740112260404874656e-01
-6.740174724394156769e-01
-6.740232289961087808e-01
-6.740284165473917621e-01
-6.740330776070656560e-01
-6.740373384210979202e-01
-6.740413651847184662e-01
-6.740453235003348587e-01
-6.740493474846116495e-01
-6.740535217084236974e-01
-6.740578761021688292e-01
-6.740623916082778555e-01
-6.740670129829562374e-01
-6.740716647612779999e-01
-6.740762668310612549e-01
-6.740807470259964074e-01
-6.740850493326810966e-01
-6.740891374344202269e-01
-6.740929941945394965e-01
-6.740966182193941503e-01
-6.741000188320835917e-01
-6.741032106940059165e-01
-6.741062090302125664e-01
-6.741090260502149434e-01
-6.741116687973829347e-01
-6.741141383686500843e-01
-6.741164302523899865e-01
-6.741185354393700591e-01
-6.741204419536903636e-01
-6.741221365013355671e-01
-6.741236060149887743e-01
-6.741248389601965929e-01
-6.741258263418724583e-01
