-6.740964191910334691e-01
-6.740967605934339302e-01
-6.740966877313119276e-01
-6.740962744600137446e-01
-6.740956372931777851e-01
-6.740949240637712503e-01
-6.740942959383904309e-01
-6.740939024866915430e-01
-6.740938514223321354e-01
-6.740941771165094298e-01
-6.740948143857689034e-01
-6.740955855582009271e-01
-6.740962086372546125e-01
-6.740963319630911554e-01
-6.740955960204910724e-01
-6.740937164602476273e-01
-6.740905751238259747e-01
-6.740862995515927159e-01
-6.740813080335157359e-01
-6.740762984974877359e-01
-6.740721665561580922e-01
-6.740698508723991234e-01
-6.740701212403232834e-01
-6.740733434829009330e-01
-6.740792712714221979e-01
-6.740869235337918486e-01
-6.740946029156131836e-01
-6.741000930694681648e-01
-6.741010403880076662e-01
-6.740954827107487057e-01
-6.740824407694318010e-01
-6.740624479632647548e-01
-6.740378721624273872e-01
-6.740128903133055793e-01
-6.739930194606797986e-01
-6.739841865279576627e-01
-6.739914252580425646e-01
-6.740174044506045403e-01
-6.740610919045915139e-01
-6.741169146306248416e-01
-6.741747616681003086e-01
-6.742210743367105241e-01
-6.742410791439975570e-01
-6.742219608252448815e-01
-6.741564890464720738e-01
-6.740463624571163548e-01
-6.739043877624839585e-01
-6.737546346017648791e-01
-6.736299430769385754e-01
-6.735666149102154110e-01
-6.735967449316964117e-01
-6.737393450583942789e-01
-6.739920302696789101e-01
-6.743254052804156240e-01
-6.746822549797437674e-01
-6.749830985095264246e-01
-6.751386041602531751e-01
-6.750678836398178451e-01
-6.747200155032062607e-01
-6.740946215831004062e-01
-6.732563373095765691e-01
-6.723379756600604829e-01
-6.715283848376106812e-01
-6.710435263258239802e-01
-6.710829189071905176e-01
-6.717777100450321726e-01
-6.731403541075678953e-01
-6.750281839312948229e-01
-6.771331800071321849e-01
-6.790074638996821399e-01
-6.801284670044562830e-01
-6.799998589721097941e-01
-6.782751272115833396e-01
-6.748816100808218144e-01
-6.701157868052259881e-01
-6.646782534512933882e-01
-6.596217167409201831e-01
-6.561991799695425787e-01
-6.556214683140706434e-01
-6.587590946485827326e-01
-6.658461301477314187e-01
-6.762558349212879349e-01
-6.884149555874388149e-01
-6.999064844612811198e-01
-7.077839271970767232e-01
-7.090881415712964042e-01
-7.015202937806817030e-01
-6.841766078032218701e-01
-6.581914686185996732e-01
-6.270816651652331153e-01
-5.965756962179558087e-01
-5.737927730270689919e-01
-5.658164728248684661e-01
-5.779324391733585697e-01
-6.119626717905874980e-01
-6.651380248533222961e-01
-7.297907150869816784e-01
-7.939082616140460402e-01
-8.424307207769047290e-01
-8.592313988916208123e-01
-8.299522277169769646e-01
-7.459297741619631550e-01
-6.088646816387747185e-01
-4.345796481429363145e-01
-2.531130150294430003e-01
-1.030919163912848713e-01
-2.120024828984985038e-02
-3.052798392293661414e-02
-1.322573196742086177e-01
-3.036849911624432963e-01
-5.033500207121747172e-01
-6.814079729407370722e-01
-7.910833315051225556e-01
-7.974520571015041304e-01
-6.832465940689782524e-01
-4.535190907528864890e-01
-1.383164914768771903e-01
2.116123104755660844e-01
5.391688014699780318e-01
7.998136988652865265e-01
9.736314527456522150e-01
1.065100165376673402e+00
1.094091962852159261e+00
1.085040326740422056e+00
1.059196796536176155e+00
1.031100928267239869e+00
1.008394963219800156e+00
9.936007346286649389e-01
9.865647661586988137e-01
9.866019484574108933e-01
9.937163466086104124e-01
1.008594838141528616e+00
1.031375095814323961e+00
1.059495291086196778e+00
1.085250283680283756e+00
1.094027568970918907e+00
1.064519533078534197e+00
9.722933027875223511e-01
7.975758936148775735e-01
5.360994761454561663e-01
2.080480993724291294e-01
-1.418304594675608710e-01
-4.564006683191598746e-01
-6.850603041464831122e-01
-7.980055261593780314e-01
-7.904285247586034791e-01
-6.798028550159943562e-01
-5.012136799181377000e-01
-3.015311337351479493e-01
-1.305886628551598538e-01
-2.971347418809770421e-02
-2.138333370044270473e-02
-1.041655513907277231e-01
-2.547691108511233593e-01
-4.364148667880671795e-01
-6.105031494035397799e-01
-7.471148609108858585e-01
-8.305789796701140704e-01
-8.593262926257566603e-01
-8.421066251127127256e-01
-7.933193614840985397e-01
-7.290977211467701835e-01
-6.644833940649639281e-01
-6.114531625794715763e-01
-5.776284300630749602e-01
-5.657293281907552762e-01
-5.738910688202127908e-01
-5.967989129774624590e-01
-6.273576847104778142e-01
-6.584532584170549319e-01
-6.843742891846513743e-01
-7.016268183938805247e-01
-7.090989602622507215e-01
-7.077124266998614521e-01
-6.997773371817090915e-01
-6.882571873432176135e-01
-6.760968329729752924e-01
-6.657072899927338749e-01
-6.586534092849080091e-01
-6.555530496785985095e-01
-6.561644266123923819e-01
-6.596116179672648627e-01
-6.646811962526829598e-01
-6.701202439344474682e-01
-6.748782281834543317e-01
-6.782579525779196539e-01
-6.799666665898421725e-01
-6.800803390703409335e-01
-6.789478685723482343e-01
-6.770668304172547947e-01
-6.749599290092498372e-01
-6.730742890261462996e-01
-6.717166147336004478e-01
-6.710280534786988715e-01
-6.709947440373291716e-01
-6.714844749196149376e-01
-6.722971247993195787e-01
-6.732165998832890796e-01
-6.740543103186202867e-01
-6.746779580640368534e-01
-6.750235275764191467e-01
-6.750919847798978468e-01
-6.749347063499917532e-01
-6.746328497966485038e-01
-6.742758226552327816e-01
-6.739430178569548735e-01
-6.736914517051413309e-01
-6.735502709964763524e-01
-6.735216190378042755e-01
-6.735862914149549630e-01
-6.737120738308016721e-01
-6.738626231664053279e-01
-6.740051256106791566e-01
-6.741155851288226364e-01
-6.741812915929527028e-01
-6.742006429601755668e-01
-6.741809485168288596e-01
-6.741350744098755232e-01
-6.740778140147382080e-01
-6.740227182641340686e-01
-6.739798703534110036e-01
-6.739548049975853106e-01
-6.739485148647684776e-01
-6.739582977393929752e-01
-6.739790971687183996e-01
-6.740049758261066337e-01
-6.740304175668452302e-01
-6.740512548109911517e-01
-6.740651337809390187e-01
-6.740715361387197291e-01
-6.740714540986206815e-01
-6.740668586548823615e-01
-6.740601073479810523e-01
-6.740534158509605689e-01
-6.740484773131746321e-01
-6.740462665557289679e-01
-6.740470231358695052e-01
-6.740503752125737158e-01
-6.740555485696690941e-01
-6.740616020708238842e-01
-6.740676394875040334e-01
-6.740729637178418665e-01
-6.740771581522416733e-01
-6.740800971754731252e-01
-6.740819006035312366e-01
-6.740828538329315389e-01
-6.740833166669468746e-01
-6.740836403196500681e-01
-6.740841057607569464e-01
-6.740848892747970389e-01
-6.740860545284879102e-01
-6.740875657023293055e-01
-6.740893138414786323e-01
-6.740911484145186705e-01
-6.740929075857189368e-01
-6.740944431153603755e-01
-6.740956382893811272e-01
