-6.741175555348927206e-01
-6.741180481463607821e-01
-6.741183291898913410e-01
-6.741184006626853575e-01
-6.741182657543035583e-01
-6.741179285281211353e-01
-6.741173936442901304e-01
-6.741166662026106815e-01
-6.741157517167719604e-01
-6.741146561471959009e-01
-6.741133858510115484e-01
-6.741119472887442399e-01
-6.741103463824174025e-01
-6.741085875526392490e-01
-6.741066726492701555e-01
-6.741046001806925148e-01
-6.741023653707498564e-01
-6.740999615579867932e-01
-6.740973832461689685e-01
-6.740946307077951838e-01
-6.740917154826983060e-01
-6.740886655164904928e-01
-6.740855282170495899e-01
-6.740823695634112767e-01
-6.740792677487381646e-01
-6.740763007663163053e-01
-6.740735288117013502e-01
-6.740709741666737198e-01
-6.740686029777780419e-01
-6.740663145499098396e-01
-6.740639439212247064e-01
-6.740612821483585870e-01
-6.740581157360917564e-01
-6.740542821940755935e-01
-6.740497334444256472e-01
-6.740445938169079554e-01
-6.740391960265217364e-01
-6.740340782455742641e-01
-6.740299292676109610e-01
-6.740274772378505030e-01
-6.740273299048517019e-01
-6.740297890491986355e-01
-6.740346757534964039e-01
-6.740412128092185817e-01
-6.740480120173311107e-01
-6.740532044269099687e-01
-6.740547294344410023e-01
-6.740507655249856622e-01
-6.740402457698159155e-01
-6.740233624869294005e-01
-6.740019373215283549e-01
-6.739795254831082438e-01
-6.739611442563170352e-01
-6.739525701238745503e-01
-6.739592332356262316e-01
-6.739848418739641245e-01
-6.740299744721922615e-01
-6.740909582564829083e-01
-6.741593854719409862e-01
-6.742225779266518559e-01
-6.742651858025267009e-01
-6.742719007390732822e-01
-6.742309991946134895e-01
-6.741381533814154725e-01
-6.739997134622759400e-01
-6.738345437838225704e-01
-6.736735499093917667e-01
-6.735563026928572672e-01
-6.735246532170796607e-01
-6.736138903850326098e-01
-6.738427195679056458e-01
-6.742039889886656256e-01
-6.746584904251806680e-01
-6.751341522903427927e-01
-6.755324136961072812e-01
-6.757424874933981584e-01
-6.756626659750432085e-01
-6.752259927192354461e-01
-6.744258333049415466e-01
-6.733355364261114362e-01
-6.721159376630768678e-01
-6.710053237667941151e-01
-6.702888697689574071e-01
-6.702483900525048055e-01
-6.710980019326661106e-01
-6.729160892965088125e-01
-6.755876527621053063e-01
-6.787726707206905852e-01
-6.819147255503618110e-01
-6.842995909855947856e-01
-6.851658780975916629e-01
-6.838596554830527197e-01
-6.800129860837162976e-01
-6.737140417666771519e-01
-6.656266098355401173e-01
-6.570136005747978514e-01
-6.496273184548128077e-01
-6.454515681834874785e-01
-6.463150536038422267e-01
-6.534337225569158969e-01
-6.669695201081816682e-01
-6.857039920236910335e-01
-7.069147163624697194e-01
-7.265179682302431718e-01
-7.395146138793623480e-01
-7.407535526729811526e-01
-7.259949891325705451e-01
-6.931830432939632969e-01
-6.436995133292336968e-01
-5.831977763418840777e-01
-5.215210891890899036e-01
-4.713418252622486038e-01
-4.455680835585831834e-01
-4.540958393782572600e-01
-5.008419805673628433e-01
-5.819501906798575375e-01
-6.856109375788470572e-01
-7.932908453903336765e-01
-8.817091651557616983e-01
-9.250594847492228379e-01
-8.978532603003026580e-01
-7.796652615984427381e-01
-5.625553727214572808e-01
-2.590410952804761968e-01
9.513981341976054940e-02
4.487455883551743074e-01
7.511407592992286331e-01
9.663260225978940188e-01
1.076408366894805901e+00
1.075791291335761457e+00
9.645004121445815981e-01
7.482276321251313256e-01
4.450461284134703543e-01
9.115707545687216917e-02
-2.627108363052372275e-01
-5.654162592355872485e-01
-7.814629870750463558e-01
-8.985913893215914383e-01
-9.249223945387049506e-01
-8.809660524904027179e-01
-7.922265044491334507e-01
-6.844867106805493373e-01
-5.809803319513178188e-01
-5.001751557249569657e-01
-4.538021897814443761e-01
-4.456375810187818143e-01
-4.716975675676046698e-01
-5.220454330921933117e-01
-5.837640404588361198e-01
-6.442000952458284413e-01
-6.935469482583741518e-01
-7.261925821961221494e-01
-7.407910177758726400e-01
-7.394228992811811008e-01
-7.263406663323868084e-01
-7.066976345981018648e-01
-6.854875088769732949e-01
-6.667838315693379592e-01
-6.532967048303011115e-01
-6.462323638366963552e-01
-6.454185237455337676e-01
-6.496319719848803187e-01
-6.570403251203748018e-01
-6.656595102695559429e-01
-6.737396475930771400e-01
-6.800219195310523990e-01
-6.838472290274119070e-01
-6.851317829098615420e-01
-6.842469541691731383e-01
-6.818488422996912268e-01
-6.786996849619267858e-01
-6.755133969683047024e-01
-6.728452221625391694e-01
-6.710335118638103280e-01
-6.701914676225347867e-01
-6.702390974127795387e-01
-6.709610910318944965e-01
-6.720749700342981692e-01
-6.732954268812558762e-01
-6.743844858457413993e-01
-6.751819197754449497e-01
-6.756151185302038398e-01
-6.756914302539250849e-01
-6.754783821061137727e-01
-6.750780411275226767e-01
-6.746013252637396151e-01
-6.741467241195685522e-01
-6.737860922620269033e-01
-6.735583452389933834e-01
-6.734703350163321334e-01
-6.735031042944585877e-01
-6.736211945742217599e-01
-6.737826795161561133e-01
-6.739479995579880089e-01
-6.740863251348828689e-01
-6.741789038416244884e-01
-6.742195045785741581e-01
-6.742125577998184793e-01
-6.741698582694271025e-01
-6.741067484144942501e-01
-6.740385774989727796e-01
-6.739779969271970650e-01
-6.739333727221776815e-01
-6.739083323545898008e-01
-6.739022577966169436e-01
-6.739114128015502025e-01
-6.739303531287157423e-01
-6.739533011104099636e-01
-6.739752479828493570e-01
-6.739926525076634922e-01
-6.740037082453735895e-01
-6.740082359592136640e-01
-6.740073114749453032e-01
-6.740027603319210803e-01
-6.739966427465546861e-01
-6.739908240845944309e-01
-6.739866872802079412e-01
-6.739850040279184995e-01
-6.739859485540545814e-01
-6.739892158001371536e-01
-6.739941962729953939e-01
-6.740001613749707632e-01
-6.740064227068399694e-01
-6.740124428455825933e-01
-6.740178897660186186e-01
-6.740226395027472117e-01
-6.740267400715891366e-01
-6.740303535115231837e-01
-6.740336926001110340e-01
-6.740369654475801831e-01
-6.740403361974849350e-01
-6.740439048221870122e-01
-6.740477045712589543e-01
-6.740517126537806103e-01
-6.740558684087807340e-01
-6.740600933663034589e-01
-6.740643088049279585e-01
-6.740684481502572378e-01
-6.740724633420444034e-01
-6.740763257542000675e-01
-6.740800231749428661e-01
-6.740835547012332674e-01
-6.740869252605563577e-01
-6.740901410111583836e-01
-6.740932062794224855e-01
-6.740961221373946710e-01
-6.740988863183411395e-01
-6.741014939626849278e-01
-6.741039386706578762e-01
-6.741062134594760780e-01
-6.741083114104030605e-01
-6.741102259757272286e-01
-6.741119510470193754e-01
-6.741134809407042239e-01
-6.741148104385226159e-01
-6.741159349529218803e-01
-6.741168508047098440e-01
