-6.741252828195331004e-01
-6.741257655792581849e-01
-6.741259997026944895e-01
-6.741259904806826686e-01
-6.741257465104026902e-01
-6.741252790636999004e-01
-6.741246011013722894e-01
-6.741237259066362730e-01
-6.741226653908347632e-01
-6.741214282370932009e-01
-6.741200181702681204e-01
-6.741184327419638134e-01
-6.741166630614265909e-01
-6.741146948541738571e-01
-6.741125110702037571e-01
-6.741100959934160919e-01
-6.741074404513921481e-01
-6.741045473463921356e-01
-6.741014364048010243e-01
-6.740981468658441278e-01
-6.740947368880378932e-01
-6.740912788025662516e-01
-6.740878499959054304e-01
-6.740845201025634781e-01
-6.740813362032573863e-01
-6.740783086610767638e-01
-6.740754008571555600e-01
-6.740725261807134494e-01
-6.740695550139529368e-01
-6.740663330668220654e-01
-6.740627103482529359e-01
-6.740585775699811100e-01
-6.740539042882909282e-01
-6.740487711319224085e-01
-6.740433876015405890e-01
-6.740380876328128101e-01
-6.740332976596670189e-01
-6.740294762503313830e-01
-6.740270300861559427e-01
-6.740262172909099458e-01
-6.740270547542509538e-01
-6.740292498154091261e-01
-6.740321772200124073e-01
-6.740349186856616770e-01
-6.740363743393886775e-01
-6.740354431471613506e-01
-6.740312545820080770e-01
-6.740234184047748656e-01
-6.740122464865803131e-01
-6.739988933282273775e-01
-6.739853633514572007e-01
-6.739743453075978108e-01
-6.739688579037165228e-01
-6.739717245347141006e-01
-6.739849349787928601e-01
-6.740089918581212425e-01
-6.740423715540839744e-01
-6.740812442788307601e-01
-6.741195880484358582e-01
-6.741497908406983708e-01
-6.741637631678939480e-01
-6.741544846364591059e-01
-6.741177947886433097e-01
-6.740541294478286094e-01
-6.739698229498201076e-01
-6.738775699807669772e-01
-6.737956912262360598e-01
-6.737459886601292469e-01
-6.737502079715003145e-01
-6.738254263613939754e-01
-6.739790110519356947e-01
-6.742040855099989960e-01
-6.744766232807568596e-01
-6.747552909358203177e-01
-6.749849256292573818e-01
-6.751040351048009924e-01
-6.750559713579626919e-01
-6.748025329060387545e-01
-6.743378339737964300e-01
-6.736995336409563606e-01
-6.729741665308047738e-01
-6.722935719074866201e-01
-6.718204263000303600e-01
-6.717226606678128320e-01
-6.721389177041443563e-01
-6.731398115574176444e-01
-6.746920696739904244e-01
-6.766340859882236103e-01
-6.786714836062214262e-01
-6.803996313297294707e-01
-6.813565640364808162e-01
-6.811045402501059165e-01
-6.793319106963110476e-01
-6.759598134595206087e-01
-6.712317396957985238e-01
-6.657601581413434833e-01
-6.605054844187902008e-01
-6.566706913159793269e-01
-6.555101438996946417e-01
-6.580715480806198503e-01
-6.649103591193900042e-01
-6.758307138476182807e-01
-6.897116423132121366e-01
-7.044715114285963198e-01
-7.172107020194788962e-01
-7.245564872443407411e-01
-7.232146292923736786e-01
-7.107011157901067522e-01
-6.861721230687941597e-01
-6.511876211457426900e-01
-6.101592065669272369e-01
-5.702048083148334445e-01
-5.402264539498933260e-01
-5.292545669741517411e-01
-5.443824044274172547e-01
-5.888024908620970166e-01
-6.604349841232963758e-01
-7.513945362927163529e-01
-8.481991266219394143e-01
-9.324180853415493520e-01
-9.816557751934049669e-01
-9.714591423487943800e-01
-8.795076490035133032e-01
-6.932131435265670438e-01
-4.194479442828625282e-01
-9.111833444912045832e-02
2.362069432248517509e-01
4.990188612535185197e-01
6.445341221881404348e-01
6.438219116155032840e-01
4.970219995049234285e-01
2.333241931811113334e-01
-9.431271648260185214e-02
-4.223639545492942626e-01
-6.954182970835495192e-01
-8.808172355438017576e-01
-9.719124819161065743e-01
-9.814286588008775958e-01
-9.317367205805726638e-01
-8.472860784951194990e-01
-7.504433469816890190e-01
-6.595988059043079721e-01
-5.881867078595882647e-01
-5.440394646756496755e-01
-5.291838885956626770e-01
-5.403821060783039476e-01
-5.705107101918350798e-01
-6.105284145278079277e-01
-6.515407010990263981e-01
-6.864502694788999770e-01
-7.108719836929442426e-01
-7.232714329024781952e-01
-7.245125735593205274e-01
-7.170921517387398580e-01
-7.043097574911831860e-01
-6.895372755521009811e-01
-6.756689936329250967e-01
-6.647785628548745773e-01
-6.579780820351058823e-01
-6.554551831535273543e-01
-6.566479714688285840e-01
-6.605047536679079512e-01
-6.657697605665137131e-01
-6.712408636157859432e-01
-6.759600874196838305e-01
-6.793182177978045466e-01
-6.810750957243836279e-01
-6.813124230178967400e-01
-6.803438505585926999e-01
-6.786081605163790664e-01
-6.765674601385718301e-01
-6.746258142503105404e-01
-6.730765815836121657e-01
-6.720801662364860318e-01
-6.716686902836332962e-01
-6.717706138019536866e-01
-6.722466905124142578e-01
-6.729287309918120519e-01
-6.736541067920472914e-01
-6.742912535874471258e-01
-6.747540404669183367e-01
-6.750052449074108729e-01
-6.750511436150473665e-01
-6.749302310487840240e-01
-6.746993262782361445e-01
-6.744199721649486445e-01
-6.741472821992529063e-01
-6.739224721626747572e-01
-6.737694176504286370e-01
-6.736948431676725857e-01
-6.736912528874970940e-01
-6.737414793944775937e-01
-6.738237304114047532e-01
-6.739161979937930980e-01
-6.740005873116202695e-01
-6.740642495891079333e-01
-6.741009043099726039e-01
-6.741101668917867107e-01
-6.740962388952731477e-01
-6.740661675393366803e-01
-6.740280539662979464e-01
-6.739895083904056117e-01
-6.739565409368583060e-01
-6.739329636532800372e-01
-6.739202806292577952e-01
-6.739179713214272782e-01
-6.739240319775070542e-01
-6.739356303472213705e-01
-6.739497440871560219e-01
-6.739636852958664770e-01
-6.739754536309884303e-01
-6.739839004358783026e-01
-6.739887200488856589e-01
-6.739903081490242753e-01
-6.739895391760122312e-01
-6.739875161990999120e-01
-6.739853392668999632e-01
-6.739839252785412294e-01
-6.739838970203345658e-01
-6.739855441365631972e-01
-6.739888466750962870e-01
-6.739935438022547354e-01
-6.739992267350801702e-01
-6.740054355163619393e-01
-6.740117430052978698e-01
-6.740178151100330028e-01
-6.740234425345322800e-01
-6.740285450098049136e-01
-6.740331533090223592e-01
-6.740373768797551790e-01
-6.740413656206144521e-01
-6.740452734547103253e-01
-6.740492293856212846e-01
-6.740533192246043193e-01
-6.740575786848382878e-01
-6.740619964710404810e-01
-6.740665246108141773e-01
-6.740710926646260592e-01
-6.740756225498929499e-01
-6.740800413482419540e-01
-6.740842904055809326e-01
-6.740883300508341280e-01
-6.740921401580100003e-01
-6.740957174284037956e-01
-6.740990706186970050e-01
-6.741022149962726528e-01
-6.741051671247081378e-01
-6.741079407572352356e-01
-6.741105442367589795e-01
-6.741129794482075832e-01
-6.741152420989846572e-01
-6.741173229438148784e-01
-6.741192095220452929e-01
-6.741208880181905894e-01
-6.741223449574985649e-01
-6.741235685713166115e-01
-6.741245497798228348e-01
