-6.741124945991109341e-01
-6.741129825255399721e-01
-6.741132636335527284e-01
-6.741133412963542515e-01
-6.741132214062390826e-01
-6.741129123818909719e-01
-6.741124249037405702e-01
-6.741117712056147182e-01
-6.741109638276697735e-01
-6.741100138698884470e-01
-6.741089289550630248e-01
-6.741077112801002746e-01
-6.741063562614012517e-01
-6.741048523198923670e-01
-6.741031822683513086e-01
-6.741013265407440613e-01
-6.740992681503495954e-01
-6.740969988230872678e-01
-6.740945252997653236e-01
-6.740918744361843462e-01
-6.740890955636300585e-01
-6.740862587032413478e-01
-6.740834477179439288e-01
-6.740807483350220730e-01
-6.740782321002314337e-01
-6.740759385631442946e-01
-6.740738591000818847e-01
-6.740719264683290302e-01
-6.740700141726182482e-01
-6.740679488020885346e-01
-6.740655365915765307e-01
-6.740626026994203102e-01
-6.740590384261714307e-01
-6.740548483932174983e-01
-6.740501872828270624e-01
-6.740453748812484935e-01
-6.740408795222118110e-01
-6.740372639678319233e-01
-6.740350941991221090e-01
-6.740348198573364868e-01
-6.740366439192961856e-01
-6.740404068423461181e-01
-6.740455148498608606e-01
-6.740509413164548214e-01
-6.740553229705682492e-01
-6.740571584880592493e-01
-6.740550970207290771e-01
-6.740482808868026865e-01
-6.740366841327357639e-01
-6.740213720893486471e-01
-6.740046017667236100e-01
-6.739896934889270108e-01
-6.739806330014681546e-01
-6.739814095888647660e-01
-6.739951546780749148e-01
-6.740232079540289245e-01
-6.740642916943833107e-01
-6.741140045888677212e-01
-6.741648402788479322e-01
-6.742068836800868548e-01
-6.742292373729338317e-01
-6.742220881858294046e-01
-6.741791588014861558e-01
-6.741001294550545975e-01
-6.739924967291015534e-01
-6.738722982524356642e-01
-6.737632062782850095e-01
-6.736936975246505810e-01
-6.736923359737911898e-01
-6.737816250397588025e-01
-6.739713309321367918e-01
-6.742525610277035897e-01
-6.745940988674772321e-01
-6.749424572346632845e-01
-6.752267470418373829e-01
-6.753687552865387245e-01
-6.752976272581728834e-01
-6.749673769793212985e-01
-6.743742991627932337e-01
-6.735704793972301374e-01
-6.726692790334268812e-01
-6.718391635362682690e-01
-6.712837022127225994e-01
-6.712079632967205001e-01
-6.717745879403753673e-01
-6.730560317978119267e-01
-6.749921296292801243e-01
-6.773635620734537177e-01
-6.797914207941522236e-01
-6.817705679448449185e-01
-6.827398361529317672e-01
-6.821855337853898194e-01
-6.797666923545846451e-01
-6.754419334187045099e-01
-6.695703669167301086e-01
-6.629550530783689943e-01
-6.568002476719155824e-01
-6.525652043978168448e-01
-6.517176549253655971e-01
-6.554155530299377030e-01
-6.641694262324262521e-01
-6.775523199006704411e-01
-6.940255416802973976e-01
-7.109375340712995595e-01
-7.247362125007442701e-01
-7.314174958237728008e-01
-7.272121781815255037e-01
-7.094756920160465441e-01
-6.776721795890680022e-01
-6.342345393602923931e-01
-5.849779107830587188e-01
-5.387317255977808195e-01
-5.060146869056020291e-01
-4.968976404090517107e-01
-5.185439367756354834e-01
-5.730918045910796677e-01
-6.564281358329265847e-01
-7.580306754169194861e-01
-8.616155680978265785e-01
-9.461311716166386221e-01
-9.869961892660079616e-01
-9.583978794260017420e-01
-8.382806723295648244e-01
-6.169904363667380043e-01
-3.072895412601737708e-01
5.083786534051692313e-02
3.971455207930857378e-01
6.684883514321833253e-01
8.163067124213471137e-01
8.155581529722900624e-01
6.663663751102972821e-01
3.940200251613298343e-01
4.728195354308273313e-02
-3.106370100397006784e-01
-6.196184277340591740e-01
-8.399357485703605741e-01
-9.590858036140790244e-01
-9.868938463796137484e-01
-9.454861090663408962e-01
-8.606782568888969864e-01
-7.570216913855157825e-01
-6.555240220982315735e-01
-5.724165093569664187e-01
-5.181625101090074903e-01
-4.968152073378280797e-01
-5.061841602695453801e-01
-5.390704397736507669e-01
-5.853895011473276844e-01
-6.346302476715285357e-01
-6.779862707321083759e-01
-7.096723183496166376e-01
-7.272842341042230485e-01
-7.313801548776939221e-01
-7.246183131673129552e-01
-7.107732393583426900e-01
-6.938476003062333808e-01
-6.773874003039094260e-01
-6.640355269284214934e-01
-6.553212857577350725e-01
-6.516630816470214693e-01
-6.525438027078801495e-01
-6.568014907898674926e-01
-6.629670676867063239e-01
-6.695822052380642209e-01
-6.754451533873973013e-01
-6.797561346831814122e-01
-6.821593611209925134e-01
-6.826990176713535474e-01
-6.817180408205092412e-01
-6.797311497503677469e-01
-6.772996722732622654e-01
-6.749282282056738858e-01
-6.729947742503021857e-01
-6.717174953551438010e-01
-6.711554582612135889e-01
-6.712353065898329918e-01
-6.717937900024013587e-01
-6.726255494047375105e-01
-6.735270138496478598e-01
-6.743299378807665612e-01
-6.749213154077459142e-01
-6.752494642154223126e-01
-6.753184670580592019e-01
-6.751746089602885803e-01
-6.748889372046025237e-01
-6.745397457549737741e-01
-6.741979062026888236e-01
-6.739168149945445885e-01
-6.737275551863952661e-01
-6.736388735904841329e-01
-6.736408711012346062e-01
-6.737109419864519833e-01
-6.738204595291316101e-01
-6.739409247425113270e-01
-6.740486779878922530e-01
-6.741277193731703976e-01
-6.741706036641758049e-01
-6.741777044924712747e-01
-6.741553465118796939e-01
-6.741133776532973743e-01
-6.740627147580219303e-01
-6.740132772358585767e-01
-6.739725632311035497e-01
-6.739449572715549008e-01
-6.739317161892136587e-01
-6.739314794436226386e-01
-6.739410980269907592e-01
-6.739565703665203467e-01
-6.739739044581523064e-01
-6.739897793622098288e-01
-6.740019418874412249e-01
-6.740093332953824845e-01
-6.740119871555172448e-01
-6.740107682507713305e-01
-6.740070328917182607e-01
-6.740022856094816106e-01
-6.739978905092113282e-01
-6.739948729694554830e-01
-6.739938240077275600e-01
-6.739948995869359250e-01
-6.739978930054222328e-01
-6.740023513042522341e-01
-6.740077059567375350e-01
-6.740133925849493002e-01
-6.740189421388169677e-01
-6.740240348424162420e-01
-6.740285164948253138e-01
-6.740323831490725448e-01
-6.740357441230130364e-01
-6.740387746358151855e-01
-6.740416684854976248e-01
-6.740445987481816781e-01
-6.740476912608489579e-01
-6.740510123733257641e-01
-6.740545696908049056e-01
-6.740583226258898275e-01
-6.740621986618393624e-01
-6.740661112231952634e-01
-6.740699757446749762e-01
-6.740737216421138767e-01
-6.740772991322699914e-01
-6.740806809781413333e-01
-6.740838600857037566e-01
-6.740868443664289611e-01
-6.740896504081768104e-01
-6.740922973276652908e-01
-6.740948018102481676e-01
-6.740971748880766334e-01
-6.740994205662887984e-01
-6.741015360537677692e-01
-6.741035131326177376e-01
-6.741053401185712612e-01
-6.741070039054926077e-01
-6.741084917151061173e-01
-6.741097923437333606e-01
-6.741108968678268809e-01
-6.741117989044221881e-01
