-6.740879186835078141e-01
-6.740883882607953126e-01
-6.740887122433408818e-01
-6.740889010163295669e-01
-6.740889715394682291e-01
-6.740889463499899481e-01
-6.740888517385044132e-01
-6.740887148899040726e-01
-6.740885599848523979e-01
-6.740884035667530361e-01
-6.740882498351361551e-01
-6.740880868438666740e-01
-6.740878847641400551e-01
-6.740875973273573463e-01
-6.740871672299816320e-01
-6.740865356494095684e-01
-6.740856551406355646e-01
-6.740845041840598517e-01
-6.740831007257671592e-01
-6.740815114250475748e-01
-6.740798532340933624e-01
-6.740782845675516999e-01
-6.740769847569823003e-01
-6.740761226564081499e-01
-6.740758179157605445e-01
-6.740761011318266993e-01
-6.740768812413396871e-01
-6.740779294995686843e-01
-6.740788886149878811e-01
-6.740793127200114254e-01
-6.740787388357128984e-01
-6.740767837844391375e-01
-6.740732530738705597e-01
-6.740682415263081761e-01
-6.740622010457709701e-01
-6.740559505879051283e-01
-6.740506084354087601e-01
-6.740474378207275130e-01
-6.740476131835023699e-01
-6.740519339618376016e-01
-6.740605325217586818e-01
-6.740726383369403107e-01
-6.740864671610946601e-01
-6.740992975269796128e-01
-6.741077748836026284e-01
-6.741084461023731933e-01
-6.740984774186300488e-01
-6.740764543076597226e-01
-6.740431127786959964e-01
-6.740018205571658427e-01
-6.739586259469165785e-01
-6.739217312807294080e-01
-6.739003303825542579e-01
-6.739028705098626393e-01
-6.739349439508133255e-01
-6.739971582038696285e-01
-6.740834446202792485e-01
-6.741803093190279483e-01
-6.742674772503696179e-01
-6.743202127479392960e-01
-6.743133194587107582e-01
-6.742264556966488520e-01
-6.740500013252410660e-01
-6.737903563649765282e-01
-6.734733316760713739e-01
-6.731442998377723530e-01
-6.728640798055893768e-01
-6.727001569385759883e-01
-6.727137491113612811e-01
-6.729443008156232864e-01
-6.733940290089074354e-01
-6.740159182657931014e-01
-6.747088245798060768e-01
-6.753228982538346248e-01
-6.756772711658821651e-01
-6.755898975717794519e-01
-6.749167729119863735e-01
-6.735948392351632785e-01
-6.716802574514331159e-01
-6.693720800078686306e-01
-6.670114491416915259e-01
-6.650489017981764395e-01
-6.639774033228680317e-01
-6.642359087314994026e-01
-6.660963436838661655e-01
-6.695541164878021645e-01
-6.742467454693478190e-01
-6.794255402096754937e-01
-6.840009814799141719e-01
-6.866736811245260919e-01
-6.861499169943482412e-01
-6.814238228263777009e-01
-6.720876456678718247e-01
-6.586091962389408749e-01
-6.424978198845360255e-01
-6.262773712304363638e-01
-6.132078462158696563e-01
-6.067503809012869675e-01
-6.098426724190987303e-01
-6.241186517673894540e-01
-6.492392367125320307e-01
-6.824854043452023289e-01
-7.187113324027408767e-01
-7.506984285436938409e-01
-7.699292185966610802e-01
-7.678210863266546893e-01
-7.374678745484752884e-01
-6.758187487201335886e-01
-5.858926261690268200e-01
-4.781770731950851783e-01
-3.701474956061774346e-01
-2.832749155655097106e-01
-2.379672220806434424e-01
-2.479918433216155849e-01
-3.163199434998062443e-01
-4.338190602076680280e-01
-5.811108475078384794e-01
-7.326069028186990018e-01
-8.608077382557228763e-01
-9.391986737634904214e-01
-9.437574027844523039e-01
-8.551012167841418599e-01
-6.636314977736462728e-01
-3.772959013334429290e-01
-2.697743839348963266e-02
3.372236609692669251e-01
6.599016069780694327e-01
8.962448132531020129e-01
1.019601397151029154e+00
1.019125284605747694e+00
8.948525500074973049e-01
6.577265115303710941e-01
3.345368355064493038e-01
-2.978055200530612887e-02
-3.797927272564500245e-01
-6.654998463179315760e-01
-8.561911634323923215e-01
-9.440780838581821488e-01
-9.388597033947483350e-01
-8.599679340997227195e-01
-7.314510835110606957e-01
-5.798428371075062815e-01
-4.326494273406290003e-01
-3.154381871407969662e-01
-2.475298952895492455e-01
-2.379703818008127580e-01
-2.836938695110211572e-01
-3.708558911475149933e-01
-4.790089412772015054e-01
-5.866862787509870003e-01
-6.764519562595232571e-01
-7.378747519772237418e-01
-7.679905669361242193e-01
-7.698918934750899057e-01
-7.505097240242893930e-01
-7.184362292225828783e-01
-6.821865926794900004e-01
-6.489687389515303995e-01
-6.239125635759312782e-01
-6.097189005913757898e-01
-6.067093436586510347e-01
-6.132358121231746839e-01
-6.263516231137642443e-01
-6.425924541232092002e-01
-6.587003272842834045e-01
-6.721571036084785788e-01
-6.814609553741608483e-01
-6.861516188139406003e-01
-6.866431122283641608e-01
-6.839455574019023265e-01
-6.793547295610224968e-01
-6.741700787216239332e-01
-6.694796601544846792e-01
-6.660297596026613087e-01
-6.641801074725158793e-01
-6.639327140453726850e-01
-6.650136198244944730e-01
-6.669825911454948519e-01
-6.693461772855217040e-01
-6.716540468945880749e-01
-6.735657598449146244e-01
-6.748832301493603580e-01
-6.755513064829520298e-01
-6.756339240191993056e-01
-6.752757204579635797e-01
-6.746590852772997859e-01
-6.739649530746102402e-01
-6.733430165575150506e-01
-6.728941162772210660e-01
-6.726649003149699491e-01
-6.726527942389679549e-01
-6.728180611513994158e-01
-6.730992878590373873e-01
-6.734288997391310039e-01
-6.737460843684274225e-01
-6.740055480985635006e-01
-6.741816017010687778e-01
-6.742679797730154467e-01
-6.742744251409851231e-01
-6.742213730510899783e-01
-6.741340757743725653e-01
-6.740372867828171577e-01
-6.739512666035898381e-01
-6.738894719322524596e-01
-6.738579226694672020e-01
-6.738559614272513487e-01
-6.738779531072064399e-01
-6.739154199200196871e-01
-6.739591518177306950e-01
-6.740009438072898096e-01
-6.740347557238628440e-01
-6.740572349029737564e-01
-6.740676632081782360e-01
-6.740674722228693350e-01
-6.740595092897282425e-01
-6.740472361396724343e-01
-6.740340106016322608e-01
-6.740225526896834740e-01
-6.740146416911468874e-01
-6.740110411832307413e-01
-6.740116113554386335e-01
-6.740155460663599385e-01
-6.740216657504447539e-01
-6.740287040175533262e-01
-6.740355413780982907e-01
-6.740413592897047668e-01
-6.740457073622619921e-01
-6.740484928066143855e-01
-6.740499121326274379e-01
-6.740503501080929993e-01
-6.740502706251738640e-01
-6.740501197046769866e-01
-6.740502540907208351e-01
-6.740509014401957488e-01
-6.740521514003844361e-01
-6.740539718484962473e-01
-6.740562416857235339e-01
-6.740587908189441535e-01
-6.740614389560650732e-01
-6.740640270085197505e-01
-6.740664375964089405e-01
-6.740686038074915620e-01
-6.740705075334870733e-01
-6.740721701423746381e-01
-6.740736388738033380e-01
-6.740749722496112151e-01
-6.740762271597197097e-01
-6.740774493504418929e-01
-6.740786680399908359e-01
-6.740798945054690128e-01
-6.740811238526499549e-01
-6.740823388479920686e-01
-6.740835146491541696e-01
-6.740846234536371773e-01
-6.740856384042535066e-01
-6.740865364473381804e-01
-6.740873001496520134e-01
