-6.741240328705039309e-01
-6.741245148115765362e-01
-6.741247494944063723e-01
-6.741247425561732731e-01
-6.741245032810864179e-01
-6.741240440462246131e-01
-6.741233792999413721e-01
-6.741225239759023324e-01
-6.741214913860672509e-01
-6.741202908306765940e-01
-6.741189253641169943e-01
-6.741173903011570268e-01
-6.741156730779152007e-01
-6.741137549524701678e-01
-6.741116147297168126e-01
-6.741092342546269878e-01
-6.741066049125578052e-01
-6.741037339151823016e-01
-6.741006488626063442e-01
-6.740973990708230001e-01
-6.740940525104265335e-01
-6.740906879186131517e-01
-6.740873826370837874e-01
-6.740841978247029687e-01
-6.740811636659259642e-01
-6.740782677957344315e-01
-6.740754501769838924e-01
-6.740726069767609685e-01
-6.740696046108491934e-01
-6.740663032311130509e-01
-6.740625868319181091e-01
-6.740583952532889223e-01
-6.740537520813513206e-01
-6.740487821394596235e-01
-6.740437131219153555e-01
-6.740388579345295561e-01
-6.740345772412150716e-01
-6.740312251566406010e-01
-6.740290844435287143e-01
-6.740283004244879139e-01
-6.740288246325656374e-01
-6.740303796718403184e-01
-6.740324556717025573e-01
-6.740343460716132773e-01
-6.740352263426160340e-01
-6.740342737761243486e-01
-6.740308198544040508e-01
-6.740245192994102075e-01
-6.740155122788384912e-01
-6.740045494489029787e-01
-6.739930450746600687e-01
-6.739830234237914608e-01
-6.739769302426826814e-01
-6.739772963557822960e-01
-6.739862651632518853e-01
-6.740050289631485114e-01
-6.740332567727100876e-01
-6.740686317649684511e-01
-6.741066399616563176e-01
-6.741407524352388547e-01
-6.741631108923508142e-01
-6.741657550364280604e-01
-6.741423207178791621e-01
-6.740900017909950970e-01
-6.740114283108329385e-01
-6.739160018123786511e-01
-6.738201832717000128e-01
-6.737462875044850641e-01
-6.737195239066184893e-01
-6.737633396567560551e-01
-6.738935384255834160e-01
-6.741121007379704544e-01
-6.744020256887743869e-01
-6.747247338094659597e-01
-6.750215066651835683e-01
-6.752200090295789048e-01
-6.752461203146218338e-01
-6.750401504257218521e-01
-6.745751843171323703e-01
-6.738740382813700469e-01
-6.730204433387465546e-01
-6.721599459829580292e-01
-6.714869267370960904e-01
-6.712162150992239118e-01
-6.715408982071388033e-01
-6.725816387657300721e-01
-6.743364124105537538e-01
-6.766421712623519324e-01
-6.791607081756958486e-01
-6.813993351135605447e-01
-6.827726391114454785e-01
-6.827046408222842144e-01
-6.807616252063862783e-01
-6.767957091828353811e-01
-6.710695998556830411e-01
-6.643267370732174326e-01
-6.577716351887503698e-01
-6.529358931001508770e-01
-6.514268526291623340e-01
-6.545849774576872893e-01
-6.631052433611548391e-01
-6.766980691201481823e-01
-6.938701618843192698e-01
-7.118950021658891902e-01
-7.270226940422825912e-01
-7.349566575219129705e-01
-7.315995182291357146e-01
-7.140284204009298419e-01
-6.815798071414376214e-01
-6.368020039616867356e-01
-5.859159632974354492e-01
-5.384079771271018666e-01
-5.055558192117707295e-01
-4.980517709013568828e-01
-5.232752884140130512e-01
-5.829634072173256465e-01
-6.718934069255936281e-01
-7.777712018452590526e-01
-8.820341358563686951e-01
-9.610949661717399506e-01
-9.880171879760649700e-01
-9.356444599700851628e-01
-7.828852114773438009e-01
-5.245369177417668061e-01
-1.809223555083750712e-01
2.004084646800157743e-01
5.561626415648976973e-01
8.268679259466874543e-01
9.714738878839078717e-01
9.707113979170272078e-01
8.246760191100555026e-01
5.528497342595714015e-01
1.965062265443649758e-01
-1.847518704291273850e-01
-5.276960417876893628e-01
-7.850169870445320441e-01
-9.366813126769611975e-01
-9.881094861284908104e-01
-9.605015217005264949e-01
-8.810383381137595338e-01
-7.766358047537544884e-01
-6.708384618895057994e-01
-5.821515558466197060e-01
-5.227999024503375836e-01
-4.979319152830423700e-01
-5.057430403680035491e-01
-5.388056846031802349e-01
-5.864068556998460746e-01
-6.372758121436452594e-01
-6.819540141475047834e-01
-7.142580168426179155e-01
-7.316761595674448060e-01
-7.349005823340130084e-01
-7.268715348637546647e-01
-7.116927519398187352e-01
-6.936581813909428185e-01
-6.765089126055123803e-01
-6.629594240137662853e-01
-6.544904305512350140e-01
-6.513805957492428966e-01
-6.529271679047042864e-01
-6.577856877467996854e-01
-6.643484174697831257e-01
-6.710861495545300537e-01
-6.767984021305598619e-01
-6.807462424413224245e-01
-6.826710020544636270e-01
-6.827235426483648784e-01
-6.813392712486425751e-01
-6.790946441987281146e-01
-6.765746013657920610e-01
-6.742707584336954385e-01
-6.725199997574199395e-01
-6.714840874727647790e-01
-6.711639933881804465e-01
-6.714383351800992106e-01
-6.721136554047586475e-01
-6.729750598491757163e-01
-6.738283312360303645e-01
-6.745282260887359715e-01
-6.749913745212750005e-01
-6.751953142319194745e-01
-6.751672618081825394e-01
-6.749671303243254261e-01
-6.746691748774367170e-01
-6.743457794073461908e-01
-6.740556371145638437e-01
-6.738372463040053217e-01
-6.737074922340510197e-01
-6.736642664532618285e-01
-6.736916454325314607e-01
-6.737660863453761584e-01
-6.738623185494078127e-01
-6.739580038087779057e-01
-6.740366925040622847e-01
-6.740890210437737728e-01
-6.741124126562855201e-01
-6.741097301906859851e-01
-6.740873875243051927e-01
-6.740533804392844219e-01
-6.740155851084556060e-01
-6.739805311796237541e-01
-6.739527196457593128e-01
-6.739344458666887139e-01
-6.739260165266756086e-01
-6.739262171169042581e-01
-6.739328875280052866e-01
-6.739434873258167702e-01
-6.739555681530912112e-01
-6.739671087569917285e-01
-6.739767014436383041e-01
-6.739836034908162077e-01
-6.739876821611681113e-01
-6.739892883879777807e-01
-6.739890939705356354e-01
-6.739879225227757287e-01
-6.739865975241308149e-01
-6.739858231715093462e-01
-6.739861063331326063e-01
-6.739877213404752432e-01
-6.739907139412598669e-01
-6.739949366620699989e-01
-6.740001052218654864e-01
-6.740058645700428563e-01
-6.740118535730176275e-01
-6.740177591797322787e-01
-6.740233537352865456e-01
-6.740285125182883252e-01
-6.740332120094827406e-01
-6.740375123291268977e-01
-6.740415292908989997e-01
-6.740454023780355630e-01
-6.740492646397413523e-01
-6.740532192275422441e-01
-6.740573253909465379e-01
-6.740615946510984946e-01
-6.740659959754560226e-01
-6.740704673989174056e-01
-6.740749308488976910e-01
-6.740793069496158196e-01
-6.740835271838566678e-01
-6.740875417657817836e-01
-6.740913226770105515e-01
-6.740948623099446424e-01
-6.740981688782573533e-01
-6.741012601099636292e-01
-6.741041567351089281e-01
-6.741068769899426494e-01
-6.741094328975570926e-01
-6.741118285782157216e-01
-6.741140604017188398e-01
-6.741161184940642759e-01
-6.741179889819541859e-01
-6.741196563895047733e-01
-6.741211057480475111e-01
-6.741223241814007228e-01
-6.741233019241149593e-01
