-6.740812965564915160e-01
-6.740817368892014771e-01
-6.740820212929249378e-01
-6.740821680113754377e-01
-6.740822065180902545e-01
-6.740821754804580124e-01
-6.740821192204070611e-01
-6.740820823671554995e-01
-6.740821027628384199e-01
-6.740822032246704953e-01
-6.740823833805315024e-01
-6.740826133267612263e-01
-6.740828311366331427e-01
-6.740829461194065564e-01
-6.740828490910673043e-01
-6.740824297577222568e-01
-6.740815997380437130e-01
-6.740803179962758795e-01
-6.740786138676609918e-01
-6.740766018464111609e-01
-6.740744822808218961e-01
-6.740725233930062732e-01
-6.740710227303843283e-01
-6.740702501024913307e-01
-6.740703787724953155e-01
-6.740714163513379376e-01
-6.740731504382643235e-01
-6.740751254380178414e-01
-6.740766651775393914e-01
-6.740769503607874080e-01
-6.740751506094221357e-01
-6.740705987467083826e-01
-6.740629818933674411e-01
-6.740525124307809035e-01
-6.740400349659635415e-01
-6.740270260369795041e-01
-6.740154536039727473e-01
-6.740074840883260032e-01
-6.740050544829928603e-01
-6.740093620816633990e-01
-6.740203585677597697e-01
-6.740363607916041166e-01
-6.740538992911484506e-01
-6.740679104111595432e-01
-6.740723347749718597e-01
-6.740611147896684585e-01
-6.740294939366733296e-01
-6.739754244623182844e-01
-6.739008069464421657e-01
-6.738122373809460885e-01
-6.737209462551548844e-01
-6.736416952464956420e-01
-6.735905547616455324e-01
-6.735817083800885730e-01
-6.736236888543755130e-01
-6.737156985167513934e-01
-6.738448470025408810e-01
-6.739851912589358562e-01
-6.740993372247344739e-01
-6.741430333628484206e-01
-6.740726632014918396e-01
-6.738548811488895840e-01
-6.734769335449973804e-01
-6.729556061861212690e-01
-6.723424054118979365e-01
-6.717226727689330490e-01
-6.712069696539635366e-01
-6.709142756781648620e-01
-6.709482231583441258e-01
-6.713694975833696121e-01
-6.721693047763760420e-01
-6.732500107223021724e-01
-6.744192924307549353e-01
-6.754030996559630129e-01
-6.758802942408593806e-01
-6.755380944693185619e-01
-6.741427325063227283e-01
-6.716146405032226152e-01
-6.680929586937214282e-01
-6.639714933428126908e-01
-6.598889077892254873e-01
-6.566611094128959047e-01
-6.551537825227777834e-01
-6.561065834796154794e-01
-6.599348339481764247e-01
-6.665459184805653248e-01
-6.752128010497469024e-01
-6.845447085945998156e-01
-6.925858050340335526e-01
-6.970582710335371246e-01
-6.957470588370866516e-01
-6.869974641335039323e-01
-6.702602591561734879e-01
-6.465740250129921041e-01
-6.188343394665904995e-01
-5.916921321726966720e-01
-5.709776210157783138e-01
-5.626677024667566807e-01
-5.715680475377031833e-01
-5.999983897381767628e-01
-6.467875145483084065e-01
-7.067875724804884019e-01
-7.709577787618044908e-01
-8.269536102909292863e-01
-8.602022936433660893e-01
-8.556685075301226906e-01
-8.007297670270837608e-01
-6.893849858911076378e-01
-5.270545734909105606e-01
-3.337697205029587222e-01
-1.428867630333799099e-01
5.976825547323718311e-03
7.781570349561450772e-02
5.268279284063392270e-02
-6.809303921151006744e-02
-2.619123323828311811e-01
-4.911134544848980710e-01
-7.130647071709677043e-01
-8.896070968879026264e-01
-9.916497064532167061e-01
-9.987437962704627248e-01
-8.978625638761631444e-01
-6.861069091493293692e-01
-3.775752703381938247e-01
-8.358435614831847757e-03
3.681080821758433985e-01
6.959868069290479076e-01
9.327670294420925545e-01
1.055164815162777714e+00
1.054679670741707653e+00
9.313382149597244641e-01
6.937255323419776465e-01
3.652666384868588634e-01
-1.138361919172975641e-02
-3.803356078054734857e-01
-6.882379787877835886e-01
-8.991670030936490532e-01
-9.991809841766431388e-01
-9.912762173965864454e-01
-8.885338603285981574e-01
-7.114573256431756532e-01
-4.892122779321690929e-01
-2.600288118229910350e-01
-6.655925910010353219e-02
5.359501505249867487e-02
7.796789913013259243e-02
5.399490660590847493e-03
-1.440080033816356353e-01
-3.351531763477998416e-01
-5.284069274774004787e-01
-6.904781637160968266e-01
-8.014411302128171544e-01
-8.559784703454664800e-01
-8.601655381861503802e-01
-8.266648823284943326e-01
-7.705245775126143837e-01
-7.063119630023655393e-01
-6.463545016104793595e-01
-5.996683968424492139e-01
-5.713728918553947489e-01
-5.626106240899539923e-01
-5.710377057582455285e-01
-5.918323613130231919e-01
-6.190113839067429291e-01
-6.467474477241007547e-01
-6.703992031759957726e-01
-6.870839146282905485e-01
-6.957758576720640686e-01
-6.970347926354828472e-01
-6.925224287087290431e-01
-6.844570700705651101e-01
-6.751164971914902502e-01
-6.664540403929466450e-01
-6.598564776202096027e-01
-6.560463259844562245e-01
-6.551119910481559838e-01
-6.566348601045185474e-01
-6.598732387287897794e-01
-6.639607118605176383e-01
-6.680817687070418343e-01
-6.715989372076769381e-01
-6.741200063249778163e-01
-6.755074702468906178e-01
-6.758422895768659844e-01
-6.753592131135666143e-01
-6.743715320754026799e-01
-6.732004545077584501e-01
-6.721197557458319372e-01
-6.713212660736266324e-01
-6.709020403355803186e-01
-6.708703209886592855e-01
-6.711649807887533070e-01
-6.716821008589363151e-01
-6.723025795662025406e-01
-6.729158783891797668e-01
-6.734367850010046785e-01
-6.738139819950565990e-01
-6.740308870909921257e-01
-6.741004354229168660e-01
-6.740561077856974670e-01
-6.739415986623177313e-01
-6.738011813327888788e-01
-6.736722250942075441e-01
-6.735806166391616889e-01
-6.735391748169905490e-01
-6.735486255982716663e-01
-6.736003758052573342e-01
-6.736801996353339872e-01
-6.737720050242315128e-01
-6.738610276994919657e-01
-6.739360494263623158e-01
-6.739904957133172614e-01
-6.740224909627436922e-01
-6.740341064330851450e-01
-6.740301171223636034e-01
-6.740165921775636004e-01
-6.739995952679542768e-01
-6.739841879930646984e-01
-6.739738331326404763e-01
-6.739702045911508677e-01
-6.739733408708823426e-01
-6.739820359145525241e-01
-6.739943460890446270e-01
-6.740081009371315934e-01
-6.740213310169220762e-01
-6.740325604132881843e-01
-6.740409465635784914e-01
-6.740462797995597777e-01
-6.740488756977561779e-01
-6.740494035939843531e-01
-6.740486951740470856e-01
-6.740475700871787490e-01
-6.740467039811172123e-01
-6.740465512478177601e-01
-6.740473226707699439e-01
-6.740490088779466094e-01
-6.740514349324985277e-01
-6.740543296025360842e-01
-6.740573942552914311e-01
-6.740603599319390238e-01
-6.740630258488549131e-01
-6.740652772928960035e-01
-6.740670848258950576e-01
-6.740684894005301020e-01
-6.740695792573675460e-01
-6.740704644410353552e-01
-6.740712537556032835e-01
-6.740720373846245117e-01
-6.740728766430786889e-01
-6.740738007524303965e-01
-6.740748093699727717e-01
-6.740758789661484007e-01
-6.740769710169293161e-01
-6.740780402601207477e-01
-6.740790417982283067e-01
-6.740799364451092179e-01
-6.740806942572836746e-01
