-6.740942824135128797e-01
-6.740945274307872381e-01
-6.740942087638068791e-01
-6.740934889340625125e-01
-6.740926082780573925e-01
-6.740918424390053287e-01
-6.740914491324666580e-01
-6.740916110628373259e-01
-6.740923841020866059e-01
-6.740936613516838039e-01
-6.740951637003393948e-01
-6.740964652439012106e-01
-6.740970570669949646e-01
-6.740964455958119439e-01
-6.740942729422428892e-01
-6.740904380140749774e-01
-6.740851908211176191e-01
-6.740791706357212032e-01
-6.740733633134013969e-01
-6.740689649699678210e-01
-6.740671576419925426e-01
-6.740688250200868037e-01
-6.740742586174227613e-01
-6.740829214168084782e-01
-6.740933415164140907e-01
-6.741031980401189783e-01
-6.741096335476174373e-01
-6.741097829984611378e-01
-6.741014549394857003e-01
-6.740838460634908103e-01
-6.740581285822633273e-01
-6.740277345417303723e-01
-6.739981834134611827e-01
-6.739763643652469938e-01
-6.739692891678363829e-01
-6.739824619773199244e-01
-6.740181444703005065e-01
-6.740738981027658561e-01
-6.741418269935121055e-01
-6.742088980451271807e-01
-6.742585658341954113e-01
-6.742736852705375483e-01
-6.742403860455009612e-01
-6.741522641638562074e-01
-6.740139896814115739e-01
-6.738433142010344934e-01
-6.736705538476848165e-01
-6.735349603895236514e-01
-6.734779639980866817e-01
-6.735340055589166264e-01
-6.737204449786691196e-01
-6.740286613774385538e-01
-6.744187651841617726e-01
-6.748201630304572207e-01
-6.751394676189078625e-01
-6.752759472117250139e-01
-6.751430108992656498e-01
-6.746924012625623579e-01
-6.739361951144485774e-01
-6.729608324119333851e-01
-6.719276188758926960e-01
-6.710557646167966128e-01
-6.705870574898985526e-01
-6.707353919356101590e-01
-6.716288572395435752e-01
-6.732559156792556898e-01
-6.754292834651693944e-01
-6.777805934405556343e-01
-6.797953463931202256e-01
-6.808911718434610405e-01
-6.805336473806188335e-01
-6.783739313297917350e-01
-6.743827896778845643e-01
-6.689484283451905267e-01
-6.629037206048409292e-01
-6.574548970507108070e-01
-6.540002322734927986e-01
-6.538524004973712556e-01
-6.579066899069220264e-01
-6.663209323043354226e-01
-6.782838455307919068e-01
-6.919426043999871156e-01
-7.045399261872076213e-01
-7.127818243922930952e-01
-7.134239831244937324e-01
-7.040252313689600028e-01
-6.837630509389071021e-01
-6.541366612708012784e-01
-6.193194407294674297e-01
-5.859144092184177532e-01
-5.619679468239121567e-01
-5.553145581253821073e-01
-5.715846606941561436e-01
-6.123792089143365036e-01
-6.740967388749100619e-01
-7.476874353963220976e-01
-8.193248461336686272e-01
-8.718317316282071516e-01
-8.868354089796189887e-01
-8.479770037580629527e-01
-7.455836166588557523e-01
-5.823808384619242329e-01
-3.780215011568476280e-01
-1.688209522814489993e-01
-3.021799587592331054e-04
8.586780038585702102e-02
6.550034717743882795e-02
-5.910301066851430390e-02
-2.581301972860957084e-01
-4.816764842741434460e-01
-6.728386599005479196e-01
-7.812812626536232985e-01
-7.728071599133493619e-01
-6.348801226227603900e-01
-3.802935431032712366e-01
-4.771208802520192360e-02
3.060094895845239527e-01
6.230362836502584267e-01
8.633844899976919063e-01
1.014063438711964027e+00
1.085588670048355242e+00
1.101334935225812384e+00
1.086767853789897265e+00
1.062467082122441786e+00
1.041275271004857617e+00
1.028491114914849458e+00
1.023820162625932229e+00
1.023991961041843313e+00
1.025254280371285853e+00
1.025244949399058303e+00
1.023976766257790105e+00
1.023832577732349813e+00
1.028570924297263822e+00
1.041446310284560806e+00
1.062710572398513964e+00
1.086997490595776439e+00
1.101383068736407900e+00
1.085215889107303155e+00
1.013004957539662687e+00
8.614409695361907593e-01
6.201929980030495004e-01
3.025241513252923675e-01
-5.132749165294045457e-02
-3.834200875904362205e-01
-6.369898357257861576e-01
-7.735963145709551236e-01
-7.807043159235932395e-01
-6.710911558749158567e-01
-4.791665828506933011e-01
-2.554217660563024572e-01
-5.680174301155328093e-02
6.689818243206370474e-02
8.610459266967593339e-02
-1.186015858789465222e-03
-1.705193550976145667e-01
-3.800743683629524416e-01
-5.843229566212883030e-01
-7.470706343531097193e-01
-8.488422617447144436e-01
-8.870763298986340528e-01
-8.715587885137454638e-01
-8.187069919627284476e-01
-7.469095376366773342e-01
-6.733292593945410243e-01
-6.117561920195784264e-01
-5.711888297543892268e-01
-5.551713198075045597e-01
-5.620500639298366963e-01
-5.861564716082262594e-01
-6.196381587328735341e-01
-6.544513492580009695e-01
-6.840112637313474631e-01
-7.041708632162878567e-01
-7.134579014686519560e-01
-7.127170344051982909e-01
-7.044038856145014016e-01
-6.917689596335714342e-01
-6.781051455453379617e-01
-6.661632180712966367e-01
-6.577863671409129864e-01
-6.537754235420817350e-01
-6.539632931000988192e-01
-6.574480342008164335e-01
-6.629135976904320104e-01
-6.689615303518012812e-01
-6.743879448276869359e-01
-6.783638275054735267e-01
-6.805052896469249157e-01
-6.808454482642223304e-01
-6.797359963217393108e-01
-6.777129064309552753e-01
-6.753588214054013772e-01
-6.731874749488628851e-01
-6.715657962622826327e-01
-6.706793599333015221e-01
-6.705380845100173959e-01
-6.710126191585665811e-01
-6.718883121730280239e-01
-6.729231477355780422e-01
-6.738981417788567629e-01
-6.746525282273704294e-01
-6.751005544757493482e-01
-6.752308229334752498e-01
-6.750921420862333600e-01
-6.747714550330896621e-01
-6.743696270989688601e-01
-6.739799841676360481e-01
-6.736729165321165835e-01
-6.734880362222185335e-01
-6.734336782060954540e-01
-6.734922416639005371e-01
-6.736291235173367253e-01
-6.738028222714765869e-01
-6.739740986859632521e-01
-6.741127122359209523e-01
-6.742010222325579560e-01
-6.742344767168791941e-01
-6.742195817011070735e-01
-6.741702782376586267e-01
-6.741037447758422285e-01
-6.740365248027723188e-01
-6.739816222779552168e-01
-6.739468880255200522e-01
-6.739347113042808424e-01
-6.739427867850142917e-01
-6.739655789179186396e-01
-6.739960596945092641e-01
-6.740273383360435577e-01
-6.740539052973258949e-01
-6.740723454885271249e-01
-6.740815059029213741e-01
-6.740822071841773289e-01
-6.740766534022272216e-01
-6.740677161454472488e-01
-6.740582533945306265e-01
-6.740505817025924662e-01
-6.740461655613861902e-01
-6.740455334351660444e-01
-6.740483858361834280e-01
-6.740538329125175254e-01
-6.740606889113602840e-01
-6.740677564926087495e-01
-6.740740506501630147e-01
-6.740789343288843272e-01
-6.740821603006897922e-01
-6.740838322695511531e-01
-6.740843100172440039e-01
-6.740840879900910076e-01
-6.740836748993297434e-01
-6.740834955188389488e-01
-6.740838271916618218e-01
-6.740847747587285221e-01
-6.740862803393168345e-01
-6.740881595426079231e-01
-6.740901534646661641e-01
-6.740919858379069707e-01
-6.740934162271705610e-01
