-6.740841138414830347e-01
-6.740845710620743114e-01
-6.740848834011182733e-01
-6.740850647573213283e-01
-6.740851376943285400e-01
-6.740851319906610017e-01
-6.740850820620474249e-01
-6.740850230025418055e-01
-6.740849852663149955e-01
-6.740849884258559577e-01
-6.740850349139826392e-01
-6.740851050716279991e-01
-6.740851550505568834e-01
-6.740851190400635184e-01
-6.740849168191718199e-01
-6.740844667689220859e-01
-6.740837032899641423e-01
-6.740825962326764120e-01
-6.740811687198910995e-01
-6.740795089387603412e-01
-6.740777714108157070e-01
-6.740761641611713317e-01
-6.740749201988677219e-01
-6.740742546816633762e-01
-6.740743127135571111e-01
-6.740751163109202082e-01
-6.740765218857605046e-01
-6.740782007745840243e-01
-6.740796541274624021e-01
-6.740802693968125370e-01
-6.740794187469956178e-01
-6.740765905925171220e-01
-6.740715354932995673e-01
-6.740643987169554485e-01
-6.740558062049204491e-01
-6.740468707026637807e-01
-6.740390921458687679e-01
-6.740341416651394191e-01
-6.740335408598766564e-01
-6.740382745500762551e-01
-6.740484015152352626e-01
-6.740627479161541702e-01
-6.740787758651789474e-01
-6.740927094601983915e-01
-6.740999692722482450e-01
-6.740959141640018304e-01
-6.740768214747339115e-01
-6.740409630910645378e-01
-6.739895701255098626e-01
-6.739274397710891540e-01
-6.738629409107861346e-01
-6.738072325722903599e-01
-6.737726254296019235e-01
-6.737701836372483877e-01
-6.738068610673767500e-01
-6.738826581751885536e-01
-6.739884295733915565e-01
-6.741050218101563019e-01
-6.742043365305010472e-01
-6.742526741298209281e-01
-6.742163220687823477e-01
-6.740688489376290837e-01
-6.737990249301135659e-01
-6.734178181744423508e-01
-6.729626402641843974e-01
-6.724970571312050005e-01
-6.721046353406978646e-01
-6.718764863268898990e-01
-6.718933354752393283e-01
-6.722044049213300454e-01
-6.728067873317244985e-01
-6.736299743745901569e-01
-6.745304640677743935e-01
-6.753006546132248600e-01
-6.756944194103583490e-01
-6.754689023675405357e-01
-6.744384296936120071e-01
-6.725324883819849831e-01
-6.698462092697882175e-01
-6.666696845012631822e-01
-6.634828202004108277e-01
-6.609061550139991859e-01
-6.596054111704485745e-01
-6.601576970960665314e-01
-6.628983223307839401e-01
-6.677764606909533107e-01
-6.742528781178707131e-01
-6.812721269773650556e-01
-6.873348946490022149e-01
-6.906843443153066753e-01
-6.896037517847437570e-01
-6.828008527701530106e-01
-6.698262207441184612e-01
-6.514410002100400332e-01
-6.298229860165586169e-01
-6.084967849031064357e-01
-5.919116128053789616e-01
-5.846734997445471871e-01
-5.905462915616653818e-01
-6.114249915180061112e-01
-6.465126322313821117e-01
-6.918825372468865309e-01
-7.405096831196068541e-01
-7.827727527258215856e-01
-8.074291937513520256e-01
-8.031575410082988364e-01
-7.608345402024930815e-01
-6.765496283715539683e-01
-5.547870762602585826e-01
-4.104068426615519183e-01
-2.677138871058863390e-01
-1.557579667920045985e-01
-1.008789976840082925e-01
-1.191033953769993353e-01
-2.111698073542138954e-01
-3.618902394890743945e-01
-5.439612749734835662e-01
-7.245555391525269062e-01
-8.716777364610878154e-01
-9.577152862566411518e-01
-9.602231025649053953e-01
-8.628374105496078306e-01
-6.595088179067024603e-01
-3.617567942230774936e-01
-3.450783956473862154e-03
3.638273601087735343e-01
6.853100543888098750e-01
9.185037917475635805e-01
1.039437751796258746e+00
1.038975574748485675e+00
9.171459164212125703e-01
6.831702451692462930e-01
3.611531590798221503e-01
-6.280044065782816078e-03
-3.643189551390440539e-01
-6.614670735679155644e-01
-8.640185545770355802e-01
-9.606098940328342550e-01
-9.573908188977117151e-01
-8.707783560646811249e-01
-7.232559943928250634e-01
-5.424771381006897597e-01
-3.604687373969085451e-01
-2.100539704356955695e-01
-1.184790701785112393e-01
-1.008285333239688913e-01
-1.562409759262271547e-01
-2.685829839153257570e-01
-4.114532864725556904e-01
-5.557999401356239488e-01
-6.773663983377880005e-01
-7.613667487510503706e-01
-8.033893978927492130e-01
-8.073991626956200651e-01
-7.825505243366680519e-01
-7.401763541014685366e-01
-6.915161828776886788e-01
-6.461784915961018561e-01
-6.111691883008383286e-01
-5.903927823630601424e-01
-5.846244230799705344e-01
-5.919509632999329085e-01
-6.085966268128480960e-01
-6.299507639978444429e-01
-6.515662994120848817e-01
-6.699256713039235533e-01
-6.828605735551688261e-01
-6.896194564238949942e-01
-6.906597243972856237e-01
-6.872790650222035946e-01
-6.811968399036365529e-01
-6.741700194209759855e-01
-6.676961362971232106e-01
-6.628276735837153044e-01
-6.601004519460689224e-01
-6.595620772927062170e-01
-6.608746873553135170e-01
-6.634595544311405746e-01
-6.666503249180993906e-01
-6.698266934327476996e-01
-6.725096105032970506e-01
-6.744101739925596473e-01
-6.754344999221946200e-01
-6.756541863755144428e-01
-6.752556920866723544e-01
-6.744823024402496481e-01
-6.735802331097109352e-01
-6.727569010112876002e-01
-6.721554435150364215e-01
-6.718459252713404606e-01
-6.718308205663090504e-01
-6.720605519084047463e-01
-6.724541551692269081e-01
-6.729204078009993761e-01
-6.733757475510318002e-01
-6.737567002020176110e-01
-6.740259977055436114e-01
-6.741728317529481762e-01
-6.742085784633219392e-01
-6.741597814862455573e-01
-6.740602212996102960e-01
-6.739436204476899617e-01
-6.738380619209212163e-01
-6.737626567805258260e-01
-6.737264939823761623e-01
-6.737295148163021663e-01
-6.737647150039057786e-01
-6.738209940013256682e-01
-6.738860212493178459e-01
-6.739486335988339460e-01
-6.740004707083707691e-01
-6.740367521724037747e-01
-6.740562671937092576e-01
-6.740607635369411099e-01
-6.740539797362598007e-01
-6.740405672397737913e-01
-6.740251097486720244e-01
-6.740113820064311811e-01
-6.740019166553424812e-01
-6.739978798975609919e-01
-6.739992046174113627e-01
-6.740048983775296376e-01
-6.740134336575585028e-01
-6.740231355825789805e-01
-6.740325026681742715e-01
-6.740404224755861540e-01
-6.740462706631689116e-01
-6.740499042131355978e-01
-6.740515748640706351e-01
-6.740517960767941075e-01
-6.740511968436214696e-01
-6.740503900388038483e-01
-6.740498740578483305e-01
-6.740499764935546922e-01
-6.740508394745643450e-01
-6.740524393757041377e-01
-6.740546295440084101e-01
-6.740571934847471303e-01
-6.740598971471531975e-01
-6.740625317760592372e-01
-6.740649423936235785e-01
-6.740670405562766421e-01
-6.740688029949734039e-01
-6.740702597358588788e-01
-6.740714762058755971e-01
-6.740725337547149865e-01
-6.740735122153345138e-01
-6.740744768934477937e-01
-6.740754710351998247e-01
-6.740765136313574546e-01
-6.740776015493675777e-01
-6.740787145182146611e-01
-6.740798214126710874e-01
-6.740808865126491911e-01
-6.740818748296871776e-01
-6.740827560655586748e-01
-6.740835071826386526e-01
