-6.740947906664022105e-01
-6.740950492762711743e-01
-6.740947627457410940e-01
-6.740940757712822196e-01
-6.740932047897723045e-01
-6.740924028078784103e-01
-6.740919140337042759e-01
-6.740919232789984727e-01
-6.740925074322495769e-01
-6.740935982911425706e-01
-6.740949668614365509e-01
-6.740962380556614342e-01
-6.740969410048618382e-01
-6.740965939015294284e-01
-6.740948140997035098e-01
-6.740914355311513617e-01
-6.740866083725111091e-01
-6.740808525851972322e-01
-6.740750394584312799e-01
-6.740702847838381251e-01
-6.740677535622811023e-01
-6.740683972419454495e-01
-6.740726667095221503e-01
-6.740802625520457836e-01
-6.740899929197289309e-01
-6.740998037949156307e-01
-6.741070238253633606e-01
-6.741088266527842654e-01
-6.741028625312109890e-01
-6.740879568296139768e-01
-6.740647278317193347e-01
-6.740359534346577197e-01
-6.740065277025647505e-01
-6.739829007353181911e-01
-6.739719881040028282e-01
-6.739796584572896876e-01
-6.740090390084457761e-01
-6.740589897297891708e-01
-6.741231561897020885e-01
-6.741899894792927617e-01
-6.742440021398977690e-01
-6.742683122418079433e-01
-6.742482376720859705e-01
-6.741753870192277454e-01
-6.740514193834002965e-01
-6.738904895026410768e-01
-6.737194273501699859e-01
-6.735749689602527068e-01
-6.734978609467933142e-01
-6.735243518183213762e-01
-6.736763457290392276e-01
-6.739521667946730688e-01
-6.743202802109617977e-01
-6.747182721992710519e-01
-6.750587961919778390e-01
-6.752430379502237789e-01
-6.751806510139896078e-01
-6.748133085488812188e-01
-6.741373635138141474e-01
-6.732200327980819576e-01
-6.722034498734617003e-01
-6.712921899407741089e-01
-6.707225605303468452e-01
-6.707158277505542721e-01
-6.714219818496597325e-01
-6.728646778669408191e-01
-6.749005303919003440e-01
-6.772060555328577314e-01
-6.793027008570613479e-01
-6.806245849905070422e-01
-6.806253066976932775e-01
-6.789104533314866963e-01
-6.753726717103504251e-01
-6.702983803304154442e-01
-6.644120774198634116e-01
-6.588286736856135972e-01
-6.548983854465866283e-01
-6.539519036094881832e-01
-6.569814458826117587e-01
-6.643182695716965958e-01
-6.753810799175312685e-01
-6.885675445829197994e-01
-7.013435284528400926e-01
-7.105570503075812061e-01
-7.129716051134781241e-01
-7.059760782287684000e-01
-6.883794343392858339e-01
-6.611338612753856481e-01
-6.277651794949049568e-01
-5.942671874225897710e-01
-5.682910727893552005e-01
-5.576514261124579930e-01
-5.684215035502709901e-01
-6.030842926681474481e-01
-6.592317576065971352e-01
-7.291356515468836452e-01
-8.002403630035286319e-01
-8.564343872004125391e-01
-8.800176380900768258e-01
-8.545821054253562865e-01
-7.691950412150795335e-01
-6.237089334577275990e-01
-4.334898337824651948e-01
-2.303365559313529931e-01
-5.686136920496378394e-02
4.510150187198107286e-02
4.781369224071663898e-02
-5.246286260009305757e-02
-2.326304497288441409e-01
-4.480787213350030940e-01
-6.442483508984746532e-01
-7.698839452075337819e-01
-7.872581176934061453e-01
-6.783974214403778458e-01
-4.493377061634992731e-01
-1.320890384324874545e-01
2.204236850965531069e-01
5.494581779244648301e-01
8.098425147068931684e-01
9.820230060402170835e-01
1.071445446945026525e+00
1.099114547399863584e+00
1.090448287416682538e+00
1.067325251586996426e+00
1.044348978355234436e+00
1.028460845564759252e+00
1.020612122337752448e+00
1.018328294118063138e+00
1.018281541239174137e+00
1.018280806636171043e+00
1.018338199286336732e+00
1.020663400974087809e+00
1.028586789671694923e+00
1.044561297913025211e+00
1.067586509666607508e+00
1.090648359605891571e+00
1.099061683954985158e+00
1.070884983936297496e+00
9.806964320513592570e-01
8.075898425694405525e-01
5.463357710171178327e-01
2.167700713060462525e-01
-1.357091671405819266e-01
-4.523084699609495885e-01
-6.802448416747211013e-01
-7.877568971689944410e-01
-7.690682676690030473e-01
-6.423827895362027585e-01
-4.456185404497944869e-01
-2.301491766204385170e-01
-5.052881769832507503e-02
4.878109543426278893e-02
4.493816794343301335e-02
-5.803342104302842974e-02
-2.321656538440775575e-01
-4.355169030503862615e-01
-6.255096305403052837e-01
-7.704845280104121175e-01
-8.552491160677602178e-01
-8.800978123739831016e-01
-8.560573001637359347e-01
-7.995788430202349639e-01
-7.283678663138828391e-01
-6.585144996182579202e-01
-6.025339904710796946e-01
-5.681025052457192581e-01
-5.575733241181034527e-01
-5.684161099710205445e-01
-5.945260698231564778e-01
-6.280769687753263719e-01
-6.614246114579491742e-01
-6.885953098317787457e-01
-7.060891201486109159e-01
-7.129787924067390037e-01
-7.104748064735891822e-01
-7.012001299212577976e-01
-6.883954144750676907e-01
-6.752102594303494021e-01
-6.641717760068217569e-01
-6.568728044114172659e-01
-6.538848067352912574e-01
-6.548681378887177829e-01
-6.588248397562953551e-01
-6.644216205590118829e-01
-6.703086106291327173e-01
-6.753734853409918415e-01
-6.788955974704685703e-01
-6.805926562652817591e-01
-6.805756108920241187e-01
-6.792414154434237572e-01
-6.771377440365211609e-01
-6.748305393395673812e-01
-6.727974584612556042e-01
-6.713604991893220575e-01
-6.706613611319478530e-01
-6.706748475915860208e-01
-6.712498166612242967e-01
-6.721643643139342261e-01
-6.731820629985720839e-01
-6.740986441536436224e-01
-6.747725581419418139e-01
-6.751372816848719705e-01
-6.751971146807258517e-01
-6.750108863314255858e-01
-6.746692369903155573e-01
-6.742710590829876782e-01
-6.739035951842891059e-01
-6.736290320611287852e-01
-6.734786228793689933e-01
-6.734537704197046670e-01
-6.735323535480775003e-01
-6.736779896833188230e-01
-6.738498867543311066e-01
-6.740113401784172398e-01
-6.741356052648849184e-01
-6.742086387119563540e-01
-6.742288928130718562e-01
-6.742048500415022128e-01
-6.741512512008652758e-01
-6.740850010654229063e-01
-6.740215778782180367e-01
-6.739724980041364999e-01
-6.739440709980979438e-01
-6.739373904512061531e-01
-6.739492898119562314e-01
-6.739738736437433930e-01
-6.740042141096711514e-01
-6.740338622704218352e-01
-6.740579353597542234e-01
-6.740736725114224726e-01
-6.740804737293865090e-01
-6.740795294697120577e-01
-6.740732003890040902e-01
-6.740643178274812186e-01
-6.740555524851365998e-01
-6.740489533571345504e-01
-6.740457046907080141e-01
-6.740460975889037698e-01
-6.740496737401453498e-01
-6.740554762359404206e-01
-6.740623370590280716e-01
-6.740691397670736107e-01
-6.740750142866610561e-01
-6.740794430032638340e-01
-6.740822784343113439e-01
-6.740836890121487679e-01
-6.740840589474798028e-01
-6.740838705916539775e-01
-6.740835943486959136e-01
-6.740836040248332495e-01
-6.740841268162173217e-01
-6.740852289415297793e-01
-6.740868316432527818e-01
-6.740887485813158442e-01
-6.740907344911559740e-01
-6.740925358159615133e-01
-6.740939360246118728e-01
