-6.741064089120295533e-01
-6.741068804452855501e-01
-6.741071327170474747e-01
-6.741071732685558482e-01
-6.741070156386341772e-01
-6.741066799557428046e-01
-6.741061927149597510e-01
-6.741055850734263277e-01
-6.741048892644611046e-01
-6.741041331994257479e-01
-6.741033339139321789e-01
-6.741024910952428950e-01
-6.741015823518707872e-01
-6.741005620097917372e-01
-6.740993649336598503e-01
-6.740979161343683135e-01
-6.740961457862607586e-01
-6.740940078912686095e-01
-6.740914994419222595e-01
-6.740886758657769207e-01
-6.740856581114250679e-01
-6.740826272404323305e-01
-6.740798039736143332e-01
-6.740774132630750204e-01
-6.740756373423943959e-01
-6.740745643180402480e-01
-6.740741424736700349e-01
-6.740741522297091226e-01
-6.740742073450255445e-01
-6.740737939098220277e-01
-6.740723498263924141e-01
-6.740693792534501183e-01
-6.740645870039045917e-01
-6.740580088543973725e-01
-6.740501072942258753e-01
-6.740418006438566589e-01
-6.740343985594799969e-01
-6.740294296462983059e-01
-6.740283667539498369e-01
-6.740322802940074132e-01
-6.740414755644583700e-01
-6.740551910785113066e-01
-6.740714450676362768e-01
-6.740871109425796703e-01
-6.740982757751766696e-01
-6.741008884549249958e-01
-6.740916403253149891e-01
-6.740689501758445612e-01
-6.740338614375626092e-01
-6.739906191897460097e-01
-6.739466949674582930e-01
-6.739120812136568661e-01
-6.738977891015042188e-01
-6.739136458579914057e-01
-6.739656789621759625e-01
-6.740535593961431982e-01
-6.741687096601801654e-01
-6.742937176561403234e-01
-6.744035961312051519e-01
-6.744691700577724047e-01
-6.744624718366222238e-01
-6.743635238371709084e-01
-6.741673741520631813e-01
-6.738898392923539094e-01
-6.735702252408615198e-01
-6.732694620221870707e-01
-6.730626683362156415e-01
-6.730261556662051614e-01
-6.732201772658288341e-01
-6.736701112196323837e-01
-6.743499388614456747e-01
-6.751725075156569389e-01
-6.759908536919513322e-01
-6.766136224862820958e-01
-6.768353325568379208e-01
-6.764790928634832889e-01
-6.754457947317917821e-01
-6.737604289998785356e-01
-6.716038614386056205e-01
-6.693180849013008471e-01
-6.673754742710882315e-01
-6.663082630769918691e-01
-6.666028959352847671e-01
-6.685736689821980550e-01
-6.722389463549035549e-01
-6.772288309173423171e-01
-6.827536254128918625e-01
-6.876569721220366915e-01
-6.905664386871508409e-01
-6.901381754383841827e-01
-6.853716593465019047e-01
-6.759463857546073040e-01
-6.625078349630154628e-01
-6.468127747998101418e-01
-6.316460387431410695e-01
-6.204538690531709033e-01
-6.167045683576874993e-01
-6.230703683412845972e-01
-6.405952208751892751e-01
-6.680413561463939276e-01
-7.015810799280368659e-01
-7.349368047022790673e-01
-7.600111098161139722e-01
-7.680225336251347290e-01
-7.511575127462094548e-01
-7.046812240538257166e-01
-6.292134721923864360e-01
-5.324734338578277493e-01
-4.294757258824358215e-01
-3.403356263485504685e-01
-2.857091825439684873e-01
-2.810655269263493961e-01
-3.317113349601372163e-01
-4.303173676745355447e-01
-5.577639234458277029e-01
-6.868337048559014502e-01
-7.872258180835598473e-01
-8.303209009178814659e-01
-7.933350799174297974e-01
-6.638014541583734385e-01
-4.448091061076943076e-01
-1.586882610589504805e-01
1.554115835435249116e-01
4.523261715248765857e-01
6.958765081647376727e-01
8.691912544179244415e-01
9.753958910751354683e-01
1.030270241926245278e+00
1.051910909620096701e+00
1.051808504273534561e+00
1.029901429862071005e+00
9.746014624622503231e-01
8.677867003566992476e-01
6.937538553013523623e-01
4.495502555098244701e-01
1.522590314930178101e-01
-1.617877186960753610e-01
-4.474116799985033421e-01
-6.655887124332929838e-01
-7.941804698016263764e-01
-8.302760501688758454e-01
-7.864700472026574518e-01
-6.856254978955536039e-01
-5.564011747465876789e-01
-4.290949955439526398e-01
-3.308713650794963823e-01
-2.807504737460206345e-01
-2.859363762762412442e-01
-3.410038146869715514e-01
-4.304026018076449467e-01
-5.334509124221328280e-01
-6.300612887945282736e-01
-7.052820290211099241e-01
-7.514669353014008513e-01
-7.680588801406791344e-01
-7.598348057165570379e-01
-7.346285091500608377e-01
-7.012232921690431109e-01
-6.677049546651500078e-01
-6.403309238290334493e-01
-6.229048831837276090e-01
-6.166411582646857958e-01
-6.204766967143092726e-01
-6.317270570781906569e-01
-6.469194881745398140e-01
-6.626102420746293742e-01
-6.760218714742074475e-01
-6.854073258806980817e-01
-6.901308010717556174e-01
-6.905207081074191677e-01
-6.875827769599220929e-01
-6.826631586777569538e-01
-6.771340115480108945e-01
-6.721495021731322961e-01
-6.684960221372115985e-01
-6.665398448249758578e-01
-6.662593384847166345e-01
-6.673377677066810731e-01
-6.692873097491038870e-01
-6.715754151945848571e-01
-6.737302718177669014e-01
-6.754110312065715327e-01
-6.764382218025838389e-01
-6.767881966110383951e-01
-6.765611352577476367e-01
-6.759346029227575325e-01
-6.751143316643772874e-01
-6.742915566459384280e-01
-6.736128565206819241e-01
-6.731648618029972830e-01
-6.729730546121167611e-01
-6.730116035105579986e-01
-6.732199456604981425e-01
-6.735216248252561266e-01
-6.738415291336172785e-01
-6.741188497263835844e-01
-6.743144672498260217e-01
-6.744127684070931883e-01
-6.744188848739577358e-01
-6.743529245014302509e-01
-6.742429246694026101e-01
-6.741180722552929661e-01
-6.740033205522153459e-01
-6.739160190538668882e-01
-6.738646719026952780e-01
-6.738495392811720830e-01
-6.738645400352465398e-01
-6.738998137516732934e-01
-6.739443370159405866e-01
-6.739881228505202326e-01
-6.740237174707449652e-01
-6.740468997148293395e-01
-6.740566506338036001e-01
-6.740545721997491802e-01
-6.740439875114677681e-01
-6.740289548832925082e-01
-6.740133876913200206e-01
-6.740004076712915460e-01
-6.739919883906744236e-01
-6.739888818108188406e-01
-6.739907735429628843e-01
-6.739965858027496814e-01
-6.740048408041927619e-01
-6.740140076122801416e-01
-6.740227765643901359e-01
-6.740302310628877303e-01
-6.740359113244414058e-01
-6.740397845125952747e-01
-6.740421483568804772e-01
-6.740435004064413427e-01
-6.740444034230830272e-01
-6.740453709454721221e-01
-6.740467879911514748e-01
-6.740488723563522466e-01
-6.740516737458904784e-01
-6.740551021191538705e-01
-6.740589736167493795e-01
-6.740630620987263510e-01
-6.740671461189728930e-01
-6.740710442886403975e-01
-6.740746356055419275e-01
-6.740778647130486467e-01
-6.740807346730666172e-01
-6.740832914139117671e-01
-6.740856045067691316e-01
-6.740877484901393046e-01
-6.740897878821887623e-01
-6.740917676290170135e-01
-6.740937093484801190e-01
-6.740956125928023734e-01
-6.740974596207014446e-01
-6.740992218897249311e-01
-6.741008666088311729e-01
-6.741023621199800919e-01
-6.741036814601872873e-01
-6.741048040430999144e-01
-6.741057158660569426e-01
