-6.740945892630710867e-01
-6.740950686863478314e-01
-6.740953878663333843e-01
-6.740955541392389394e-01
-6.740955795873815326e-01
-6.740954804023677749e-01
-6.740952756794623690e-01
-6.740949854858439005e-01
-6.740946281854846012e-01
-6.740942172189446913e-01
-6.740937577868485464e-01
-6.740932441124004582e-01
-6.740926580933884749e-01
-6.740919701342229509e-01
-6.740911427293022617e-01
-6.740901369398125675e-01
-6.740889213014679138e-01
-6.740874820050986038e-01
-6.740858325352203639e-01
-6.740840204935801827e-01
-6.740821292387521035e-01
-6.740802723718013478e-01
-6.740785800553229512e-01
-6.740771776287475259e-01
-6.740761588106251034e-01
-6.740755576650663272e-01
-6.740753250590612033e-01
-6.740753161080244027e-01
-6.740752946926069633e-01
-6.740749592600411289e-01
-6.740739907631244643e-01
-6.740721190192350276e-01
-6.740691986197504537e-01
-6.740652807345330899e-01
-6.740606638928684502e-01
-6.740559062572748505e-01
-6.740517849847824650e-01
-6.740491954286702558e-01
-6.740489938513292145e-01
-6.740518007562021907e-01
-6.740577957366493678e-01
-6.740665459794320524e-01
-6.740769160224830969e-01
-6.740871031035826633e-01
-6.740948285093001369e-01
-6.740976905386456552e-01
-6.740936511362569661e-01
-6.740815905783744677e-01
-6.740618297783473878e-01
-6.740364962875458055e-01
-6.740096064879224080e-01
-6.739867596598548838e-01
-6.739743926513750427e-01
-6.739786242548102546e-01
-6.740038168303528199e-01
-6.740510831426361760e-01
-6.741170474497357734e-01
-6.741932080696307894e-01
-6.742662226992549579e-01
-6.743193339789870233e-01
-6.743349701977926491e-01
-6.742983103389924571e-01
-6.742013279868497300e-01
-6.740465758468364710e-01
-6.738498037889051329e-01
-6.736404815416511260e-01
-6.734594729823755177e-01
-6.733535046510358280e-01
-6.733666662850316120e-01
-6.735299040332649589e-01
-6.738501955217712780e-01
-6.743016715714936771e-01
-6.748212028443721922e-01
-6.753107546308101394e-01
-6.756480408888415612e-01
-6.757056791915181382e-01
-6.753772713604919709e-01
-6.746068428209596179e-01
-6.734162221049552199e-01
-6.719236858532725565e-01
-6.703470299398761600e-01
-6.689855783524313315e-01
-6.681787036908378719e-01
-6.682430130885514963e-01
-6.693957826991367988e-01
-6.716774243187114690e-01
-6.748894868914024903e-01
-6.785658383386070636e-01
-6.819925723517377136e-01
-6.842866668742959568e-01
-6.845346518383957912e-01
-6.819808507820959154e-01
-6.762407674448223105e-01
-6.675004773818508097e-01
-6.566509302383993774e-01
-6.453025169956416729e-01
-6.356364049813701955e-01
-6.300783291533084141e-01
-6.308240765033845676e-01
-6.392918551422596130e-01
-6.556088545290308378e-01
-6.782453490993691769e-01
-7.038894086394654748e-01
-7.276221470439121486e-01
-7.434266918804758317e-01
-7.450517473732435336e-01
-7.272321634575069638e-01
-6.871943921986292114e-01
-6.262003895485742655e-01
-5.506414328969335692e-01
-4.720406516932491581e-01
-4.054776996971071745e-01
-3.664891038784381383e-01
-3.671985200550092476e-01
-4.128768613942421783e-01
-5.000415679558819493e-01
-6.166051420289379026e-01
-7.437318527851934924e-01
-8.583733854128068330e-01
-9.354554630339771970e-01
-9.496635104504176361e-01
-8.782211324658262264e-01
-7.065591324330999790e-01
-4.368080048716536656e-01
-9.481821570827056456e-02
2.712479118763187480e-01
6.035214861383687568e-01
8.514829204246480154e-01
9.824358961478160124e-01
9.818403143380483034e-01
8.497566497577592193e-01
6.008691390900904317e-01
2.680464007901388057e-01
-9.806408238998508275e-02
-4.396008533025628218e-01
-7.085567838585050682e-01
-8.793014468114279669e-01
-9.498899150330650798e-01
-9.349989065361850038e-01
-8.574477509750459969e-01
-7.425605224964636486e-01
-6.154056619372128001e-01
-4.990101227316921517e-01
-4.121656480141201451e-01
-3.668920962540759279e-01
-3.665909801729165252e-01
-4.059150726830966782e-01
-4.726875006327647677e-01
-5.513527329995809856e-01
-6.268461626064822934e-01
-6.876835014529716350e-01
-7.275212976816315402e-01
-7.451413737954675209e-01
-7.433493772602794980e-01
-7.274286938925721424e-01
-7.036362840374013050e-01
-6.779848489363433650e-01
-6.553822956624999474e-01
-6.391257307427542500e-01
-6.307290465353478925e-01
-6.300507755442181779e-01
-6.356619864912698148e-01
-6.453608501206746784e-01
-6.567203784096650176e-01
-6.675621414982092494e-01
-6.762810967800655382e-01
-6.819927047497965633e-01
-6.845169993249262674e-01
-6.842433252200273985e-01
-6.819304514743197432e-01
-6.784931074275012408e-01
-6.748139760971627599e-01
-6.716054541559306479e-01
-6.693315024347857856e-01
-6.681882357104717007e-01
-6.681331534723607968e-01
-6.689474210279541255e-01
-6.703135374753844689e-01
-6.718918968471714326e-01
-6.733834895087801309e-01
-6.745712037057435273e-01
-6.753376184435678775e-01
-6.756617519623356882e-01
-6.756002800663611918e-01
-6.752600758136789727e-01
-6.747687450782362539e-01
-6.742485674008414920e-01
-6.737973947160190713e-01
-6.734780671222311277e-01
-6.733161291672634663e-01
-6.733043038484121112e-01
-6.734114137004989509e-01
-6.735932277885741115e-01
-6.738029708949306862e-01
-6.739998097722836867e-01
-6.741543614925219474e-01
-6.742509921222735736e-01
-6.742872683937349843e-01
-6.742713192849764114e-01
-6.742180385017511046e-01
-6.741450353878388757e-01
-6.740690715810276901e-01
-6.740034670613899159e-01
-6.739566841559928578e-01
-6.739320524163611159e-01
-6.739284150759566883e-01
-6.739413746046347686e-01
-6.739647895828854152e-01
-6.739922139044286498e-01
-6.740180508487607636e-01
-6.740382952672127059e-01
-6.740508356463341677e-01
-6.740553681178933498e-01
-6.740530273393096072e-01
-6.740458621100832159e-01
-6.740362797596055611e-01
-6.740265596373660184e-01
-6.740185010702204327e-01
-6.740132334041306628e-01
-6.740111821827475813e-01
-6.740121607707563189e-01
-6.740155428885888922e-01
-6.740204683617353476e-01
-6.740260399439366168e-01
-6.740314803875542271e-01
-6.740362327706704848e-01
-6.740400005445860154e-01
-6.740427346739260583e-01
-6.740445823719564133e-01
-6.740458149736944238e-01
-6.740467518845978390e-01
-6.740476942448561104e-01
-6.740488771390790168e-01
-6.740504440165971944e-01
-6.740524424158331751e-01
-6.740548367342586999e-01
-6.740575319297914536e-01
-6.740604016415628896e-01
-6.740633150040160615e-01
-6.740661579898176159e-01
-6.740688470107838448e-01
-6.740713343361157683e-01
-6.740736063607658535e-01
-6.740756767089435275e-01
-6.740775765500731653e-01
-6.740793444019197445e-01
-6.740810172319486870e-01
-6.740826240075729059e-01
-6.740841821488520180e-01
-6.740856967330854932e-01
-6.740871618735004844e-01
-6.740885634776764279e-01
-6.740898825742740463e-01
-6.740910985340267114e-01
-6.740921917390326756e-01
-6.740931455052988630e-01
-6.740939472786463549e-01
