-6.741082664586487416e-01
-6.741087442554725140e-01
-6.741090081083772612e-01
-6.741090624783181440e-01
-6.741089161228864812e-01
-6.741085832465707472e-01
-6.741080840830516729e-01
-6.741074442094012742e-01
-6.741066920949906338e-01
-6.741058547847730287e-01
-6.741049521459325788e-01
-6.741039906669312742e-01
-6.741029582595023939e-01
-6.741018217408405455e-01
-6.741005285488669285e-01
-6.740990137013209704e-01
-6.740972120599746376e-01
-6.740950747102197882e-01
-6.740925869180178776e-01
-6.740897839656364576e-01
-6.740867605194951206e-01
-6.740836693502789689e-01
-6.740807064121644432e-01
-6.740780815262049641e-01
-6.740759770023505570e-01
-6.740745000196357584e-01
-6.740736377826075376e-01
-6.740732265638126330e-01
-6.740729459162924098e-01
-6.740723469831888526e-01
-6.740709187271560765e-01
-6.740681883969211752e-01
-6.740638436391187538e-01
-6.740578549622733284e-01
-6.740505708072025426e-01
-6.740427554063614934e-01
-6.740355436909739595e-01
-6.740302986248022377e-01
-6.740283740740757867e-01
-6.740308086126750586e-01
-6.740379988299719516e-01
-6.740494197997418668e-01
-6.740634698896807997e-01
-6.740775120835978962e-01
-6.740881612856641780e-01
-6.740918265266974130e-01
-6.740854623721447281e-01
-6.740674231600232158e-01
-6.740382587201169118e-01
-6.740012549277035747e-01
-6.739625206232349175e-01
-6.739304645690032958e-01
-6.739145960385112266e-01
-6.739237146156085156e-01
-6.739637119154731071e-01
-6.740353625675823412e-01
-6.741325984847533759e-01
-6.742418015802105202e-01
-6.743425836380695371e-01
-6.744103302054675897e-01
-6.744204727652550746e-01
-6.743540528292487624e-01
-6.742037154608532257e-01
-6.739789060999891168e-01
-6.737088457071195302e-01
-6.734419231693948849e-01
-6.732405397977436756e-01
-6.731711822477017826e-01
-6.732905232246729765e-01
-6.736295025764291733e-01
-6.741783969105499263e-01
-6.748765725558009132e-01
-6.756106719947263528e-01
-6.762242136452567554e-01
-6.765399183085128998e-01
-6.763936073282160732e-01
-6.756755339947860817e-01
-6.743719997602409810e-01
-6.725977460809136055e-01
-6.706086958939790899e-01
-6.687859049123427990e-01
-6.675855431758127567e-01
-6.674562485695288983e-01
-6.687333705676615780e-01
-6.715277945912805357e-01
-6.756331571142942805e-01
-6.804774838838713036e-01
-6.851425008803683214e-01
-6.884658779937449236e-01
-6.892288808364137598e-01
-6.864149144296908256e-01
-6.795040692883527189e-01
-6.687471656479087034e-01
-6.553451213974246237e-01
-6.414546919107131373e-01
-6.299599221459941667e-01
-6.239950541013949969e-01
-6.262720566640141984e-01
-6.383336272867636829e-01
-6.598940039269516333e-01
-6.884277969887284687e-01
-7.191253131728361225e-01
-7.452773675460498959e-01
-7.591144396676200445e-01
-7.531101001143055695e-01
-7.217214348292411152e-01
-6.633954689586902820e-01
-5.823778603886435867e-01
-4.895359826131635561e-01
-4.013552733623766966e-01
-3.367606077782743235e-01
-3.123552728284611502e-01
-3.375242194045468547e-01
-4.110700559860015479e-01
-5.205175129476067308e-01
-6.441950342189806111e-01
-7.551326855040459973e-01
-8.253412269767860243e-01
-8.296614095322961679e-01
-7.496753602933959870e-01
-5.786372201308540575e-01
-3.266982462409195320e-01
-2.278280160826413880e-02
2.910999444958669025e-01
5.728353008303598282e-01
7.938737107543297755e-01
9.452905943186682425e-01
1.034092600085611435e+00
1.073589582371205609e+00
1.073416995384841588e+00
1.033525509320013525e+00
9.442098915118829483e-01
7.921685995351275267e-01
5.705006369491759655e-01
2.883059693822879743e-01
-2.569795715033697595e-02
-3.293254492934984956e-01
-5.806312898978096548e-01
-7.508473985815181662e-01
-8.299935000032340193e-01
-8.249485392907505155e-01
-7.542157477915022445e-01
-6.430022609995509342e-01
-5.193126724889485235e-01
-4.100944330862260623e-01
-3.369546570007782016e-01
-3.122707680023466548e-01
-3.371312583091591319e-01
-4.020592608424311543e-01
-4.903992720889098211e-01
-5.832227114977288629e-01
-6.640814379754561569e-01
-7.221677033191207240e-01
-7.532974499979593341e-01
-7.590729043657971076e-01
-7.450678769022902603e-01
-7.188215653007964390e-01
-6.881013661689228122e-01
-6.596035520681365893e-01
-6.381183236007660353e-01
-6.261491779207148944e-01
-6.239615267437390589e-01
-6.299970761801837460e-01
-6.415349374524844661e-01
-6.554389537363706220e-01
-6.688290346650640483e-01
-6.795561628275269550e-01
-6.864285805401072471e-01
-6.892040003867195841e-01
-6.884088439383091451e-01
-6.850635464271259689e-01
-6.803880042956060858e-01
-6.755434855905930736e-01
-6.714456926075420551e-01
-6.686633131612146341e-01
-6.673994394539342068e-01
-6.675404901725952023e-01
-6.687493286079416732e-01
-6.705765357733300958e-01
-6.725660633090038143e-01
-6.743376405911080118e-01
-6.756364938446318691e-01
-6.763491048789306292e-01
-6.764902391104418156e-01
-6.761704085852598967e-01
-6.755541993769963449e-01
-6.748189592298288186e-01
-6.741209710947775324e-01
-6.735732254121732376e-01
-6.732359227162821869e-01
-6.731183753103600065e-01
-6.731893171150810096e-01
-6.733918674750143385e-01
-6.736594558688151491e-01
-6.739297052458246284e-01
-6.741543293439535844e-01
-6.743042528383260681e-01
-6.743701850428104327e-01
-6.743596173962747020e-01
-6.742916085726345932e-01
-6.741907828564753791e-01
-6.740817668828040787e-01
-6.739849250828334748e-01
-6.739138275038041304e-01
-6.738744830208439618e-01
-6.738660587184582829e-01
-6.738826150177078533e-01
-6.739153204325352142e-01
-6.739546517388826929e-01
-6.739922026752839246e-01
-6.740218793833833155e-01
-6.740404181642873915e-01
-6.740472931115062405e-01
-6.740441709167376283e-01
-6.740341119648070034e-01
-6.740207146374455061e-01
-6.740073640913299968e-01
-6.739966915209063547e-01
-6.739902890822727644e-01
-6.739886709966580458e-01
-6.739914308760198702e-01
-6.739975227616143982e-01
-6.740055885449560691e-01
-6.740142641405216795e-01
-6.740224160087042726e-01
-6.740292828738897457e-01
-6.740345197863273352e-01
-6.740381593673580030e-01
-6.740405161227980280e-01
-6.740420636981581115e-01
-6.740433127981042549e-01
-6.740447109828806571e-01
-6.740465768254426671e-01
-6.740490720046549145e-01
-6.740522074272835562e-01
-6.740558744018902981e-01
-6.740598895676064295e-01
-6.740640424852175627e-01
-6.740681369088450392e-01
-6.740720199614904651e-01
-6.740755969184768492e-01
-6.740788323808016846e-01
-6.740817408444628178e-01
-6.740843708454778982e-01
-6.740867870178457455e-01
-6.740890537490799028e-01
-6.740912229573733372e-01
-6.740933271693196893e-01
-6.740953778307627875e-01
-6.740973678384684087e-01
-6.740992767416251752e-01
-6.741010769395490154e-01
-6.741027394288550134e-01
-6.741042381139388251e-01
-6.741055522532650723e-01
-6.741066671420249401e-01
-6.741075735278049263e-01
