-6.741037936392327845e-01
-6.741042773741141581e-01
-6.741045734988984073e-01
-6.741046879474241749e-01
-6.741046305060399702e-01
-6.741044142838292785e-01
-6.741040547487417989e-01
-6.741035682207197066e-01
-6.741029698178081508e-01
-6.741022710112969385e-01
-6.741014771305289255e-01
-6.741005853233505984e-01
-6.740995835742765729e-01
-6.740984513629550978e-01
-6.740971623787335165e-01
-6.740956893865215349e-01
-6.740940108914738049e-01
-6.740921187381716528e-01
-6.740900252995195574e-01
-6.740877685780192197e-01
-6.740854134758039740e-01
-6.740830477849883984e-01
-6.740807721512416251e-01
-6.740786843408311801e-01
-6.740768594740499386e-01
-6.740753292639103389e-01
-6.740740644333573783e-01
-6.740729650588681565e-01
-6.740718633102521506e-01
-6.740705417288304080e-01
-6.740687677792192023e-01
-6.740663421179080572e-01
-6.740631542885201499e-01
-6.740592360520110127e-01
-6.740548001164018421e-01
-6.740502514923794042e-01
-6.740461607603658312e-01
-6.740431935315349676e-01
-6.740419981275047601e-01
-6.740430631469656042e-01
-6.740465666214328078e-01
-6.740522468342908802e-01
-6.740593292740116871e-01
-6.740665424610755574e-01
-6.740722460505710334e-01
-6.740746773885568643e-01
-6.740722989305808488e-01
-6.740642017778039063e-01
-6.740504949037153803e-01
-6.740325914417606423e-01
-6.740132988961000660e-01
-6.739966344571001189e-01
-6.739873223528506374e-01
-6.739899860795823816e-01
-6.740081183854569336e-01
-6.740429850916440646e-01
-6.740926802912199367e-01
-6.741515833070199637e-01
-6.742104562970050452e-01
-6.742573547238793763e-01
-6.742793988437054686e-01
-6.742652823783895633e-01
-6.742081972465274742e-01
-6.741086656193427951e-01
-6.739766363116351799e-01
-6.738321672348177582e-01
-6.737041174921256648e-01
-6.736265314550088368e-01
-6.736328038412474628e-01
-6.737482247083937947e-01
-6.739820353011859444e-01
-6.743205701871792801e-01
-6.747232962911504650e-01
-6.751234744059088078e-01
-6.754346891741879189e-01
-6.755636053867498658e-01
-6.754280762889903755e-01
-6.749783068395740493e-01
-6.742174033912808895e-01
-6.732166353279533944e-01
-6.721204406539670329e-01
-6.711369352540081934e-01
-6.705116066419309906e-01
-6.704849177849026010e-01
-6.712383338768498353e-01
-6.728371350358286485e-01
-6.751814312438690902e-01
-6.779782109023876346e-01
-6.807464074135004539e-01
-6.828635653779926429e-01
-6.836567534811931468e-01
-6.825321801539190325e-01
-6.791280844863423205e-01
-6.734650281412327688e-01
-6.660588424456014289e-01
-6.579575396577427293e-01
-6.506684061168449551e-01
-6.459579732931262086e-01
-6.455347505279122045e-01
-6.506566766560910597e-01
-6.617326467486437380e-01
-6.780009962419686342e-01
-6.973636784614632989e-01
-7.164372902395816922e-01
-7.308607278731100720e-01
-7.358808238903782328e-01
-7.272153551089977075e-01
-7.021441153330250096e-01
-6.606774756916855562e-01
-6.065040315707272978e-01
-5.472963944400874858e-01
-4.939820294406448431e-01
-4.588531229700416048e-01
-4.528346439871452911e-01
-4.826306619811513432e-01
-5.485842985718415443e-01
-6.438235667138593188e-01
-7.547294113977355279e-01
-8.622266681455834636e-01
-9.432523174924203335e-01
-9.723142656774393933e-01
-9.241668659118278395e-01
-7.793416136264678107e-01
-5.330584227419145060e-01
-2.042353050315511565e-01
1.624710025710648098e-01
5.066787160761417885e-01
7.702162143815501905e-01
9.116301117079768090e-01
9.108281933777486739e-01
7.679190551421781752e-01
5.032271899640770041e-01
1.584331071804784274e-01
-2.081723397963256839e-01
-5.362876504342213302e-01
-7.815068867653239826e-01
-9.252035047295295023e-01
-9.723737166294245116e-01
-9.425932451253443700e-01
-8.611341561617976703e-01
-7.534732765188750792e-01
-6.426383171901437485e-01
-5.476533637187528392e-01
-4.820701405956107077e-01
-4.526820428525893947e-01
-4.590685767200258782e-01
-4.944650103420071829e-01
-5.479143668820727342e-01
-6.071246921990357537e-01
-6.611953230406688586e-01
-7.024952350800740541e-01
-7.273794436006187913e-01
-7.358736940957417705e-01
-7.307221367861550521e-01
-7.162181917763310590e-01
-6.971153347168496106e-01
-6.777669503028832532e-01
-6.615437679080672373e-01
-6.505291537770605537e-01
-6.454707162689116151e-01
-6.459482202421897856e-01
-6.506964218593753735e-01
-6.580039499648762114e-01
-6.661053975709336772e-01
-6.734974999088197967e-01
-6.791377833770336769e-01
-6.825161404468609305e-01
-6.836168809960173620e-01
-6.828051595481270386e-01
-6.806764704652955578e-01
-6.779038815772399085e-01
-6.751087705533721506e-01
-6.727703773974877954e-01
-6.711796161888579082e-01
-6.704344205725852879e-01
-6.704679899893991601e-01
-6.710979296156691642e-01
-6.720834573070079143e-01
-6.731792877984456025e-01
-6.741778710672252650e-01
-6.749355152975804462e-01
-6.753817068341297913e-01
-6.755139730887752547e-01
-6.753825420324747197e-01
-6.750697671199382688e-01
-6.746689834762129578e-01
-6.742664496658155038e-01
-6.739286561421892197e-01
-6.736958600942649644e-01
-6.735814777353272831e-01
-6.735760814527413931e-01
-6.736542742369358017e-01
-6.737826326389815268e-01
-6.739271473280895597e-01
-6.740590360552116689e-01
-6.741583357868062842e-01
-6.742151896067839489e-01
-6.742291490404276333e-01
-6.742070694508023321e-01
-6.741602764640018952e-01
-6.741016449903345364e-01
-6.740430975752000897e-01
-6.739938411302323074e-01
-6.739594641189153856e-01
-6.739418448309232312e-01
-6.739396979455312131e-01
-6.739495204860375122e-01
-6.739666872031102596e-01
-6.739864785077217535e-01
-6.740048855895912627e-01
-6.740191104778461284e-01
-6.740277486506968119e-01
-6.740306974961944864e-01
-6.740288694743846731e-01
-6.740238029979890300e-01
-6.740172594526474548e-01
-6.740108765509438271e-01
-6.740059225587952119e-01
-6.740031688383341102e-01
-6.740028744517311265e-01
-6.740048594110125135e-01
-6.740086338692593548e-01
-6.740135488437255518e-01
-6.740189384641389614e-01
-6.740242321018927729e-01
-6.740290247512795707e-01
-6.740331036566886702e-01
-6.740364369041262904e-01
-6.740391346803513706e-01
-6.740413959570062952e-01
-6.740434528194536590e-01
-6.740455222206735986e-01
-6.740477714447388191e-01
-6.740502998362989384e-01
-6.740531360639012703e-01
-6.740562477792170215e-01
-6.740595592058343799e-01
-6.740629719112546381e-01
-6.740663845880574545e-01
-6.740697088027632899e-01
-6.740728790460572828e-01
-6.740758567509624877e-01
-6.740786290240730061e-01
-6.740812035379755152e-01
-6.740836013298536766e-01
-6.740858491862929958e-01
-6.740879729623503458e-01
-6.740899927023554783e-01
-6.740919199172804577e-01
-6.740937569246071570e-01
-6.740954978346905824e-01
-6.740971305996273921e-01
-6.740986395203412140e-01
-6.741000077033632021e-01
-6.741012191243017648e-01
-6.741022601401936987e-01
-6.741031204538502353e-01
