-6.740820688371611524e-01
-6.740825147575114640e-01
-6.740828093727000425e-01
-6.740829695300952773e-01
-6.740830224854356123e-01
-6.740830040590125583e-01
-6.740829554096425813e-01
-6.740829181371358336e-01
-6.740829277603829217e-01
-6.740830061196921852e-01
-6.740831538201083051e-01
-6.740833443273009928e-01
-6.740835215912992506e-01
-6.740836029613705982e-01
-6.740834885725386361e-01
-6.740830773189181446e-01
-6.740822880782838533e-01
-6.740810832305205169e-01
-6.740794900376113619e-01
-6.740776145052511659e-01
-6.740756423038272160e-01
-6.740738224800627565e-01
-6.740724321533462238e-01
-6.740717240199911586e-01
-6.740718628399882117e-01
-6.740728614141009434e-01
-6.740745299118616751e-01
-6.740764537419616786e-01
-6.740780135510781035e-01
-6.740784558468747578e-01
-6.740770142159548950e-01
-6.740730699688205485e-01
-6.740663289388517665e-01
-6.740569804563631973e-01
-6.740457979961350654e-01
-6.740341413767670931e-01
-6.740238297088751995e-01
-6.740168732406016661e-01
-6.740150796194559479e-01
-6.740195824394319413e-01
-6.740303716820593705e-01
-6.740459296244942777e-01
-6.740630843320528642e-01
-6.740771793842503801e-01
-6.740826192252661331e-01
-6.740737852006702946e-01
-6.740462343705918569e-01
-6.739980040600206390e-01
-6.739307675022545574e-01
-6.738505404721460978e-01
-6.737676454269815318e-01
-6.736957129890982499e-01
-6.736496449748961002e-01
-6.736426685159729866e-01
-6.736828503969732873e-01
-6.737696720979859943e-01
-6.738914357792757936e-01
-6.740243238201121256e-01
-6.741338228251425591e-01
-6.741789221489467021e-01
-6.741190149115467989e-01
-6.739228152033256425e-01
-6.735779511899275818e-01
-6.730993306764144757e-01
-6.725340567555936344e-01
-6.719607462793759645e-01
-6.714816827997286408e-01
-6.712073465848973353e-01
-6.712344184930476576e-01
-6.716201304110329673e-01
-6.723574955154197896e-01
-6.733570968685178570e-01
-6.744413584378909921e-01
-6.753562818891404307e-01
-6.758033811647689015e-01
-6.754910627207049156e-01
-6.742002902069188508e-01
-6.718546135588941981e-01
-6.685804210090946498e-01
-6.647407835483924998e-01
-6.609268510842135624e-01
-6.578955292081417605e-01
-6.564513816263900514e-01
-6.572832657831987335e-01
-6.607795616926160909e-01
-6.668566068006817060e-01
-6.748400860202113938e-01
-6.834371842650011075e-01
-6.908287289034775736e-01
-6.948967126968649266e-01
-6.935839661333000894e-01
-6.853576756466616127e-01
-6.697145543847795590e-01
-6.476247424998159419e-01
-6.217765114370294999e-01
-5.964787275512437592e-01
-5.771277542106704184e-01
-5.692550039687861441e-01
-5.773097056178221331e-01
-6.034388510000131545e-01
-6.465465350693881952e-01
-7.018328705895519048e-01
-7.608731699275036453e-01
-8.121949853134217134e-01
-8.423401115830672081e-01
-8.375742652004743993e-01
-7.865675661750672898e-01
-6.841779534178740185e-01
-5.356464886727185792e-01
-3.593069706206729608e-01
-1.853855528876800218e-01
-4.976491274121058045e-02
1.567169833889731426e-02
-7.527987922284666046e-03
-1.186363526320118184e-01
-2.975637157766521934e-01
-5.102523803196724606e-01
-7.175359226200407337e-01
-8.834534994633994609e-01
-9.794445127886045599e-01
-9.843618494810977282e-01
-8.840473275741510539e-01
-6.746096649174150306e-01
-3.694146419383247393e-01
-3.926071780398047995e-03
3.690393213985795340e-01
6.941493801216767068e-01
9.291301535351946805e-01
1.050678552046257153e+00
1.050199814095127637e+00
9.277210956476727999e-01
6.919218335234893491e-01
3.662441749061035590e-01
-6.896979920285595256e-03
-3.721194740091887110e-01
-6.766909825989322336e-01
-8.853145959296331302e-01
-9.847828889597740609e-01
-9.790874209887217017e-01
-8.824417542386149282e-01
-7.160422950079068372e-01
-5.085114774542595084e-01
-2.958653369920511977e-01
-1.172798514525830310e-01
-6.751588394584851112e-03
1.575374826073466100e-02
-5.033887719905631025e-02
-1.864402696523232428e-01
-3.605853175750822759e-01
-5.368850268435361173e-01
-6.851737811486655616e-01
-7.872124330652892077e-01
-8.378519309864691511e-01
-8.423009953112257087e-01
-8.119258986152366742e-01
-7.604727168704324969e-01
-7.013946836150101172e-01
-6.461484090506867117e-01
-6.031357940033910126e-01
-5.771303792959310286e-01
-5.692019526543645735e-01
-5.771816043865131141e-01
-5.966055878387253042e-01
-6.219368602151278402e-01
-6.477817280061362037e-01
-6.698400179551045053e-01
-6.854351030406141687e-01
-6.936085267270140076e-01
-6.948731877896846543e-01
-6.907683355792739732e-01
-6.833541758557305501e-01
-6.747487434829819719e-01
-6.667689710961780536e-01
-6.607040521134277533e-01
-6.572241795832137745e-01
-6.564091572533128360e-01
-6.578675713654926760e-01
-6.609086671032469162e-01
-6.647271762647939397e-01
-6.685665239465835574e-01
-6.718366274925389181e-01
-6.741758654380022309e-01
-6.754593477440127280e-01
-6.757648117258761022e-01
-6.753122100318924570e-01
-6.743936221916883023e-01
-6.733076150325985054e-01
-6.723079465724645098e-01
-6.715717466494444121e-01
-6.711879007455737733e-01
-6.711628846798440851e-01
-6.714390535251757441e-01
-6.719194548043931903e-01
-6.724934883532226459e-01
-6.730588856676954501e-01
-6.735371451485958616e-01
-6.738813364109028647e-01
-6.740767399569295160e-01
-6.741358971734188188e-01
-6.740902216814351755e-01
-6.739803954269876218e-01
-6.738474517352575077e-01
-6.737258829212044997e-01
-6.736394553766635873e-01
-6.735998007959436151e-01
-6.736073706666033667e-01
-6.736540411483312729e-01
-6.737265447324830570e-01
-6.738099583488386113e-01
-6.738906480412566458e-01
-6.739583021397330675e-01
-6.740069246048300267e-01
-6.740348654945402807e-01
-6.740441096372146168e-01
-6.740391175819677727e-01
-6.740255191738819818e-01
-6.740089143392035131e-01
-6.739939578390743424e-01
-6.739838154958792682e-01
-6.739799963936432547e-01
-6.739825012707520990e-01
-6.739901881626855218e-01
-6.740012430058562876e-01
-6.740136515788964777e-01
-6.740255932231706826e-01
-6.740357085936006243e-01
-6.740432260750396365e-01
-6.740479588715777570e-01
-6.740502037038055283e-01
-6.740505813282376968e-01
-6.740498594277838373e-01
-6.740487918570635673e-01
-6.740479974869691970e-01
-6.740478897666571934e-01
-6.740486569741390710e-01
-6.740502846046235730e-01
-6.740526062666092333e-01
-6.740553678659442216e-01
-6.740582912056631848e-01
-6.740611264968084937e-01
-6.740636876195847949e-01
-6.740658683315923216e-01
-6.740676412506023674e-01
-6.740690438996979061e-01
-6.740701572512854955e-01
-6.740710821580961909e-01
-6.740719181057638343e-01
-6.740727472416712107e-01
-6.740736250096773796e-01
-6.740745772680085679e-01
-6.740756027023071528e-01
-6.740766787642092916e-01
-6.740777692557176071e-01
-6.740788319453586697e-01
-6.740798250988141449e-01
-6.740807123761619613e-01
-6.740814660502096878e-01
