-6.741094380070984382e-01
-6.741099241210524173e-01
-6.741102090418912285e-01
-6.741102970793481086e-01
-6.741101955992503392e-01
-6.741099148921022577e-01
-6.741094676958908627e-01
-6.741088682004178212e-01
-6.741081304564020549e-01
-6.741072662710554386e-01
-6.741062828639843296e-01
-6.741051807403946050e-01
-6.741039523625357299e-01
-6.741025822170655379e-01
-6.741010487502288040e-01
-6.740993283627052524e-01
-6.740974012419471695e-01
-6.740952583178728696e-01
-6.740929081471390694e-01
-6.740903821739342439e-01
-6.740877366979591834e-01
-6.740850501002032535e-01
-6.740824144854002942e-01
-6.740799218771625911e-01
-6.740776463419039244e-01
-6.740756247261794343e-01
-6.740738398026003830e-01
-6.740722102304727015e-01
-6.740705915673907977e-01
-6.740687914229281930e-01
-6.740665996857155839e-01
-6.740638317496771004e-01
-6.740603792165414943e-01
-6.740562592773428063e-01
-6.740516516377228484e-01
-6.740469112352273084e-01
-6.740425467459456588e-01
-6.740391593161901840e-01
-6.740373429198083244e-01
-6.740375564761221794e-01
-6.740399870033010332e-01
-6.740444307713256977e-01
-6.740502235647057860e-01
-6.740562498192721463e-01
-6.740610522177389319e-01
-6.740630480484146592e-01
-6.740608374341887643e-01
-6.740535642353208123e-01
-6.740412673367275342e-01
-6.740251434929462881e-01
-6.740076384500286455e-01
-6.739922952677782630e-01
-6.739833199731620761e-01
-6.739848738247012916e-01
-6.740001632981468260e-01
-6.740304638439447160e-01
-6.740742684251795902e-01
-6.741267819981190401e-01
-6.741799745733557669e-01
-6.742233486196709258e-01
-6.742454691593104954e-01
-6.742361549208677474e-01
-6.741890558153365021e-01
-6.741041760510019243e-01
-6.739897813525143055e-01
-6.738630928520719099e-01
-6.737492529464021995e-01
-6.736782678427543081e-01
-6.736799811655240777e-01
-6.737775756329729138e-01
-6.739805665816511748e-01
-6.742786477731067540e-01
-6.746379705694750539e-01
-6.750013842928799246e-01
-6.752937707416623025e-01
-6.754328531414118819e-01
-6.753448008384519419e-01
-6.749827146372591180e-01
-6.743448697690542781e-01
-6.734886832806776802e-01
-6.725360591532481003e-01
-6.716663178517554567e-01
-6.710944967886752766e-01
-6.710353749030182335e-01
-6.716568275740494309e-01
-6.730294977135601320e-01
-6.750825447701290782e-01
-6.775766633110973380e-01
-6.801050645804019856e-01
-6.821303786179687689e-01
-6.830604416416353741e-01
-6.823589158756124817e-01
-6.796781536966844950e-01
-6.749926370697355571e-01
-6.687034571623408086e-01
-6.616803661307709694e-01
-6.552111709633107184e-01
-6.508410754100086848e-01
-6.501067577899730665e-01
-6.541972817229829706e-01
-6.635988176783316206e-01
-6.777946782684578508e-01
-6.950920954266602836e-01
-7.126345187165017414e-01
-7.266399380997866642e-01
-7.328877082614639882e-01
-7.274552386871557808e-01
-7.076652983698308308e-01
-6.731240110370086960e-01
-6.266093695084601345e-01
-5.744600330654826559e-01
-5.261112529424548656e-01
-4.926124675049447510e-01
-4.843170673343044630e-01
-5.082985706102187695e-01
-5.662097218610692151e-01
-6.531462471690111515e-01
-7.576574920493246434e-01
-8.625761624366562463e-01
-9.461543082303367491e-01
-9.834072489296773467e-01
-9.485468320815360066e-01
-8.201777368750925445e-01
-5.900965766999440865e-01
-2.730766394939452280e-01
8.917273501870984220e-02
4.360371137965877719e-01
7.057239957928276297e-01
8.518686021282645404e-01
8.510274870739702457e-01
7.033316996821785683e-01
4.324912147119049921e-01
8.510304687808471769e-02
-2.769500018939709540e-01
-5.931795257475384053e-01
-8.221593808979066331e-01
-9.494137877236664691e-01
-9.833498720228068812e-01
-9.454523166452448724e-01
-8.615188355640639450e-01
-7.565036941044203100e-01
-6.521062641689271411e-01
-5.654335723987092832e-01
-5.078669259618348031e-01
-4.842386562573991471e-01
-4.928324426752239140e-01
-5.265309201127283956e-01
-5.749634747181623373e-01
-6.270896998995657556e-01
-6.735025100904906692e-01
-7.078999405472864437e-01
-7.275391960652017875e-01
-7.328411861920474113e-01
-7.264993489754517642e-01
-7.124420735505344604e-01
-6.948874950739098999e-01
-6.776094893847460776e-01
-6.634535151823188759e-01
-6.541006657913432942e-01
-6.500572974722088615e-01
-6.508295942158085490e-01
-6.552241890214977049e-01
-6.617034078330565894e-01
-6.687237543213955249e-01
-6.750008812569725514e-01
-6.796692108668227483e-01
-6.823316382164792415e-01
-6.830168480766281025e-01
-6.820745169764225180e-01
-6.800418356335184988e-01
-6.775108123789465031e-01
-6.750179400555482712e-01
-6.729687354084302742e-01
-6.716011417704066400e-01
-6.709847886480276857e-01
-6.710481291029066764e-01
-6.716227581575469063e-01
-6.724937317889346788e-01
-6.734461457411983210e-01
-6.743010134466060901e-01
-6.749368608828081317e-01
-6.752967041877216969e-01
-6.753826355040239982e-01
-6.752418150797179219e-01
-6.749482150562622351e-01
-6.745841428674286266e-01
-6.742246599978638510e-01
-6.739268036917003268e-01
-6.737242837735133438e-01
-6.736272694466013400e-01
-6.736261301540809043e-01
-6.736976015629914105e-01
-6.738117959509077881e-01
-6.739386979714292458e-01
-6.740531840021116716e-01
-6.741380701867565328e-01
-6.741851367257061245e-01
-6.741944252007004978e-01
-6.741723246317482543e-01
-6.741290441656049293e-01
-6.740760339404612278e-01
-6.740237944719519314e-01
-6.739803487322479914e-01
-6.739504778936287188e-01
-6.739356717339547442e-01
-6.739346373808964286e-01
-6.739441533445570398e-01
-6.739600474389912943e-01
-6.739781075202473382e-01
-6.739947890763670069e-01
-6.740076487543458228e-01
-6.740154948006592539e-01
-6.740182945534669567e-01
-6.740169103027306985e-01
-6.740127469790675452e-01
-6.740073906025789707e-01
-6.740022998077367378e-01
-6.739985896001897681e-01
-6.739969221490835771e-01
-6.739974981955748623e-01
-6.740001273751157207e-01
-6.740043475879049506e-01
-6.740095622355813942e-01
-6.740151683237347591e-01
-6.740206561537219754e-01
-6.740256704953181410e-01
-6.740300318845281469e-01
-6.740337236632507611e-01
-6.740368548131662196e-01
-6.740396103750149193e-01
-6.740422006129775934e-01
-6.740448177299813715e-01
-6.740476056511710556e-01
-6.740506449337309025e-01
-6.740539518501488248e-01
-6.740574885313648235e-01
-6.740611799142884886e-01
-6.740649330740327017e-01
-6.740686551390442371e-01
-6.740722671044058201e-01
-6.740757121723160994e-01
-6.740789584920696687e-01
-6.740819971501263996e-01
-6.740848368683762803e-01
-6.740874970865934346e-01
-6.740900009850324670e-01
-6.740923696430176637e-01
-6.740946180463728288e-01
-6.740967531629703524e-01
-6.740987738908995608e-01
-6.741006724037956754e-01
-6.741024362927354741e-01
-6.741040509218313437e-01
-6.741055015396874017e-01
-6.741067748728746256e-01
-6.741078601203733811e-01
-6.741087494266612135e-01
