-6.740919513502277027e-01
-6.740924278726994068e-01
-6.740927508426229897e-01
-6.740929285167498453e-01
-6.740929744450213645e-01
-6.740929067301109079e-01
-6.740927466415120861e-01
-6.740925164098720002e-01
-6.740922361863264101e-01
-6.740919203957930206e-01
-6.740915739962068942e-01
-6.740911894107053381e-01
-6.740907450500103204e-01
-6.740902063159106561e-01
-6.740895297239389850e-01
-6.740886702928980956e-01
-6.740875916609870844e-01
-6.740862775997910061e-01
-6.740847428565606148e-01
-6.740830407438581640e-01
-6.740812647990560569e-01
-6.740795423035688128e-01
-6.740780185527348589e-01
-6.740768324530925781e-01
-6.740760861021023453e-01
-6.740758131392099450e-01
-6.740759523949798604e-01
-6.740763342047356721e-01
-6.740766862364849787e-01
-6.740766635089915360e-01
-6.740759034147919548e-01
-6.740741013446717167e-01
-6.740710966619477551e-01
-6.740669533836112226e-01
-6.740620163092468919e-01
-6.740569228298953774e-01
-6.740525543066655523e-01
-6.740499192035186438e-01
-6.740499726898322441e-01
-6.740533927464686936e-01
-6.740603484130927026e-01
-6.740703083793475603e-01
-6.740819439760639131e-01
-6.740931764430349027e-01
-6.741014019967467297e-01
-6.741038995613934937e-01
-6.740983875716688445e-01
-6.740836534220565612e-01
-6.740601399507514246e-01
-6.740303474914608461e-01
-6.739989072374216184e-01
-6.739722096017125574e-01
-6.739575331903570055e-01
-6.739617127185650869e-01
-6.739894967328121655e-01
-6.740418597015707114e-01
-6.741146233625402440e-01
-6.741977823571931872e-01
-6.742758952447317489e-01
-6.743297789926192554e-01
-6.743395327750619783e-01
-6.742886343497751511e-01
-6.741685393656736691e-01
-6.739829295589746527e-01
-6.737505710702875739e-01
-6.735057308490831618e-01
-6.732953138160916451e-01
-6.731723492849693846e-01
-6.731861455100480729e-01
-6.733702602137200399e-01
-6.737302596064038696e-01
-6.742338757742160071e-01
-6.748064300039534613e-01
-6.753341046904123290e-01
-6.756767246451761411e-01
-6.756901572468929640e-01
-6.752563924951566765e-01
-6.743170901740956902e-01
-6.729042933790359005e-01
-6.711606328529475807e-01
-6.693412577821205023e-01
-6.677914096438217761e-01
-6.668972104266059908e-01
-6.670125994212749987e-01
-6.683715969916705912e-01
-6.710009107187343558e-01
-6.746518845077577042e-01
-6.787717275204090406e-01
-6.825311964760399919e-01
-6.849193573104245258e-01
-6.849059503262289184e-01
-6.816585273834767644e-01
-6.747855000087338295e-01
-6.645593146500444748e-01
-6.520603786500972499e-01
-6.391790724740539220e-01
-6.284278226559140146e-01
-6.225513180990349671e-01
-6.239750191393059753e-01
-6.341845892058792789e-01
-6.531620053541571380e-01
-6.790045895552793143e-01
-7.078235322579046196e-01
-7.339778485063164215e-01
-7.506727241574289167e-01
-7.509460421381985995e-01
-7.290536818370775274e-01
-6.821764071824766296e-01
-6.121544266036652582e-01
-5.266587949256946732e-01
-4.390408809464581563e-01
-3.663315982227148271e-01
-3.255522460045712774e-01
-3.293213008444637047e-01
-3.821844480942150901e-01
-4.788841451387961246e-01
-6.050246344321306147e-01
-7.395949986513399299e-01
-8.580569664594113188e-01
-9.347830358859078315e-01
-9.448136118311852849e-01
-8.665094068922515325e-01
-6.871081573080010108e-01
-4.109652153842039968e-01
-6.591236453052355670e-02
2.991146408484043340e-01
6.272498992850009669e-01
8.703092805145961064e-01
9.980788981994573872e-01
9.975378694477626818e-01
8.687356689938076082e-01
6.248161618194530975e-01
2.961499375923838384e-01
-6.895265847390909253e-02
-4.136177668120319950e-01
-6.890404194017798467e-01
-8.675877775562473859e-01
-9.450786635981135442e-01
-9.343802118780849542e-01
-8.571775421225344971e-01
-7.384462598467963490e-01
-6.038171458803062164e-01
-4.778171712005326310e-01
-3.814216435464052313e-01
-3.289629079936569056e-01
-3.256164895771885281e-01
-3.667550149600700693e-01
-4.396992642696019304e-01
-5.274020725091652650e-01
-6.128435557702890391e-01
-6.827106372139137846e-01
-7.293821075805516641e-01
-7.510646066165401757e-01
-7.506123862843652184e-01
-7.337900346604656621e-01
-7.075668367713334739e-01
-6.787343225861320883e-01
-6.529228426532747154e-01
-6.340062097035886746e-01
-6.238706279809002053e-01
-6.225188684966901365e-01
-6.284534500555921666e-01
-6.392418873655745237e-01
-6.521375479669563324e-01
-6.646304250892922649e-01
-6.748355184230488968e-01
-6.816791168657548861e-01
-6.848953025565230890e-01
-6.848809546876191146e-01
-6.824720002640651817e-01
-6.787002432065853963e-01
-6.745764450401076084e-01
-6.709283912271859496e-01
-6.683066569023129455e-01
-6.669574490037594172e-01
-6.668518221644802457e-01
-6.677540435661271090e-01
-6.693091470772777329e-01
-6.711306818492633885e-01
-6.728736695419821334e-01
-6.742836358916578510e-01
-6.752188299913507441e-01
-6.756481012089564642e-01
-6.756305458804257036e-01
-6.752847023314177966e-01
-6.747549708341586960e-01
-6.741815505058710301e-01
-6.736780914062090453e-01
-6.733189841783110419e-01
-6.731361621672086182e-01
-6.731237426736336182e-01
-6.732479164931787219e-01
-6.734592146141488156e-01
-6.737045428473158459e-01
-6.739370157099504599e-01
-6.741224474046760839e-01
-6.742421872255524029e-01
-6.742926764564168840e-01
-6.742825682540004584e-01
-6.742284649542802377e-01
-6.741503122363007305e-01
-6.740673034133681796e-01
-6.739948617459826652e-01
-6.739429552796281087e-01
-6.739157161397895113e-01
-6.739121243002375028e-01
-6.739273934178868775e-01
-6.739546630431320073e-01
-6.739866422712769145e-01
-6.740169407094691589e-01
-6.740409366383326439e-01
-6.740561448961449598e-01
-6.740621396785109187e-01
-6.740601492100868342e-01
-6.740524669500819188e-01
-6.740418209568171948e-01
-6.740308169640595315e-01
-6.740215313758387561e-01
-6.740152874641999192e-01
-6.740126095803434803e-01
-6.740133215674379841e-01
-6.740167392863969376e-01
-6.740219030799957656e-01
-6.740278019464872594e-01
-6.740335538348917188e-01
-6.740385221293923035e-01
-6.740423637319057359e-01
-6.740450166811001731e-01
-6.740466435191991845e-01
-6.740475502422382803e-01
-6.740481001235736347e-01
-6.740486380503123431e-01
-6.740494355949910865e-01
-6.740506611811027948e-01
-6.740523744780004822e-01
-6.740545403040069106e-01
-6.740570551535521870e-01
-6.740597789616624702e-01
-6.740625655732657151e-01
-6.740652871348639108e-01
-6.740678497684784443e-01
-6.740701999702629621e-01
-6.740723228621049445e-01
-6.740742345224508547e-01
-6.740759710848814867e-01
-6.740775771905447300e-01
-6.740790958638424035e-01
-6.740805611357858496e-01
-6.740819939484926637e-01
-6.740834011856567942e-01
-6.740847771840670077e-01
-6.740861068301419179e-01
-6.740873693212091622e-01
-6.740885418235682547e-01
-6.740896025160262317e-01
-6.740905327916223433e-01
-6.740913186348060915e-01
