-6.740937152473622795e-01
-6.740939526278214577e-01
-6.740936187341375341e-01
-6.740928916671962146e-01
-6.740920320320036296e-01
-6.740913333096719695e-01
-6.740910611852521939e-01
-6.740913906679779632e-01
-6.740923519105493922e-01
-6.740937965751221395e-01
-6.740953956695051597e-01
-6.740966763972973119e-01
-6.740970995430600743e-01
-6.740961706846356760e-01
-6.740935692613208019e-01
-6.740892710785477693e-01
-6.740836344661850221e-01
-6.740774202694534978e-01
-6.740717227755754770e-01
-6.740678030041248325e-01
-6.740668362856125917e-01
-6.740696096322329467e-01
-6.740762263282276123e-01
-6.740858897205374012e-01
-6.740968397858577710e-01
-6.741065006104578483e-01
-6.741118632834088853e-01
-6.741100797279145906e-01
-6.740991859986611434e-01
-6.740788198481162397e-01
-6.740507606066042934e-01
-6.740191131450696815e-01
-6.739899919633550729e-01
-6.739706395186798593e-01
-6.739680285112645830e-01
-6.739871340206474715e-01
-6.740291915640739262e-01
-6.740903488197762528e-01
-6.741611395874346213e-01
-6.742271340757189924e-01
-6.742709410663366709e-01
-6.742754681279680140e-01
-6.742280238684281723e-01
-6.741245320169060307e-01
-6.739728967699071260e-01
-6.737944899014401967e-01
-6.736228843030035440e-01
-6.734993623441276611e-01
-6.734653552294538326e-01
-6.735527349462973046e-01
-6.737736399453919667e-01
-6.741120883495912430e-01
-6.745198337841680214e-01
-6.749186037754619782e-01
-6.752099656275937223e-01
-6.752926401983823101e-01
-6.750853096759484862e-01
-6.745511450452188473e-01
-6.737188127340935084e-01
-6.726940508959136089e-01
-6.716564340575138514e-01
-6.708379116956534327e-01
-6.704830665304470916e-01
-6.707953655652019176e-01
-6.718781601133702042e-01
-6.736827636748144998e-01
-6.759775249760262561e-01
-6.783506239250416403e-01
-6.802550463814124315e-01
-6.810970817126178467e-01
-6.803604578599521391e-01
-6.777480307492457223e-01
-6.733134397593693032e-01
-6.675486835020321141e-01
-6.613931587663668399e-01
-6.561382501814151391e-01
-6.532203280855829464e-01
-6.539218792531223956e-01
-6.590292749662011174e-01
-6.685176987539942495e-01
-6.813414534277940637e-01
-6.953985487673857158e-01
-7.077155128273494578e-01
-7.148682227048047677e-01
-7.136206242252665088e-01
-7.017211888808360110e-01
-6.787380477559166181e-01
-6.467390113149513731e-01
-6.105607746288318483e-01
-5.774196353673696214e-01
-5.557460939933734911e-01
-5.533698465696454960e-01
-5.754455789423735812e-01
-6.226559799928502725e-01
-6.901647700490083359e-01
-7.675422781586426213e-01
-8.395986500393410878e-01
-8.879571036889273294e-01
-8.934263423043915520e-01
-8.396217217731691829e-01
-7.182423794578832732e-01
-5.352505174878106065e-01
-3.151091872632124646e-01
-9.908901865471329840e-02
6.424923083977542027e-02
1.336348402152205961e-01
8.892553497886036828e-02
-6.110608733851568414e-02
-2.796750213632200333e-01
-5.115544809080186939e-01
-6.976774040810663768e-01
-7.889213900832765525e-01
-7.549657350856577853e-01
-5.890806370189711760e-01
-3.110373092139245843e-01
3.409567740370102185e-02
3.863569322760733726e-01
6.898098006245372282e-01
9.101078194551399658e-01
1.040541416765731864e+00
1.096024940524270797e+00
1.101652793833542976e+00
1.082541756599816996e+00
1.057835903300464286e+00
1.038665706508632880e+00
1.028840664836905283e+00
1.027012992272115177e+00
1.029299280196004807e+00
1.031662641855611851e+00
1.031645019214414649e+00
1.029260518272136382e+00
1.026990956231199181e+00
1.028883676390866198e+00
1.038811058205174165e+00
1.058082601130199585e+00
1.082822730336452599e+00
1.101815385125966884e+00
1.095832186540382613e+00
1.039708955579475624e+00
9.083882651372588990e-01
6.871174599440633690e-01
3.828805615548550034e-01
3.031777781907380939e-02
-3.144655028849318579e-01
-5.915553928774023307e-01
-7.560971876645645740e-01
-7.885912095213837292e-01
-6.960289611315236824e-01
-5.089681830297263510e-01
-2.767203829191110520e-01
-5.843371711150648767e-02
9.074364104766104167e-02
1.342552892617080440e-01
6.363927863355617331e-02
-1.006649917555920287e-01
-3.171912030247251990e-01
-5.373358742547331701e-01
-7.199300718789499731e-01
-8.406912694130994623e-01
-8.938375381843214340e-01
-8.878010139124762334e-01
-8.390389587975396468e-01
-7.667681479308763315e-01
-6.893575542307671666e-01
-6.219651590639712069e-01
-5.749714902140971029e-01
-5.531546479503768321e-01
-5.557753488636918426e-01
-5.776346469199385991e-01
-6.108783948315360535e-01
-6.470733266850698939e-01
-6.790183074545084185e-01
-7.019024080624978179e-01
-7.136862046290238792e-01
-7.148262450598783513e-01
-7.075913456051082795e-01
-6.952262636725352607e-01
-6.811558571290071695e-01
-6.683480900251962398e-01
-6.588954988139749114e-01
-6.538328333977836415e-01
-6.531747066474093977e-01
-6.561269809345418036e-01
-6.614027663335453333e-01
-6.675647571429987881e-01
-6.733235146977137875e-01
-6.777434543892505436e-01
-6.803371159862782180e-01
-6.810551181104239626e-01
-6.801978713281535693e-01
-6.782835645395416391e-01
-6.759064449533248586e-01
-6.736129034847405661e-01
-6.718133503064513956e-01
-6.707376667410588356e-01
-6.704328043008859206e-01
-6.707940132169774028e-01
-6.716169396578670625e-01
-6.726566703622059995e-01
-6.736814162756546986e-01
-6.745121152076443138e-01
-6.750437223067202730e-01
-6.752482807199162718e-01
-6.751632149971604768e-01
-6.748702438272877746e-01
-6.744708245465232954e-01
-6.740633629466624699e-01
-6.737259494045507724e-01
-6.735065593500154657e-01
-6.734208824267573501e-01
-6.734565232930069811e-01
-6.735814264710264787e-01
-6.737540673928646973e-01
-6.739331574479778819e-01
-6.740851866634179901e-01
-6.741888888546162528e-01
-6.742364796583485420e-01
-6.742321445834845717e-01
-6.741886561124023070e-01
-6.741231509494353125e-01
-6.740530276396146103e-01
-6.739926929562048974e-01
-6.739515704276469732e-01
-6.739334620090970951e-01
-6.739370848960536398e-01
-6.739574276747488657e-01
-6.739874964183992789e-01
-6.740200430265468334e-01
-6.740489604459093398e-01
-6.740701599847747083e-01
-6.740818822152787604e-01
-6.740845084176816382e-01
-6.740800172819374492e-01
-6.740712654714988705e-01
-6.740612640086381946e-01
-6.740525853933112543e-01
-6.740469824705137558e-01
-6.740452430155172703e-01
-6.740472550866978274e-01
-6.740522246872209244e-01
-6.740589719956633363e-01
-6.740662341742866825e-01
-6.740729174373706334e-01
-6.740782630584656321e-01
-6.740819155975718013e-01
-6.740839021058843139e-01
-6.740845453415861277e-01
-6.740843408919566793e-01
-6.740838279977402481e-01
-6.740834784627870446e-01
-6.740836195521932028e-01
-6.740843975059311877e-01
-6.740857800694896040e-01
-6.740875904355091430e-01
-6.740895616318559602e-01
-6.740913994898350969e-01
-6.740928432873194431e-01
