-6.740956621307109264e-01
-6.740959595501033741e-01
-6.740957714226146757e-01
-6.740952051764652619e-01
-6.740944254923069145e-01
-6.740936325576259991e-01
-6.740930317665200233e-01
-6.740927966749542533e-01
-6.740930292541209568e-01
-6.740937239566191508e-01
-6.740947440438511684e-01
-6.740958191363307650e-01
-6.740965712889703809e-01
-6.740965726890506549e-01
-6.740954315466508584e-01
-6.740928948224989004e-01
-6.740889487101853206e-01
-6.740838923010383787e-01
-6.740783587109072661e-01
-6.740732627809949973e-01
-6.740696659169627125e-01
-6.740685658795447788e-01
-6.740706398805503818e-01
-6.740759891094779688e-01
-6.740839467482246938e-01
-6.740930144972789861e-01
-6.741009806899215251e-01
-6.741052447497445366e-01
-6.741033301466279326e-01
-6.740935172949906740e-01
-6.740754789332484842e-01
-6.740507657719410073e-01
-6.740229820896022073e-01
-6.739975191423079881e-01
-6.739807823948186227e-01
-6.739789517350793790e-01
-6.739964371852878999e-01
-6.740343122638593476e-01
-6.740890932947821712e-01
-6.741522554681784740e-01
-6.742108119740126693e-01
-6.742491219156466764e-01
-6.742518470857368218e-01
-6.742076814006359164e-01
-6.741131858051880865e-01
-6.739758463409269984e-01
-6.738154065760939559e-01
-6.736626660680613554e-01
-6.735553096329063294e-01
-6.735309149858248468e-01
-6.736179985605744713e-01
-6.738266668349560673e-01
-6.741409732364760377e-01
-6.745152646800253171e-01
-6.748764995148828216e-01
-6.751336696985733576e-01
-6.751941125177811642e-01
-6.749848233994669711e-01
-6.744751731153050267e-01
-6.736960739470242432e-01
-6.727500522602291033e-01
-6.718072452453597299e-01
-6.710842648408887889e-01
-6.708061016432003143e-01
-6.711553524603462995e-01
-6.722172633246955575e-01
-6.739323675762843857e-01
-6.760698497920215599e-01
-6.782334350377942078e-01
-6.799073130372155216e-01
-6.805426152181111021e-01
-6.796760143427182932e-01
-6.770623069483008294e-01
-6.727940823491216360e-01
-6.673761215170117556e-01
-6.617228286293246331e-01
-6.570563041214998456e-01
-6.547013952727429587e-01
-6.557997319421045024e-01
-6.609912707379892449e-01
-6.701311635166600222e-01
-6.821151486314102064e-01
-6.948760514857234005e-01
-7.055906426552353006e-01
-7.111057038569713606e-01
-7.085574645975121211e-01
-6.961161632151697809e-01
-6.737317965896764127e-01
-6.436933412866283621e-01
-6.107710247763556977e-01
-5.817389047863908980e-01
-5.642102379264747336e-01
-5.649415005905854548e-01
-5.879826400421815924e-01
-6.331549582935726006e-01
-6.952572283014381016e-01
-7.641710704865033454e-01
-8.257973311280921713e-01
-8.636866238515493732e-01
-8.614123824190728085e-01
-8.059858323937649782e-01
-6.924407007564721273e-01
-5.286873200902932890e-01
-3.382014303948192580e-01
-1.575801349895357695e-01
-2.793098266413153105e-02
1.738175520155817513e-02
-3.610032414763297837e-02
-1.779964693198842207e-01
-3.745431543774277450e-01
-5.769911736963261317e-01
-7.337448782113030754e-01
-8.014947917656196630e-01
-7.527210583042512893e-01
-5.807219090797589578e-01
-3.034478497533922292e-01
3.685713177640548288e-02
3.832778365961854727e-01
6.822831235902966363e-01
9.006567656076539530e-01
1.031524311319094167e+00
1.088808982649503321e+00
1.096342304904508014e+00
1.078061583811074309e+00
1.052234607786566079e+00
1.029602126240884985e+00
1.014248988511394778e+00
1.005897854960386306e+00
1.002529763741121682e+00
1.002542242269939488e+00
1.005945366204363145e+00
1.014355473920909079e+00
1.029787645260759943e+00
1.052489606924635224e+00
1.078319422589509191e+00
1.096459542941015330e+00
1.088566162442776930e+00
1.030661411062863797e+00
8.989534625895717612e-01
6.796747984898030559e-01
3.799562471385528051e-01
3.328069414581493607e-02
-3.066776023083468417e-01
-5.830648317832067828e-01
-7.538505461666525909e-01
-8.013423270227667539e-01
-7.324746135777611133e-01
-5.749583377811011697e-01
-3.722405560518514678e-01
-1.759639533085593233e-01
-3.479948644661452761e-02
1.768443399848542916e-02
-2.863629789181644167e-02
-1.590615267344125672e-01
-3.400708099645045612e-01
-5.305259131564026287e-01
-6.939156920625360048e-01
-8.069145063831401066e-01
-8.617632975184470467e-01
-8.635404181867187834e-01
-8.252977183972141084e-01
-7.634839937218353967e-01
-6.945414371961849964e-01
-6.325409665975435525e-01
-5.875580461824759793e-01
-5.647435184755019710e-01
-5.642271567320632508e-01
-5.819205346792378775e-01
-6.110454835022887110e-01
-6.439855951682674773e-01
-6.739792376554152309e-01
-6.962781133765547636e-01
-7.086178790001076422e-01
-7.110703282632012678e-01
-7.054808127272724771e-01
-6.947212823610485755e-01
-6.819461285887736812e-01
-6.699741687465792239e-01
-6.608645408472334504e-01
-6.557119741086060438e-01
-6.546522594806329920e-01
-6.570383839819502469e-01
-6.617245393843995682e-01
-6.673847447191871840e-01
-6.727983619614723576e-01
-6.770541960306822871e-01
-6.796514310468163567e-01
-6.805012966129184715e-01
-6.798520076995081540e-01
-6.781687384549183184e-01
-6.760009751578754944e-01
-6.738640843622947241e-01
-6.721531521506781681e-01
-6.710974367482401837e-01
-6.707548382487257266e-01
-6.710388169910354028e-01
-6.717659273888197946e-01
-6.727108291099394011e-01
-6.736570115644787693e-01
-6.744347710146091357e-01
-6.749421941696747140e-01
-6.751490107661950457e-01
-6.750863989951958466e-01
-6.748277414479493252e-01
-6.744658780584740221e-01
-6.740918059673847162e-01
-6.737784112593898644e-01
-6.735711065135552289e-01
-6.734855746673102939e-01
-6.735114749057075079e-01
-6.736201214550108229e-01
-6.737738484395942029e-01
-6.739349620387012907e-01
-6.740727169314866263e-01
-6.741674631258870454e-01
-6.742118216871776371e-01
-6.742093297011214625e-01
-6.741713662190077505e-01
-6.741133094558566796e-01
-6.740508072241644388e-01
-6.739968261188201692e-01
-6.739598532317636614e-01
-6.739433277410353806e-01
-6.739461344511200602e-01
-6.739638314351266146e-01
-6.739902202714739277e-01
-6.740188906523585377e-01
-6.740444578784313689e-01
-6.740633317350747111e-01
-6.740739786727749649e-01
-6.740767422227944561e-01
-6.740733544315493653e-01
-6.740662989366650315e-01
-6.740581778733084617e-01
-6.740511998002922667e-01
-6.740468567905557595e-01
-6.740458080889073500e-01
-6.740479451996679305e-01
-6.740525850636304162e-01
-6.740587261771898708e-01
-6.740653056032122059e-01
-6.740714088542434368e-01
-6.740764044556426526e-01
-6.740799955491051376e-01
-6.740821981229145887e-01
-6.740832668617570134e-01
-6.740835943877667713e-01
-6.740836084651361526e-01
-6.740836862140000552e-01
-6.740840966297088066e-01
-6.740849747734822817e-01
-6.740863244803297905e-01
-6.740880422416629658e-01
-6.740899532791303495e-01
-6.740918513565561376e-01
-6.740935358229920293e-01
-6.740948418587759949e-01
