-6.741058037066673947e-01
-6.741062730668726521e-01
-6.741065214114501103e-01
-6.741065575229419071e-01
-6.741063967612197505e-01
-6.741060613421688830e-01
-6.741055797421314777e-01
-6.741049846170209525e-01
-6.741043088954864482e-01
-6.741035801699675201e-01
-6.741028140840897853e-01
-6.741020079750056349e-01
-6.741011364288594931e-01
-6.741001505058955567e-01
-6.740989820841641889e-01
-6.740975540188947068e-01
-6.740957956695995401e-01
-6.740936619608458580e-01
-6.740911527614581455e-01
-6.740883283033068940e-01
-6.740853159452764309e-01
-6.740823041031266394e-01
-6.740795207724247229e-01
-6.740771967383559771e-01
-6.740755170203337476e-01
-6.740745678137979313e-01
-6.740742894224247550e-01
-6.740744475564639515e-01
-6.740746350736843695e-01
-6.740743131494860707e-01
-6.740728948026174505e-01
-6.740698650983932838e-01
-6.740649223315899885e-01
-6.740581148619925189e-01
-6.740499413312431853e-01
-6.740413801532015858e-01
-6.740338194847137476e-01
-6.740288724230821815e-01
-6.740280834816033684e-01
-6.740325590783726728e-01
-6.740425824426595769e-01
-6.740572959599691050e-01
-6.740745447248518429e-01
-6.740909676832108621e-01
-6.741023931399340308e-01
-6.741045433358610062e-01
-6.740939831430975415e-01
-6.740691712202518948e-01
-6.740314037562502580e-01
-6.739853997626288340e-01
-6.739392809204554080e-01
-6.739037616353372728e-01
-6.738904900927366048e-01
-6.739096591652696810e-01
-6.739672119813685525e-01
-6.740621614597479550e-01
-6.741846773439099660e-01
-6.743156185809076053e-01
-6.744280640319353370e-01
-6.744911036921444891e-01
-6.744757119226453268e-01
-6.743619888232434967e-01
-6.741465196322229403e-01
-6.738481884797175026e-01
-6.735106265847146112e-01
-6.731996938685040899e-01
-6.729950536660976868e-01
-6.729759844662274171e-01
-6.732029536955701499e-01
-6.736979196098673572e-01
-6.744275088832067944e-01
-6.752937934965680400e-01
-6.761370620853606184e-01
-6.767535698002379307e-01
-6.769287578339842071e-01
-6.764830765792768652e-01
-6.753237796557157724e-01
-6.734925761510333064e-01
-6.711967412986308279e-01
-6.688111916946600788e-01
-6.668419786777668445e-01
-6.658479724683710188e-01
-6.663266411096177011e-01
-6.685801663074678602e-01
-6.725872802333822120e-01
-6.779116208330713267e-01
-6.836772367137872175e-01
-6.886354529753219156e-01
-6.913349836722053610e-01
-6.903896222239866987e-01
-6.848155678537839464e-01
-6.743844844028742402e-01
-6.599125082374240892e-01
-6.433885245183386115e-01
-6.278505878153636255e-01
-6.169592313521858884e-01
-6.142905385261251405e-01
-6.224611532612391862e-01
-6.422681846328094357e-01
-6.720479711968044834e-01
-7.074203448912588232e-01
-7.415130404004104392e-01
-7.656989931041764397e-01
-7.708593435466105648e-01
-7.491816474853950636e-01
-6.964161371610503304e-01
-6.142317394060454738e-01
-5.118714678808802265e-01
-4.060117081080961143e-01
-3.180301248344023501e-01
-2.689100103079562487e-01
-2.732309449629160558e-01
-3.343115072802950727e-01
-4.422225439783381007e-01
-5.753074393454553626e-01
-7.044790515903099903e-01
-7.985660433158356941e-01
-8.291667192794620611e-01
-7.748880068318541037e-01
-6.260251382139510046e-01
-3.897568651305949317e-01
-9.291365505010444614e-02
2.222738626832301001e-01
5.105890641433916688e-01
7.388398577146294555e-01
8.945739552222646829e-01
9.849067144209093794e-01
1.028223683289396506e+00
1.043886350464212409e+00
1.043816414921558966e+00
1.027953348829928171e+00
9.842766005775944738e-01
8.933896608060329925e-01
7.369656336700642907e-01
5.080437536616579930e-01
2.192831108343784863e-01
-9.595376431079753743e-02
-3.924029229516969863e-01
-6.279293669453392956e-01
-7.758818009090208134e-01
-8.292625661607671006e-01
-7.979139626301252619e-01
-7.033194423169266685e-01
-5.739322380106782751e-01
-4.409340943007300506e-01
-3.333716998678382670e-01
-2.728096825977983086e-01
-2.690517545649295239e-01
-3.186527833950335564e-01
-4.069393876725600490e-01
-5.128895635013925869e-01
-6.151446367834626505e-01
-6.970884680971065617e-01
-7.495537373611249610e-01
-7.709398241883992364e-01
-7.655447022940976565e-01
-7.412060956124860711e-01
-7.070481404459492136e-01
-6.716880411668431083e-01
-6.419781124154032570e-01
-6.222734186394330846e-01
-6.142121841382676140e-01
-6.169758459283500862e-01
-6.279334029026996111e-01
-6.435028240355540330e-01
-6.600254243390704101e-01
-6.744706868040999392e-01
-6.848601461898076170e-01
-6.903882766055929876e-01
-6.912922041457615352e-01
-6.885615878590759520e-01
-6.835852878195554094e-01
-6.778143929320047389e-01
-6.724952661300206413e-01
-6.685003279610578497e-01
-6.662620701003036938e-01
-6.657982818958344540e-01
-6.668041949451845030e-01
-6.687808816903728637e-01
-6.711691273239547284e-01
-6.734634480002925638e-01
-6.752900929721084022e-01
-6.764432086080661710e-01
-6.768824590436554045e-01
-6.767016930772395966e-01
-6.760811687938595993e-01
-6.752357318056723123e-01
-6.743690412109518695e-01
-6.736404498267594132e-01
-6.731473768105167288e-01
-6.729226563854215915e-01
-6.729438593507893751e-01
-6.731501805294101137e-01
-6.734621647925159715e-01
-6.738001273294589311e-01
-6.740983104640959622e-01
-6.743132630175314723e-01
-6.744263094823598204e-01
-6.744410586845829281e-01
-6.743775592070841984e-01
-6.742649241771159208e-01
-6.741340885204160083e-01
-6.740119457747035803e-01
-6.739175739405272036e-01
-6.738607241941859671e-01
-6.738423062444692802e-01
-6.738563145356811779e-01
-6.738925161152136134e-01
-6.739392466788124425e-01
-6.739857965910690529e-01
-6.740240637722230144e-01
-6.740493564345363398e-01
-6.740604064669871720e-01
-6.740587789237878491e-01
-6.740479251523621151e-01
-6.740321306212668784e-01
-6.740155669520005999e-01
-6.740015892294569655e-01
-6.739923429077052663e-01
-6.739886750511848712e-01
-6.739902927359766593e-01
-6.739960820130894703e-01
-6.740044936173189560e-01
-6.740139124819183314e-01
-6.740229508142165926e-01
-6.740306321858263727e-01
-6.740364607657058915e-01
-6.740403910948661315e-01
-6.740427272941336145e-01
-6.740439858626133818e-01
-6.740447543452279255e-01
-6.740455711703002839e-01
-6.740468423072267790e-01
-6.740488003641018633e-01
-6.740515031402070090e-01
-6.740548625958676654e-01
-6.740586921257211150e-01
-6.740627597387556236e-01
-6.740668366479254381e-01
-6.740707340178082596e-01
-6.740743243440191490e-01
-6.740775473977206333e-01
-6.740804033352760793e-01
-6.740829371748694454e-01
-6.740852193491032596e-01
-6.740873266177130896e-01
-6.740893265521865629e-01
-6.740912674163020979e-01
-6.740931738769665449e-01
-6.740950478345627550e-01
-6.740968729127623238e-01
-6.740986208447035111e-01
-6.741002580957854429e-01
-6.741017514673375288e-01
-6.741030719884223421e-01
-6.741041969785463994e-01
-6.741051106275030014e-01
