-6.740915359422717801e-01
-6.740920119180314751e-01
-6.740923353206945690e-01
-6.740925145788960737e-01
-6.740925635178345310e-01
-6.740925005988074314e-01
-6.740923474987521313e-01
-6.740921268525331689e-01
-6.740918591433503471e-01
-6.740915589761468096e-01
-6.740912312579380172e-01
-6.740908680691969357e-01
-6.740904471633690775e-01
-6.740899330039334947e-01
-6.740892809892387039e-01
-6.740884450134293493e-01
-6.740873878083213366e-01
-6.740860927053373697e-01
-6.740845747002648380e-01
-6.740828881825077223e-01
-6.740811285940787601e-01
-6.740794257639981524e-01
-6.740779277918459433e-01
-6.740767760793996421e-01
-6.740760742342762901e-01
-6.740758557492638747e-01
-6.740760571335373541e-01
-6.740765040239254935e-01
-6.740769172678960919e-01
-6.740769437385756291e-01
-6.740762126870726290e-01
-6.740744130981208837e-01
-6.740713815373517992e-01
-6.740671844751584540e-01
-6.740621753916127279e-01
-6.740570064705243558e-01
-6.740525784584413538e-01
-6.740499207726788899e-01
-6.740500067755704761e-01
-6.740535248008641123e-01
-6.740606414589088713e-01
-6.740708065560421236e-01
-6.740826548857068445e-01
-6.740940557931165422e-01
-6.741023446048837187e-01
-6.741047406307465462e-01
-6.740989170759276172e-01
-6.740836444087928703e-01
-6.740593887333089507e-01
-6.740287204299696411e-01
-6.739963856996838976e-01
-6.739689224838341097e-01
-6.739537658344674220e-01
-6.739578828278615097e-01
-6.739860922736135018e-01
-6.740393406344602489e-01
-6.741132976004200472e-01
-6.741976752398491923e-01
-6.742766391905076206e-01
-6.743305537494442836e-01
-6.743390849066436266e-01
-6.742853959321074564e-01
-6.741608500970053264e-01
-6.739693448548679244e-01
-6.737302141786886134e-01
-6.734786241425547715e-01
-6.732626088703582701e-01
-6.731363729559499687e-01
-6.731501946136132508e-01
-6.733381125687193380e-01
-6.737054221770288898e-01
-6.742186549461667289e-01
-6.748009738882646547e-01
-6.753356189906662976e-01
-6.756790872625191291e-01
-6.756841391016925602e-01
-6.752306238610975564e-01
-6.742597911789866005e-01
-6.728056227252691146e-01
-6.710153222235955006e-01
-6.691510273654046603e-01
-6.675665504978367526e-01
-6.666567212461583791e-01
-6.667824138239702991e-01
-6.681807373923274174e-01
-6.708758210323105819e-01
-6.746096556710399206e-01
-6.788133492806073255e-01
-6.826362638266775251e-01
-6.850437665540446419e-01
-6.849839853584670513e-01
-6.816102995546478027e-01
-6.745298890471882469e-01
-6.640313220789005877e-01
-6.512302523193055359e-01
-6.380690554486174726e-01
-6.271215442749725755e-01
-6.211913347455315648e-01
-6.227461123795864362e-01
-6.332837218211042618e-01
-6.527592363407049847e-01
-6.792015047118588056e-01
-7.086161790409697403e-01
-7.352302259024859898e-01
-7.521060712598585107e-01
-7.521499861819751498e-01
-7.295273660676755423e-01
-6.814072852016749282e-01
-6.097335854289863688e-01
-5.224119100465259846e-01
-4.331310903903697329e-01
-3.592827330607399894e-01
-3.181621112155351150e-01
-3.224785696915135613e-01
-3.766446854872892991e-01
-4.750791337794265101e-01
-6.029683215789508610e-01
-7.389126555240737027e-01
-8.581146286261182032e-01
-9.348591591207705553e-01
-9.442588184812311658e-01
-8.648750152787004764e-01
-6.842477302351662738e-01
-4.070916341977779407e-01
-6.155057828958150623e-02
3.033223180674394226e-01
6.308212079057365917e-01
8.731256771532880379e-01
1.000405052861911948e+00
9.998720206540400168e-01
8.715744678524881550e-01
6.284196186376043158e-01
3.003925376264322544e-01
-6.456046396044964886e-02
-4.097233829311106579e-01
-6.861702995388808679e-01
-8.659531353553213684e-01
-9.445296151212723146e-01
-9.344641475885561155e-01
-8.572415459606379518e-01
-7.377662614717688250e-01
-6.017581484743882436e-01
-4.740050970894358340e-01
-3.758724887977821782e-01
-3.221111751082545438e-01
-3.182202294100957563e-01
-3.597043974724055126e-01
-4.337922487294767482e-01
-5.231614480497234210e-01
-6.104307537088015101e-01
-6.819495944765618933e-01
-7.298625954902590030e-01
-7.522733515216603051e-01
-7.520483361285255075e-01
-7.350430071382197950e-01
-7.083585046415075137e-01
-6.789292497351756550e-01
-6.525176801891926504e-01
-6.331030999032549733e-01
-6.226400620158781818e-01
-6.211580629195856407e-01
-6.271472447959101082e-01
-6.381327255359688921e-01
-6.513088290553369353e-01
-6.641041138778702724e-01
-6.745815984429477385e-01
-6.816323831539079503e-01
-6.849745073443574972e-01
-6.850061620296353793e-01
-6.825775144011672069e-01
-6.787420285661337482e-01
-6.745341905444631747e-01
-6.708031859096589278e-01
-6.681156798256480123e-01
-6.667272098937898628e-01
-6.666113816765109057e-01
-6.675293462652043264e-01
-6.691191799473986679e-01
-6.709857088670346803e-01
-6.727753765509659756e-01
-6.742267203222074290e-01
-6.751934219317371477e-01
-6.756424010849074735e-01
-6.756331742249442884e-01
-6.752864295136182804e-01
-6.747496813822667638e-01
-6.741664612955164948e-01
-6.736533635604944337e-01
-6.732869365831626318e-01
-6.731003120476199975e-01
-6.730878748820812163e-01
-6.732153313821097607e-01
-6.734322394010930912e-01
-6.736843270210949308e-01
-6.739235780325345537e-01
-6.741149069252041492e-01
-6.742390953743959692e-01
-6.742923697393968796e-01
-6.742834766700736004e-01
-6.742293341842751087e-01
-6.741503222200097012e-01
-6.740660875819867170e-01
-6.739924469534109841e-01
-6.739396511304441839e-01
-6.739119841844229963e-01
-6.739084537888043736e-01
-6.739242029153327262e-01
-6.739522383009237672e-01
-6.739851121834471437e-01
-6.740162863213714495e-01
-6.740410237845892993e-01
-6.740567692828296487e-01
-6.740630737713796394e-01
-6.740611825073702379e-01
-6.740534343344447565e-01
-6.740426170964115560e-01
-6.740313975758019938e-01
-6.740219041971480252e-01
-6.740154968508225153e-01
-6.740127188040538897e-01
-6.740133963181306198e-01
-6.740168348557924460e-01
-6.740220565004153563e-01
-6.740280292229523518e-01
-6.740338515178382339e-01
-6.740388719215709701e-01
-6.740427386205916083e-01
-6.740453871868856695e-01
-6.740469829670481250e-01
-6.740478383853978350e-01
-6.740483248884860945e-01
-6.740487955439132817e-01
-6.740495287768505372e-01
-6.740506977341651496e-01
-6.740523644216486199e-01
-6.740544938088541826e-01
-6.740569808752523429e-01
-6.740596830488629898e-01
-6.740624513547734953e-01
-6.740651553756885628e-01
-6.740676993150076513e-01
-6.740700285822501803e-01
-6.740721280461140497e-01
-6.740740142256201883e-01
-6.740757241652718390e-01
-6.740773036380383054e-01
-6.740787967935756297e-01
-6.740802386085854581e-01
-6.740816506879508951e-01
-6.740830402609802041e-01
-6.740844017157394674e-01
-6.740857197568556058e-01
-6.740869732465190056e-01
-6.740881389433799331e-01
-6.740891946158775738e-01
-6.740901212966050604e-01
-6.740909046942601401e-01
