-6.741091082961281344e-01
-6.741095942043784373e-01
-6.741098795436430979e-01
-6.741099687476641567e-01
-6.741098693696483402e-01
-6.741095919238674350e-01
-6.741091493738777807e-01
-6.741085560981929792e-01
-6.741078262614677019e-01
-6.741069716787487787e-01
-6.741059994528940669e-01
-6.741049098477402968e-01
-6.741036949816822110e-01
-6.741023389398852483e-01
-6.741008197734323915e-01
-6.740991135691832836e-01
-6.740972003561168657e-01
-6.740950711194622080e-01
-6.740927347131345782e-01
-6.740902231064683781e-01
-6.740875932897072431e-01
-6.740849243909023958e-01
-6.740823091747155660e-01
-6.740798400800893653e-01
-6.740775912010058546e-01
-6.740755989262589010e-01
-6.740738450624605971e-01
-6.740722468671881407e-01
-6.740706582352392617e-01
-6.740688851176419583e-01
-6.740667160733009311e-01
-6.740639658294342862e-01
-6.740605262654512098e-01
-6.740564159565439750e-01
-6.740518170828437849e-01
-6.740470879134315974e-01
-6.740427408555214051e-01
-6.740393805380050507e-01
-6.740376034075141742e-01
-6.740378690899827552e-01
-6.740403629392488494e-01
-6.740448768924541811e-01
-6.740507398803393668e-01
-6.740568276465862541e-01
-6.740616735727850140e-01
-6.740636867234539586e-01
-6.740614620147694636e-01
-6.740541429997274347e-01
-6.740417745908329206e-01
-6.740255664775094413e-01
-6.740079835890678828e-01
-6.739925922936660374e-01
-6.739836224554501820e-01
-6.739852549176194030e-01
-6.740007061412665035e-01
-6.740312469797740125e-01
-6.740753477431449259e-01
-6.741281719073809464e-01
-6.741816321125945199e-01
-6.742251647578658691e-01
-6.742472713621290303e-01
-6.742377239528806188e-01
-6.741901576501786453e-01
-6.741046067926771412e-01
-6.739894195861974024e-01
-6.738619504326286425e-01
-6.737475126741824250e-01
-6.736762956194676244e-01
-6.736783018207058715e-01
-6.737768061095029681e-01
-6.739813075021210409e-01
-6.742813438563119988e-01
-6.746427605144399431e-01
-6.750079695973278948e-01
-6.753013381406135496e-01
-6.754400846530116409e-01
-6.753499970174149380e-01
-6.749840398332471736e-01
-6.743407038176464363e-01
-6.734780349945023170e-01
-6.725189683118796280e-01
-6.716441510476026666e-01
-6.710700361488964871e-01
-6.710126138975051058e-01
-6.716404279184251536e-01
-6.730239235274286802e-01
-6.750909664369899588e-01
-6.775998008386245886e-01
-6.801402032024769229e-01
-6.821708226166875999e-01
-6.830956622743540319e-01
-6.823755842051214549e-01
-6.796621202209579549e-01
-6.749317258765439309e-01
-6.685906985846046258e-01
-6.615170429425203391e-01
-6.550088754585722262e-01
-6.506219600264570024e-01
-6.499013780556011088e-01
-6.540398749479484630e-01
-6.635204398519096713e-01
-6.778151770996521108e-01
-6.952122822675812497e-01
-7.128300617506730941e-01
-7.268585004206253863e-01
-7.330508104532945657e-01
-7.274662205109608815e-01
-7.074242729936445206e-01
-6.725492827878959412e-01
-6.256620732108728600e-01
-5.731653706962565042e-01
-5.245675886227831874e-01
-4.909810242040126282e-01
-4.827907634377425761e-01
-5.070564735412972368e-01
-5.653697308840459623e-01
-6.527297614825486871e-01
-7.575752570733500502e-01
-8.626364581975758394e-01
-9.460881757016642579e-01
-9.829059945457337966e-01
-9.473146932149720811e-01
-8.180068706396624867e-01
-5.869556852435813266e-01
-2.691664652674198299e-01
9.346574746319356863e-02
4.403063500546089415e-01
7.097382617351787326e-01
8.556595893040005452e-01
8.548132007983673120e-01
7.073299971594840807e-01
4.367340355197059099e-01
8.936127739849644702e-02
-2.730783684488068963e-01
-5.900747882111654352e-01
-8.200168807137481197e-01
-9.481992569678675542e-01
-9.828551232729507703e-01
-9.453831160905160624e-01
-8.615690662969079927e-01
-7.564074862917657960e-01
-6.516751398223304959e-01
-5.645812800021007272e-01
-5.066171608141023519e-01
-4.827104923196883224e-01
-4.912048160736122715e-01
-5.249954537007199828e-01
-5.736793628274124979e-01
-6.261531156160726752e-01
-6.729368220097297071e-01
-7.076651333258908716e-01
-7.275531933093357662e-01
-7.330043826539875962e-01
-7.267158151349812911e-01
-7.126342710975922534e-01
-6.950040261704546474e-01
-6.776267987711093177e-01
-6.633729296433508171e-01
-6.539422520452626841e-01
-6.498520567232446421e-01
-6.506115028966228397e-01
-6.550234289964976808e-01
-6.615417416031512676e-01
-6.686124476677138828e-01
-6.749410037191251321e-01
-6.796537089064086379e-01
-6.823483680418697128e-01
-6.830517750953358780e-01
-6.821144683077409177e-01
-6.800764398880185801e-01
-6.775335017378157909e-01
-6.750260803126226783e-01
-6.729630752142504724e-01
-6.715848348007805724e-01
-6.709622508857326917e-01
-6.710239596023839237e-01
-6.716008890869969994e-01
-6.724768972657310107e-01
-6.734356841276213368e-01
-6.742969570573570381e-01
-6.749382283903919699e-01
-6.753018964779301525e-01
-6.753898422179621663e-01
-6.752493601454314653e-01
-6.749547976428840190e-01
-6.745889586260065407e-01
-6.742274112538496622e-01
-6.739276236491799077e-01
-6.737236079751298679e-01
-6.736256884270690470e-01
-6.736242521552144868e-01
-6.736959455655200379e-01
-6.738107253865601720e-01
-6.739383962499770897e-01
-6.740536657991773595e-01
-6.741392179976091192e-01
-6.741867505711770514e-01
-6.741962741507583345e-01
-6.741741912668856029e-01
-6.741307564035100564e-01
-6.740774820597840167e-01
-6.740249340872065398e-01
-6.739811925608173437e-01
-6.739510802786001786e-01
-6.739361101030301171e-01
-6.739349943194958836e-01
-6.739445019953022031e-01
-6.739604417751756671e-01
-6.739785779090352591e-01
-6.739953426179289275e-01
-6.740082732526616605e-01
-6.740161649169130742e-01
-6.740189786837033070e-01
-6.740175769394550764e-01
-6.740133696752935721e-01
-6.740079510692507103e-01
-6.740027890669360033e-01
-6.739990074329215153e-01
-6.739972752872331885e-01
-6.739977978046872709e-01
-6.740003863682814123e-01
-6.740045782243416772e-01
-6.740097743202615455e-01
-6.740153681674637687e-01
-6.740208463037301589e-01
-6.740258501253669765e-01
-6.740301976531973827e-01
-6.740338708135463763e-01
-6.740369782926344255e-01
-6.740397057943984249e-01
-6.740422649211373907e-01
-6.740448495503982285e-01
-6.740476052890658210e-01
-6.740506141135504947e-01
-6.740538932753135093e-01
-6.740574053699972534e-01
-6.740610753078564166e-01
-6.740648097447362597e-01
-6.740685151422334265e-01
-6.740721117404955276e-01
-6.740755420441166823e-01
-6.740787736722169132e-01
-6.740817974115502764e-01
-6.740846219287526253e-01
-6.740872668240692756e-01
-6.740897555946854247e-01
-6.740921097184275901e-01
-6.740943445854316041e-01
-6.740964675092201430e-01
-6.740984776298236669e-01
-6.741003672370603494e-01
-6.741021239127638065e-01
-6.741037329052850247e-01
-6.741051792727073000e-01
-6.741064495146068536e-01
-6.741075326053793670e-01
-6.741084205019699516e-01
