-6.741084546223240492e-01
-6.741089401385497171e-01
-6.741092263715937616e-01
-6.741093179992281303e-01
-6.741092229411072001e-01
-6.741089521447440891e-01
-6.741085190037794383e-01
-6.741079382473615933e-01
-6.741072242388607139e-01
-6.741063887830189838e-01
-6.741054387332139353e-01
-6.741043738710894573e-01
-6.741031856487676999e-01
-6.741018573912047618e-01
-6.741003664186848710e-01
-6.740986882570136896e-01
-6.740968026782960809e-01
-6.740947008169527743e-01
-6.740923921253982876e-01
-6.740899095849826050e-01
-6.740873114871712701e-01
-6.740846783431564404e-01
-6.740821041150533155e-01
-6.740796819646298621e-01
-6.740774859750843229e-01
-6.740755516181908824e-01
-6.740738588429771028e-01
-6.740723222496439737e-01
-6.740707926033648878e-01
-6.740690727466381871e-01
-6.740669487533824666e-01
-6.740642341111627855e-01
-6.740608212324695758e-01
-6.740567313089752544e-01
-6.740521512038520902e-01
-6.740474455150997635e-01
-6.740431337802995637e-01
-6.740398273460406209e-01
-6.740381275168843001e-01
-6.740384954525846517e-01
-6.740411135110914165e-01
-6.740457654586652358e-01
-6.740517670732935063e-01
-6.740579771913576268e-01
-6.740629108467177666e-01
-6.740649605737006889e-01
-6.740627104079354170e-01
-6.740553024840325591e-01
-6.740427927809713449e-01
-6.740264159235763719e-01
-6.740086746095383941e-01
-6.739931818191274848e-01
-6.739842158345812351e-01
-6.739859981422293700e-01
-6.740017671439604285e-01
-6.740327865210814506e-01
-6.740774827595478191e-01
-6.741309366985228646e-01
-6.741849449196758437e-01
-6.742288085493207683e-01
-6.742508974234617813e-01
-6.742408847293195340e-01
-6.741923710376475087e-01
-6.741054479408279398e-01
-6.739886289873758818e-01
-6.738595398502058575e-01
-6.737438449466173207e-01
-6.736721123675480927e-01
-6.736746761966009300e-01
-6.737750069327177460e-01
-6.739825763311659834e-01
-6.742866062615378020e-01
-6.746523140958269327e-01
-6.750212099355203943e-01
-6.753165949750801200e-01
-6.754546393343816568e-01
-6.753603349539313294e-01
-6.749863567107868834e-01
-6.743316336013253087e-01
-6.734555071464664033e-01
-6.724830419213082555e-01
-6.715976291595610048e-01
-6.710186505036541682e-01
-6.709646020993923488e-01
-6.716054080590212472e-01
-6.730111006396182205e-01
-6.751068635833163967e-01
-6.776458678307982764e-01
-6.802107857207126962e-01
-6.822520422012040564e-01
-6.831657352819431317e-01
-6.824069715158892491e-01
-6.796256313331412446e-01
-6.748022984311966566e-01
-6.683540703246243497e-01
-6.611760201829363082e-01
-6.545875390504787283e-01
-6.501661262779174777e-01
-6.494740867666283224e-01
-6.537116018009050400e-01
-6.633549275460647321e-01
-6.778529199902773028e-01
-6.954544796573510768e-01
-7.132261671835784522e-01
-7.273004823769028127e-01
-7.333771417595481568e-01
-7.274783960454999088e-01
-7.069176607372092969e-01
-6.713571704900136439e-01
-6.237061711935276698e-01
-5.704990829491397575e-01
-5.213940962857361860e-01
-4.876314246969311594e-01
-4.796595595034349180e-01
-5.045080354222604146e-01
-5.636418099067203036e-01
-6.518622462775054416e-01
-7.573827862767975594e-01
-8.627269280385045924e-01
-9.459159407704991196e-01
-9.818497109576564963e-01
-9.447852056590532177e-01
-8.135987939009549086e-01
-5.806237529553203158e-01
-2.613314594171610716e-01
1.020179283355901051e-01
4.487621682888093821e-01
7.176472899392312144e-01
8.631044489969875722e-01
8.622514216823561339e-01
7.152181603245690855e-01
4.451532994289635337e-01
9.786233108200804998e-02
-2.653032265024444780e-01
-5.838018203030147513e-01
-8.156572872866855173e-01
-9.457016264752446943e-01
-9.818122554526613754e-01
-9.452074365346078144e-01
-8.616429581583036068e-01
-7.561903303194367210e-01
-6.507805515008525665e-01
-5.628295701149945707e-01
-5.040528819836583851e-01
-4.795741267099289384e-01
-4.878610124734947817e-01
-5.218366598201827911e-01
-5.710330155234011329e-01
-6.242182004150867991e-01
-6.717630520265223115e-01
-7.071717370721832818e-01
-7.275724359567746768e-01
-7.333319302633835024e-01
-7.271544124635010986e-01
-7.130241482623594917e-01
-6.952390005034406739e-01
-6.776579317789469536e-01
-6.632025641565014729e-01
-6.536114570302127280e-01
-6.494245923616320804e-01
-6.501574147171580442e-01
-6.546050519225659059e-01
-6.612041050220232030e-01
-6.683789336038178375e-01
-6.748139247602541468e-01
-6.796185649756693037e-01
-6.823801036840226875e-01
-6.831213947534786612e-01
-6.821947355879859343e-01
-6.801458990229759527e-01
-6.775785587212647121e-01
-6.750412771600784456e-01
-6.729499522261838118e-01
-6.715499063114505063e-01
-6.709146383578211692e-01
-6.709731562442468045e-01
-6.715550004271755302e-01
-6.724415436141109037e-01
-6.734135951469977233e-01
-6.742881623215009057e-01
-6.749406673996173334e-01
-6.753122415268031364e-01
-6.754043412713313099e-01
-6.752645510241976901e-01
-6.749680036211110901e-01
-6.745985348527331338e-01
-6.742327609312338543e-01
-6.739290368442106827e-01
-6.737219926722562979e-01
-6.736222645057371450e-01
-6.736202680654019836e-01
-6.736924592684297997e-01
-6.738084703880333759e-01
-6.739377343435918322e-01
-6.740546133087372827e-01
-6.741415233005431107e-01
-6.741899975927315714e-01
-6.741999884055746017e-01
-6.741779303357179343e-01
-6.741341737258410571e-01
-6.740803600162029730e-01
-6.740271883447911394e-01
-6.739828538524765822e-01
-6.739522619506579382e-01
-6.739369700507811256e-01
-6.739356987580495950e-01
-6.739451964315210653e-01
-6.739612321130444839e-01
-6.739795223098519195e-01
-6.739964528851399850e-01
-6.740095232991394347e-01
-6.740175033343783761e-01
-6.740203424898412177e-01
-6.740189040753266081e-01
-6.740146085807673382e-01
-6.740090664998327208e-01
-6.740037640852345469e-01
-6.739998421112193272e-01
-6.739979830424717155e-01
-6.739984004463822620e-01
-6.740009089011057553e-01
-6.740050442603534586e-01
-6.740102026811887193e-01
-6.740157709544547515e-01
-6.740212284310553859e-01
-6.740262100922141952e-01
-6.740305291844387314e-01
-6.740341649411796254e-01
-6.740372254664507290e-01
-6.740398976860213498e-01
-6.740423956974198605e-01
-6.740449165168468371e-01
-6.740476089204611165e-01
-6.740505575812820727e-01
-6.740537816395425486e-01
-6.740572446267275586e-01
-6.740608714694413806e-01
-6.740645680949427510e-01
-6.740682397540198600e-01
-6.740718052871175203e-01
-6.740752058818721970e-01
-6.740784081334313393e-01
-6.740814022234090652e-01
-6.740841966680568564e-01
-6.740868113277607154e-01
-6.740892702668073166e-01
-6.740915957007755921e-01
-6.740938037861980980e-01
-6.740959025071202593e-01
-6.740978914875381811e-01
-6.740997632661173133e-01
-6.741015054325150135e-01
-6.741031030328777929e-01
-6.741045407710605231e-01
-6.741058047136279097e-01
-6.741068833999598331e-01
-6.741077684200780240e-01
