-6.741323646831739458e-01
-6.741328449392588462e-01
-6.741330564170980866e-01
-6.741330046736803139e-01
-6.741326986653728426e-01
-6.741321500160748492e-01
-6.741313719298589469e-01
-6.741303777512321904e-01
-6.741291792527687177e-01
-6.741277848318554256e-01
-6.741261979036619056e-01
-6.741244158568340250e-01
-6.741224299604458015e-01
-6.741202265490423562e-01
-6.741177896530180513e-01
-6.741151049888753910e-01
-6.741121649056625031e-01
-6.741089735509820935e-01
-6.741055512417349904e-01
-6.741019368794070044e-01
-6.740981873096312249e-01
-6.740943728405268676e-01
-6.740905687130274160e-01
-6.740868431142760242e-01
-6.740832432368893956e-01
-6.740797817516295254e-01
-6.740764266800904903e-01
-6.740730978221878278e-01
-6.740696724402648332e-01
-6.740660017391081338e-01
-6.740619378453093224e-01
-6.740573686705713108e-01
-6.740522555913857072e-01
-6.740466667739218876e-01
-6.740407977689496510e-01
-6.740349712204669608e-01
-6.740296095494356932e-01
-6.740251783955334419e-01
-6.740221041560686688e-01
-6.740206754554427526e-01
-6.740209447079711369e-01
-6.740226507070480322e-01
-6.740251849089312630e-01
-6.740276215127635195e-01
-6.740288238421048295e-01
-6.740276270322855812e-01
-6.740230808251278516e-01
-6.740147187116152239e-01
-6.740028040688087474e-01
-6.739884942017619895e-01
-6.739738631269398539e-01
-6.739617364003709366e-01
-6.739553173720880253e-01
-6.739576224337274768e-01
-6.739707885928655218e-01
-6.739953625766513801e-01
-6.740297169249482856e-01
-6.740697546398578544e-01
-6.741090505440145986e-01
-6.741395286903317796e-01
-6.741526908455762745e-01
-6.741412985935598678e-01
-6.741012864479639655e-01
-6.740335682852173216e-01
-6.739453218212887453e-01
-6.738503234408104170e-01
-6.737679805538124844e-01
-6.737208808882170219e-01
-6.737309399286263156e-01
-6.738145497113668947e-01
-6.739774634398265629e-01
-6.742104231763047517e-01
-6.744866774697542144e-01
-6.747624742120362784e-01
-6.749813057921772996e-01
-6.750821209177910731e-01
-6.750109421322328940e-01
-6.747344379687169047e-01
-6.742531461124920966e-01
-6.736114227587577385e-01
-6.729010119879244023e-01
-6.722555675980642631e-01
-6.718346154029741779e-01
-6.717972752466134789e-01
-6.722683541610372515e-01
-6.733017927682639625e-01
-6.748484033613277866e-01
-6.767358749042170496e-01
-6.786687261291515227e-01
-6.802540208806139299e-01
-6.810551726583238263e-01
-6.806712044447353893e-01
-6.788327671606988467e-01
-6.754997689776351955e-01
-6.709398569975099091e-01
-6.657640387341958732e-01
-6.608975605759450644e-01
-6.574724274467101948e-01
-6.566427094682912857e-01
-6.593426376014754897e-01
-6.660257564247904494e-01
-6.764356830243403174e-01
-6.894616450972517185e-01
-7.031248876103702861e-01
-7.147286269623968069e-01
-7.211883884265940514e-01
-7.195412023630948228e-01
-7.076044362907411012e-01
-6.847078388237369806e-01
-6.523538965741435547e-01
-6.145934081078450184e-01
-5.778835362687210209e-01
-5.502759247216219007e-01
-5.399714253636471728e-01
-5.535098460720460078e-01
-5.940208277244162227e-01
-6.599486873862395742e-01
-7.444695116197862506e-01
-8.355423910080537198e-01
-9.163722839781233143e-01
-9.662309464454554853e-01
-9.621643665428876169e-01
-8.827841584422146948e-01
-7.151984692284341083e-01
-4.641278086154428384e-01
-1.586773351588585124e-01
1.495890709154912568e-01
3.995686444058561548e-01
5.388826228631499182e-01
5.381350336014117941e-01
3.974826888359551114e-01
1.466037364995695369e-01
-1.619486530671364055e-01
-4.670763228637997422e-01
-7.173945617539247976e-01
-8.840570385382520158e-01
-9.625684309783190118e-01
-9.659542525276446634e-01
-9.156501345753518262e-01
-8.346033037305348179e-01
-7.435093625401925088e-01
-6.591190664459858350e-01
-5.934223183309812466e-01
-5.531884625332331717e-01
-5.399204704725532045e-01
-5.504452278116321873e-01
-5.781953368945401683e-01
-6.149614038797235338e-01
-6.527007678810502478e-01
-6.849773754541165216e-01
-7.077665999028615040e-01
-7.195908204133538710e-01
-7.211396379001880907e-01
-7.146077341745137312e-01
-7.029629261765549808e-01
-6.892885406357853739e-01
-6.762759144527829003e-01
-6.658958706671805894e-01
-6.592504840130934962e-01
-6.565881484669900958e-01
-6.574491316554821330e-01
-6.608954248984375557e-01
-6.657716881496321681e-01
-6.709468082739035166e-01
-6.754979491877801667e-01
-6.788172735866537799e-01
-6.806403566746336287e-01
-6.810100225942514740e-01
-6.801975380682643291e-01
-6.786048727745160880e-01
-6.766687458440915348e-01
-6.747815502836135293e-01
-6.732377935834890081e-01
-6.722086365315236289e-01
-6.717421627422921482e-01
-6.717835379532365314e-01
-6.722073655088821598e-01
-6.728542638081312921e-01
-6.735647390622665487e-01
-6.742053898596295225e-01
-6.746848530390624488e-01
-6.749591908206293844e-01
-6.750282457636778144e-01
-6.749256396883933640e-01
-6.747055253445344292e-01
-6.744290133332981885e-01
-6.741525722954613276e-01
-6.739198462136025691e-01
-6.737574425130072875e-01
-6.736744703780354060e-01
-6.736650477809920101e-01
-6.737126895510336944e-01
-6.737954291956486097e-01
-6.738906683622830629e-01
-6.739790216512097087e-01
-6.740467561940272079e-01
-6.740867473393606923e-01
-6.740981331275103239e-01
-6.740850217813685319e-01
-6.740546805583036427e-01
-6.740156212147565551e-01
-6.739759192337115845e-01
-6.739419885761405160e-01
-6.739179084581190526e-01
-6.739052862491672347e-01
-6.739035564599933359e-01
-6.739105672349948728e-01
-6.739232926161303761e-01
-6.739385251822798129e-01
-6.739534400934762415e-01
-6.739659675308050657e-01
-6.739749563094576956e-01
-6.739801495886869054e-01
-6.739820196023910137e-01
-6.739815207045390943e-01
-6.739798198545321473e-01
-6.739780538532396115e-01
-6.739771469921644886e-01
-6.739777051909006111e-01
-6.739799864944840957e-01
-6.739839353203201933e-01
-6.739892602793795540e-01
-6.739955328656355160e-01
-6.740022860767398427e-01
-6.740090968258251047e-01
-6.740156423507752681e-01
-6.740217273283916066e-01
-6.740272839549590334e-01
-6.740323511675254675e-01
-6.740370411854744725e-01
-6.740415017575143164e-01
-6.740458812833057811e-01
-6.740503018664910639e-01
-6.740548428985769780e-01
-6.740595354528754468e-01
-6.740643659335160409e-01
-6.740692862658324014e-01
-6.740742274663005240e-01
-6.740791136032379116e-01
-6.740838737826702065e-01
-6.740884506613643579e-01
-6.740928049022099078e-01
-6.740969157850837945e-01
-6.741007787641463134e-01
-6.741044010756613858e-01
-6.741077965585495768e-01
-6.741109807027753087e-01
-6.741139666610868053e-01
-6.741167626258428580e-01
-6.741193706540825614e-01
-6.741217867713814593e-01
-6.741240020258895127e-01
-6.741260041028291905e-01
-6.741277791323877500e-01
-6.741293134038436330e-01
-6.741305948045106522e-01
-6.741316139042760058e-01
