-6.740811694394747144e-01
-6.740816087707783844e-01
-6.740818912679283903e-01
-6.740820354220442567e-01
-6.740820710992142528e-01
-6.740820374699635353e-01
-6.740819794139142340e-01
-6.740819420924877292e-01
-6.740819637530571784e-01
-6.740820673781021677e-01
-6.740822524140469563e-01
-6.740824883528609979e-01
-6.740827122218495671e-01
-6.740828319054570361e-01
-6.740827365740439392e-01
-6.740823143176097876e-01
-6.740814754859314473e-01
-6.740801784582696188e-01
-6.740784529560629457e-01
-6.740764149893421209e-01
-6.740742675055050315e-01
-6.740722821036037038e-01
-6.740707599075500545e-01
-6.740699736944310017e-01
-6.740700981543054082e-01
-6.740711398968377566e-01
-6.740728824577999490e-01
-6.740748629531264635e-01
-6.740763951830206491e-01
-6.740766483150870680e-01
-6.740747808477778324e-01
-6.740701172966485633e-01
-6.740623417851010490e-01
-6.740516710691811797e-01
-6.740389625407416929e-01
-6.740257134048801557e-01
-6.740139177164838902e-01
-6.740057689959534359e-01
-6.740032263283770586e-01
-6.740074973419510895e-01
-6.740185260740890749e-01
-6.740345995851626526e-01
-6.740521959109226913e-01
-6.740661804099209453e-01
-6.740704137624843328e-01
-6.740587637871938709e-01
-6.740264221062491901e-01
-6.739713293695024365e-01
-6.738954287151028844e-01
-6.738054189750355416e-01
-6.737126884877854271e-01
-6.736321929149110543e-01
-6.735802004407491772e-01
-6.735710535244515684e-01
-6.736133581328129782e-01
-6.737062622641222243e-01
-6.738366671359148352e-01
-6.739782661416060527e-01
-6.740931785239457907e-01
-6.741366106266937219e-01
-6.740644477558441761e-01
-6.738430089318806493e-01
-6.734594869116128368e-01
-6.729309894345117948e-01
-6.723097614904219865e-01
-6.716822645804667591e-01
-6.711604347618389532e-01
-6.708646639741335793e-01
-6.708997473475526441e-01
-6.713269670578893011e-01
-6.721372711957998014e-01
-6.732317207206925946e-01
-6.744156084147537866e-01
-6.754116012033659633e-01
-6.758947977761432524e-01
-6.755488163762795040e-01
-6.741372610931859466e-01
-6.715797691238867273e-01
-6.680172671832736997e-01
-6.638483630536559099e-01
-6.597194521206170004e-01
-6.564563514232139019e-01
-6.549353757978740864e-01
-6.559054975246250141e-01
-6.597877157905545076e-01
-6.664892519115300784e-01
-6.752754334234335465e-01
-6.847397260335006397e-01
-6.929030765328034747e-01
-6.974592629370344188e-01
-6.961637466721720680e-01
-6.873372302766109776e-01
-6.704182687630515503e-01
-6.464533196914566959e-01
-6.183715842906251092e-01
-5.908840316650811886e-01
-5.699007056757793288e-01
-5.614839975755174795e-01
-5.705118522260407277e-01
-5.993442408998833626e-01
-6.468042016091799518e-01
-7.076853267064977526e-01
-7.728342415996700687e-01
-8.297403682857159568e-01
-8.636125967409639115e-01
-8.591549015720741922e-01
-8.034799097219504915e-01
-6.904032542960514274e-01
-5.253678855950503213e-01
-3.287337749143099952e-01
-1.344774600330986836e-01
1.703886560234057698e-02
9.018505096470637306e-02
6.471027375545666815e-02
-5.795083820658748081e-02
-2.547121118904042691e-01
-4.871994382554428182e-01
-7.120867914880067984e-01
-8.907698377654128530e-01
-9.940476635800643557e-01
-1.001610322971195233e+00
-9.006564138396072616e-01
-6.884808782212377132e-01
-3.793200188545914897e-01
-9.380460674569398791e-03
3.677831990644179205e-01
6.962286372571114823e-01
9.333874378808006966e-01
1.055968177397288432e+00
1.055482174618874280e+00
9.319559050822159296e-01
6.939625297145867178e-01
3.649348248700381436e-01
-1.241413879656005741e-02
-3.820894714493140443e-01
-6.906205673078624763e-01
-9.019676679444074141e-01
-1.002050669241039582e+00
-9.936710713369610870e-01
-8.896844058925771348e-01
-7.104564590678581482e-01
-4.852656315770035866e-01
-2.527906694409790544e-01
-5.638045745959808369e-02
6.565108830681977425e-02
9.035309243317532490e-02
1.646303347937540587e-02
-1.356096995241271308e-01
-3.301361742517617825e-01
-5.267414762861778454e-01
-6.915151143534883360e-01
-8.042045427913749878e-01
-8.594719264881914844e-01
-8.635773237680957060e-01
-8.294488677264053589e-01
-7.723955501072307106e-01
-7.072030194510188217e-01
-6.463646373197136086e-01
-5.990089270986044268e-01
-5.703133086012505126e-01
-5.614257150081812808e-01
-5.699615806806942464e-01
-5.910265186948169269e-01
-6.185516550017009507e-01
-6.466298423264383866e-01
-6.705598359383083684e-01
-6.874254958677985528e-01
-6.961934491113028756e-01
-6.974358614939313306e-01
-6.928391596019296550e-01
-6.846511944447555287e-01
-6.751781458199261898e-01
-6.663965141841080575e-01
-6.597087662208507286e-01
-6.558449753392844306e-01
-6.548936378829095517e-01
-6.564304098172153434e-01
-6.597042510920170244e-01
-6.638381103728416832e-01
-6.680065807759449914e-01
-6.715644838178508325e-01
-6.741148368461381546e-01
-6.755183751668508707e-01
-6.758568752468214758e-01
-6.753677262281029270e-01
-6.743678231500553899e-01
-6.731821341224195621e-01
-6.720877097222976992e-01
-6.712787548748487820e-01
-6.708536200298976793e-01
-6.708207976812460283e-01
-6.711185587787457107e-01
-6.716418192786205443e-01
-6.722700653007794847e-01
-6.728913855228250140e-01
-6.734194505177544254e-01
-6.738022073366475295e-01
-6.740227545328547620e-01
-6.740940828976871302e-01
-6.740500098297715903e-01
-6.739347284196018917e-01
-6.737930537761734895e-01
-6.736628411502536551e-01
-6.735703398307739675e-01
-6.735285761220550782e-01
-6.735383295167057804e-01
-6.735909330537207529e-01
-6.736720017544564065e-01
-6.737652457318200616e-01
-6.738557068789055027e-01
-6.739320093827632085e-01
-6.739874762292807908e-01
-6.740201895628880058e-01
-6.740322324766017115e-01
-6.740284319796545631e-01
-6.740149318694592662e-01
-6.739978757418946254e-01
-6.739823961096647054e-01
-6.739720081507118987e-01
-6.739684154489928858e-01
-6.739716640554541671e-01
-6.739805375066897364e-01
-6.739930700368151895e-01
-6.740070640787411138e-01
-6.740205241089121113e-01
-6.740319535737517853e-01
-6.740404971609470497e-01
-6.740459408615760983e-01
-6.740486032766404012e-01
-6.740491620669688544e-01
-6.740484600484394351e-01
-6.740473284044331548e-01
-6.740464528007201750e-01
-6.740462949059051745e-01
-6.740470695542050139e-01
-6.740487683637840233e-01
-6.740512149628640204e-01
-6.740541351475314302e-01
-6.740572267073943191e-01
-6.740602173081641224e-01
-6.740629035702122573e-01
-6.740651692682974039e-01
-6.740669845815630001e-01
-6.740683910503922904e-01
-6.740694781859037921e-01
-6.740703576494058158e-01
-6.740711398902619056e-01
-6.740719165158880477e-01
-6.740727498859762079e-01
-6.740736698250839876e-01
-6.740746761708639179e-01
-6.740757452276950890e-01
-6.740768380658370695e-01
-6.740779088907191685e-01
-6.740789122472117256e-01
-6.740798084462507056e-01
-6.740805671521113984e-01
