-6.740960040386240193e-01
-6.740964846946684297e-01
-6.740968012601938897e-01
-6.740969606844952056e-01
-6.740969744365561400e-01
-6.740968579070802935e-01
-6.740966292737871068e-01
-6.740963076816104405e-01
-6.740959107211591528e-01
-6.740954513915576873e-01
-6.740949349695859460e-01
-6.740943564206098859e-01
-6.740936991146534440e-01
-6.740929355932816502e-01
-6.740920309279043732e-01
-6.740909488073745237e-01
-6.740896599244782239e-01
-6.740881515760309695e-01
-6.740864367716459249e-01
-6.740845607120260485e-01
-6.740826024029169528e-01
-6.740806695409709004e-01
-6.740788857034851755e-01
-6.740773702588189753e-01
-6.740762131335273910e-01
-6.740754483509463491e-01
-6.740750317227062194e-01
-6.740748288136053645e-01
-6.740746189280505396e-01
-6.740741191258586840e-01
-6.740730291298100418e-01
-6.740710936956549881e-01
-6.740681741645457858e-01
-6.740643163959393336e-01
-6.740597991720903570e-01
-6.740551465814030863e-01
-6.740510907220754744e-01
-6.740484777411954731e-01
-6.740481204498086631e-01
-6.740506133809814893e-01
-6.740561391615135234e-01
-6.740643057276249905e-01
-6.740740591949168081e-01
-6.740837143089887240e-01
-6.740911315055216901e-01
-6.740940464671343335e-01
-6.740905266092315218e-01
-6.740794934855096621e-01
-6.740612171883830772e-01
-6.740376663777386534e-01
-6.740125936910316140e-01
-6.739912574712836335e-01
-6.739797300008226744e-01
-6.739838175185808300e-01
-6.740077096567078652e-01
-6.740525706060058742e-01
-6.741153613382340204e-01
-6.741882194580988141e-01
-6.742587006382482206e-01
-6.743110899817257309e-01
-6.743288217680500907e-01
-6.742978162068887782e-01
-6.742102836657649645e-01
-6.740683078213406398e-01
-6.738863573827137410e-01
-6.736918508508289438e-01
-6.735230581439751729e-01
-6.734239886624439064e-01
-6.734364696932265693e-01
-6.735902961529143251e-01
-6.738930194219729941e-01
-6.743214914257262826e-01
-6.748175309730624072e-01
-6.752898936442971456e-01
-6.756240184474181509e-01
-6.756997905482416966e-01
-6.754158997427766042e-01
-6.747175045792408454e-01
-6.736221627813339108e-01
-6.722377845546601005e-01
-6.707661696334109580e-01
-6.694869007415913398e-01
-6.687191767744417037e-01
-6.687634141145357702e-01
-6.698295212375158236e-01
-6.719636704173277408e-01
-6.749889823933001853e-01
-6.784767590686067162e-01
-6.817630791545117308e-01
-6.840205057178198045e-01
-6.843864792366665117e-01
-6.821390127122660685e-01
-6.768971929124643072e-01
-6.688102148943235736e-01
-6.586874027280149591e-01
-6.480180084656784745e-01
-6.388392890835137283e-01
-6.334376677731049510e-01
-6.339077261001554442e-01
-6.416368380390614634e-01
-6.568146855057611644e-01
-6.780750034802702775e-01
-7.023604262661984343e-01
-7.250714825290643928e-01
-7.405346389731586321e-01
-7.428097325438127729e-01
-7.268371245557337934e-01
-6.898560153207590195e-01
-6.328680270285603759e-01
-5.616999070402952654e-01
-4.870727628866952652e-01
-4.232095481890174038e-01
-3.849908723815250733e-01
-3.843167110182109103e-01
-4.267741726014316339e-01
-5.096698422108195681e-01
-6.219570847268975911e-01
-7.458010741985089398e-01
-8.588658615766138205e-01
-9.363757872355455980e-01
-9.528909694812102149e-01
-8.851134535423493821e-01
-7.175814215955980124e-01
-4.512737028053263044e-01
-1.109764049833301958e-01
2.555948005249306099e-01
5.900628250977518752e-01
8.406573483267267832e-01
9.733288847860139814e-01
9.727022195899288626e-01
8.388443250248449612e-01
5.872868950455844006e-01
2.522604453618316755e-01
-1.143364082137408033e-01
-4.541433177062647597e-01
-7.196138015557453915e-01
-8.861934113861721363e-01
-9.530947864668143366e-01
-9.358882805713779618e-01
-8.579129016545055109e-01
-7.446144548037307853e-01
-6.207580721449971195e-01
-5.086533145323957061e-01
-4.260868594260847630e-01
-3.840355439005606053e-01
-3.851120711755252057e-01
-4.236554826228208781e-01
-4.877161186498716328e-01
-5.623976484411365995e-01
-6.334941796257489433e-01
-6.903238845530673684e-01
-7.271070743297251004e-01
-7.428845880059155027e-01
-7.404479941843999935e-01
-7.248740846658106030e-01
-7.021079068286436575e-01
-6.778183250459776099e-01
-6.565936011043805864e-01
-6.414763085266219633e-01
-6.338171482346408592e-01
-6.334126014651834113e-01
-6.388650827523065789e-01
-6.480744400105791225e-01
-6.587533421025595359e-01
-6.688674462585044722e-01
-6.769328625465018678e-01
-6.821465667126338506e-01
-6.843652915075408849e-01
-6.839745955642199116e-01
-6.816993721443156407e-01
-6.784032945372889811e-01
-6.749133674832737961e-01
-6.718919633957198823e-01
-6.697656177682635992e-01
-6.687089186764436644e-01
-6.686736721812672757e-01
-6.694484852744931880e-01
-6.707321156954926256e-01
-6.722051836115363610e-01
-6.735884528250700720e-01
-6.746808191890929507e-01
-6.753752218459219137e-01
-6.756549307892689704e-01
-6.755754626611155667e-01
-6.752385749935545523e-01
-6.747645814551997967e-01
-6.742680179049789224e-01
-6.738399348607621020e-01
-6.735382207720549408e-01
-6.733857021908005169e-01
-6.733745363009600027e-01
-6.734747075074274392e-01
-6.736442585473549904e-01
-6.738391413645026251e-01
-6.740211242361949795e-01
-6.741628799245974468e-01
-6.742500569559098933e-01
-6.742806896463562349e-01
-6.742626667505655647e-01
-6.742101362169253820e-01
-6.741396966762834841e-01
-6.740670631530600865e-01
-6.740046546107443248e-01
-6.739602924314120891e-01
-6.739369691898792203e-01
-6.739334776210387234e-01
-6.739455946874661763e-01
-6.739674937018987899e-01
-6.739930953016493032e-01
-6.740171455364202258e-01
-6.740359042588279781e-01
-6.740474194272064734e-01
-6.740514379224844532e-01
-6.740490525255216081e-01
-6.740422056272183937e-01
-6.740331661084510984e-01
-6.740240731743244451e-01
-6.740166078704697972e-01
-6.740118175037824733e-01
-6.740100867424404507e-01
-6.740112260907118458e-01
-6.740146356311885745e-01
-6.740194991476338160e-01
-6.740249691162858436e-01
-6.740303137843033365e-01
-6.740350105983980988e-01
-6.740387828831795325e-01
-6.740415868782149156e-01
-6.740435628830001580e-01
-6.740449670514973013e-01
-6.740460997529583720e-01
-6.740472432752606657e-01
-6.740486171031014884e-01
-6.740503541436297930e-01
-6.740524969830780089e-01
-6.740550101239953795e-01
-6.740578024286271175e-01
-6.740607536392144716e-01
-6.740637396001307735e-01
-6.740666522843903330e-01
-6.740694125112177693e-01
-6.740719749609036526e-01
-6.740743264741489993e-01
-6.740764795123593833e-01
-6.740784630181126946e-01
-6.740803128135601785e-01
-6.740820632352640951e-01
-6.740837410815389008e-01
-6.740853622930265132e-01
-6.740869312204043062e-01
-6.740884419331284461e-01
-6.740898808212560933e-01
-6.740912297277115162e-01
-6.740924689784028034e-01
-6.740935798923095579e-01
-6.740945465894186972e-01
-6.740953571162194846e-01
