-6.740966012244431482e-01
-6.740969532201178671e-01
-6.740969084060591809e-01
-6.740965334767401451e-01
-6.740959344383046226e-01
-6.740952472422128139e-01
-6.740946222592267834e-01
-6.740942019571339872e-01
-6.740940929470126131e-01
-6.740943359759211662e-01
-6.740948798582173662e-01
-6.740955669765404945e-01
-6.740961380726608887e-01
-6.740962620208215128e-01
-6.740955919735248658e-01
-6.740938430943461679e-01
-6.740908800613036878e-01
-6.740867961866182645e-01
-6.740819621982307996e-01
-6.740770232269212014e-01
-6.740728285541794929e-01
-6.740702904007209728e-01
-6.740701843095913137e-01
-6.740729218552247159e-01
-6.740783425769473203e-01
-6.740855816011503965e-01
-6.740930680422959620e-01
-6.740986940141929784e-01
-6.741001645212330029e-01
-6.740954975890661727e-01
-6.740835983345444538e-01
-6.740647899735510151e-01
-6.740411603914463479e-01
-6.740165856071742567e-01
-6.739963285869805532e-01
-6.739861845389825135e-01
-6.739912448711325998e-01
-6.740144652594260988e-01
-6.740553249182478224e-01
-6.741089262632831147e-01
-6.741658802721317567e-01
-6.742132348205098769e-01
-6.742365279121285138e-01
-6.742228017955508301e-01
-6.741641358914138848e-01
-6.740610034345305701e-01
-6.739245966511894226e-01
-6.737772636923121672e-01
-6.736504041693334166e-01
-6.735795898580427821e-01
-6.735972744309505211e-01
-6.737241378975058481e-01
-6.739607374875781209e-01
-6.742815409692632933e-01
-6.746334426448530319e-01
-6.749403958391106961e-01
-6.751148127546520161e-01
-6.750749687324034687e-01
-6.747660098493341030e-01
-6.741806166280902568e-01
-6.733743124428225313e-01
-6.724702228888270739e-01
-6.716491083682858410e-01
-6.711228255175660795e-01
-6.710928388623523810e-01
-6.716994593042820982e-01
-6.729712758593041633e-01
-6.747867685110168212e-01
-6.768604378685367795e-01
-6.787633969845494608e-01
-6.799831680987722393e-01
-6.800198517677875643e-01
-6.785067956175162562e-01
-6.753347560334356237e-01
-6.707512312276633359e-01
-6.654036171763417773e-01
-6.602987518708992587e-01
-6.566640923514962536e-01
-6.557167542965433027e-01
-6.583721278510761277e-01
-6.649470020109510271e-01
-6.749256481583265632e-01
-6.868563031705291477e-01
-6.984299948131724722e-01
-7.067679164460445307e-01
-7.089122094301734123e-01
-7.024784842205459290e-01
-6.863823482752338112e-01
-6.614947984554361282e-01
-6.310264444319985122e-01
-6.004247911892178768e-01
-5.766370871049257829e-01
-5.667592018749766369e-01
-5.763117847562588825e-01
-6.075582137964524732e-01
-6.583083411692758347e-01
-7.215120704112126804e-01
-7.857127498824596490e-01
-8.362556658777658969e-01
-8.571753692837121852e-01
-8.339006712054939374e-01
-7.570182496442526832e-01
-6.268508968479812316e-01
-4.573819103783605677e-01
-2.768845253089317060e-01
-1.230389957305463855e-01
-3.295047928576544383e-02
-3.153581218678767201e-02
-1.227311009403135589e-01
-2.867105029115113446e-01
-4.841608789949955471e-01
-6.660865425127127093e-01
-7.852053927480716622e-01
-8.050165180119350783e-01
-7.058246665386459506e-01
-4.895291875193913400e-01
-1.828489639119885712e-01
1.657025595749421487e-01
4.989313717173938234e-01
7.698642115464348068e-01
9.551607495750037424e-01
1.056445814415560402e+00
1.092096186292754734e+00
1.086349015638599758e+00
1.061085661415920089e+00
1.031831390185945274e+00
1.007241481607538125e+00
9.906908055481149500e-01
9.826265086515074687e-01
9.826705685652930011e-01
9.908256735654323855e-01
1.007468726404918691e+00
1.032133605166795087e+00
1.061402190201636397e+00
1.086553773714186821e+00
1.091989994992192292e+00
1.055777975703011684e+00
9.536924864591983519e-01
7.674733101829226412e-01
4.957221631633434988e-01
1.620519292517617616e-01
-1.863707348695376187e-01
-4.923422162867550078e-01
-7.075187275498697748e-01
-8.054336141420924688e-01
-7.844303804197371166e-01
-6.644044550226252399e-01
-4.820087912444425693e-01
-2.846060441424973497e-01
-1.211636721408414358e-01
-3.084672585991729554e-02
-3.324979581643101173e-02
-1.241909442651439321e-01
-2.785654687380114125e-01
-4.591898050628828720e-01
-6.284251090974082299e-01
-7.581235366858434244e-01
-8.344515761781468033e-01
-8.572114578882252811e-01
-8.358958593104209855e-01
-7.851116724451270290e-01
-7.208270030295070852e-01
-6.576758734216133773e-01
-6.070780428192221745e-01
-5.760372959775034163e-01
-5.666960567788899006e-01
-5.767503600121862695e-01
-6.006530014917748073e-01
-6.312987492795560929e-01
-6.617468931144359079e-01
-6.865675820693194487e-01
-7.025727239129376800e-01
-7.089130127237714962e-01
-7.066898087593159739e-01
-6.982979046879029816e-01
-6.866988431332627929e-01
-6.747693714708564716e-01
-6.648122824518694074e-01
-6.582709443914683822e-01
-6.556523617502062473e-01
-6.566322870288657798e-01
-6.602902195565881760e-01
-6.654067315673413141e-01
-6.707546898133994739e-01
-6.753295870392703737e-01
-6.784874912006556569e-01
-6.799846099091725327e-01
-6.799334024656268349e-01
-6.787027737152790952e-01
-6.767937222762212546e-01
-6.747187313064708647e-01
-6.729058403802971045e-01
-6.716391886756997165e-01
-6.710387810070510550e-01
-6.710746666263761595e-01
-6.716055402207620206e-01
-6.724294102644038373e-01
-6.733343526631790921e-01
-6.741399082366740236e-01
-6.747234828224378811e-01
-6.750301651962228311e-01
-6.750678374785406000e-01
-6.748917753782646134e-01
-6.745839397626395284e-01
-6.742319683276488673e-01
-6.739118045725511763e-01
-6.736763513270642711e-01
-6.735508975390622766e-01
-6.735346553946679471e-01
-6.736067657507928130e-01
-6.737346678812700107e-01
-6.738827579199814233e-01
-6.740196677740357689e-01
-6.741231241242343630e-01
-6.741820293655614860e-01
-6.741960029173611479e-01
-6.741730395910959794e-01
-6.741261435657758261e-01
-6.740697932429097206e-01
-6.740169308565069350e-01
-6.739769168989110382e-01
-6.739546110979068860e-01
-6.739504959649624816e-01
-6.739615841082842174e-01
-6.739827631684400799e-01
-6.740082290394273645e-01
-6.740327207014635835e-01
-6.740523720009347075e-01
-6.740651091177819465e-01
-6.740706234520290607e-01
-6.740700221308837392e-01
-6.740652951814359861e-01
-6.740587408317867402e-01
-6.740524657889297444e-01
-6.740480364819217973e-01
-6.740463115341953637e-01
-6.740474448386509776e-01
-6.740510191298844100e-01
-6.740562548046592495e-01
-6.740622374869839062e-01
-6.740681174994492819e-01
-6.740732506349391695e-01
-6.740772678265796181e-01
-6.740800775790730670e-01
-6.740818167152008433e-01
-6.740827709556680425e-01
-6.740832873013238302e-01
-6.740836963474940990e-01
-6.740842562979152408e-01
-6.740851234058647945e-01
-6.740863473994448407e-01
-6.740878861592811688e-01
-6.740896319073417242e-01
-6.740914412719589688e-01
-6.740931632459146172e-01
-6.740946614756675448e-01
-6.740958297337890093e-01
