-6.740859202091806779e-01
-6.740863843286163393e-01
-6.740867045841560934e-01
-6.740868929553462952e-01
-6.740869689477061444e-01
-6.740869583930272357e-01
-6.740868912863745566e-01
-6.740867984304813598e-01
-6.740867068943462437e-01
-6.740866346498342043e-01
-6.740865851588825342e-01
-6.740865430458473639e-01
-6.740864721921924207e-01
-6.740863175301987642e-01
-6.740860114185520668e-01
-6.740854847434814001e-01
-6.740846818689311126e-01
-6.740835774057196694e-01
-6.740821917046950773e-01
-6.740806012712403650e-01
-6.740789402180312750e-01
-6.740773896317586722e-01
-6.740761534178193459e-01
-6.740754217168088980e-01
-6.740753260573639771e-01
-6.740758935098681848e-01
-6.740770095605702616e-01
-6.740784004974472721e-01
-6.740796451279076340e-01
-6.740802222215330763e-01
-6.740795941888746423e-01
-6.740773197092516655e-01
-6.740731794314411829e-01
-6.740672911339752327e-01
-6.740601858055743634e-01
-6.740528159334859826e-01
-6.740464733623291460e-01
-6.740426069884418725e-01
-6.740425495426993763e-01
-6.740471854822275288e-01
-6.740566147167146305e-01
-6.740698845361212665e-01
-6.740848692655654339e-01
-6.740983690772636150e-01
-6.741064731519276210e-01
-6.741051882065228762e-01
-6.740912754833217058e-01
-6.740631761111280928e-01
-6.740218485472700971e-01
-6.739713070727115785e-01
-6.739186512806581986e-01
-6.738734239435676399e-01
-6.738462324007205018e-01
-6.738467105668163315e-01
-6.738810670533686986e-01
-6.739496306957561966e-01
-6.740449307652982558e-01
-6.741508956594604030e-01
-6.742436867401188083e-01
-6.742944835073844123e-01
-6.742742055767947384e-01
-6.741597280445711382e-01
-6.739406828753919942e-01
-6.736255304723914872e-01
-6.732453400319035053e-01
-6.728537408492111238e-01
-6.725218795703418184e-01
-6.723279665344301659e-01
-6.723420651252826064e-01
-6.726080274746309984e-01
-6.731256804038510122e-01
-6.738372374844449064e-01
-6.746221755579974166e-01
-6.753042435233230778e-01
-6.756727551336239035e-01
-6.755178942116283336e-01
-6.746766469006344469e-01
-6.730825884984750207e-01
-6.708097223086554317e-01
-6.680987143568398734e-01
-6.653540891986524652e-01
-6.631039867303737401e-01
-6.619201606518310133e-01
-6.623044276406938602e-01
-6.645572211900653281e-01
-6.686520878023680670e-01
-6.741447090281916799e-01
-6.801448863042501847e-01
-6.853745171378282652e-01
-6.883243410571681098e-01
-6.875075487899204862e-01
-6.817890380645542647e-01
-6.707450274244478594e-01
-6.549811841222339392e-01
-6.363160151069424675e-01
-6.177334484053782493e-01
-6.030382978341665146e-01
-5.962147248482209116e-01
-6.005758552706131903e-01
-6.178697346390781275e-01
-6.475380318045296235e-01
-6.862939930709601732e-01
-7.281132145505935238e-01
-7.646623378753850675e-01
-7.861772245121700919e-01
-7.828511451267218257e-01
-7.468261426603506337e-01
-6.747398832477712327e-01
-5.703481604168211261e-01
-4.461520519255859907e-01
-3.226976881414282960e-01
-2.248250073808624461e-01
-1.755513224771240166e-01
-1.895943660960764943e-01
-2.688554292490218378e-01
-4.014258646679817466e-01
-5.643334937878982105e-01
-7.287188198982817999e-01
-8.650409382671827574e-01
-9.462691804937443107e-01
-9.490987849298078149e-01
-8.555913381132848050e-01
-6.579356333771462229e-01
-3.659444777069713051e-01
-1.205404314471664531e-02
3.529477101379964177e-01
6.741601371612425675e-01
9.081772068101512385e-01
1.029895448470638186e+00
1.029434519146839477e+00
9.068258525882834098e-01
6.720388057682123994e-01
3.503101747182290060e-01
-1.482755157577452659e-02
-3.684382484437179195e-01
-6.598243300819516266e-01
-8.567145690442351524e-01
-9.494516597965813043e-01
-9.459464844970505437e-01
-8.641885197535323915e-01
-7.275142517589539004e-01
-5.629831989546213444e-01
-4.001543688728880221e-01
-2.678744053912423539e-01
-1.890592403465281290e-01
-1.755246375754299371e-01
-2.252631555549197140e-01
-3.234671965082250300e-01
-4.470701278202552920e-01
-5.712328500439530776e-01
-6.754517412965309608e-01
-7.472889890251031009e-01
-7.830509195656305543e-01
-7.861469116942421120e-01
-7.644627151061104131e-01
-7.278157108377963924e-01
-6.859677225325779837e-01
-6.472407400756243767e-01
-6.176420306149702499e-01
-6.004385395838411910e-01
-5.961692738688422200e-01
-6.030702899610611567e-01
-6.178181365297265026e-01
-6.364247521923798168e-01
-6.550872942021872536e-01
-6.708280386729871259e-01
-6.818367898721745535e-01
-6.875162873750243486e-01
-6.882973233760280030e-01
-6.853197876991252713e-01
-6.800728343927272546e-01
-6.740658581327719778e-01
-6.685753971093697512e-01
-6.644890296501818616e-01
-6.622480514100039795e-01
-6.618760614207738202e-01
-6.630703614954248648e-01
-6.653276958980187672e-01
-6.680757461935550312e-01
-6.707865740682035227e-01
-6.730564108294712078e-01
-6.746456450240995162e-01
-6.754813819986434931e-01
-6.756310145596977623e-01
-6.752582597304427336e-01
-6.745733207026655132e-01
-6.737869666736107099e-01
-6.730752855914439170e-01
-6.725584749821672537e-01
-6.722939231869542454e-01
-6.722814135393416768e-01
-6.724767729944975958e-01
-6.728097217463973045e-01
-6.732019479901185655e-01
-6.735823080239288219e-01
-6.738972549216618591e-01
-6.741158492748635656e-01
-6.742297756962061239e-01
-6.742495353460854490e-01
-6.741983555050028443e-01
-6.741053786874308118e-01
-6.739994464715446387e-01
-6.739043835099338686e-01
-6.738362225969437569e-01
-6.738023826980191755e-01
-6.738024814750362967e-01
-6.738302639880150435e-01
-6.738760628774577155e-01
-6.739292525659742461e-01
-6.739802865900536011e-01
-6.740220733611925752e-01
-6.740506142183985139e-01
-6.740649695695112298e-01
-6.740667165070294287e-01
-6.740591084744068651e-01
-6.740461482478571353e-01
-6.740317505094253203e-01
-6.740191138921868275e-01
-6.740103590792705379e-01
-6.740064315794366268e-01
-6.740072236557927976e-01
-6.740118437226194636e-01
-6.740189535291563061e-01
-6.740271007103781908e-01
-6.740349920135411121e-01
-6.740416752768367825e-01
-6.740466210364909339e-01
-6.740497136308705173e-01
-6.740511745542520083e-01
-6.740514468548820526e-01
-6.740510691604143512e-01
-6.740505629505362251e-01
-6.740503489296328921e-01
-6.740506997439982273e-01
-6.740517284820213284e-01
-6.740534065155765475e-01
-6.740556008234099838e-01
-6.740581199797549550e-01
-6.740607590779157388e-01
-6.740633363267443112e-01
-6.740657171676618375e-01
-6.740678248361718916e-01
-6.740696388230280611e-01
-6.740711843764880529e-01
-6.740725169415301421e-01
-6.740737053460215122e-01
-6.740748168308142718e-01
-6.740759059513586893e-01
-6.740770082219162962e-01
-6.740781383518602565e-01
-6.740792921844106500e-01
-6.740804510554210260e-01
-6.740815872310262913e-01
-6.740826692874938297e-01
-6.740836666602039173e-01
-6.740845529987186113e-01
-6.740853083226169273e-01
