-6.740884515315709313e-01
-6.740889222845132256e-01
-6.740892466535313154e-01
-6.740894346715191610e-01
-6.740895027345576995e-01
-6.740894726486582611e-01
-6.740893698794787614e-01
-6.740892208023042675e-01
-6.740890489456253798e-01
-6.740888705203532671e-01
-6.740886898709099739e-01
-6.740884957918618081e-01
-6.740882598304410722e-01
-6.740879376537552981e-01
-6.740874742398852426e-01
-6.740868130425522464e-01
-6.740859084311651150e-01
-6.740847397430475008e-01
-6.740833243861087398e-01
-6.740817268220158365e-01
-6.740800601683568649e-01
-6.740784777632998770e-01
-6.740771534180257651e-01
-6.740762511736005935e-01
-6.740758879359728395e-01
-6.740760949646191769e-01
-6.740767862780950859e-01
-6.740777429970604695e-01
-6.740786219160062043e-01
-6.740789938230186129e-01
-6.740784122558696190e-01
-6.740765069221131833e-01
-6.740730888387564956e-01
-6.740682477178955301e-01
-6.740624178660176158e-01
-6.740563885041483960e-01
-6.740512392244667472e-01
-6.740481918024618935e-01
-6.740483852199872228e-01
-6.740525996638465633e-01
-6.740609743012996313e-01
-6.740727786648643693e-01
-6.740863039886790808e-01
-6.740989348025031580e-01
-6.741074400018712831e-01
-6.741084864970227075e-01
-6.740993307150837666e-01
-6.740785905802663125e-01
-6.740469531824189175e-01
-6.740076431634232090e-01
-6.739664758118051324e-01
-6.739313561266774277e-01
-6.739111642434514327e-01
-6.739140840117499032e-01
-6.739455709551037677e-01
-6.740062946865468252e-01
-6.740904984532811728e-01
-6.741852618247597961e-01
-6.742711027489025621e-01
-6.743241949861288331e-01
-6.743202076612665463e-01
-6.742394206337830598e-01
-6.740723836871068686e-01
-6.738250433196349976e-01
-6.735220467912780284e-01
-6.732069373473756890e-01
-6.729382450511127711e-01
-6.727810789994785878e-01
-6.727946999091302116e-01
-6.730175835824582231e-01
-6.734524921858657809e-01
-6.740548219967209542e-01
-6.747277577027045448e-01
-6.753273414527104501e-01
-6.756793558256889431e-01
-6.756079460452127927e-01
-6.749733425931930819e-01
-6.737132345566614333e-01
-6.718798045418823417e-01
-6.696628344993370563e-01
-6.673893539061501734e-01
-6.654926295356948796e-01
-6.644481075845940499e-01
-6.646807964754833931e-01
-6.664563700450777395e-01
-6.697752695055184669e-01
-6.742934854312530035e-01
-6.792941589812745429e-01
-6.837300980618934432e-01
-6.863488887635289526e-01
-6.858998262192939066e-01
-6.814055335775200950e-01
-6.724612297117106285e-01
-6.595032313587736450e-01
-6.439712185132833167e-01
-6.282859016603571378e-01
-6.155854619671310424e-01
-6.092143149572352145e-01
-6.120266905301290361e-01
-6.256319933380195542e-01
-6.497421241109799794e-01
-6.817682709974396404e-01
-7.167653017186043085e-01
-7.477675635527842868e-01
-7.665367020917001062e-01
-7.647579087062350567e-01
-7.357246267963571951e-01
-6.764381931904250855e-01
-5.897382932744963391e-01
-4.856586339597661617e-01
-3.809979057506964750e-01
-2.964926633422464430e-01
-2.519872747972206617e-01
-2.610524116436021558e-01
-3.269080491610260042e-01
-4.410456369705436641e-01
-5.848892320257536026e-01
-7.335818207084005005e-01
-8.600863250828096884e-01
-9.380130471217195121e-01
-9.431814324985994258e-01
-8.558660826307343816e-01
-6.660187113299687045e-01
-3.810987830631278328e-01
-3.158144570967823250e-02
3.325966116846413301e-01
6.558584660106255848e-01
8.929763532603784970e-01
1.016853674168609167e+00
1.016371108467404305e+00
8.915662172161142873e-01
6.536583534759917713e-01
3.298837950686032694e-01
-3.440541777000142437e-02
-3.836075313718342317e-01
-6.678895830731576000e-01
-8.569514931491639675e-01
-9.434944100224321728e-01
-9.376675516056419690e-01
-8.592450882863741368e-01
-7.324321959796816772e-01
-5.836352819246389823e-01
-4.398955072821966739e-01
-3.260467623899119260e-01
-2.606068076799643585e-01
-2.519986077242607481e-01
-2.969098674881994193e-01
-3.816955844867879200e-01
-4.864739390524873697e-01
-5.905135766877934733e-01
-6.770548389043495874e-01
-7.361190835224461493e-01
-7.649200019017238228e-01
-7.664967889056061301e-01
-7.475801599530566000e-01
-7.164941660671581003e-01
-6.814747947310774157e-01
-6.494771110708998929e-01
-6.254305281480190271e-01
-6.119059840370899561e-01
-6.091744702179406890e-01
-6.156128116431867081e-01
-6.283580977504170662e-01
-6.440629054783463259e-01
-6.595911098406959105e-01
-6.725276357989899978e-01
-6.814401679041343085e-01
-6.858997599096767761e-01
-6.863172977677124420e-01
-6.836742926444222546e-01
-6.792234292442403953e-01
-6.742171563297487680e-01
-6.697012134200909239e-01
-6.663900935043204354e-01
-6.646251088894790104e-01
-6.644032946753594127e-01
-6.654569945306936241e-01
-6.673599594035108939e-01
-6.696362791488260635e-01
-6.718528977315190165e-01
-6.736834797059360058e-01
-6.749391928920531747e-01
-6.755688438827205378e-01
-6.756356009879113111e-01
-6.752798506468392636e-01
-6.746777804227392927e-01
-6.740036689409445447e-01
-6.734013168883783429e-01
-6.729672398245858389e-01
-6.727456801912733431e-01
-6.727335252578620084e-01
-6.728920132908425833e-01
-6.731616933886270804e-01
-6.734773705057390814e-01
-6.737805225335249393e-01
-6.740276849296292783e-01
-6.741943306313110673e-01
-6.742746456403723165e-01
-6.742782005646689170e-01
-6.742248070304557306e-01
-6.741388502521026282e-01
-6.740441733195393637e-01
-6.739602434311049439e-01
-6.738999440290331933e-01
-6.738689836893092533e-01
-6.738666436799138904e-01
-6.738874264730407848e-01
-6.739231183983516171e-01
-6.739648236280306737e-01
-6.740046348178293512e-01
-6.740367449219403229e-01
-6.740579442879032213e-01
-6.740675635061962323e-01
-6.740670014576080060e-01
-6.740590150327955277e-01
-6.740469456994996333e-01
-6.740340276783419737e-01
-6.740228748977770135e-01
-6.740151911460160461e-01
-6.740116999794379948e-01
-6.740122548622082821e-01
-6.740160689978220709e-01
-6.740219983717316010e-01
-6.740288181298109693e-01
-6.740354475295384784e-01
-6.740410977942045134e-01
-6.740453361383276221e-01
-6.740480748708609360e-01
-6.740495049675182537e-01
-6.740499982801130274e-01
-6.740500021533987196e-01
-6.740499459263853410e-01
-6.740501722383749339e-01
-6.740508988703745041e-01
-6.740522103851783742e-01
-6.740540740009608456e-01
-6.740563713708099813e-01
-6.740589372245617827e-01
-6.740615968006453684e-01
-6.740641960957662882e-01
-6.740666215711348386e-01
-6.740688085159575182e-01
-6.740707393613512011e-01
-6.740724346174105097e-01
-6.740739397068487015e-01
-6.740753108717822961e-01
-6.740766027168857422e-01
-6.740778590494219680e-01
-6.740791077088663652e-01
-6.740803592297424096e-01
-6.740816085719001372e-01
-6.740828388340124322e-01
-6.740840258262119633e-01
-6.740851425562840449e-01
-6.740861629928618370e-01
-6.740870648144107191e-01
-6.740878311521819599e-01
