-6.740888145074779292e-01
-6.740892860064718883e-01
-6.740896105245230974e-01
-6.740897978693428660e-01
-6.740898640765001781e-01
-6.740898304838762733e-01
-6.740897220283579294e-01
-6.740895645653993684e-01
-6.740893812034539634e-01
-6.740891879371461171e-01
-6.740889891996229011e-01
-6.740887742554848572e-01
-6.740885155292005715e-01
-6.740881699244416492e-01
-6.740876838787273062e-01
-6.740870023033208591e-01
-6.740860807305933955e-01
-6.740848990481359548e-01
-6.740834743200040391e-01
-6.740818695991118714e-01
-6.740801955422268676e-01
-6.740786022263374200e-01
-6.740772599113609154e-01
-6.740763295344347483e-01
-6.740759262179876199e-01
-6.740760816171926795e-01
-6.740767129768059363e-01
-6.740776077107790698e-01
-6.740784316163127565e-01
-6.740787661380837070e-01
-6.740781753897004958e-01
-6.740762973349407883e-01
-6.740729465249869490e-01
-6.740682094004217806e-01
-6.740625089870505571e-01
-6.740566154334283189e-01
-6.740515834998278555e-01
-6.740486083328429689e-01
-6.740488061053987456e-01
-6.740529445607267300e-01
-6.740611671064455912e-01
-6.740727688294586573e-01
-6.740860892341292709e-01
-6.740985807077853886e-01
-6.741070912286616368e-01
-6.741083646544140384e-01
-6.740997152785869195e-01
-6.740797819228668830e-01
-6.740492204463187642e-01
-6.740111639071950655e-01
-6.739712783443866373e-01
-6.739372782346160218e-01
-6.739178426446558179e-01
-6.739209865171059688e-01
-6.739520775898609761e-01
-6.740118251450348819e-01
-6.740946722287211035e-01
-6.741880659433022727e-01
-6.742730326365314886e-01
-6.743263292883638904e-01
-6.743241802953630071e-01
-6.742472646644100953e-01
-6.740862420600455263e-01
-6.738467694286431886e-01
-6.735527494611412980e-01
-6.732465541825359834e-01
-6.729852478894179368e-01
-6.728324179168311270e-01
-6.728460719137155932e-01
-6.730640663957963010e-01
-6.734895150241262396e-01
-6.740793625837239178e-01
-6.747395717824844485e-01
-6.753299654200127788e-01
-6.756805934698378868e-01
-6.756195736386292339e-01
-6.750098543433078468e-01
-6.737896055986798416e-01
-6.720084607147935873e-01
-6.698502589853693179e-01
-6.676329826860691874e-01
-6.657788274927474159e-01
-6.647520102534183462e-01
-6.649686041599024433e-01
-6.666902889644169550e-01
-6.699207600202004009e-01
-6.743278959293766972e-01
-6.792153075177276289e-01
-6.835630080344459181e-01
-6.861487555776527580e-01
-6.857494437755564665e-01
-6.814059251328471456e-01
-6.727152303100040198e-01
-6.600933494638987487e-01
-6.449351485553580510e-01
-6.295950672994590214e-01
-6.171330629946432111e-01
-6.108186194034579408e-01
-6.134524169310813235e-01
-6.266282487201563223e-01
-6.500910863873391454e-01
-6.813363429830192608e-01
-7.155485970996225964e-01
-7.459254002026506347e-01
-7.644078295192850980e-01
-7.628520908809670598e-01
-7.346774732088926507e-01
-6.769156507868520078e-01
-5.922885034014168104e-01
-4.905374105623787062e-01
-3.880279310729756737e-01
-3.050279086924046479e-01
-2.610229703836510207e-01
-2.694599448568834599e-01
-3.337203055663320317e-01
-4.456972208338225161e-01
-5.873308740728242494e-01
-7.342353950862067213e-01
-8.596732479961642914e-01
-9.373378541829359145e-01
-9.429477197329017013e-01
-8.565528387550809253e-01
-6.678046009461856558e-01
-3.838322986493782896e-01
-3.483444221157405013e-02
3.293606533017492954e-01
6.530536253243602873e-01
8.907261267802858429e-01
1.014972867988465977e+00
1.014485434983619205e+00
8.893024563275628847e-01
6.508344029819546073e-01
3.266276706384302342e-01
-3.767507446720205766e-02
-3.863512384736613181e-01
-6.696786477477535415e-01
-8.576359345176356452e-01
-9.432555881313018364e-01
-9.369875003038370398e-01
-8.588301606168831093e-01
-7.330887644991711527e-01
-5.860850883335604333e-01
-4.445590007545873745e-01
-3.328718753094537797e-01
-2.690248838800698428e-01
-2.610398789764373229e-01
-3.054444920845045819e-01
-3.887192812798659358e-01
-4.913425655946638271e-01
-5.930523251336469182e-01
-6.775218086094181302e-01
-7.350639282940966135e-01
-7.630092888084903935e-01
-7.643660367641849085e-01
-7.457386027743717616e-01
-7.152798087384226733e-01
-6.810461446646898231e-01
-6.498295077271354359e-01
-6.264297213373307693e-01
-6.133336926806897127e-01
-6.107795822881815218e-01
-6.171600691486215373e-01
-6.296659901909309465e-01
-6.450249733824041654e-01
-6.601791476130300929e-01
-6.727796625738238223e-01
-6.814389228753315875e-01
-6.857481981164005314e-01
-6.861164601150588904e-01
-6.835069120458701075e-01
-6.791445912921298955e-01
-6.742517550579928409e-01
-6.698469426985975694e-01
-6.666242007529743496e-01
-6.649129871576232587e-01
-6.647071194646114733e-01
-6.657429684965012751e-01
-6.676032453750052609e-01
-6.698232838388846755e-01
-6.719811030877481661e-01
-6.737594104282640384e-01
-6.749753061556021949e-01
-6.755801333540830678e-01
-6.756365667197681280e-01
-6.752822641934569381e-01
-6.746894335556152811e-01
-6.740280823357623907e-01
-6.734382301605833510e-01
-6.730136167152576121e-01
-6.727969396857746975e-01
-6.727847392363042189e-01
-6.729388771107196465e-01
-6.732011588617047293e-01
-6.735079134540821189e-01
-6.738020855818535049e-01
-6.740413818818667968e-01
-6.742020190136733815e-01
-6.742784712102528610e-01
-6.742801977272786518e-01
-6.742266096899656169e-01
-6.741415359886101522e-01
-6.740482358349776382e-01
-6.739656677719392253e-01
-6.739063478011245722e-01
-6.738757850445115105e-01
-6.738732215869612796e-01
-6.738932482066886109e-01
-6.739278206085783651e-01
-6.739682443914305487e-01
-6.740068029537746863e-01
-6.740378385824074003e-01
-6.740582331751345802e-01
-6.740673484372667890e-01
-6.740665621917711903e-01
-6.740585732938815244e-01
-6.740466461146760180e-01
-6.740339356811242411e-01
-6.740229879996703088e-01
-6.740154585694962952e-01
-6.740120454117892734e-01
-6.740125977959354753e-01
-6.740163414280966325e-01
-6.740221551633929220e-01
-6.740288408296593037e-01
-6.740353425556930844e-01
-6.740408906604807848e-01
-6.740450636467043566e-01
-6.740477770892256970e-01
-6.740492184148140220e-01
-6.740497511994448798e-01
-6.740498121915634577e-01
-6.740498200554103647e-01
-6.740501084137606735e-01
-6.740508887458239728e-01
-6.740522423849656386e-01
-6.740541361549393651e-01
-6.740564534969043509e-01
-6.740590322510481291e-01
-6.740617012140213138e-01
-6.740643096500970044e-01
-6.740667464863477898e-01
-6.740689484240107721e-01
-6.740708982394909565e-01
-6.740726158923946443e-01
-6.740741456409715671e-01
-6.740755422674827857e-01
-6.740768589145171852e-01
-6.740781381502103375e-01
-6.740794069346359718e-01
-6.740806753307040378e-01
-6.740819382086119527e-01
-6.740831788829989568e-01
-6.740843735842015905e-01
-6.740854958403357244e-01
-6.740865201494801173e-01
-6.740874246589544372e-01
-6.740881928612151297e-01
