-6.741023341564132965e-01
-6.741027932297412040e-01
-6.741030243272829736e-01
-6.741030403289361983e-01
-6.741028632711686397e-01
-6.741025242933432748e-01
-6.741020623432882886e-01
-6.741015208974349138e-01
-6.741009423110607690e-01
-6.741003600294609432e-01
-6.740997896544091983e-01
-6.740992206078855187e-01
-6.740986106685588064e-01
-6.740978857783406220e-01
-6.740969470727106172e-01
-6.740956860143102469e-01
-6.740940068667744534e-01
-6.740918537471553007e-01
-6.740892374993381342e-01
-6.740862561063624137e-01
-6.740831018129410657e-01
-6.740800490009414281e-01
-6.740774194024792276e-01
-6.740755253934328506e-01
-6.740745974379460659e-01
-6.740747073887325413e-01
-6.740757040747233919e-01
-6.740771800307305828e-01
-6.740784870325927658e-01
-6.740788124054645225e-01
-6.740773177494234769e-01
-6.740733276990051870e-01
-6.740665406956897199e-01
-6.740572196566156915e-01
-6.740463116776732599e-01
-6.740354462920830070e-01
-6.740267741567452786e-01
-6.740226332831037448e-01
-6.740250662392703873e-01
-6.740352540951425331e-01
-6.740529732003226471e-01
-6.740762090324304845e-01
-6.741010668513428561e-01
-6.741220932991848214e-01
-6.741330626186233799e-01
-6.741281890622339290e-01
-6.741036150301785712e-01
-6.740589125727458608e-01
-6.739982505046397954e-01
-6.739308489694273430e-01
-6.738703923578420740e-01
-6.738332134338502755e-01
-6.738352919370452776e-01
-6.738884029584404356e-01
-6.739960541677654238e-01
-6.741500984805021135e-01
-6.743290244844323267e-01
-6.744988434219520990e-01
-6.746171672721683610e-01
-6.746405090847821251e-01
-6.745340912540817024e-01
-6.742826366168244157e-01
-6.738999102379444883e-01
-6.734343766604237169e-01
-6.729684326426159657e-01
-6.726094074682510415e-01
-6.724719185745227090e-01
-6.726530981633672690e-01
-6.732043596796547513e-01
-6.741052971282565087e-01
-6.752464810102044579e-01
-6.764278506598184748e-01
-6.773777821111306441e-01
-6.777946633285485412e-01
-6.774081723971097091e-01
-6.760520054823285774e-01
-6.737344764650678997e-01
-6.706894975292588823e-01
-6.673894728311008384e-01
-6.645050193561231611e-01
-6.628049114578551393e-01
-6.630026234688723985e-01
-6.655710017279622415e-01
-6.705602372234095165e-01
-6.774624707751875086e-01
-6.851662582075961350e-01
-6.920350617308828056e-01
-6.961270019741155890e-01
-6.955497134945020088e-01
-6.889147064867795489e-01
-6.758203278860088759e-01
-6.572550742248597366e-01
-6.357860676948029477e-01
-6.154022286228948424e-01
-6.009381722280480176e-01
-5.971140746304206548e-01
-6.073578394867276131e-01
-6.326743106923292670e-01
-6.708434709052364386e-01
-7.161561194877138492e-01
-7.597751714171290249e-01
-7.907214572450401713e-01
-7.974811824882094280e-01
-7.702769111501783783e-01
-7.039627589595770507e-01
-6.010992711187344018e-01
-4.740806642852348207e-01
-3.447414150565475954e-01
-2.403859647791666554e-01
-1.867774171096624192e-01
-2.003196796145534364e-01
-2.822708390466640016e-01
-4.170896582061703883e-01
-5.754642858225774704e-01
-7.207308202796797181e-01
-8.161165260931345644e-01
-8.307627778330354262e-01
-7.446398598092646148e-01
-5.537623962988649229e-01
-2.751639878550227736e-01
5.269284317251642785e-02
3.786851902203726694e-01
6.553631224857262572e-01
8.538813211703534245e-01
9.693417882760115845e-01
1.016236026472982834e+00
1.019181190850624530e+00
1.003918232350785367e+00
9.908004378242711851e-01
9.908796152601365703e-01
1.004099920668545476e+00
1.019305975217701832e+00
1.016066992768499322e+00
9.686138093232559143e-01
8.523787769382161761e-01
6.530179492092288429e-01
3.756588050575849769e-01
4.938171730029742440e-02
-2.782363322121421123e-01
-5.561260066419587700e-01
-7.460133792231661287e-01
-8.310878508801148312e-01
-8.155187621959539834e-01
-7.194641386561112517e-01
-5.738640363648591647e-01
-4.155237759950695664e-01
-2.810758987183151758e-01
-1.997308943880487520e-01
-1.868779294169749527e-01
-2.410965869820086427e-01
-3.458555669971244417e-01
-4.753321202609129825e-01
-6.022379142049683054e-01
-7.048114941624537000e-01
-7.707545663932469093e-01
-7.975941185926235244e-01
-7.905379158727183775e-01
-7.593962849931159553e-01
-7.156911296678136747e-01
-6.703910092428201351e-01
-6.323093843514012713e-01
-6.071243494791466189e-01
-5.970231758997698313e-01
-6.009724187395016903e-01
-6.155243355216214463e-01
-6.359500035180239985e-01
-6.574167508829431572e-01
-6.759456180973019146e-01
-6.889836238747810704e-01
-6.955568081484957421e-01
-6.960788922962083403e-01
-6.919463678542882024e-01
-6.850551224957460716e-01
-6.773465567613560223e-01
-6.704537598713221636e-01
-6.654830379535741081e-01
-6.629366987555104229e-01
-6.627596571057451369e-01
-6.644755555978199002e-01
-6.673691116683962976e-01
-6.706713820813017257e-01
-6.737128673217093189e-01
-6.760230576573467154e-01
-6.773701814222715667e-01
-6.777478653157377186e-01
-6.773238546122875015e-01
-6.763692783990160606e-01
-6.751859327549909473e-01
-6.740451207842913517e-01
-6.731462551986184817e-01
-6.725979823073442443e-01
-6.724199589219519435e-01
-6.725601790889174092e-01
-6.729211406211116353e-01
-6.733880897178816660e-01
-6.738537619078831531e-01
-6.742359666503040527e-01
-6.744865170484131145e-01
-6.745919316448616421e-01
-6.745677264918439331e-01
-6.744488426237784662e-01
-6.742788445934814190e-01
-6.741001190582518454e-01
-6.739465932314062657e-01
-6.738396814763286669e-01
-6.737874233001421853e-01
-6.737862138745343010e-01
-6.738242056444957440e-01
-6.738853778014890494e-01
-6.739533876258076983e-01
-6.740145662729167819e-01
-6.740597259007615749e-01
-6.740847371078272365e-01
-6.740900657149491160e-01
-6.740795992740677978e-01
-6.740591420620654084e-01
-6.740349262686310405e-01
-6.740124012076357252e-01
-6.739954501952437615e-01
-6.739860726271131863e-01
-6.739844767894538347e-01
-6.739894686934685408e-01
-6.739989969017787796e-01
-6.740107190785568081e-01
-6.740224843516219311e-01
-6.740326660193672881e-01
-6.740403215203397691e-01
-6.740451928599074938e-01
-6.740475858502432693e-01
-6.740481787668393121e-01
-6.740478113070398347e-01
-6.740472959117836949e-01
-6.740472793675787999e-01
-6.740481669514084562e-01
-6.740501073631741669e-01
-6.740530263936671540e-01
-6.740566916147426868e-01
-6.740607892209531382e-01
-6.740649966023252171e-01
-6.740690389725502163e-01
-6.740727240192116998e-01
-6.740759538702177922e-01
-6.740787178226610443e-01
-6.740810718128241730e-01
-6.740831114672698465e-01
-6.740849450189305703e-01
-6.740866708402954988e-01
-6.740883623451228157e-01
-6.740900610094383572e-01
-6.740917766204259642e-01
-6.740934927897974660e-01
-6.740951753278855429e-01
-6.740967812001805726e-01
-6.740982663247542250e-01
-6.740995912189843287e-01
-6.741007242686520851e-01
-6.741016430077285682e-01
