-6.740925873029663951e-01
-6.740930646088689748e-01
-6.740933868175499333e-01
-6.740935619381973609e-01
-6.740936031247956040e-01
-6.740935279642277234e-01
-6.740933571397550450e-01
-6.740931122999016534e-01
-6.740928131167228665e-01
-6.740924737539645273e-01
-6.740920992400003531e-01
-6.740916824879097380e-01
-6.740912028513733611e-01
-6.740906270805485656e-01
-6.740899132983900754e-01
-6.740890181439380680e-01
-6.740879065635680956e-01
-6.740865629675724113e-01
-6.740850017510620074e-01
-6.740832746809062304e-01
-6.740814725537944696e-01
-6.740797189792692157e-01
-6.740781552038068725e-01
-6.740769165212597835e-01
-6.740761028260291443e-01
-6.740757479329210211e-01
-6.740757939752913819e-01
-6.740760780147795339e-01
-6.740763375074310115e-01
-6.740762391794412611e-01
-6.740754321397414150e-01
-6.740736210125357619e-01
-6.740706492114839632e-01
-6.740665772478484641e-01
-6.740617374422840369e-01
-6.740567458843986781e-01
-6.740524559843431573e-01
-6.740498459484323135e-01
-6.740498446075293693e-01
-6.740531148398229977e-01
-6.740598289477328642e-01
-6.740694825604190976e-01
-6.740807993858694003e-01
-6.740917752078821046e-01
-6.740998938264260998e-01
-6.741025200214703084e-01
-6.740974374816257608e-01
-6.740834581897816591e-01
-6.740609917395200545e-01
-6.740324378271286276e-01
-6.740022621511229106e-01
-6.739766426021015500e-01
-6.739626321596989822e-01
-6.739668743083455649e-01
-6.739940155303251190e-01
-6.740450695800958014e-01
-6.741160761039821647e-01
-6.741974358139656287e-01
-6.742742726615988946e-01
-6.743280556505748535e-01
-6.743395086467699473e-01
-6.742925638879745387e-01
-6.741788122326186627e-01
-6.740016272517118656e-01
-6.737789597552255039e-01
-6.735437837212874257e-01
-6.733413787778037563e-01
-6.732230813039831174e-01
-6.732368009742436543e-01
-6.734154000669303475e-01
-6.737648317936105746e-01
-6.742545548610767714e-01
-6.748129982550594708e-01
-6.753305842642840506e-01
-6.756719362506208304e-01
-6.756974058787916793e-01
-6.752920789558782833e-01
-6.743982208211055651e-01
-6.730450976417537978e-01
-6.713687668843246747e-01
-6.696143206345410714e-01
-6.681146569871538876e-01
-6.672433492944894740e-01
-6.673443349535824742e-01
-6.686471712273672763e-01
-6.711822738467617677e-01
-6.747144715640754908e-01
-6.787142050731603815e-01
-6.823831143957026502e-01
-6.847444847457364592e-01
-6.847992704337630965e-01
-6.817355010574260854e-01
-6.751633904963334487e-01
-6.653321473191168289e-01
-6.532713421538495213e-01
-6.407963295884209209e-01
-6.303309057485180222e-01
-6.245346003047469452e-01
-6.257717607491074530e-01
-6.355103367233837508e-01
-6.537712008622492688e-01
-6.787509203793745671e-01
-7.067138107735049246e-01
-7.322104609453916613e-01
-7.486528426475881348e-01
-7.492687704626423972e-01
-7.284436369143626466e-01
-6.833731496233363956e-01
-6.157458801944617477e-01
-5.328928637392034151e-01
-4.476778107898658488e-01
-3.766108599767490905e-01
-3.363176671596621037e-01
-3.392855261716247739e-01
-3.902531868630968459e-01
-4.844331438192189254e-01
-6.080376158671658704e-01
-7.406236759226898503e-01
-8.580353770870686736e-01
-9.347787729278979052e-01
-9.457928780520135081e-01
-8.691431539872641610e-01
-6.916141951458583126e-01
-4.170159614183908126e-01
-7.270268943514722471e-02
2.925711185469738185e-01
6.216944077484152231e-01
8.659228884484038158e-01
9.944511829954045812e-01
9.938975422505094137e-01
8.643139510684505478e-01
6.192099919644167283e-01
2.895513794738848179e-01
-7.579090580216278628e-02
-4.197013322739698848e-01
-6.935618263402550943e-01
-8.702220550226895668e-01
-9.460489832948493216e-01
-9.343635990449071782e-01
-8.571456439460867216e-01
-7.394705591184402849e-01
-6.068333182415643900e-01
-4.833760477265195421e-01
-3.895039675387590439e-01
-3.389404159533309646e-01
-3.363911838280484456e-01
-3.770372574298208601e-01
-4.483325584673623632e-01
-5.336273279127371483e-01
-6.164234576349771899e-01
-6.838956138189243861e-01
-7.287620252547947208e-01
-7.493801325268159008e-01
-7.485884738652303083e-01
-7.320215540984981173e-01
-7.064583575463418974e-01
-6.784834215559867321e-01
-6.535354534778392566e-01
-6.353352007081871644e-01
-6.256697981264747188e-01
-6.245033790975893506e-01
-6.303564615429805285e-01
-6.408579257397285511e-01
-6.533464723642908867e-01
-6.654008002783714515e-01
-6.752109191250592612e-01
-6.817538736796386889e-01
-6.847868708314164277e-01
-6.847048709678655865e-01
-6.823232238985343923e-01
-6.786424481651670559e-01
-6.746390463132929671e-01
-6.711099106811018178e-01
-6.685823995144403176e-01
-6.672892663742581165e-01
-6.671978974919866578e-01
-6.680770630624777162e-01
-6.695818324467607274e-01
-6.713383266792967152e-01
-6.730139223176477836e-01
-6.743642029114917946e-01
-6.752539832522811425e-01
-6.756548770123682601e-01
-6.756253605358862879e-01
-6.752808627858680746e-01
-6.747612889541629855e-01
-6.742020325688226068e-01
-6.737125007012108036e-01
-6.733639766997941978e-01
-6.731866703265916296e-01
-6.731743164918330136e-01
-6.732938065654786586e-01
-6.734970748765097825e-01
-6.737327239335958451e-01
-6.739554959817348756e-01
-6.741324992473417543e-01
-6.742458981909060789e-01
-6.742924411887896152e-01
-6.742806445777951296e-01
-6.742266544296007247e-01
-6.741497900792616793e-01
-6.740685915003653550e-01
-6.739979157238036311e-01
-6.739473243771614275e-01
-6.739207317672247788e-01
-6.739170790045734272e-01
-6.739316824358155822e-01
-6.739578735384963437e-01
-6.739885876871186676e-01
-6.740176475360329933e-01
-6.740405972082935682e-01
-6.740550523365025359e-01
-6.740606203430938859e-01
-6.740585047095984939e-01
-6.740509333994808561e-01
-6.740405483389219077e-01
-6.740298674147069402e-01
-6.740208922727809471e-01
-6.740148936659214884e-01
-6.740123689435790766e-01
-6.740131386985873663e-01
-6.740165339663268806e-01
-6.740216215378936893e-01
-6.740274207937105855e-01
-6.740330777515137761e-01
-6.740379771911026996e-01
-6.740417885535214815e-01
-6.740444534058597226e-01
-6.740461302279839861e-01
-6.740471157434503313e-01
-6.740477614536994899e-01
-6.740484004778398708e-01
-6.740492945450963225e-01
-6.740506053104946549e-01
-6.740523891160337122e-01
-6.740546105986302550e-01
-6.740571684660341401e-01
-6.740599262880146991e-01
-6.740627419865060643e-01
-6.740654914083150651e-01
-6.740680834399662702e-01
-6.740704661391853092e-01
-6.740726249865098829e-01
-6.740745754192508654e-01
-6.740763522533722574e-01
-6.740779984961982052e-01
-6.740795555501302161e-01
-6.740810560850711841e-01
-6.740825200913213022e-01
-6.740839539586318541e-01
-6.740853519540964678e-01
-6.740866992297471771e-01
-6.740879754684979686e-01
-6.740891584255169766e-01
-6.740902268712248846e-01
-6.740911627174015486e-01
-6.740919523446371464e-01
