-6.741076386904664153e-01
-6.741081146582916794e-01
-6.741083752436137777e-01
-6.741084257275820057e-01
-6.741082761883919749e-01
-6.741079425427223271e-01
-6.741074469427278393e-01
-6.741068168193167232e-01
-6.741060820862929681e-01
-6.741052704454693068e-01
-6.741044012918051553e-01
-6.741034792992705027e-01
-6.741024892336332508e-01
-6.741013937440337722e-01
-6.741001357119585924e-01
-6.740986461215895398e-01
-6.740968573818124643e-01
-6.740947207020294707e-01
-6.740922247281019297e-01
-6.740894114872153509e-01
-6.740863851094623937e-01
-6.740833090923269433e-01
-6.740803892407387643e-01
-6.740778418490190882e-01
-6.740758499471262155e-01
-6.740745140093270527e-01
-6.740738066975427989e-01
-6.740735431450576298e-01
-6.740733781774804756e-01
-6.740728391439821943e-01
-6.740713975429709626e-01
-6.740685748003683031e-01
-6.740640684714329645e-01
-6.740578764591499406e-01
-6.740503906384065491e-01
-6.740424296601985610e-01
-6.740351853939210436e-01
-6.740300692575184049e-01
-6.740284630512642927e-01
-6.740314017004819247e-01
-6.740392387587768042e-01
-6.740513646003643000e-01
-6.740660563902670654e-01
-6.740805331641814835e-01
-6.740912654859347874e-01
-6.740945470433031828e-01
-6.740872790568982476e-01
-6.740678557383598113e-01
-6.740369823497960322e-01
-6.739982211889692376e-01
-6.739580594696299443e-01
-6.739253376533037576e-01
-6.739099714867013979e-01
-6.739210399453912093e-01
-6.739644767553286675e-01
-6.740407659015280606e-01
-6.741431638401037540e-01
-6.742570128438833965e-01
-6.743606367258629941e-01
-6.744281031124274017e-01
-6.744338007036593252e-01
-6.743583513139391750e-01
-6.741949229308408231e-01
-6.739546270906586756e-01
-6.736694821032304104e-01
-6.733915080741176284e-01
-6.731869626571782561e-01
-6.731255386754272374e-01
-6.732654514032804238e-01
-6.736365752034308985e-01
-6.742248961732936197e-01
-6.749622366589869138e-01
-6.757252011724806939e-01
-6.763463934416671375e-01
-6.766391009524082012e-01
-6.764339568177911710e-01
-6.756228956840329980e-01
-6.742025617101243817e-01
-6.723069376826912302e-01
-6.702181952367770590e-01
-6.683464065262525455e-01
-6.671732571477784202e-01
-6.671620518954396450e-01
-6.686450426996521923e-01
-6.717075875947383645e-01
-6.760946839605570524e-01
-6.811671316565308665e-01
-6.859309497070414929e-01
-6.891546352580241175e-01
-6.895749362651923953e-01
-6.861736297144771513e-01
-6.784862302804600676e-01
-6.668810298099027145e-01
-6.527292740866293963e-01
-6.383845032903258110e-01
-6.269117731937471349e-01
-6.215598380170893611e-01
-6.250419434325746870e-01
-6.387600078912457624e-01
-6.621447448926910395e-01
-6.922746508665599263e-01
-7.238877248236037509e-01
-7.498415290992274107e-01
-7.620420460354802028e-01
-7.528504777088392830e-01
-7.169333428924494767e-01
-6.533527591556799186e-01
-5.673683577356432028e-01
-4.710927601853936442e-01
-3.821477948716302531e-01
-3.200704716812195483e-01
-3.012381406902125969e-01
-3.339124450317955128e-01
-4.151116026862855524e-01
-5.303632707842055316e-01
-6.562780732360031788e-01
-7.648065127454862777e-01
-8.276793979394410083e-01
-8.203333535203846116e-01
-7.259663080828221426e-01
-5.405876272925992376e-01
-2.779034541440481010e-01
2.996075661072730364e-02
3.397016947434959855e-01
6.106282472552817531e-01
8.175548652588314757e-01
9.552761919045246186e-01
1.033648539350124684e+00
1.067614619330817805e+00
1.067472827736875240e+00
1.033167878006282736e+00
9.543190871065813097e-01
8.159793123085905542e-01
6.083897139552524314e-01
3.369351427669518562e-01
2.698975502374617239e-02
-2.806548139713426759e-01
-5.427402888276378068e-01
-7.272950928114129132e-01
-8.207942427424800291e-01
-8.273746092783864636e-01
-7.639332496961741548e-01
-6.550871041566179720e-01
-5.291249415113843391e-01
-4.140780340260146186e-01
-3.332748701164078287e-01
-3.010910656836038868e-01
-3.203971165590116521e-01
-3.828339243602763009e-01
-4.719649046897030353e-01
-5.682431400330480997e-01
-6.540805316447128037e-01
-7.174236333747644467e-01
-7.530762716367807030e-01
-7.620284480120050885e-01
-7.496474129982166890e-01
-7.235871405369119769e-01
-6.919413447835826014e-01
-6.618407506198970003e-01
-6.385283909331046504e-01
-6.249036919875698981e-01
-6.215147659295422455e-01
-6.269428453808288948e-01
-6.384643920662651517e-01
-6.528275559972728237e-01
-6.669704694796305677e-01
-6.785470615306143927e-01
-6.861954255354929533e-01
-6.895562915370839763e-01
-6.891012875739227495e-01
-6.858530948300930463e-01
-6.810766184562088155e-01
-6.760025988282010179e-01
-6.716225373176049063e-01
-6.685722576126904571e-01
-6.671032736590454260e-01
-6.671272559772490895e-01
-6.683098990871316758e-01
-6.701869121310173316e-01
-6.722766161090817372e-01
-6.741697021768915388e-01
-6.755852022472266238e-01
-6.763904579552578733e-01
-6.765900075174224870e-01
-6.762927837834391553e-01
-6.756686317345373949e-01
-6.749043646397390184e-01
-6.741671768448616042e-01
-6.735800678162022770e-01
-6.732107404052235511e-01
-6.730727554491339193e-01
-6.731358793259769602e-01
-6.733416695398198870e-01
-6.736203442729740143e-01
-6.739056761643502647e-01
-6.741457601700375779e-01
-6.743087375422806007e-01
-6.743836630870941873e-01
-6.743775124783384367e-01
-6.743097665024845311e-01
-6.742060909323955853e-01
-6.740924270361101645e-01
-6.739904236622163980e-01
-6.739146879219107822e-01
-6.738719030797658549e-01
-6.738615271641450466e-01
-6.738775795617664155e-01
-6.739109505190631344e-01
-6.739517109210404477e-01
-6.739910225714133007e-01
-6.740224122618428959e-01
-6.740423385012542790e-01
-6.740501186533514044e-01
-6.740473787260297112e-01
-6.740372323634928886e-01
-6.740233939337281210e-01
-6.740093940977686104e-01
-6.739980093446990006e-01
-6.739909542027516798e-01
-6.739888283060339047e-01
-6.739912684276583299e-01
-6.739972318284843666e-01
-6.740053316528110683e-01
-6.740141544088812386e-01
-6.740225087757575340e-01
-6.740295785120078431e-01
-6.740349750701493114e-01
-6.740387038781071594e-01
-6.740410699940866390e-01
-6.740425534561275134e-01
-6.740436829585317868e-01
-6.740449302196932502e-01
-6.740466386848897873e-01
-6.740489911027518488e-01
-6.740520126944931079e-01
-6.740556011704722517e-01
-6.740595721585309619e-01
-6.740637085340778212e-01
-6.740678041030462309e-01
-6.740716952797507489e-01
-6.740752779821006513e-01
-6.740785102170696597e-01
-6.740814032504652831e-01
-6.740840056064205665e-01
-6.740863844265274629e-01
-6.740886081275432318e-01
-6.740907331342100850e-01
-6.740927960679269360e-01
-6.740948114475733277e-01
-6.740967739306882311e-01
-6.740986635143414452e-01
-6.741004519464388611e-01
-6.741021088066618816e-01
-6.741036061826181092e-01
-6.741049214477224938e-01
-6.741060382046203392e-01
-6.741069458814804571e-01
