-6.740962360276444576e-01
-6.740965664607398988e-01
-6.740964646579992170e-01
-6.740960122523717013e-01
-6.740953370581330706e-01
-6.740945994739775404e-01
-6.740939717499785377e-01
-6.740936102409972319e-01
-6.740936227845157891e-01
-6.740940358670090005e-01
-6.740947685862215266e-01
-6.740956217339898471e-01
-6.740962898217942589e-01
-6.740964010330784406e-01
-6.740955848857930199e-01
-6.740935604289453043e-01
-6.740902303318145883e-01
-6.740857600217575740e-01
-6.740806180677193504e-01
-6.740755560501440202e-01
-6.740715142342483812e-01
-6.740694533055496818e-01
-6.740701305603018501e-01
-6.740738580603169439e-01
-6.740802959580737275e-01
-6.740883416071054013e-01
-6.740961699198563251e-01
-6.741014602543764500e-01
-6.741018103722603572e-01
-6.740952928599548422e-01
-6.740810617337203992e-01
-6.740598775685735511e-01
-6.740344003771439052e-01
-6.740091111889856546e-01
-6.739897720444084639e-01
-6.739824189588187187e-01
-6.739919933517420914e-01
-6.740208352631831268e-01
-6.740673599638031810e-01
-6.741252889715466656e-01
-6.741837810431217104e-01
-6.742286929929378614e-01
-6.742449959905136847e-01
-6.742201037140924669e-01
-6.741475800197835877e-01
-6.740304490333773879e-01
-6.738832011128980115e-01
-6.737316385036808963e-01
-6.736099748513215690e-01
-6.735550916312211811e-01
-6.735985069226276822e-01
-6.737573169844135457e-01
-6.740259738951758228e-01
-6.743710903318715921e-01
-6.747313619838946064e-01
-6.750240761757407837e-01
-6.751585352631499504e-01
-6.750551871267479465e-01
-6.746675665819247270e-01
-6.740026582665412658e-01
-6.731344008110642374e-01
-6.722051581950838628e-01
-6.714113673285663220e-01
-6.709722801181554619e-01
-6.710844722146427355e-01
-6.718689452864381462e-01
-6.733212769062524305e-01
-6.752773546486988687e-01
-6.774069213357180042e-01
-6.792440074419144880e-01
-6.802573978879896677e-01
-6.799561396838574856e-01
-6.780157619106157441e-01
-6.744018415797699006e-01
-6.694608732078385360e-01
-6.639466980157717746e-01
-6.589566662428634203e-01
-6.557667319835051023e-01
-6.555776335104344099e-01
-6.592104904112682240e-01
-6.668121840061618233e-01
-6.776414819371288090e-01
-6.900021450768448750e-01
-7.013705272500585508e-01
-7.087374146346386850e-01
-7.091511676563712063e-01
-7.004105832476054116e-01
-6.818061095213242551e-01
-6.547473911525589774e-01
-6.230631102779102815e-01
-5.927580936971252878e-01
-5.711065080180839360e-01
-5.651522901198028359e-01
-5.799144589346110212e-01
-6.167459444672529489e-01
-6.722820002526364025e-01
-7.382350962925946503e-01
-8.020488319445276959e-01
-8.482821457157156964e-01
-8.606846277633548592e-01
-8.251670824223059642e-01
-7.338905294551736347e-01
-5.900092798476153089e-01
-4.112216512372545707e-01
-2.292848165321565990e-01
-8.363828624579289217e-02
-1.036882218121180574e-02
-3.059159803409618877e-02
-1.426682894818235570e-01
-3.210595973952856674e-01
-5.222939970815818622e-01
-6.958583329076999391e-01
-7.956440721128605897e-01
-7.884219237315157613e-01
-6.594360484925434474e-01
-4.169152460959319462e-01
-9.411842499245029470e-02
2.562563663275009840e-01
5.775360261841632203e-01
8.277855319437570358e-01
9.904487685006856390e-01
1.072648084519175482e+00
1.095533466801665634e+00
1.083597621458410654e+00
1.057414404519805062e+00
1.030555547667341365e+00
1.009705178050922747e+00
9.965987842689815190e-01
9.905401633290941144e-01
9.905705126726963572e-01
9.966953417333438425e-01
1.009878193907389532e+00
1.030802593843908710e+00
1.057696110591459737e+00
1.083813964850695033e+00
1.095511455539465384e+00
1.072154306819208092e+00
9.892398586351961454e-01
8.257008908337591935e-01
5.746095530325707745e-01
2.527854552782805575e-01
-9.761471541410338126e-02
-4.198549043473123188e-01
-6.613607050269261212e-01
-7.891063898702087576e-01
-7.951083736937263335e-01
-6.943337271301038838e-01
-5.201808402974678058e-01
-3.188655152308275675e-01
-1.409063092982311971e-01
-2.965559790593699091e-02
-1.043425615643835125e-02
-8.462725888344282965e-02
-2.309068146323645654e-01
-4.130748345470139915e-01
-5.917049494225156137e-01
-7.351519363184396694e-01
-8.258698387427827470e-01
-8.608413647578464500e-01
-8.479985219635884919e-01
-8.014773180266805408e-01
-7.375386491170907721e-01
-6.716080565550450743e-01
-6.162079123107944145e-01
-5.795798507913452191e-01
-5.650387838499011384e-01
-5.711870373882179663e-01
-5.929739205721263895e-01
-6.233413912898522202e-01
-6.550185357990989665e-01
-6.820168316135697406e-01
-7.005305235828076516e-01
-7.091732260891489004e-01
-7.086734869984703256e-01
-7.012448464785883129e-01
-6.898441433483595286e-01
-6.774795040332211027e-01
-6.666688286489291793e-01
-6.590999330142311985e-01
-6.555049497642898571e-01
-6.557289510863036908e-01
-6.589450445204568796e-01
-6.639495659848002607e-01
-6.694664107992238655e-01
-6.744002729078988345e-01
-6.780006828105905603e-01
-6.799249273448563224e-01
-6.802108415025838184e-01
-6.791854106249669565e-01
-6.773409604401907647e-01
-6.752089502754147210e-01
-6.732546725193029324e-01
-6.718071075938791825e-01
-6.710288483824341510e-01
-6.709228782901764943e-01
-6.713670774594203694e-01
-6.721642045774274266e-01
-6.730948163750125612e-01
-6.739626897775546910e-01
-6.746259518885636686e-01
-6.750112818684714799e-01
-6.751122990591109652e-01
-6.749759518557445492e-01
-6.746820935237919370e-01
-6.743215262045774150e-01
-6.739768948775820556e-01
-6.737093144106810483e-01
-6.735519224691690621e-01
-6.735100160367282207e-01
-6.735662927331839134e-01
-6.736891007755360095e-01
-6.738415055090396510e-01
-6.739893120912140434e-01
-6.741067891894028108e-01
-6.741795445037459533e-01
-6.742046548334137412e-01
-6.741886408513577678e-01
-6.741441451705751930e-01
-6.740862207301091535e-01
-6.740290055019434456e-01
-6.739833137673882923e-01
-6.739553851114559180e-01
-6.739467631720733598e-01
-6.739550725271484799e-01
-6.739753471301134224e-01
-6.740015390178776267e-01
-6.740278860513982950e-01
-6.740499161503772374e-01
-6.740649834903673643e-01
-6.740723430310535669e-01
-6.740728543896356006e-01
-6.740684545532459326e-01
-6.740615503497802141e-01
-6.740544622246993356e-01
-6.740490113125908733e-01
-6.740462940346287901e-01
-6.740466433046868877e-01
-6.740497407576226951e-01
-6.740548243423458707e-01
-6.740609305907278026e-01
-6.740671183903740316e-01
-6.740726368632655729e-01
-6.740770191086387086e-01
-6.740801017047513000e-01
-6.740819837792794145e-01
-6.740829474898101248e-01
-6.740833637495630137e-01
-6.740836040302473631e-01
-6.740839728395821018e-01
-6.740846679902429139e-01
-6.740857688170355244e-01
-6.740872473099231987e-01
-6.740889943103117732e-01
-6.740908524345635700e-01
-6.740926487217542284e-01
-6.740942223557946367e-01
-6.740954453415158865e-01
