-6.741219783019761769e-01
-6.741224585521393697e-01
-6.741226938907621813e-01
-6.741226925560152017e-01
-6.741224672489497527e-01
-6.741220334406875514e-01
-6.741214071946626252e-01
-6.741206027355644004e-01
-6.741196300915162087e-01
-6.741184932103108096e-01
-6.741171889717834098e-01
-6.741157074579535724e-01
-6.741140336861800586e-01
-6.741121507668289548e-01
-6.741100441503968810e-01
-6.741077063365263911e-01
-6.741051411974817720e-01
-6.741023669860634060e-01
-6.740994171962775283e-01
-6.740963387326088796e-01
-6.740931872864166507e-01
-6.740900203420978620e-01
-6.740868887413371535e-01
-6.740838281163280543e-01
-6.740808516774209336e-01
-6.740779457636132399e-01
-6.740750692448317372e-01
-6.740721573629860908e-01
-6.740691300079411086e-01
-6.740659038447127660e-01
-6.740624072151286672e-01
-6.740585963599509123e-01
-6.740544712232126034e-01
-6.740500888525593481e-01
-6.740455721468042727e-01
-6.740411114312735430e-01
-6.740369561723871250e-01
-6.740333943057282839e-01
-6.740307174684316838e-01
-6.740291722232497618e-01
-6.740289003307917692e-01
-6.740298751652159526e-01
-6.740318459383740635e-01
-6.740343054632144115e-01
-6.740364992930222288e-01
-6.740374925867899103e-01
-6.740363045779009799e-01
-6.740321084315710198e-01
-6.740244772263584982e-01
-6.740136371177147812e-01
-6.740006705003807053e-01
-6.739876005770580880e-01
-6.739772899645916082e-01
-6.739731046332195774e-01
-6.739783327248556333e-01
-6.739954035319557502e-01
-6.740250177445685775e-01
-6.740653632591182554e-01
-6.741116346453126518e-01
-6.741560808445291597e-01
-6.741887597658309250e-01
-6.741990727353318613e-01
-6.741779909359367773e-01
-6.741206898756557653e-01
-6.740291118569096129e-01
-6.739138278771065194e-01
-6.737945215949108224e-01
-6.736985146787798362e-01
-6.736570207328411719e-01
-6.736992466471823926e-01
-6.738450059830793926e-01
-6.740970756991233603e-01
-6.744349877356808909e-01
-6.748121593515622463e-01
-6.751581042452661219e-01
-6.753868515116682181e-01
-6.754116303399323451e-01
-6.751644543889022687e-01
-6.746176707642149717e-01
-6.738031371842834183e-01
-6.728238408969232642e-01
-6.718528644994784527e-01
-6.711159351426656539e-01
-6.708564501718813355e-01
-6.712856204169923569e-01
-6.725246183283845047e-01
-6.745494769323073792e-01
-6.771519627163843369e-01
-6.799298760158456467e-01
-6.823176791801280894e-01
-6.836628866724957510e-01
-6.833455228781607493e-01
-6.809277790481348402e-01
-6.763099228879286828e-01
-6.698585592962817969e-01
-6.624676885849398733e-01
-6.555156067485157223e-01
-6.506947610005409111e-01
-6.497173848319207634e-01
-6.539324011109034496e-01
-6.639196053409748277e-01
-6.791455058010731349e-01
-6.977655745045494573e-01
-7.166419658115603664e-01
-7.316223866894747685e-01
-7.381024576214966215e-01
-7.318674481034932455e-01
-7.101607298065635288e-01
-6.728318979363030472e-01
-6.232798475908127855e-01
-5.687875719317692091e-01
-5.198616175571376674e-01
-4.884298750903816044e-01
-4.851721610111279226e-01
-5.166571182115394789e-01
-5.830997825409902635e-01
-6.773291421409520785e-01
-7.850549839989284795e-01
-8.860242620939098313e-01
-9.555602499640919456e-01
-9.665841625426445649e-01
-8.932838455846413561e-01
-7.179786086972340664e-01
-4.408334290083738005e-01
-8.776677381019962199e-02
2.909736727589332106e-01
6.346051300072440560e-01
8.905320458818177798e-01
1.025392946092144708e+00
1.024757863313418893e+00
8.886879164514691620e-01
6.317649124196644816e-01
2.875397126933596503e-01
-9.124766498832972972e-02
-4.438206896595388584e-01
-7.201053434244083506e-01
-8.944307981819286102e-01
-9.668405546650441496e-01
-9.551335484629461803e-01
-8.851620251100963399e-01
-7.839995355161035739e-01
-6.762946398328000264e-01
-5.822563265438401858e-01
-5.161160018616804956e-01
-4.849757163608449106e-01
-4.885519824271357114e-01
-5.202215795187075109e-01
-5.692745048950823561e-01
-6.237805260329649659e-01
-6.732541162772501808e-01
-7.104468384014143156e-01
-7.319970245651542529e-01
-7.380866508188019814e-01
-7.314938950553135921e-01
-7.164441148362966638e-01
-6.975426660318574390e-01
-6.789354735448384082e-01
-6.637493435258802199e-01
-6.538157935093190654e-01
-6.496558104390443011e-01
-6.506795791389105021e-01
-6.555318698930969745e-01
-6.624982003641801676e-01
-6.698874574755153688e-01
-6.763252085172265504e-01
-6.809225475785946058e-01
-6.833179727682711091e-01
-6.836154053217666782e-01
-6.822554059025074391e-01
-6.798591329513931081e-01
-6.770788648406524945e-01
-6.744789203032219849e-01
-6.724597304794346364e-01
-6.712276569161358397e-01
-6.708050477291346292e-01
-6.710695897646549168e-01
-6.718094936047259713e-01
-6.727813064840841850e-01
-6.737596441937098168e-01
-6.745719995155319282e-01
-6.751160277475174443e-01
-6.753604473229782856e-01
-6.753333357903360534e-01
-6.751029188196699948e-01
-6.747560307862841000e-01
-6.743785692924185726e-01
-6.740408629976860633e-01
-6.737893050180900900e-01
-6.736441842477044473e-01
-6.736025826155541685e-01
-6.736445956814941516e-01
-6.737409752937352225e-01
-6.738605070862334623e-01
-6.739758960747940231e-01
-6.740674995350927068e-01
-6.741247907915837168e-01
-6.741458678057919984e-01
-6.741355872087101408e-01
-6.741030004236049367e-01
-6.740587194973737262e-01
-6.740126918222018038e-01
-6.739726671447977546e-01
-6.739434444636456245e-01
-6.739268258122098620e-01
-6.739220983036378065e-01
-6.739268198805595800e-01
-6.739376906043177407e-01
-6.739513350340882170e-01
-6.739648843928816024e-01
-6.739763130725856533e-01
-6.739845398561110645e-01
-6.739893426077292471e-01
-6.739911539641882943e-01
-6.739908068610180880e-01
-6.739892873382115068e-01
-6.739875337868681537e-01
-6.739863020338713318e-01
-6.739860985037833263e-01
-6.739871715047740519e-01
-6.739895441412965260e-01
-6.739930708409243021e-01
-6.739975016020854914e-01
-6.740025421816554507e-01
-6.740079030745647071e-01
-6.740133342396844585e-01
-6.740186455444017177e-01
-6.740237147232743808e-01
-6.740284854651231727e-01
-6.740329583883912790e-01
-6.740371774664779547e-01
-6.740412141624410047e-01
-6.740451512433014436e-01
-6.740490679794951534e-01
-6.740530281453999129e-01
-6.740570718640325198e-01
-6.740612118566736699e-01
-6.740654340913233566e-01
-6.740697022446489051e-01
-6.740739648980069720e-01
-6.740781640720261425e-01
-6.740822436264922723e-01
-6.740861562234939930e-01
-6.740898679299484053e-01
-6.740933600373248957e-01
-6.740966281978403307e-01
-6.740996794180035279e-01
-6.741025277382468595e-01
-6.741051895268289629e-01
-6.741076792349024460e-01
-6.741100062407502369e-01
-6.741121731190670152e-01
-6.741141753744128717e-01
-6.741160024336263490e-01
-6.741176395349222084e-01
-6.741190700904589050e-01
-6.741202781203016192e-01
-6.741212504303095709e-01
