-6.741068536576083625e-01
-6.741073383439700750e-01
-6.741076272396833158e-01
-6.741077255740305363e-01
-6.741076420863136853e-01
-6.741073886766607570e-01
-6.741069796591658836e-01
-6.741064304781031469e-01
-6.741057558507074221e-01
-6.741049674616635956e-01
-6.741040715243029613e-01
-6.741030666974650032e-01
-6.741019429544145014e-01
-6.741006819939505679e-01
-6.740992596311622398e-01
-6.740976502985439600e-01
-6.740958333526836377e-01
-6.740938003788328192e-01
-6.740915622090395409e-01
-6.740891540336043652e-01
-6.740866369068069242e-01
-6.740840942197046104e-01
-6.740816223795967899e-01
-6.740793159687042957e-01
-6.740772489371297249e-01
-6.740754547124319096e-01
-6.740739092055496595e-01
-6.740725212546628820e-01
-6.740711347945707033e-01
-6.740695457822909464e-01
-6.740675346235056598e-01
-6.740649117169046356e-01
-6.740615701887232580e-01
-6.740575365680815390e-01
-6.740530078374201706e-01
-6.740483627800889499e-01
-6.740441374871606328e-01
-6.740409595910994422e-01
-6.740394430763807510e-01
-6.740400545764492213e-01
-6.740429714810071138e-01
-6.740479600248773240e-01
-6.740543056501980823e-01
-6.740608263250758014e-01
-6.740659907963673092e-01
-6.740681477022982815e-01
-6.740658493287381425e-01
-6.740582285053789979e-01
-6.740453632110605664e-01
-6.740285464604764964e-01
-6.740103747311803062e-01
-6.739945813113694673e-01
-6.739855739211861874e-01
-6.739876876316143184e-01
-6.740042289265861797e-01
-6.740364546605170926e-01
-6.740826869050160486e-01
-6.741377956999500265e-01
-6.741932719850418643e-01
-6.742380523820898919e-01
-6.742601438160266136e-01
-6.742489377042550913e-01
-6.741979212156777868e-01
-6.741073189181842062e-01
-6.739860720972803421e-01
-6.738525272051761883e-01
-6.737332947344062406e-01
-6.736599741336927183e-01
-6.736638118843188971e-01
-6.737688285560915480e-01
-6.739844430807147013e-01
-6.742990384193428000e-01
-6.746761400920139318e-01
-6.750548144792414273e-01
-6.753554668021396479e-01
-6.754914134550025206e-01
-6.753854762245983245e-01
-6.749895351509730412e-01
-6.743037024045309691e-01
-6.733908287443126639e-01
-6.723817452235443248e-01
-6.714672619926316255e-01
-6.708746588093407182e-01
-6.708291579019193263e-01
-6.715043375793100511e-01
-6.729690174866008734e-01
-6.751410412407325978e-01
-6.777598156157091935e-01
-6.803888358535455927e-01
-6.824564282086611477e-01
-6.833375700871457958e-01
-6.824721552975046013e-01
-6.795059884347718349e-01
-6.744311543601342329e-01
-6.676941259977746679e-01
-6.602360144142578324e-01
-6.534332429633433748e-01
-6.489211948133921659e-01
-6.483075655772507773e-01
-6.528114110234877199e-01
-6.628898601063645257e-01
-6.779287032743990249e-01
-6.960714484384814549e-01
-7.142468228587057766e-01
-7.284350971442951073e-01
-7.341952732938933357e-01
-7.274536089688934393e-01
-7.055100943753142007e-01
-6.681306654260359412e-01
-6.184616183765921926e-01
-5.633871994521629789e-01
-5.129599508427407084e-01
-4.787524520966038311e-01
-4.713716632588608180e-01
-4.977578087841001420e-01
-5.590350422750706150e-01
-6.494830605710553151e-01
-7.567311318011556986e-01
-8.627776731455190085e-01
-9.452678928246653900e-01
-9.789360171064005467e-01
-9.381560463796320137e-01
-8.023062532083703458e-01
-5.646532473020891008e-01
-2.418348389426447365e-01
1.230195876560998963e-01
4.692507871033564371e-01
7.365733871708100011e-01
8.807797834600378240e-01
8.799293699307181305e-01
7.341467690479707153e-01
4.656316299966324346e-01
1.188292665778366425e-01
-2.458677116225047865e-01
-5.679083846005289482e-01
-8.044408389644033264e-01
-9.391321781930515034e-01
-9.789324718199257092e-01
-9.445644458324403692e-01
-8.616720652010187997e-01
-7.554967174660565110e-01
-6.483488032077703300e-01
-5.581712193249279697e-01
-4.972632039118204950e-01
-4.712670656298058591e-01
-4.789864167744428691e-01
-5.134282750332508360e-01
-5.639617395595971638e-01
-6.190203144755257458e-01
-6.685806321627033588e-01
-7.057990573470648288e-01
-7.275696877706004928e-01
-7.341586087748072087e-01
-7.282858686326743047e-01
-7.140333018770760320e-01
-6.958401661040402031e-01
-6.777175337907308528e-01
-6.627241150074892895e-01
-6.527027158824565412e-01
-6.482550934943532850e-01
-6.489146356166858309e-01
-6.534567189259568032e-01
-6.602720974398804676e-01
-6.677272210574495270e-01
-6.744497692725559546e-01
-6.795037301518906947e-01
-6.824475814289713282e-01
-6.832932136875569107e-01
-6.823973842468862294e-01
-6.803212700811179792e-01
-6.776896699417538361e-01
-6.750731016769436765e-01
-6.729064072358166282e-01
-6.714484131168250158e-01
-6.707797262312215070e-01
-6.708304012876639133e-01
-6.714262430255231173e-01
-6.723418986780461681e-01
-6.733503444601522947e-01
-6.742612714581305289e-01
-6.749444474822073881e-01
-6.753375916871136031e-01
-6.754410440179670072e-01
-6.753032132039827884e-01
-6.750013970617873005e-01
-6.746222539782236183e-01
-6.742452509955079165e-01
-6.739311397610152632e-01
-6.737162030420593695e-01
-6.736118906418344654e-01
-6.736086618120029623e-01
-6.736824273168871002e-01
-6.738019219768018875e-01
-6.739355670428684997e-01
-6.740567979816074473e-01
-6.741473252102897495e-01
-6.741982631102906298e-01
-6.742094330656623891e-01
-6.741873795929688162e-01
-6.741427276925797685e-01
-6.740874732597994523e-01
-6.740326721830691703e-01
-6.739868196319271920e-01
-6.739550290166013147e-01
-6.739389621144610265e-01
-6.739373484452986229e-01
-6.739468715914584962e-01
-6.739631905706062742e-01
-6.739818954707472720e-01
-6.739992538206837080e-01
-6.740126720575391195e-01
-6.740208612345591765e-01
-6.740237477367372332e-01
-6.740222026997185756e-01
-6.740176769118223499e-01
-6.740118236367168558e-01
-6.740061747753316457e-01
-6.740019118422692079e-01
-6.739997479326312879e-01
-6.739999147058850504e-01
-6.740022323587814279e-01
-6.740062318563944110e-01
-6.740112970894294175e-01
-6.740167987585181653e-01
-6.740221996482911315e-01
-6.740271203839837133e-01
-6.740313638361909998e-01
-6.740349036315766984e-01
-6.740378469376192561e-01
-6.740403836288090256e-01
-6.740427334241455570e-01
-6.740451002609096909e-01
-6.740476398380452761e-01
-6.740504427083355843e-01
-6.740535321636058619e-01
-6.740568738668119009e-01
-6.740603929270062578e-01
-6.740639938611753257e-01
-6.740675794529189524e-01
-6.740710656205743945e-01
-6.740743907397882539e-01
-6.740775191523026288e-01
-6.740804396283511801e-01
-6.740831602178448678e-01
-6.740857011967803514e-01
-6.740880877347317224e-01
-6.740903435709820757e-01
-6.740924865077549955e-01
-6.740945260240263082e-01
-6.740964628764531952e-01
-6.740982902465720850e-01
-6.740999958407807302e-01
-6.741015643439537408e-01
-6.741029797358625286e-01
-6.741042271544650522e-01
-6.741052941808471921e-01
-6.741061715828570167e-01
