-6.741101950600216774e-01
-6.741106785829615866e-01
-6.741109529561676306e-01
-6.741110197969453210e-01
-6.741108834737199462e-01
-6.741105528000671532e-01
-6.741100423386265916e-01
-6.741093725641084111e-01
-6.741085683128081874e-01
-6.741076553145496364e-01
-6.741066551048586764e-01
-6.741055791564117827e-01
-6.741044235304617382e-01
-6.741031656059059962e-01
-6.741017643884691379e-01
-6.741001654711095137e-01
-6.740983109119473848e-01
-6.740961532029925429e-01
-6.740936712923548679e-01
-6.740908855364392549e-01
-6.740878677772593752e-01
-6.740847427320487695e-01
-6.740816777424752937e-01
-6.740788597161573303e-01
-6.740764606710724083e-01
-6.740745963153355058e-01
-6.740732850104509399e-01
-6.740724165863443140e-01
-6.740717410859299319e-01
-6.740708860261115376e-01
-6.740694068774288894e-01
-6.740668693434281877e-01
-6.740629543724537820e-01
-6.740575689274898030e-01
-6.740509390855400351e-01
-6.740436589397043043e-01
-6.740366707564573456e-01
-6.740311599928294761e-01
-6.740283631314156754e-01
-6.740293054737337419e-01
-6.740345071567702684e-01
-6.740437145142746944e-01
-6.740557255176728990e-01
-6.740683775579880965e-01
-6.740787497010590767e-01
-6.740835986673884284e-01
-6.740800005321456734e-01
-6.740661148774041989e-01
-6.740419349862054599e-01
-6.740098493840355198e-01
-6.739748298523038361e-01
-6.739440898408800562e-01
-6.739261302863883696e-01
-6.739292039732419637e-01
-6.739593711480956761e-01
-6.740184641184943093e-01
-6.741023950515975249e-01
-6.742002941300364594e-01
-6.742949236503086308e-01
-6.743646587769432932e-01
-6.743870585953111174e-01
-6.743436983701260878e-01
-6.742255491476270013e-01
-6.740378511327486111e-01
-6.738032233142491334e-01
-6.735617716814928935e-01
-6.733672663276031312e-01
-6.732790711944857120e-01
-6.733503804662860359e-01
-6.736143189456380576e-01
-6.740704092127607350e-01
-6.746745647944978330e-01
-6.753359076677218908e-01
-6.759231554896023564e-01
-6.762820053844071921e-01
-6.762629204624049928e-01
-6.757562248021343754e-01
-6.747288204912988974e-01
-6.732546978007807326e-01
-6.715303620295010045e-01
-6.698669864043447220e-01
-6.686539649493277171e-01
-6.682936029032746639e-01
-6.691133521176447774e-01
-6.712690456565211239e-01
-6.746583694111495388e-01
-6.788667117881033164e-01
-6.831664181136452019e-01
-6.865849214679881074e-01
-6.880474011272440515e-01
-6.865859895457330220e-01
-6.815907675222471207e-01
-6.730593308565532285e-01
-6.617851302544093262e-01
-6.494166059971093752e-01
-6.383277288271541616e-01
-6.312719506791546475e-01
-6.308436974222129123e-01
-6.388310857714452062e-01
-6.555895678689505068e-01
-6.795804536786890226e-01
-7.071966330858536764e-01
-7.329548298954154939e-01
-7.500941097159652404e-01
-7.515978224978828726e-01
-7.316292044469810962e-01
-6.872793673267434400e-01
-6.203164094836940423e-01
-5.383387859327704028e-01
-4.545759971916915054e-01
-3.858108458335082203e-01
-3.485864394885523909e-01
-3.546914165147317943e-01
-4.073802637616977806e-01
-4.995943223078131989e-01
-6.146943212679349955e-01
-7.292360754893461028e-01
-8.166356883494627628e-01
-8.507396524736999810e-01
-8.093692068754924085e-01
-6.788335300529571015e-01
-4.596787720507293784e-01
-1.712320627759577885e-01
1.497595841698799723e-01
4.590238995156908364e-01
7.193361377106815002e-01
9.107302957087652917e-01
1.030887865566873174e+00
1.087286492422615103e+00
1.086999641408361139e+00
1.029985271595335705e+00
9.091229712922649364e-01
7.169835135404780679e-01
4.560360961601858665e-01
1.464416130666965632e-01
-1.744396482999569786e-01
-4.623407387375101929e-01
-6.806554523296920456e-01
-8.102542380968921210e-01
-8.507637140633712569e-01
-8.159880221490128926e-01
-7.281658224858643669e-01
-6.134719857551566013e-01
-4.984778435218834014e-01
-4.065784217537271039e-01
-3.543297613280382841e-01
-3.486879992857608856e-01
-3.863007524882038357e-01
-4.553100040180195762e-01
-5.391463649888311727e-01
-6.210439637756494102e-01
-6.878204670939742638e-01
-7.319358271259610582e-01
-7.516748694954527021e-01
-7.499842729783672279e-01
-7.327209377698296056e-01
-7.069059855087241884e-01
-6.792929792867514749e-01
-6.553501272357992180e-01
-6.386657390187404637e-01
-6.307595981118337969e-01
-6.312602877902661058e-01
-6.383687761329023269e-01
-6.494856455662167960e-01
-6.618579868557358248e-01
-6.731165378413359601e-01
-6.816198755473648063e-01
-6.865820411206495777e-01
-6.880119670034209323e-01
-6.865242632977016646e-01
-6.830893321961568621e-01
-6.787824941166616943e-01
-6.745751927680476712e-01
-6.711928977322870749e-01
-6.690475656723480213e-01
-6.682389174670697596e-01
-6.686089947676170375e-01
-6.698289330684754628e-01
-6.714958039136632584e-01
-6.732203097963144200e-01
-6.746919193228665401e-01
-6.757150866192526140e-01
-6.762168672125981050e-01
-6.762312960240818294e-01
-6.758687427601912656e-01
-6.752791302807285012e-01
-6.746168405874465313e-01
-6.740129808527958177e-01
-6.735580842900456000e-01
-6.732958188443227687e-01
-6.732262582128726303e-01
-6.733159559895860458e-01
-6.735115171367991316e-01
-6.737535066076707491e-01
-6.739881968741390228e-01
-6.741756052131182564e-01
-6.742932763346771718e-01
-6.743361355144679159e-01
-6.743133486475770821e-01
-6.742434305933335814e-01
-6.741488600017471189e-01
-6.740512523451741567e-01
-6.739678015627043051e-01
-6.739093153536571679e-01
-6.738798167187368682e-01
-6.738774182193355555e-01
-6.738960218161886839e-01
-6.739273568453334473e-01
-6.739629226577236176e-01
-6.739955195758032813e-01
-6.740201970618302507e-01
-6.740345894240222790e-01
-6.740387231264598489e-01
-6.740344523475104710e-01
-6.740247077486865024e-01
-6.740127328566833942e-01
-6.740014439534350865e-01
-6.739929961612671772e-01
-6.739885832116618847e-01
-6.739884512781987302e-01
-6.739920745527747670e-01
-6.739984242820028504e-01
-6.740062626317948613e-01
-6.740144044305618198e-01
-6.740219087136413156e-01
-6.740281830899578219e-01
-6.740330030845103071e-01
-6.740364629068064106e-01
-6.740388821977489897e-01
-6.740406952520486827e-01
-6.740423460975474290e-01
-6.740442063566888242e-01
-6.740465249168172690e-01
-6.740494108011473307e-01
-6.740528445248007428e-01
-6.740567093464144843e-01
-6.740608323414980507e-01
-6.740650258357275826e-01
-6.740691218564431875e-01
-6.740729951748387627e-01
-6.740765735318317020e-01
-6.740798362177811143e-01
-6.740828039616384437e-01
-6.740855239456917669e-01
-6.740880537544303719e-01
-6.740904473844577804e-01
-6.740927453552590931e-01
-6.740949697484568404e-01
-6.740971239083639599e-01
-6.740991957301926130e-01
-6.741011630298731072e-01
-6.741029994339751141e-01
-6.741046794856835334e-01
-6.741061821254924480e-01
-6.741074922477863218e-01
-6.741086005375267476e-01
-6.741095021606040572e-01
