-6.740964901727451997e-01
-6.740969712054070140e-01
-6.740972867878829433e-01
-6.740974437538838071e-01
-6.740974533888791642e-01
-6.740973308423011678e-01
-6.740970940128521161e-01
-6.740967617618168761e-01
-6.740963514383224719e-01
-6.740958758991516531e-01
-6.740953404367159285e-01
-6.740947402381122222e-01
-6.740940591235737855e-01
-6.740932702955175770e-01
-6.740923396286808700e-01
-6.740912316374205737e-01
-6.740899176994208375e-01
-6.740883854731175573e-01
-6.740866478383299443e-01
-6.740847492631197868e-01
-6.740827674057571217e-01
-6.740808081219387127e-01
-6.740789929238893974e-01
-6.740774392943863491e-01
-6.740762359438342566e-01
-6.740754168432293580e-01
-6.740749393063800721e-01
-6.740746721234018857e-01
-6.740743993881417317e-01
-6.740738439619409217e-01
-6.740727114377899065e-01
-6.740707512645180977e-01
-6.740678269343775009e-01
-6.740639826983823024e-01
-6.740594912163314634e-01
-6.740548659594595149e-01
-6.740508249423454723e-01
-6.740481988836701799e-01
-6.740477869048699944e-01
-6.740501752489373999e-01
-6.740555472590727959e-01
-6.740635233342044952e-01
-6.740730747997721872e-01
-6.740825528645687514e-01
-6.740898612561954106e-01
-6.740927785006326500e-01
-6.740894050124531800e-01
-6.740786754171881334e-01
-6.740608442074736972e-01
-6.740378307240062483e-01
-6.740133054834269721e-01
-6.739924204396244845e-01
-6.739811338390491180e-01
-6.739851537741374798e-01
-6.740086150021071809e-01
-6.740526964716493374e-01
-6.741144627447894777e-01
-6.741862494391316352e-01
-6.742558912189753340e-01
-6.743079977884933740e-01
-6.743263174037475993e-01
-6.742970025305606852e-01
-6.742123392755213773e-01
-6.740742675053478239e-01
-6.738968589937627263e-01
-6.737068947291653398e-01
-6.735418367983322385e-01
-6.734448467124188875e-01
-6.734570436629504497e-01
-6.736078590207785766e-01
-6.739050170802652895e-01
-6.743262118747960221e-01
-6.748147998100585410e-01
-6.752816511725422410e-01
-6.756146153768232132e-01
-6.756958506577351864e-01
-6.754256458517441386e-01
-6.747495302427479746e-01
-6.736837501969239472e-01
-6.723330036149155475e-01
-6.708941181261576236e-01
-6.696405278203380051e-01
-6.688851360333860629e-01
-6.689232927783165250e-01
-6.699625820295853629e-01
-6.720509438669264313e-01
-6.750182071956977170e-01
-6.784473500573550142e-01
-6.816900710301415645e-01
-6.839363309542273450e-01
-6.843395362443028818e-01
-6.821883097890799608e-01
-6.771029582802350344e-01
-6.692212572551277106e-01
-6.593271106069434895e-01
-6.488719478863226309e-01
-6.398479902307303568e-01
-6.344979385205210543e-01
-6.348844602826424488e-01
-6.423850040941322392e-01
-6.572086507511313291e-01
-6.780404167558239381e-01
-7.019031060239026010e-01
-7.242980216022321116e-01
-7.396599519690537639e-01
-7.421466883242588963e-01
-7.267629292232909988e-01
-6.907512834375776345e-01
-6.350309015479400632e-01
-5.652506237811298906e-01
-4.918790235341051753e-01
-4.288688807788798019e-01
-3.908930460659403860e-01
-3.897794236094388465e-01
-4.312137831586992931e-01
-5.127523701570259052e-01
-6.236804780084442834e-01
-7.464857493758690898e-01
-8.590659645197264993e-01
-9.367487768975694129e-01
-9.540606262300116436e-01
-8.875373875532653889e-01
-7.214224754418067098e-01
-4.563059663508845509e-01
-1.166078807358146840e-01
2.501161159891646113e-01
5.853217351649160349e-01
8.368119373692924912e-01
9.700706068853645059e-01
9.694330671464520544e-01
8.349686123328314835e-01
5.825027771320413494e-01
2.467357313556029219e-01
-1.200071641402292721e-01
-4.592017285164933238e-01
-7.234664065483372708e-01
-8.886168355279253639e-01
-9.542563709117624082e-01
-9.362504060824506924e-01
-8.581034192951871864e-01
-7.452936501555602611e-01
-6.224813292035266121e-01
-5.117406097085964722e-01
-4.305343202492128984e-01
-3.895066534031254579e-01
-3.910207581676009014e-01
-4.293178210173757559e-01
-4.925214124816754135e-01
-5.659440410881555472e-01
-6.356506602211269286e-01
-6.912121391123231540e-01
-7.270264652029786445e-01
-7.422165319388215332e-01
-7.395700675956399239e-01
-7.240991669791300156e-01
-7.016506575939513990e-01
-6.777849082439878492e-01
-6.569893218844725657e-01
-6.422263064510649322e-01
-6.347953657251360626e-01
-6.344737250064853562e-01
-6.398738922158160314e-01
-6.489277859835500539e-01
-6.593919141038273590e-01
-6.692770318941063667e-01
-6.771370806998769920e-01
-6.821944236359112068e-01
-6.843171552553158898e-01
-6.838895478272759565e-01
-6.816258222862869864e-01
-6.783736359443722774e-01
-6.749425625252390981e-01
-6.719793392167250357e-01
-6.698988263551852729e-01
-6.688689176665100211e-01
-6.688396733556485341e-01
-6.696020499594808051e-01
-6.708598951901327823e-01
-6.723001435560704842e-01
-6.736497195615300804e-01
-6.747124961048012182e-01
-6.753846232424783880e-01
-6.756506761943412709e-01
-6.755657919447418669e-01
-6.752301192088069337e-01
-6.747616896018248100e-01
-6.742726215731457140e-01
-6.738518465733361884e-01
-6.735557138797952925e-01
-6.734062088522669853e-01
-6.733953185584993228e-01
-6.734933948515331448e-01
-6.736591927722317408e-01
-6.738495159705611970e-01
-6.740269434724867059e-01
-6.741647872917738704e-01
-6.742490934034410799e-01
-6.742780393698880603e-01
-6.742594368523724402e-01
-6.742071997551936091e-01
-6.741376108716142790e-01
-6.740660589991168683e-01
-6.740046829365837766e-01
-6.739611054415790559e-01
-6.739382154491136978e-01
-6.739347913595905570e-01
-6.739466657569305186e-01
-6.739681109931429104e-01
-6.739931626100043038e-01
-6.740166737528949792e-01
-6.740349868516214427e-01
-6.740461993577261390e-01
-6.740500736634013057e-01
-6.740476891866297171e-01
-6.740409549092111208e-01
-6.740320964292760841e-01
-6.740232092705006339e-01
-6.740159377332107793e-01
-6.740113037693444831e-01
-6.740096795774840333e-01
-6.740108750541863314e-01
-6.740142987576656086e-01
-6.740191483782356219e-01
-6.740245920256386913e-01
-6.740299121900310553e-01
-6.740345970287821009e-01
-6.740383760113348721e-01
-6.740412069451205967e-01
-6.740432278928683019e-01
-6.740446902075066804e-01
-6.740458882807141006e-01
-6.740470985109552338e-01
-6.740485355372767273e-01
-6.740503290214480137e-01
-6.740525200608564749e-01
-6.740550732488507224e-01
-6.740578987160567026e-01
-6.740608781444052955e-01
-6.740638894891389787e-01
-6.740668265947658000e-01
-6.740696116402650206e-01
-6.740722000333916331e-01
-6.740745787258392019e-01
-6.740767597906172082e-01
-6.740787714568085010e-01
-6.740806486961210542e-01
-6.740824250244480398e-01
-6.740841265714853092e-01
-6.740857688294525918e-01
-6.740873559369571222e-01
-6.740888819625597828e-01
-6.740903334551988646e-01
-6.740916925144778693e-01
-6.740929397612782648e-01
-6.740940567994381238e-01
-6.740950279900254083e-01
-6.740958415572896323e-01
