-6.741156700690010828e-01
-6.741161670285349405e-01
-6.741164642704224885e-01
-6.741165598216590782e-01
-6.741164515012934011e-01
-6.741161381514720885e-01
-6.741156210110322844e-01
-6.741149049066840204e-01
-6.741139989008189115e-01
-6.741129160636861739e-01
-6.741116721521789312e-01
-6.741102831850547261e-01
-6.741087621889454429e-01
-6.741071157058114993e-01
-6.741053409277302233e-01
-6.741034244693405730e-01
-6.741013437145200182e-01
-6.740990713227329456e-01
-6.740965828471762178e-01
-6.740938665712715716e-01
-6.740909337632776666e-01
-6.740878267997711948e-01
-6.740846222686230904e-01
-6.740814264587082771e-01
-6.740783617141812289e-01
-6.740755439576627817e-01
-6.740730540503447887e-01
-6.740709081306651695e-01
-6.740690340638340050e-01
-6.740672619815090139e-01
-6.740653360113462167e-01
-6.740629513552137686e-01
-6.740598159466334449e-01
-6.740557295933754522e-01
-6.740506669106277604e-01
-6.740448450101387268e-01
-6.740387545333127450e-01
-6.740331347036008225e-01
-6.740288805018800344e-01
-6.740268826870331464e-01
-6.740278177437389884e-01
-6.740319221551470674e-01
-6.740387998192685082e-01
-6.740473186436438668e-01
-6.740556484809987481e-01
-6.740614751985380959e-01
-6.740623948615709349e-01
-6.740564509832901452e-01
-6.740427331050045101e-01
-6.740219159560348894e-01
-6.739965958434668281e-01
-6.739712848204655327e-01
-6.739519604792970631e-01
-6.739451411239785195e-01
-6.739565562036502477e-01
-6.739895955195469579e-01
-6.740438258269089156e-01
-6.741139336442834029e-01
-6.741894623449926627e-01
-6.742556402459586318e-01
-6.742954371691821658e-01
-6.742927500467595925e-01
-6.742363339209590523e-01
-6.741238127760196264e-01
-6.739648887283019585e-01
-6.737827861959970743e-01
-6.736130782256757321e-01
-6.734993778424233080e-01
-6.734859293884327691e-01
-6.736078424504905460e-01
-6.738804598000315282e-01
-6.742899843519193359e-01
-6.747878344817023200e-01
-6.752910946893410093e-01
-6.756907760332930835e-01
-6.758683817717417996e-01
-6.757195836151139723e-01
-6.751818723764946295e-01
-6.742611952756826232e-01
-6.730512715034328020e-01
-6.717389707861330939e-01
-6.705902684212792231e-01
-6.699140693651184364e-01
-6.700054776053490091e-01
-6.710752751851909448e-01
-6.731774532218159912e-01
-6.761503783512213817e-01
-6.795884536756089389e-01
-6.828591981708405090e-01
-6.851752822074386184e-01
-6.857224085843506289e-01
-6.838325097007541542e-01
-6.791784279126327206e-01
-6.719528293861011248e-01
-6.629839028674070489e-01
-6.537384076457695148e-01
-6.461741294966711902e-01
-6.424312733633964489e-01
-6.443921772962695194e-01
-6.531803974529241108e-01
-6.686996144463418501e-01
-6.893193893435701769e-01
-7.117980450552345850e-01
-7.315034400191183783e-01
-7.429642867451163868e-01
-7.407612755036412366e-01
-7.207285935325763448e-01
-6.813442898176340634e-01
-6.250219033498854992e-01
-5.588285310920094728e-01
-4.940923819607407341e-01
-4.445846393722221457e-01
-4.234730327294465857e-01
-4.398158613563428188e-01
-4.956593572798402292e-01
-5.846260614262643873e-01
-6.923016968906666735e-01
-7.980233739155199180e-01
-8.772811634413103521e-01
-9.042810976631425746e-01
-8.552082325662605511e-01
-7.134250112726450155e-01
-4.767924053805191464e-01
-1.641041053741651434e-01
1.851414762423002069e-01
5.210761596452033739e-01
7.994683526471593193e-01
9.927453434672989241e-01
1.090048963916053770e+00
1.089528827957761292e+00
9.911889762861030295e-01
7.969309663580845804e-01
5.177561883523666975e-01
1.814309348554892787e-01
-1.676824984892633930e-01
-4.797442653170675975e-01
-7.154360515693959366e-01
-8.561988222166220242e-01
-9.043631370498260713e-01
-8.766775128777334336e-01
-7.970005191660219923e-01
-6.911275944921724257e-01
-5.835415797436070973e-01
-4.948522826426216548e-01
-4.393976815553005122e-01
-4.234664483196943774e-01
-4.449289239498416815e-01
-4.946671035944746331e-01
-5.594888050552132563e-01
-6.256341385936343702e-01
-6.818121873781297637e-01
-7.210042334690244248e-01
-7.408423475312790885e-01
-7.428825235946859840e-01
-7.313099315911529841e-01
-7.115494994682318719e-01
-6.890673768173404268e-01
-6.684834384444823252e-01
-6.530235703968255701e-01
-6.443021682789018545e-01
-6.424019331425779855e-01
-6.461899176104981546e-01
-6.537793517114282027e-01
-6.630302314516772766e-01
-6.719884671358212769e-01
-6.791929450511695610e-01
-6.838215389326972593e-01
-6.856868575387999876e-01
-6.851198206513013922e-01
-6.827904983544933470e-01
-6.795135627291390978e-01
-6.760754629140425243e-01
-6.731070216288513874e-01
-6.710118740037958052e-01
-6.699497845018622666e-01
-6.698652627442804874e-01
-6.705465421834263529e-01
-6.716980740865656774e-01
-6.730109811215710947e-01
-6.742196636714882230e-01
-6.751378296988677086e-01
-6.756724007577513680e-01
-6.758180208739557049e-01
-6.756376642911490205e-01
-6.752359586895980703e-01
-6.747315280717702812e-01
-6.742333357864579435e-01
-6.738241554290895774e-01
-6.735523557457482324e-01
-6.734314963909155960e-01
-6.734460136749845782e-01
-6.735606245658697366e-01
-6.737309768701816859e-01
-6.739134200068842562e-01
-6.740724064009162575e-01
-6.741847839692387545e-01
-6.742409487833959103e-01
-6.742433793030062628e-01
-6.742034087399947362e-01
-6.741372015718306576e-01
-6.740618169023673278e-01
-6.739920240210427460e-01
-6.739382524032749844e-01
-6.739057734195873506e-01
-6.738949738827079150e-01
-6.739024225809696622e-01
-6.739223602141551916e-01
-6.739482532239055024e-01
-6.739741230084702606e-01
-6.739954677580991538e-01
-6.740097081490467046e-01
-6.740161883357290717e-01
-6.740158354102249172e-01
-6.740106174479625345e-01
-6.740029437452539351e-01
-6.739951278773959054e-01
-6.739889949178204942e-01
-6.739856693375034791e-01
-6.739855390787514722e-01
-6.739883605964029911e-01
-6.739934524608965916e-01
-6.739999214286062079e-01
-6.740068722538814505e-01
-6.740135670366208531e-01
-6.740195172500667020e-01
-6.740245079325857258e-01
-6.740285660866480733e-01
-6.740318926807342681e-01
-6.740347796648653578e-01
-6.740375309786806879e-01
-6.740404011619982594e-01
-6.740435585737020174e-01
-6.740470739165485003e-01
-6.740509298651279346e-01
-6.740550446837114684e-01
-6.740593018668267211e-01
-6.740635786988795619e-01
-6.740677686256469903e-01
-6.740717948007090010e-01
-6.740756145239844566e-01
-6.740792161039477204e-01
-6.740826107345329055e-01
-6.740858222663825838e-01
-6.740888774083381163e-01
-6.740917981465115449e-01
-6.740945972649922124e-01
-6.740972770116234747e-01
-6.740998303238535660e-01
-6.741022436821411112e-01
-6.741045005863953721e-01
-6.741065847951702716e-01
-6.741084827409210556e-01
-6.741101848485200332e-01
-6.741116857664107842e-01
-6.741129837256610857e-01
-6.741140793560245204e-01
-6.741149743172388797e-01
