-6.741031659094621764e-01
-6.741036285778972958e-01
-6.741038668549523827e-01
-6.741038921651150151e-01
-6.741037241938826474e-01
-6.741033909755091980e-01
-6.741029278729695484e-01
-6.741023747423626755e-01
-6.741017708973300326e-01
-6.741011480501607478e-01
-6.741005221097765565e-01
-6.740998854134653273e-01
-6.740992014765228024e-01
-6.740984044778388640e-01
-6.740974053147537060e-01
-6.740961050934224374e-01
-6.740944154259053134e-01
-6.740922830760286422e-01
-6.740897146622535363e-01
-6.740867957173740654e-01
-6.740836978840902827e-01
-6.740806687906757411e-01
-6.740780014258526132e-01
-6.740759835612961659e-01
-6.740748325465510948e-01
-6.740746258502235966e-01
-6.740752419654671979e-01
-6.740763285088706702e-01
-6.740773133750085355e-01
-6.740774698902658457e-01
-6.740760379288474047e-01
-6.740723906977603708e-01
-6.740662231518211867e-01
-6.740577254561370690e-01
-6.740476968397975943e-01
-6.740375548567335562e-01
-6.740292050200435980e-01
-6.740247569689810092e-01
-6.740261044326117945e-01
-6.740344232155910387e-01
-6.740496775366644489e-01
-6.740702516390129073e-01
-6.740928314507242947e-01
-6.741126424116750115e-01
-6.741241003034841306e-01
-6.741218537630798702e-01
-6.741020991763070347e-01
-6.740639474313698809e-01
-6.740105402541932689e-01
-6.739495769693798488e-01
-6.738929435431971759e-01
-6.738552489940861090e-01
-6.738512690714114628e-01
-6.738925532353704506e-01
-6.739837271333269930e-01
-6.741192600005843083e-01
-6.742815967511166519e-01
-6.744415143661258716e-01
-6.745613084497829037e-01
-6.746009419007250596e-01
-6.745266357731831697e-01
-6.743206489434352413e-01
-6.739903239054187978e-01
-6.735740487486077122e-01
-6.731417790753575492e-01
-6.727883150359762476e-01
-6.726186828351609082e-01
-6.727266367676369985e-01
-6.731692305475677207e-01
-6.739422194759643325e-01
-6.749622833088023688e-01
-6.760622554187089017e-01
-6.770043806478938109e-01
-6.775139865093490199e-01
-6.773319931695286344e-01
-6.762798608753597396e-01
-6.743256534714209272e-01
-6.716359760261902956e-01
-6.685969542585915582e-01
-6.657894844173484206e-01
-6.639105412272745532e-01
-6.636431796492877622e-01
-6.654913282305580102e-01
-6.696085217862152161e-01
-6.756587862600084149e-01
-6.827500745659653703e-01
-6.894747243770035228e-01
-6.940778442725324959e-01
-6.947545117239800616e-01
-6.900508186724005899e-01
-6.793123313074861391e-01
-6.630889172321872138e-01
-6.433762038490278279e-01
-6.235685401733622735e-01
-6.080357389612945918e-01
-6.013231536039744807e-01
-6.070926100307759699e-01
-6.270259369195197996e-01
-6.599551203965540180e-01
-7.014420212770745566e-01
-7.439307344332863892e-01
-7.775001927400022605e-01
-7.912145971040850378e-01
-7.750981744152846131e-01
-7.227269760108230301e-01
-6.341488231366672057e-01
-5.182687293572886267e-01
-3.933089087166773412e-01
-2.841197480727655211e-01
-2.163252154147141670e-01
-2.089432138115655535e-01
-2.680797388921976054e-01
-3.839870308189253789e-01
-5.325127115038158498e-01
-6.802695070023179191e-01
-7.913975761615237303e-01
-8.336884121307500672e-01
-7.835110253493340338e-01
-6.307318525591092406e-01
-3.840394012285691105e-01
-7.364375812066208116e-02
2.537123548591604938e-01
5.485978300229550353e-01
7.752116585722881315e-01
9.205572725768110809e-01
9.931622497929577520e-01
1.014901646518889811e+00
1.011297520847135312e+00
1.003601206063039708e+00
1.003645565724430533e+00
1.011372252821205020e+00
1.014843315728593209e+00
9.927381675800504013e-01
9.195278143000861215e-01
7.734169666184018688e-01
5.460499217296433949e-01
2.506487995170385008e-01
-7.679567893829977732e-02
-3.867935880799380222e-01
-6.327005506112279853e-01
-7.844995744279869010e-01
-8.337010542804033086e-01
-7.905940395771374751e-01
-6.789175610955712203e-01
-5.309463922494791488e-01
-3.825562067905781127e-01
-2.670847472291199010e-01
-2.085701194402949654e-01
-2.166068507186710290e-01
-2.849388791645997565e-01
-3.944429675587363682e-01
-5.194598028242168875e-01
-6.351731791178607534e-01
-7.234407262206830058e-01
-7.754497218848837026e-01
-7.912304972002895953e-01
-7.772585052511121750e-01
-7.435336102140924774e-01
-7.009931248468526110e-01
-6.595430370525332542e-01
-6.267133126362024464e-01
-6.069109832803614157e-01
-6.012735565792349801e-01
-6.080945141153752953e-01
-6.236967627495204614e-01
-6.435303016108689933e-01
-6.632300152908627844e-01
-6.794125567618235495e-01
-6.900959196201197354e-01
-6.947431899208673656e-01
-6.940188331608423411e-01
-6.893828024594401693e-01
-6.826420310780728640e-01
-6.755500451969282949e-01
-6.695108156179953030e-01
-6.654115476327728818e-01
-6.635833172398633018e-01
-6.638684940607950669e-01
-6.657603873923714222e-01
-6.685746922857334074e-01
-6.716145651233753622e-01
-6.743002732858743853e-01
-6.762474357635278599e-01
-6.772913268172970902e-01
-6.774655350035603263e-01
-6.769497920428360072e-01
-6.760038123109535224e-01
-6.749023674195617772e-01
-6.738828843532811419e-01
-6.731119298256359462e-01
-6.726721183786111835e-01
-6.725670293373768871e-01
-6.727390899185372586e-01
-6.730942296819828474e-01
-6.735273176297347231e-01
-6.739436296784430125e-01
-6.742734118354531958e-01
-6.744785384091113167e-01
-6.745519295297470741e-01
-6.745115426014094417e-01
-6.743912989890682441e-01
-6.742312963815457749e-01
-6.740692263880109225e-01
-6.739342454088114165e-01
-6.738438126077319623e-01
-6.738033574563999650e-01
-6.738081668136144398e-01
-6.738466296123626353e-01
-6.739039389136823877e-01
-6.739654829199058783e-01
-6.740193947194561552e-01
-6.740580070470091334e-01
-6.740782143063281939e-01
-6.740809383934492915e-01
-6.740700073968066697e-01
-6.740507865818864408e-01
-6.740288636419367041e-01
-6.740090080905601910e-01
-6.739945233163610050e-01
-6.739870118728856774e-01
-6.739864965782929040e-01
-6.739917909353245751e-01
-6.740009939403242001e-01
-6.740119923950815828e-01
-6.740228805541638168e-01
-6.740322431148831894e-01
-6.740392845328221361e-01
-6.740438187227839606e-01
-6.740461543433520220e-01
-6.740469207471750934e-01
-6.740468792856632030e-01
-6.740467565274018691e-01
-6.740471233660951800e-01
-6.740483302264098642e-01
-6.740504963159743568e-01
-6.740535419019607621e-01
-6.740572476933091028e-01
-6.740613244691970873e-01
-6.740654783317472365e-01
-6.740694612269375607e-01
-6.740731014412205679e-01
-6.740763135636349546e-01
-6.740790911304427313e-01
-6.740814874360664399e-01
-6.740835907476957489e-01
-6.740854996279860289e-01
-6.740873026515084021e-01
-6.740890649598363371e-01
-6.740908222680818129e-01
-6.740925814414747697e-01
-6.740943257970960500e-01
-6.740960229061814246e-01
-6.740976328114430816e-01
-6.740991150852853053e-01
-6.741004338539735574e-01
-6.741015606170027707e-01
-6.741024752510726969e-01
