-6.741319045035770730e-01
-6.741323849293042736e-01
-6.741325978417980203e-01
-6.741325487942126937e-01
-6.741322467375726601e-01
-6.741317032887547134e-01
-6.741309316429202614e-01
-6.741299451336592030e-01
-6.741287555207077231e-01
-6.741273711870520158e-01
-6.741257955324896356e-01
-6.741240259300167459e-01
-6.741220536333860647e-01
-6.741198649624665640e-01
-6.741174439335605451e-01
-6.741147762492134543e-01
-6.741118542438949701e-01
-6.741086820489948783e-01
-6.741052799622551106e-01
-6.741016868612932367e-01
-6.740979595608805885e-01
-6.740941683287160480e-01
-6.740903883537711083e-01
-6.740866877596988216e-01
-6.740831136676935786e-01
-6.740796786772095261e-01
-6.740763507503820806e-01
-6.740730496519529158e-01
-6.740696526418001877e-01
-6.740660109545045797e-01
-6.740619767667777040e-01
-6.740574380390103038e-01
-6.740523561696956101e-01
-6.740467993004513048e-01
-6.740409629037608097e-01
-6.740351694984880737e-01
-6.740298413483297724e-01
-6.740254439153259280e-01
-6.740224033998111208e-01
-6.740210082039461703e-01
-6.740213105003263205e-01
-6.740230488650796881e-01
-6.740256146594474362e-01
-6.740280822437789698e-01
-6.740293154654136698e-01
-6.740281503274740960e-01
-6.740236375541994729e-01
-6.740153112848260575e-01
-6.740034346666595733e-01
-6.739891635181100016e-01
-6.739745692118112030e-01
-6.739624742860576001e-01
-6.739560800776652760e-01
-6.739584034562254855e-01
-6.739715851896729282e-01
-6.739961783396032358e-01
-6.740305618225354012e-01
-6.740706412987119700e-01
-6.741099871656527354e-01
-6.741405112053145965e-01
-6.741536986712578505e-01
-6.741422984064345814e-01
-6.741022458088984370e-01
-6.740344759692914467e-01
-6.739462060412636513e-01
-6.738512558291001042e-01
-6.737690559387791156e-01
-6.737221720840474992e-01
-6.737324411278925451e-01
-6.738161358571997939e-01
-6.739788978423573163e-01
-6.742114343031796464e-01
-6.744870966532229284e-01
-6.747623867533304454e-01
-6.749811359506797670e-01
-6.750825682880442491e-01
-6.750127289787031248e-01
-6.747379128472910104e-01
-6.742578922143941389e-01
-6.736160911773509952e-01
-6.729035856894601819e-01
-6.722541274742207529e-01
-6.718284410521497829e-01
-6.717878497829380402e-01
-6.722596845768979978e-01
-6.732995388157726468e-01
-6.748576959862773172e-01
-6.767583366124315658e-01
-6.786998628635353414e-01
-6.802825125995803912e-01
-6.810653329038748316e-01
-6.806488634936044280e-01
-6.787732270545836499e-01
-6.754148139940703288e-01
-6.708598770414525569e-01
-6.657319267028158905e-01
-6.609535672455636446e-01
-6.576332051143313207e-01
-6.568820199905240909e-01
-6.595836577284227564e-01
-6.661536909656062821e-01
-6.763336659177807686e-01
-6.890636362025507333e-01
-7.024692640773676500e-01
-7.139893038313045448e-01
-7.206603016127840489e-01
-7.195662357294982936e-01
-7.084426015842555380e-01
-6.863839660335311343e-01
-6.545352947241870334e-01
-6.165670601799858597e-01
-5.786884583428053563e-01
-5.489997608103731608e-01
-5.361492633817198650e-01
-5.474956472819055842e-01
-5.871723535003611216e-01
-6.544962157001661396e-01
-7.430195850444880623e-01
-8.402652392442780949e-01
-9.279939255455950109e-01
-9.829936811403497954e-01
-9.789977487054443150e-01
-8.911223150449001373e-01
-7.040906089303602400e-01
-4.230729683818461040e-01
-8.152035727996972958e-02
2.617598140976179488e-01
5.384814610871908602e-01
6.919402793213598191e-01
6.912142839759135571e-01
5.364447338659839026e-01
2.588179444187072020e-01
-8.477871010463289281e-02
-4.260403724469440379e-01
-7.063227853721936178e-01
-8.924323548888878355e-01
-9.794300848099433132e-01
-9.827325272191196337e-01
-9.272746973623456901e-01
-8.393191589209548775e-01
-7.420469673873228977e-01
-6.536536480251746717e-01
-5.865645112204288525e-01
-5.471706052256049002e-01
-5.361000762587757595e-01
-5.491743001309543626e-01
-5.790063814834128797e-01
-6.169399026189913426e-01
-6.548846079313429547e-01
-6.866535167211728075e-01
-7.086031070246049390e-01
-7.196135771231962908e-01
-7.206095852109832833e-01
-7.138673089315755727e-01
-7.023071802976825762e-01
-6.888911586880461790e-01
-6.761748689865406670e-01
-6.660247227492364086e-01
-6.594921034380109015e-01
-6.568276595191216982e-01
-6.576097878468417646e-01
-6.609511497693212334e-01
-6.657393000434896901e-01
-6.708666701321163162e-01
-6.754129902022742993e-01
-6.787578552611343019e-01
-6.806182005166097060e-01
-6.810203664213826391e-01
-6.802261695838717204e-01
-6.786360927814396593e-01
-6.766912463933095756e-01
-6.747908619261374641e-01
-6.732355629968073130e-01
-6.722000096745278652e-01
-6.717328025820600290e-01
-6.717774454155560626e-01
-6.722060135023286698e-01
-6.728569226388787516e-01
-6.735694843656071518e-01
-6.742102040257612616e-01
-6.746883899781380700e-01
-6.749610378068269245e-01
-6.750287547935654997e-01
-6.749255347716400788e-01
-6.747055060396898174e-01
-6.744295026786037983e-01
-6.741536540161693347e-01
-6.739213503877186096e-01
-6.737590969972595545e-01
-6.736760384821085523e-01
-6.736664048061943300e-01
-6.737138301094774961e-01
-6.737964263716826885e-01
-6.738916170336970435e-01
-6.739799933266826804e-01
-6.740477788947881743e-01
-6.740878096804387987e-01
-6.740992025943378652e-01
-6.740860650587523484e-01
-6.740556771178590756e-01
-6.740165670396029984e-01
-6.739768225416300496e-01
-6.739428619629165285e-01
-6.739187618252119316e-01
-6.739061231077450032e-01
-6.739043739955944412e-01
-6.739113588956968659e-01
-6.739240513979690705e-01
-6.739392461145734536e-01
-6.739541212333188813e-01
-6.739666095796369438e-01
-6.739755614497811020e-01
-6.739807202252546814e-01
-6.739825574855361490e-01
-6.739820265989563408e-01
-6.739802936569472269e-01
-6.739784949386562474e-01
-6.739775545776027776e-01
-6.739780785919013972e-01
-6.739803252470880635e-01
-6.739842392049921749e-01
-6.739895293009173782e-01
-6.739957672272907097e-01
-6.740024861603178818e-01
-6.740092631708510806e-01
-6.740157756220547247e-01
-6.740218282690333407e-01
-6.740273533326773814e-01
-6.740323897282169963e-01
-6.740370496266729905e-01
-6.740414807270470599e-01
-6.740458313996179340e-01
-6.740502237508392280e-01
-6.740547372076578503e-01
-6.740594029030770873e-01
-6.740642073128088052e-01
-6.740691024339878767e-01
-6.740740193470646791e-01
-6.740788821728401770e-01
-6.740836200581822313e-01
-6.740881756908779776e-01
-6.740925097574337332e-01
-6.740966015561605795e-01
-6.741004465562698833e-01
-6.741040520071670539e-01
-6.741074317602639976e-01
-6.741106013184107182e-01
-6.741135738483444717e-01
-6.741163575577477918e-01
-6.741189545200169109e-01
-6.741213607773767214e-01
-6.741235673939387496e-01
-6.741255620692295780e-01
-6.741273309453290619e-01
-6.741288603205829455e-01
-6.741301380884821004e-01
-6.741311548224079297e-01
