-6.741007413774688928e-01
-6.741011916334080922e-01
-6.741014034282124534e-01
-6.741013927680928886e-01
-6.741011869957974634e-01
-6.741008246835260564e-01
-6.741003539240175702e-01
-6.740998280773051743e-01
-6.740992985035398899e-01
-6.740988046140891088e-01
-6.740983625627731124e-01
-6.740979548595322779e-01
-6.740975238579582918e-01
-6.740969721861442832e-01
-6.740961725579618369e-01
-6.740949879420298219e-01
-6.740933008750781275e-01
-6.740910480844516384e-01
-6.740882540245068943e-01
-6.740850550660146823e-01
-6.740817055738864694e-01
-6.740785585243976863e-01
-6.740760169316789563e-01
-6.740744580287958421e-01
-6.740741392032115753e-01
-6.740751018976860465e-01
-6.740770954015172789e-01
-6.740795448379029997e-01
-6.740815850593396830e-01
-6.740821735984167118e-01
-6.740802813826400897e-01
-6.740751411316956432e-01
-6.740665132659386938e-01
-6.740549121198685656e-01
-6.740417263152387317e-01
-6.740291710513364176e-01
-6.740200300296473879e-01
-6.740171811563786530e-01
-6.740229496511995766e-01
-6.740383870917531217e-01
-6.740626238416739247e-01
-6.740924716325857879e-01
-6.741224495456116239e-01
-6.741453606745305693e-01
-6.741534558823834011e-01
-6.741400927837216672e-01
-6.741016512226847279e-01
-6.740393303248002344e-01
-6.739603626701521355e-01
-6.738781744960444797e-01
-6.738111248552184351e-01
-6.737796811435102784e-01
-6.738022170723998450e-01
-6.738900053325270756e-01
-6.740423458576086935e-01
-6.742430280859250669e-01
-6.744593766982516225e-01
-6.746449003740058181e-01
-6.747460214455598404e-01
-6.747125437286195515e-01
-6.745105236828835560e-01
-6.741352270045579687e-01
-6.736211149081582361e-01
-6.730455668979608008e-01
-6.725235283520648588e-01
-6.721915844956294350e-01
-6.721820459891506561e-01
-6.725902064606087416e-01
-6.734405094271446179e-01
-6.746593139113534754e-01
-6.760626389954308424e-01
-6.773662052639988218e-01
-6.782220557191817045e-01
-6.782811607684656741e-01
-6.772752057470382558e-01
-6.751041457447076732e-01
-6.719104399178184028e-01
-6.681178789018556996e-01
-6.644144561128687565e-01
-6.616662046675085840e-01
-6.607624075642022365e-01
-6.624101343487780458e-01
-6.669136641898874007e-01
-6.739870428685781345e-01
-6.826516620311935402e-01
-6.912636858885967683e-01
-6.976994454024374459e-01
-6.997028082787631886e-01
-6.953681183780752173e-01
-6.836949255103668133e-01
-6.651073831974617656e-01
-6.417913175530229886e-01
-6.176878328462565015e-01
-5.980222514381213772e-01
-5.883550884486467014e-01
-5.932952063841310242e-01
-6.151542640915808047e-01
-6.528779774740101072e-01
-7.015312002163818228e-01
-7.524723156463953844e-01
-7.942169127974250120e-01
-8.139555098953139556e-01
-7.997633034194395751e-01
-7.435641909489785206e-01
-6.446127920111047738e-01
-5.125199458375742090e-01
-3.680782886491210104e-01
-2.402490426552045810e-01
-1.591925990455169693e-01
-1.473817138480661704e-01
-2.120358532873226343e-01
-3.416659210994140716e-01
-5.079722609431718272e-01
-6.723016640898455965e-01
-7.939999806963866646e-01
-8.377528017537321237e-01
-7.791016683357145922e-01
-6.095759767417503472e-01
-3.419411664828925779e-01
-1.203207315953644906e-02
3.282242323464781286e-01
6.267963891103469631e-01
8.484295487514800227e-01
9.824327990106841435e-01
1.039449667889518203e+00
1.042341556048388851e+00
1.017063874862273121e+00
9.864643924234296479e-01
9.669709621753772577e-01
9.670694288210516243e-01
9.867195420293376484e-01
1.017357310471766141e+00
1.042485310889034178e+00
1.039206614582007360e+00
9.815594560713487571e-01
8.467497955686771327e-01
6.242952738235947319e-01
3.251181479158874454e-01
-1.531063927828482663e-02
-3.448682511109666393e-01
-6.117092829947080590e-01
-7.801974607562645048e-01
-8.377855220428354066e-01
-7.931226715393139282e-01
-6.707984720878510387e-01
-5.062145423201674932e-01
-3.400541886015360227e-01
-2.109202290499449517e-01
-1.469815645560264838e-01
-1.595474841165720747e-01
-2.412210052767679025e-01
-3.694047773164609860e-01
-5.138978978505697182e-01
-6.457822775691930417e-01
-7.443622163332682673e-01
-8.001364415562860488e-01
-8.139407729494020360e-01
-7.939091601999112013e-01
-7.519923536337053127e-01
-7.010003149260148891e-01
-6.523992715018676058e-01
-6.148000999149596524e-01
-5.931009147849617413e-01
-5.883194776315924246e-01
-5.981145813249169052e-01
-6.178593887045042976e-01
-6.419885374754986662e-01
-6.652833475208907998e-01
-6.838169436027923265e-01
-6.954206369998509052e-01
-6.996862280882918395e-01
-6.976262141962790153e-01
-6.911531859120972898e-01
-6.825251476631926106e-01
-6.738634805116103799e-01
-6.668069400362713894e-01
-6.623277750655758300e-01
-6.607056988990327451e-01
-6.616313918017745488e-01
-6.643945837601364923e-01
-6.681047978511670538e-01
-6.718965710512770917e-01
-6.750837275518721814e-01
-6.772449143517029757e-01
-6.782401390878372016e-01
-6.781714911611130825e-01
-6.773086434658154298e-01
-6.760012208106326304e-01
-6.745970888962150580e-01
-6.733799275995451250e-01
-6.725328346571800564e-01
-6.721285055676177178e-01
-6.721416697333518764e-01
-6.724764428770839686e-01
-6.730002091796389863e-01
-6.735763509947594319e-01
-6.740901051891451390e-01
-6.744644065950785583e-01
-6.746651537316592506e-01
-6.746974115659027937e-01
-6.745953733133908115e-01
-6.744093783779181450e-01
-6.741930405006715255e-01
-6.739927983873218453e-01
-6.738412159717790395e-01
-6.737543670982881761e-01
-6.737328199863488187e-01
-6.737651972862835903e-01
-6.738330600590687336e-01
-6.739159174053337420e-01
-6.739954227301407919e-01
-6.740581873235508281e-01
-6.740970283664682317e-01
-6.741107967442100390e-01
-6.741031537218232783e-01
-6.740807685611229783e-01
-6.740514015799865533e-01
-6.740222469008200212e-01
-6.739987725202578606e-01
-6.739841483550562673e-01
-6.739792247782876444e-01
-6.739829335932443488e-01
-6.739929377991243920e-01
-6.740063533276016150e-01
-6.740203955214598697e-01
-6.740328522038342429e-01
-6.740423401362426459e-01
-6.740483511067676403e-01
-6.740511302161786844e-01
-6.740514487655998588e-01
-6.740503379331903577e-01
-6.740488403938261763e-01
-6.740478199406624293e-01
-6.740478490528564182e-01
-6.740491755681325969e-01
-6.740517552055159678e-01
-6.740553281553669507e-01
-6.740595153986401744e-01
-6.740639128323767659e-01
-6.740681670179162754e-01
-6.740720235946779937e-01
-6.740753464616129342e-01
-6.740781114999960799e-01
-6.740803822196574924e-01
-6.740822761131992635e-01
-6.740839299851180133e-01
-6.740854706452713563e-01
-6.740869947878547208e-01
-6.740885592511073332e-01
-6.740901806625562154e-01
-6.740918420181628568e-01
-6.740935031167596403e-01
-6.740951118950183618e-01
-6.740966143824399515e-01
-6.740979619596680905e-01
-6.740991155944372482e-01
-6.741000475307075135e-01
