-6.740974845887806044e-01
-6.740979663131209110e-01
-6.740982797436314566e-01
-6.740984315072511279e-01
-6.740984325590091419e-01
-6.740982976094037626e-01
-6.740980440433198551e-01
-6.740976901924889964e-01
-6.740972529473636676e-01
-6.740967448848581567e-01
-6.740961713099531405e-01
-6.740955278099454162e-01
-6.740947990404271284e-01
-6.740939594457407980e-01
-6.740929764240704003e-01
-6.740918160687469074e-01
-6.740904510825703744e-01
-6.740888698450268057e-01
-6.740870850275637594e-01
-6.740851397408986756e-01
-6.740831091058440139e-01
-6.740810954838715174e-01
-6.740792164436167910e-01
-6.740775858415731792e-01
-6.740762900147759806e-01
-6.740753627625090116e-01
-6.740747641837532278e-01
-6.740743691452715236e-01
-6.740739708196212820e-01
-6.740733031083006033e-01
-6.740720828146264942e-01
-6.740700683933347204e-01
-6.740671275285149422e-01
-6.740633015117593052e-01
-6.740588514307800372e-01
-6.740542705813952207e-01
-6.740502501318180739e-01
-6.740475913045310685e-01
-6.740470669390981051e-01
-6.740492471890141557e-01
-6.740543163924609393e-01
-6.740619182843020640e-01
-6.740710718235305432e-01
-6.740801973613090858e-01
-6.740872809021559720e-01
-6.740901825619571852e-01
-6.740870657768929242e-01
-6.740768904006773088e-01
-6.740598816455378728e-01
-6.740378653485203930e-01
-6.740143559147248054e-01
-6.739943026825583328e-01
-6.739834462961117323e-01
-6.739873069831373575e-01
-6.740099134930964686e-01
-6.740524708951985966e-01
-6.741122387437172847e-01
-6.741819274532621087e-01
-6.742499010548416161e-01
-6.743013862289920501e-01
-6.743207290808505006e-01
-6.742945256319186065e-01
-6.742152088261007536e-01
-6.740844483508314777e-01
-6.739155642721978978e-01
-6.737341273886517934e-01
-6.735760638807951617e-01
-6.734829206675246871e-01
-6.734944653651739888e-01
-6.736394304160541191e-01
-6.739258597226616132e-01
-6.743330395039586200e-01
-6.748072430647181763e-01
-6.752633594900212533e-01
-6.755938257709814820e-01
-6.756851342613675593e-01
-6.754406339017837713e-01
-6.748065845224214820e-01
-6.737967673077609465e-01
-6.725097981978133133e-01
-6.711330684791053658e-01
-6.699283246407896630e-01
-6.691964848483358264e-01
-6.692232330698020260e-01
-6.702116887869363770e-01
-6.722131096260562932e-01
-6.750700539656637744e-01
-6.783877114106565687e-01
-6.815475389963082664e-01
-6.837726870759623932e-01
-6.842470701105753950e-01
-6.822796562796751285e-01
-6.774932372879011178e-01
-6.700040004738589960e-01
-6.605475571389221034e-01
-6.505033286096055800e-01
-6.417776346208367011e-01
-6.365295889671588325e-01
-6.367606155586744698e-01
-6.438287994201381537e-01
-6.579799485506252488e-01
-6.779970231456229346e-01
-7.010564249240804902e-01
-7.228528428049801891e-01
-7.380290138016735169e-01
-7.409305986442463743e-01
-7.266853395624229828e-01
-6.925418405925541920e-01
-6.392607420788726236e-01
-5.721497617622578469e-01
-5.011932563187860845e-01
-4.398251096939448934e-01
-4.023175886386305411e-01
-4.003574868305505574e-01
-4.398179427201648339e-01
-5.187353230289090122e-01
-6.270374911041088906e-01
-7.478414337266722223e-01
-8.595075444682834798e-01
-9.375761356241898437e-01
-9.565187948752942315e-01
-8.925513539378340244e-01
-7.293330597475745636e-01
-4.666702143704913874e-01
-1.282335089644249526e-01
2.387600832179268551e-01
5.754381861069188808e-01
8.287380629011523725e-01
9.631880374376575737e-01
9.625280196917235243e-01
8.268321897024965006e-01
5.725306556724940599e-01
2.352853436600232662e-01
-1.317128339483735755e-01
-4.696187634724884874e-01
-7.313997957518724169e-01
-8.936290506107098519e-01
-9.566975510527717663e-01
-9.370552865671925025e-01
-8.585252626454312752e-01
-7.466379999895450537e-01
-6.258378514605946741e-01
-5.177329930721257245e-01
-4.391541604383081276e-01
-4.001015584747099618e-01
-4.024584331768050749e-01
-4.402802091627000536e-01
-5.018338707575007440e-01
-5.728346588931902961e-01
-6.398677688451089862e-01
-6.929886311778632457e-01
-7.269359221536528803e-01
-7.409902342426056832e-01
-7.379324466744017208e-01
-7.226508877881450132e-01
-7.008039732217675732e-01
-6.777437626666176218e-01
-6.577640930650746620e-01
-6.436737743010977342e-01
-6.366745297882486776e-01
-6.365071406734981174e-01
-6.418038141597867119e-01
-6.505580282329113118e-01
-6.606101157237266319e-01
-6.700568639845725372e-01
-6.775242463285581218e-01
-6.822828576774233600e-01
-6.842222678242284584e-01
-6.837241309626916896e-01
-6.814821954005244597e-01
-6.783135064411228710e-01
-6.749943775248046229e-01
-6.721417529093953735e-01
-6.701482807759411298e-01
-6.691691519953575362e-01
-6.691511536486045575e-01
-6.698897586256433723e-01
-6.710985304272810703e-01
-6.724764290302210901e-01
-6.737620930684717901e-01
-6.747688433118490536e-01
-6.753989096817653026e-01
-6.756393200347653449e-01
-6.755444618940044110e-01
-6.752114027620067516e-01
-6.747538204822712826e-01
-6.742792304410790694e-01
-6.738725355410594142e-01
-6.735871645677755648e-01
-6.734435126745279554e-01
-6.734332535472707937e-01
-6.735274467050710312e-01
-6.736862082012301522e-01
-6.738679648197127836e-01
-6.740368379683219224e-01
-6.741673536212541284e-01
-6.742463104245821626e-01
-6.742721546332920424e-01
-6.742525478145680040e-01
-6.742009561310796650e-01
-6.741330602538601058e-01
-6.740636283535752504e-01
-6.740042673218388236e-01
-6.739622239123022052e-01
-6.739401921625561842e-01
-6.739369255090702504e-01
-6.739483643875102681e-01
-6.739689711210580247e-01
-6.739930008260629490e-01
-6.740155107940118961e-01
-6.740330004739960579e-01
-6.740436610603645073e-01
-6.740472838713872372e-01
-6.740449223122128020e-01
-6.740384213369299271e-01
-6.740299239375280305e-01
-6.740214425115199637e-01
-6.740145516527319414e-01
-6.740102254490633049e-01
-6.740088128484507113e-01
-6.740101230834817381e-01
-6.740135812773799806e-01
-6.740184119129710716e-01
-6.740238130451060572e-01
-6.740290943281814773e-01
-6.740337642477224334e-01
-6.740375638340893039e-01
-6.740404537094019100e-01
-6.740425675153242091e-01
-6.740441473409494177e-01
-6.740454761323095845e-01
-6.740468190733274190e-01
-6.740483816315224752e-01
-6.740502873830137576e-01
-6.740525747014481928e-01
-6.740552084598989691e-01
-6.740581012888050561e-01
-6.740611386146979633e-01
-6.740642024262198939e-01
-6.740671901118521214e-01
-6.740700263955370364e-01
-6.740726680135833426e-01
-6.740751020724944365e-01
-6.740773398599082533e-01
-6.740794082182179903e-01
-6.740813404919776541e-01
-6.740831686452481986e-01
-6.740849175589918030e-01
-6.740866019025463229e-01
-6.740882254408708807e-01
-6.740897822638723946e-01
-6.740912592348354826e-01
-6.740926389412830178e-01
-6.740939025535901408e-01
-6.740950321979704007e-01
-6.740960126714604650e-01
-6.740968325157483676e-01
