-6.741028862577530534e-01
-6.741033477898589199e-01
-6.741035838496900467e-01
-6.741036063019186786e-01
-6.741034355573939374e-01
-6.741031006315534313e-01
-6.741026380468803092e-01
-6.741020888539361877e-01
-6.741014933850664193e-01
-6.741008839389761587e-01
-6.741002763219658966e-01
-6.740996618865923162e-01
-6.740990022218862343e-01
-6.740982287726998701e-01
-6.740972492529142546e-01
-6.740959617070017007e-01
-6.740942755274408338e-01
-6.740921368545137460e-01
-6.740895539101415812e-01
-6.740866163892316187e-01
-6.740835025220105470e-01
-6.740804682337001585e-01
-6.740778151894086800e-01
-6.740758383629142925e-01
-6.740747586888202747e-01
-6.740746515527775706e-01
-6.740753862356383408e-01
-6.740765936880342979e-01
-6.740776789869004082e-01
-6.740778897086338040e-01
-6.740764421231572046e-01
-6.740726943792084702e-01
-6.740663415684695625e-01
-6.740575945329846386e-01
-6.740472959367374006e-01
-6.740369268940660241e-01
-6.740284679904626763e-01
-6.740241008455477578e-01
-6.740257690245787803e-01
-6.740346557907683778e-01
-6.740506737887558275e-01
-6.740720891094081901e-01
-6.740954096270169726e-01
-6.741156469234387272e-01
-6.741270084185854161e-01
-6.741239936533027777e-01
-6.741027658942521095e-01
-6.740625651145136787e-01
-6.740068449450790089e-01
-6.739437809510288035e-01
-6.738858341966876830e-01
-6.738481766391175576e-01
-6.738459915594858796e-01
-6.738909304959398439e-01
-6.739872937422131116e-01
-6.741287423590871519e-01
-6.742964753149633950e-01
-6.744597510202993140e-01
-6.745793557708243959e-01
-6.746141187725314126e-01
-6.745298917169914032e-01
-6.743096532608999771e-01
-6.739627182393407301e-01
-6.735306124726335719e-01
-6.730871998460252748e-01
-6.727312557384014235e-01
-6.725709090278546576e-01
-6.727011211338500551e-01
-6.731773704192167695e-01
-6.739905577072304865e-01
-6.750493616191802770e-01
-6.761763927683626108e-01
-6.771231979653864474e-01
-6.776063462544760219e-01
-6.773626643514745194e-01
-6.762166684533517103e-01
-6.741481838500440471e-01
-6.713442049987856652e-01
-6.682176190693049911e-01
-6.653778553458951084e-01
-6.635456577653282562e-01
-6.634156910535166096e-01
-6.654847176079617954e-01
-6.698763852728988333e-01
-6.762025331998087196e-01
-6.835024654282961798e-01
-6.902947698297798862e-01
-6.947616329380600364e-01
-6.950644806698471623e-01
-6.897627388889169264e-01
-6.782747427782097605e-01
-6.612841923758089324e-01
-6.409671434592871808e-01
-6.209119938930524052e-01
-6.056481739600592107e-01
-5.997936856348523582e-01
-6.069544802368809222e-01
-6.286120181634707871e-01
-6.632703733055251849e-01
-7.060828266466367964e-01
-7.490706035096346138e-01
-7.819515587513751198e-01
-7.935748164701990071e-01
-7.739922075481995289e-01
-7.171510224471669970e-01
-6.238734284598823621e-01
-5.041764007341040799e-01
-3.774753995130983864e-01
-2.694870456624616217e-01
-2.059824756216674380e-01
-2.052305998611217153e-01
-2.718253725090636896e-01
-3.941409258014513806e-01
-5.462942559491962280e-01
-6.937437832988022635e-01
-8.002388399421755949e-01
-8.339228321581753089e-01
-7.722419642237190462e-01
-6.069569420186987641e-01
-3.494050487673194261e-01
-3.254601073530397765e-02
2.952226603993413634e-01
5.848059102809770593e-01
8.024806543416799220e-01
9.378999269035873665e-01
1.001682865394229793e+00
1.016783634072202958e+00
1.008951794135067637e+00
9.992487455738595648e-01
9.993025518833311693e-01
1.009056959640934448e+00
1.016781667089906804e+00
1.001345029675511311e+00
9.369840800318285368e-01
8.008132041235251908e-01
5.823737103183300734e-01
2.922343448417383249e-01
-3.568230440854695817e-02
-3.522025807665696284e-01
-6.090098063638831327e-01
-7.733303369931278093e-01
-8.340282230090028115e-01
-7.995041743645947552e-01
-6.924259525596215825e-01
-5.447227881061833532e-01
-3.926690584575412424e-01
-2.707650423395290273e-01
-2.047851732119466417e-01
-2.062029218708080203e-01
-2.702698574128180597e-01
-3.786036854282893716e-01
-5.053891904771574684e-01
-6.249375985880425421e-01
-7.179110320194380668e-01
-7.743862131826624307e-01
-7.936225119965460983e-01
-7.817278600041830394e-01
-7.486776674448583080e-01
-7.056266477294141914e-01
-6.628433503093663637e-01
-6.282812428658870463e-01
-6.067557110530615860e-01
-5.997311911921541228e-01
-6.057000566138890374e-01
-6.210395011196437887e-01
-6.411255568265482596e-01
-6.614326994745153288e-01
-6.783833413337899687e-01
-6.898153576210285243e-01
-6.950586170014928511e-01
-6.947055222227609406e-01
-6.902033179124467122e-01
-6.833930286001754784e-01
-6.760913183585869346e-01
-6.697759151300828329e-01
-6.654025232776471510e-01
-6.633541679174944639e-01
-6.635028501724213879e-01
-6.653488289066428196e-01
-6.681960459965511356e-01
-6.713238279611462023e-01
-6.741239201839871464e-01
-6.761852393754567148e-01
-6.773227508021414378e-01
-6.775583602705674835e-01
-6.770688056406524158e-01
-6.761179339878850003e-01
-6.749892924907572311e-01
-6.739310059086236482e-01
-6.731198522840382559e-01
-6.726464303326459282e-01
-6.725191555443904567e-01
-6.726820134415244512e-01
-6.730397121207513100e-01
-6.734840070339886964e-01
-6.739161918774448923e-01
-6.742626014783905664e-01
-6.744819735347594714e-01
-6.745652604703215038e-01
-6.745297070573939013e-01
-6.744096122737153198e-01
-6.742462152703990741e-01
-6.740787228377996820e-01
-6.739378129894155744e-01
-6.738421907929695864e-01
-6.737980912101475539e-01
-6.738011220968198600e-01
-6.738395654915434463e-01
-6.738982027805340280e-01
-6.739618565514202686e-01
-6.740180839004834557e-01
-6.740587420507707650e-01
-6.740804153437289781e-01
-6.740838988794040088e-01
-6.740730559698312474e-01
-6.740534024509396982e-01
-6.740307350314866941e-01
-6.740100369704995487e-01
-6.739947890590443080e-01
-6.739867111143545975e-01
-6.739858766828392689e-01
-6.739910911980844244e-01
-6.740004035235001023e-01
-6.740116284732081686e-01
-6.740227854197713420e-01
-6.740323957733069804e-01
-6.740396208107156673e-01
-6.740442539473074923e-01
-6.740466037852083092e-01
-6.740473147351765393e-01
-6.740471717069896895e-01
-6.740469269637803240e-01
-6.740471741774060055e-01
-6.740482804246932247e-01
-6.740503741331546061e-01
-6.740533776695062373e-01
-6.740570681698850874e-01
-6.740611492105396119e-01
-6.740653182016644873e-01
-6.740693187668918007e-01
-6.740729725784102566e-01
-6.740761900436493814e-01
-6.740789630888108785e-01
-6.740813456393618397e-01
-6.740834282006056277e-01
-6.740853124205778979e-01
-6.740870900795932208e-01
-6.740888290687920836e-01
-6.740905670354618850e-01
-6.740923118258187463e-01
-6.740940468484523107e-01
-6.740957390733272048e-01
-6.740973475096847523e-01
-6.740988305239198342e-01
-6.741001510763792171e-01
-6.741012796846852506e-01
-6.741021955046728742e-01
