-6.741191306841802788e-01
-6.741196177595039085e-01
-6.741198796062639609e-01
-6.741199219042964819e-01
-6.741197531346395655e-01
-6.741193831170708695e-01
-6.741188214012249214e-01
-6.741180758349138991e-01
-6.741171515893539246e-01
-6.741160508166067489e-01
-6.741147729734210392e-01
-6.741133157014667088e-01
-6.741116760430981847e-01
-6.741098517243168109e-01
-6.741078422675002013e-01
-6.741056497988737739e-01
-6.741032795595904847e-01
-6.741007402656699066e-01
-6.740980445346862471e-01
-6.740952095587122717e-01
-6.740922580338130077e-01
-6.740892190788979610e-01
-6.740861285623321875e-01
-6.740830280162821708e-01
-6.740799612881260838e-01
-6.740769683695340131e-01
-6.740740765095660780e-01
-6.740712897087547395e-01
-6.740685788306742809e-01
-6.740658755590878126e-01
-6.740630738975768033e-01
-6.740600424837986937e-01
-6.740566494155124655e-01
-6.740527985353810259e-01
-6.740484724971604891e-01
-6.740437741007688777e-01
-6.740389543135131278e-01
-6.740344142236921465e-01
-6.740306699435107962e-01
-6.740282748290647996e-01
-6.740277022373870608e-01
-6.740292033673145333e-01
-6.740326664958791181e-01
-6.740375132586500229e-01
-6.740426712879339366e-01
-6.740466575971627572e-01
-6.740477918353097175e-01
-6.740445331874620472e-01
-6.740359021272372964e-01
-6.740219140471590542e-01
-6.740039238854451664e-01
-6.739847681777455524e-01
-6.739686016482341335e-01
-6.739603646306903117e-01
-6.739648851161331722e-01
-6.739857079728426292e-01
-6.740238393852587828e-01
-6.740766760838921012e-01
-6.741374325644722276e-01
-6.741953628197062676e-01
-6.742369810254631446e-01
-6.742483161041923356e-01
-6.742180036472938953e-01
-6.741407601625921675e-01
-6.740205511102981273e-01
-6.738726183079861709e-01
-6.737235357977110484e-01
-6.736086621998824686e-01
-6.735667661070441348e-01
-6.736321879841041804e-01
-6.738255842319751387e-01
-6.741449461141281185e-01
-6.745590380388936103e-01
-6.750054957662600108e-01
-6.753954407071368626e-01
-6.756255484017896773e-01
-6.755971047195269419e-01
-6.752398570081258322e-01
-6.745367033273421686e-01
-6.735438461666800603e-01
-6.724004076520992967e-01
-6.713220723987386451e-01
-6.705753532032293629e-01
-6.704325385746290333e-01
-6.711118659146144694e-01
-6.727121629780234979e-01
-6.751550464593987222e-01
-6.781496845218618619e-01
-6.811943094565529044e-01
-6.836247372781214526e-01
-6.847131903052913193e-01
-6.838111548225558334e-01
-6.805186087364030190e-01
-6.748501002060834919e-01
-6.673583157147878753e-01
-6.591717481189984795e-01
-6.519092785524818190e-01
-6.474538778067576716e-01
-6.475989717330200568e-01
-6.536173189843940134e-01
-6.658323731650210853e-01
-6.832856376807953103e-01
-7.035866083837624130e-01
-7.230099553302492543e-01
-7.368787502547222701e-01
-7.402496418681177026e-01
-7.288870434696161915e-01
-7.004520021449767153e-01
-6.557125580981308932e-01
-5.994235482800714943e-01
-5.404169762710739899e-01
-4.905261429198666812e-01
-4.623076048709460761e-01
-4.660156862138338241e-01
-5.066636133805257902e-01
-5.820382330832530871e-01
-6.821730500456707480e-01
-7.901921830026795712e-01
-8.839578947494963757e-01
-9.380095465667127597e-01
-9.260636906973997995e-01
-8.253428739210045828e-01
-6.238677589954192415e-01
-3.292896445017094442e-01
2.620206115834304572e-02
3.912452581087398906e-01
7.108105393638695091e-01
9.423789315570630931e-01
1.062283171302518925e+00
1.061734998745926362e+00
9.407671579239231807e-01
7.082690378048343005e-01
3.880713615078569823e-01
2.285616826053746969e-02
-3.322951487528870151e-01
-6.261361098593998253e-01
-8.266959035045833293e-01
-9.265350862859762504e-01
-9.377699006255530989e-01
-8.832356377773905587e-01
-7.892221058420577640e-01
-6.811693972951325948e-01
-5.811778651146821684e-01
-5.060709372146950935e-01
-4.657507361978773797e-01
-4.623630333222319422e-01
-4.908369389991335541e-01
-5.408816450944587961e-01
-5.999308131652072440e-01
-6.561657689991067244e-01
-7.007850812598104273e-01
-7.290697898878136796e-01
-7.402841482210551494e-01
-7.367906818413652026e-01
-7.228382986185265535e-01
-7.033742419921307221e-01
-6.830718315893389292e-01
-6.656475847458989126e-01
-6.534803529323146565e-01
-6.475164219748213990e-01
-6.474215789503242613e-01
-6.519152460324723064e-01
-6.591998783954081675e-01
-6.673920568258316921e-01
-6.748754266581065142e-01
-6.805258970408355479e-01
-6.837958612817417459e-01
-6.846754884830109633e-01
-6.835684273399192934e-01
-6.811253609595695480e-01
-6.780747441928360875e-01
-6.750801665639647453e-01
-6.726419111197183831e-01
-6.710488811965720224e-01
-6.703775135798160090e-01
-6.705273550148260764e-01
-6.712790755664440612e-01
-6.723599006261498090e-01
-6.735033880944484297e-01
-6.744943429945322588e-01
-6.751943697946169998e-01
-6.755480462708391975e-01
-6.755731572481243896e-01
-6.753404420030987287e-01
-6.749488641349811191e-01
-6.745017714782576279e-01
-6.740878889473980173e-01
-6.737693195024422321e-01
-6.735770024487336416e-01
-6.735126770773217642e-01
-6.735554866780338878e-01
-6.736709791489960963e-01
-6.738203614572324529e-01
-6.739683205232396279e-01
-6.740883718746790709e-01
-6.741653795992010867e-01
-6.741954766905681184e-01
-6.741840212913587926e-01
-6.741424209740028983e-01
-6.740846587394389022e-01
-6.740242071840540916e-01
-6.739717831782749968e-01
-6.739341369594779030e-01
-6.739138386733705133e-01
-6.739098567121841743e-01
-6.739186309780290651e-01
-6.739353282330529105e-01
-6.739550107727371175e-01
-6.739735313469907840e-01
-6.739880626711975964e-01
-6.739972583715855281e-01
-6.740011094006036485e-01
-6.740005988381260194e-01
-6.739972684623611876e-01
-6.739927976716661995e-01
-6.739886674191625238e-01
-6.739859477062465354e-01
-6.739852147135062532e-01
-6.739865784062095688e-01
-6.739897862700485742e-01
-6.739943639530001640e-01
-6.739997572621562183e-01
-6.740054492793254859e-01
-6.740110380871521256e-01
-6.740162718864710634e-01
-6.740210471101627521e-01
-6.740253804775235835e-01
-6.740293677072518586e-01
-6.740331404504985580e-01
-6.740368299541249497e-01
-6.740405421460835544e-01
-6.740443452207571795e-01
-6.740482680537095428e-01
-6.740523061943266558e-01
-6.740564317491082313e-01
-6.740606039249514847e-01
-6.740647779832182884e-01
-6.740689114892575162e-01
-6.740729677322484514e-01
-6.740769168601529193e-01
-6.740807355728926087e-01
-6.740844061940201026e-01
-6.740879157092248830e-01
-6.740912550495227196e-01
-6.740944186202895150e-01
-6.740974039061152778e-01
-6.741002109393124941e-01
-6.741028414881645725e-01
-6.741052979535733236e-01
-6.741075821041507821e-01
-6.741096938814132855e-01
-6.741116305383201279e-01
-6.741133863286918881e-01
-6.741149528562963011e-01
-6.741163200500664976e-01
-6.741174775919658302e-01
-6.741184165199560763e-01
