-6.741059157505961963e-01
-6.741064000563063985e-01
-6.741066908734644203e-01
-6.741067937030182922e-01
-6.741067176852513221e-01
-6.741064751805679878e-01
-6.741060809388079722e-01
-6.741055507299321681e-01
-6.741048994126770388e-01
-6.741041385788207885e-01
-6.741032740982787486e-01
-6.741023040602530658e-01
-6.741012177078172796e-01
-6.740999959509287320e-01
-6.740986138839361042e-01
-6.740970454213697227e-01
-6.740952697263904447e-01
-6.740932786018850598e-01
-6.740910835391114020e-01
-6.740887207878277776e-01
-6.740862527412555538e-01
-6.740837642121408901e-01
-6.740813528559058687e-01
-6.740791140432332851e-01
-6.740771217790005876e-01
-6.740754086003472034e-01
-6.740739484869209264e-01
-6.740726473731035728e-01
-6.740713455832838541e-01
-6.740698352292062712e-01
-6.740678932876100760e-01
-6.740653279072533755e-01
-6.740620319067611721e-01
-6.740580340664982240e-01
-6.740535364808972751e-01
-6.740489257312985982e-01
-6.740447476203511590e-01
-6.740416399953629289e-01
-6.740402255887394389e-01
-6.740409760072666456e-01
-6.740440675650927194e-01
-6.740492576239707212e-01
-6.740558142822943299e-01
-6.740625306030340047e-01
-6.740678456953275166e-01
-6.740700786078591689e-01
-6.740677584314318516e-01
-6.740600082417167460e-01
-6.740469161348937588e-01
-6.740298093006649172e-01
-6.740113427126349643e-01
-6.739953274484465906e-01
-6.739862573507907628e-01
-6.739885455294882810e-01
-6.740055484119296114e-01
-6.740385243818470817e-01
-6.740857324419136098e-01
-6.741419078855780400e-01
-6.741983418015040641e-01
-6.742437290377351067e-01
-6.742658327923941597e-01
-6.742538520123356749e-01
-6.742011914112180371e-01
-6.741081559813754120e-01
-6.739839634537347912e-01
-6.738474323218174300e-01
-6.737257960207797547e-01
-6.736513347805431762e-01
-6.736558978339342030e-01
-6.737638688162469469e-01
-6.739846307792527469e-01
-6.743060114274262995e-01
-6.746904190753456598e-01
-6.750753099950420610e-01
-6.753791865181419940e-01
-6.755134970786687010e-01
-6.753996528641912356e-01
-6.749890333414212407e-01
-6.742825507909219196e-01
-6.733453769351613882e-01
-6.723121292102510749e-01
-6.713784629100369994e-01
-6.707767859088232809e-01
-6.707366494939618340e-01
-6.714339268107276659e-01
-6.729365422848481160e-01
-6.751574568837273027e-01
-6.778270447128709186e-01
-6.804963076447019255e-01
-6.825792633299269108e-01
-6.834373122073030826e-01
-6.825006986370808493e-01
-6.794128712825155958e-01
-6.741736809589442547e-01
-6.672489036414666064e-01
-6.596096163800285739e-01
-6.526691136226072665e-01
-6.480999316014177669e-01
-6.475385718698689619e-01
-6.522155729864020923e-01
-6.625749812875039169e-01
-6.779613417645424800e-01
-6.964500264435377064e-01
-7.148812728071334277e-01
-7.291381803128967887e-01
-7.346905083632230271e-01
-7.274044055164275990e-01
-7.045729878651015854e-01
-6.660303994901415336e-01
-6.150760514590641881e-01
-5.588181647155903153e-01
-5.075595267542809541e-01
-4.730807617968734169e-01
-4.660839526491673546e-01
-4.934463984019005767e-01
-5.560716682701147828e-01
-6.479088168930035030e-01
-7.562233808970344473e-01
-8.626944877564419745e-01
-9.447483494922374048e-01
-9.770366325658828011e-01
-9.340278327778311906e-01
-7.954273152788368106e-01
-5.550785801779511974e-01
-2.303136426995563424e-01
1.352498640570777011e-01
4.810008676416589468e-01
7.472684388257059274e-01
8.906716575870325947e-01
8.898319793431826996e-01
7.448695837934837805e-01
4.774149548839665691e-01
1.310847257878415828e-01
-2.343384599894192677e-01
-5.583434910634353932e-01
-7.975833147938733436e-01
-9.350283234389259457e-01
-9.770527716966518339e-01
-9.440548663002250596e-01
-8.615869008605706592e-01
-7.549756004828694911e-01
-6.467529580851045790e-01
-5.551831416072536829e-01
-4.929299034513693334e-01
-4.659654499777448611e-01
-4.733118908772795397e-01
-5.080363977790912644e-01
-5.594103541519009903e-01
-6.156575266086063980e-01
-6.665038291983997887e-01
-7.048822676287869182e-01
-7.275351098953706241e-01
-7.346617193447756433e-01
-7.289903551569473228e-01
-7.146639578055689057e-01
-6.962116156928641608e-01
-6.777417545028530110e-01
-6.624013956399628089e-01
-6.521010239196547431e-01
-6.474830197017209521e-01
-6.480931979168527146e-01
-6.526948886146509698e-01
-6.596496593696598021e-01
-6.672866509712384042e-01
-6.741967284998713339e-01
-6.794141307678210895e-01
-6.824783354220311793e-01
-6.833937815013492179e-01
-6.825198474460220099e-01
-6.804275372005210709e-01
-6.777553018799615803e-01
-6.750879479769423819e-01
-6.728727179686159188e-01
-6.713773365741022570e-01
-6.706871502568573229e-01
-6.707329855659117657e-01
-6.713382680557558047e-01
-6.722732787909553309e-01
-6.733058735630917946e-01
-6.742409402244906591e-01
-6.749445212552761530e-01
-6.753520793324220284e-01
-6.754632090612067152e-01
-6.753268562467849012e-01
-6.750217442938581947e-01
-6.746363946171769488e-01
-6.742521574204950463e-01
-6.739313668762918486e-01
-6.737113945530764925e-01
-6.736042220224074395e-01
-6.736003294227971283e-01
-6.736752591133639001e-01
-6.737971464818245382e-01
-6.739337414705589557e-01
-6.740578690272663875e-01
-6.741507797898904641e-01
-6.742033213757946397e-01
-6.742152404603630744e-01
-6.741931654739939939e-01
-6.741479117174942193e-01
-6.740917142399995843e-01
-6.740358651757614172e-01
-6.739890543916499110e-01
-6.739565262308327975e-01
-6.739400035505885844e-01
-6.739382141839794782e-01
-6.739477930754199653e-01
-6.739643233842647074e-01
-6.739833114922723079e-01
-6.740009492428429283e-01
-6.740145860049845394e-01
-6.740228992640219241e-01
-6.740258051303280595e-01
-6.740241837739950892e-01
-6.740195081705344649e-01
-6.740134601503472433e-01
-6.740076004305115553e-01
-6.740031349370750879e-01
-6.740007939735518372e-01
-6.740008182446608487e-01
-6.740030293987661070e-01
-6.740069538843678210e-01
-6.740119672690223496e-01
-6.740174303502983744e-01
-6.740227963605904815e-01
-6.740276781351864921e-01
-6.740318733218978453e-01
-6.740353531165448331e-01
-6.740382247990281961e-01
-6.740406803275520442e-01
-6.740429427413308083e-01
-6.740452197817785596e-01
-6.740476707783984445e-01
-6.740503892514919659e-01
-6.740534005086167291e-01
-6.740566711862510108e-01
-6.740601264036057971e-01
-6.740636699266998599e-01
-6.740672032995943530e-01
-6.740706410034733587e-01
-6.740739200442779078e-01
-6.740770036681437150e-01
-6.740798799533092023e-01
-6.740825567086402570e-01
-6.740850543921655946e-01
-6.740873986915315585e-01
-6.740896140755445742e-01
-6.740917191487203475e-01
-6.740937241342896957e-01
-6.740956303700137431e-01
-6.740974313878567159e-01
-6.740991149892699985e-01
-6.741006657157146975e-01
-6.741020672168432926e-01
-6.741033041896471456e-01
-6.741043637503618680e-01
-6.741052362627297789e-01
