-6.740831348187001915e-01
-6.740835871904291565e-01
-6.740838925011151117e-01
-6.740840659401127200e-01
-6.740841321258407293e-01
-6.740841234848755636e-01
-6.740840773923079121e-01
-6.740840318037905066e-01
-6.740840194118028483e-01
-6.740840608108632503e-01
-6.740841576703265892e-01
-6.740842873633010601e-01
-6.740844007436429530e-01
-6.740844246693096231e-01
-6.740842703527681889e-01
-6.740838476657258216e-01
-6.740830842218532570e-01
-6.740819465988566739e-01
-6.740804597251568442e-01
-6.740787195889794692e-01
-6.740768943700092830e-01
-6.740752101101297189e-01
-6.740739192361266952e-01
-6.740732535002854631e-01
-6.740733668198675144e-01
-6.740742774118705372e-01
-6.740758216711504325e-01
-6.740776334896626532e-01
-6.740791613333686483e-01
-6.740797308774405527e-01
-6.740786533807521241e-01
-6.740753699800304810e-01
-6.740696111699577830e-01
-6.740615410265546892e-01
-6.740518497313305879e-01
-6.740417581206259445e-01
-6.740329061748906447e-01
-6.740271142381197844e-01
-6.740260302723759533e-01
-6.740307055584570106e-01
-6.740411699596279282e-01
-6.740560997397645471e-01
-6.740726790746206509e-01
-6.740867448266619766e-01
-6.740932693757657468e-01
-6.740871788323314906e-01
-6.740644294559500205e-01
-6.740231846778643732e-01
-6.739648646183452607e-01
-6.738947979587290860e-01
-6.738222105124432870e-01
-6.737593492050735211e-01
-6.737196686660618106e-01
-6.737151915787336076e-01
-6.737533696793333027e-01
-6.738339819388019514e-01
-6.739467620256763825e-01
-6.740704981987847288e-01
-6.741742526772906974e-01
-6.742210808062272243e-01
-6.741741991293725977e-01
-6.740049990151167902e-01
-6.737017113606363905e-01
-6.732770153415004177e-01
-6.727725883281164831e-01
-6.722586504184501210e-01
-6.718270657197074058e-01
-6.715775515565710618e-01
-6.715979400429281654e-01
-6.719410389006794659e-01
-6.726021496482581519e-01
-6.735023608277880269e-01
-6.744829901827312790e-01
-6.753157346853111420e-01
-6.757310786128474245e-01
-6.754643716265043007e-01
-6.743150004289107935e-01
-6.722097653777229231e-01
-6.692577425764100196e-01
-6.657816335772392957e-01
-6.623110737534099179e-01
-6.595275639127657907e-01
-6.581588640940266854e-01
-6.588319190450203644e-01
-6.619054690913810379e-01
-6.673134571647452162e-01
-6.744554205944891523e-01
-6.821687554891829874e-01
-6.888101788476982401e-01
-6.924609122426564900e-01
-6.912525391785452333e-01
-6.837870738269635762e-01
-6.695940675181445423e-01
-6.495317916420044746e-01
-6.260095625594812585e-01
-6.029044180634474115e-01
-5.850885446280219560e-01
-5.775786357333944077e-01
-5.844394168833138004e-01
-6.076707486911123723e-01
-6.463322636277956112e-01
-6.960960586994111576e-01
-7.493019512471552623e-01
-7.954985146914306249e-01
-8.224656154151936960e-01
-8.178403312941984193e-01
-7.715758296481550760e-01
-6.792843544844494597e-01
-5.458384755939021948e-01
-3.876410897815804613e-01
-2.315628342887942059e-01
-1.095822648255825593e-01
-5.039160881178922358e-02
-7.100992930287128302e-02
-1.714843650795532526e-01
-3.344651822144955600e-01
-5.297179987977285176e-01
-7.216920395231540830e-01
-8.766992337882878461e-01
-9.667272331757794657e-01
-9.699002132461723713e-01
-8.708403564530280416e-01
-6.645065482646154154e-01
-3.633215286336370364e-01
-1.927999109011291432e-03
3.675553349124197622e-01
6.902131196955698655e-01
9.237986659847209348e-01
1.044768927551990467e+00
1.044300155309854761e+00
9.224200940912903324e-01
6.880369593993449495e-01
3.648296570036008712e-01
-4.819127789777992443e-03
-3.659474827749282788e-01
-6.665210578073785808e-01
-8.720620206870750568e-01
-9.703049453469411167e-01
-9.663917639795364112e-01
-8.757548147435960662e-01
-7.203130022782492370e-01
-5.281281858951487607e-01
-3.329297574773517066e-01
-1.702699367964184973e-01
-7.032423017522222708e-02
-5.033024126971507445e-02
-1.101055458328531189e-01
-2.325115663487212769e-01
-3.887862385095273154e-01
-5.469471909291849787e-01
-6.801772721533680954e-01
-7.721561823531192248e-01
-8.180920737472577864e-01
-8.224321709566571048e-01
-7.952567568640347417e-01
-7.489403749288379153e-01
-6.956993451988736643e-01
-6.459709998756750782e-01
-6.073948537988294039e-01
-5.842748735052164522e-01
-5.775277884293895658e-01
-5.851339942604510957e-01
-6.030157327236485010e-01
-6.261512504962775116e-01
-6.496707102210090845e-01
-6.697048022882537976e-01
-6.838546019052622604e-01
-6.912723136266615276e-01
-6.924370588522181791e-01
-6.887526824608661835e-01
-6.820904160158181018e-01
-6.743691351832540315e-01
-6.672301553341259961e-01
-6.618328426113262442e-01
-6.587739490898756323e-01
-6.581160419055317456e-01
-6.594976231512734710e-01
-6.622900084146986499e-01
-6.657647718162048589e-01
-6.692406833435919911e-01
-6.721890501255050054e-01
-6.742884680340445192e-01
-6.754312128697573803e-01
-6.756916546901625686e-01
-6.752712480299245534e-01
-6.744350978609882086e-01
-6.734528071298961915e-01
-6.725524721930449257e-01
-6.718923775902670981e-01
-6.715509549504101727e-01
-6.715324372119945151e-01
-6.717836368879249731e-01
-6.722164688025646928e-01
-6.727311001218155839e-01
-6.732356747975725142e-01
-6.736600736417175384e-01
-6.739627745524290336e-01
-6.741312698315610197e-01
-6.741774845746032474e-01
-6.741301462672495415e-01
-6.740261095552391168e-01
-6.739023422541190467e-01
-6.737897647141580793e-01
-6.737095428564502386e-01
-6.736718826939372962e-01
-6.736769434010733137e-01
-6.737172200280270307e-01
-6.737806517318986055e-01
-6.738537632773774488e-01
-6.739243037853210883e-01
-6.739830567768662073e-01
-6.740247114811368512e-01
-6.740478692749605205e-01
-6.740543874099600430e-01
-6.740483262517571461e-01
-6.740347704224234349e-01
-6.740187519219896783e-01
-6.740044325852759810e-01
-6.739946226815050068e-01
-6.739906379245403922e-01
-6.739924397326823025e-01
-6.739989688860659189e-01
-6.740085712736296752e-01
-6.740194226825220181e-01
-6.740298815537075772e-01
-6.740387274012260566e-01
-6.740452717335897459e-01
-6.740493528343625140e-01
-6.740512426137676982e-01
-6.740515018971279249e-01
-6.740508206403509339e-01
-6.740498735222772986e-01
-6.740492116223110175e-01
-6.740491999566945447e-01
-6.740500006374265940e-01
-6.740515938003179830e-01
-6.740538239429382239e-01
-6.740564579467872575e-01
-6.740592423236217989e-01
-6.740619502917885031e-01
-6.740644132144741896e-01
-6.740665348529565337e-01
-6.740682901426308105e-01
-6.740697123938559354e-01
-6.740708738314261650e-01
-6.740718643230165785e-01
-6.740727722737250849e-01
-6.740736703229396332e-01
-6.740746070141669932e-01
-6.740756043032843925e-01
-6.740766598172095447e-01
-6.740777522585328363e-01
-6.740788482597618314e-01
-6.740799092362440570e-01
-6.740808972385136100e-01
-6.740817793200486463e-01
-6.740825303894825149e-01
