-6.741078085598704028e-01
-6.741082937161460009e-01
-6.741085809353120073e-01
-6.741086751282343581e-01
-6.741085845622383221e-01
-6.741083205913507292e-01
-6.741078970058003161e-01
-6.741073288483141468e-01
-6.741066306457834667e-01
-6.741058141664463266e-01
-6.741048860045705249e-01
-6.741038454727187323e-01
-6.741026833953275288e-01
-6.741013823988352138e-01
-6.740999191492701437e-01
-6.740982686891759945e-01
-6.740964105958966446e-01
-6.740943361825174618e-01
-6.740920554838174539e-01
-6.740896024263735020e-01
-6.740870364911213386e-01
-6.740844394329035261e-01
-6.740819062710003973e-01
-6.740795307810883985e-01
-6.740773869887856096e-01
-6.740755094859373076e-01
-6.740738764908668079e-01
-6.740724001487484740e-01
-6.740709283380862393e-01
-6.740692610255994976e-01
-6.740671819653674124e-01
-6.740645034516157263e-01
-6.740611183260489803e-01
-6.740570501427549654e-01
-6.740524900809433673e-01
-6.740478086598986618e-01
-6.740435321952209513e-01
-6.740402785538897046e-01
-6.740386539349239037e-01
-6.740391213354649524e-01
-6.740418606576713545e-01
-6.740466481738044413e-01
-6.740527871651056380e-01
-6.740591200092918012e-01
-6.740641434617670180e-01
-6.740662331087646786e-01
-6.740639612011146697e-01
-6.740564672001986279e-01
-6.740438168133595642e-01
-6.740272685387904694e-01
-6.740093624333592937e-01
-6.739937586282618298e-01
-6.739847854207327016e-01
-6.739867074382938084e-01
-6.740027879661291133e-01
-6.740342861823098719e-01
-6.740795862833763863e-01
-6.741336860595923408e-01
-6.741882631430911044e-01
-6.742324779899676601e-01
-6.742545614842936352e-01
-6.742440801590880994e-01
-6.741945935534984224e-01
-6.741062474631644985e-01
-6.739877230041775302e-01
-6.738569256510253958e-01
-6.737398854363807477e-01
-6.736675678345094287e-01
-6.736706575156692356e-01
-6.737728353031382511e-01
-6.739835506930391684e-01
-6.742917004366106859e-01
-6.746618483083838269e-01
-6.750345612127764960e-01
-6.753320227764713080e-01
-6.754693015014077151e-01
-6.753705507692389087e-01
-6.749881369229040473e-01
-6.743214436570335035e-01
-6.734311660202589866e-01
-6.724445961351697143e-01
-6.715479951653774426e-01
-6.709638053879428687e-01
-6.709131367045643168e-01
-6.715673445114734852e-01
-6.729960125220415534e-01
-6.751215031278724465e-01
-6.776916716612962910e-01
-6.802817650660923920e-01
-6.823336322168014334e-01
-6.832351522617220452e-01
-6.824354819414951701e-01
-6.795828546719779872e-01
-6.746622441597505127e-01
-6.681020839793007093e-01
-6.608152809105971581e-01
-6.541433786991923682e-01
-6.496864254233025715e-01
-6.490244886536151725e-01
-6.533652583265873171e-01
-6.631777399516488591e-01
-6.778864147220331482e-01
-6.956992522302903881e-01
-7.136291276339904455e-01
-7.277491041393080451e-01
-7.337038057517928369e-01
-7.274776966018613455e-01
-7.063785051340786270e-01
-6.701084308607966333e-01
-6.216688090761659513e-01
-5.677304715089538378e-01
-5.181059483853052150e-01
-4.841662543630458337e-01
-4.764232763695714912e-01
-5.018731980001104320e-01
-5.618487527689639549e-01
-6.509471628532267351e-01
-7.571516630693725380e-01
-8.627769577275866686e-01
-9.456923905792652407e-01
-9.807274394931138062e-01
-9.421796726122659837e-01
-8.091192622176023308e-01
-5.742477899573631417e-01
-2.535037500644723996e-01
1.104970721068344458e-01
4.570815160592250348e-01
7.253735106045762215e-01
8.703448849539168197e-01
8.694899981574615300e-01
7.229370962745800266e-01
4.534561744563647689e-01
1.063132968219755864e-01
-2.575136812081804671e-01
-5.774677181800829118e-01
-8.112153912450871251e-01
-9.431232694009514805e-01
-9.807036183667576790e-01
-9.449837975219602670e-01
-8.616811341597722107e-01
-7.559391179696562935e-01
-6.498417908885124605e-01
-5.610143536814730103e-01
-5.014020137868085980e-01
-4.763310500755857935e-01
-4.843992115738536830e-01
-5.185607032366321700e-01
-5.682823519541129187e-01
-6.222007036477024133e-01
-6.705324887960635305e-01
-7.066464411430923853e-01
-7.275799657504348206e-01
-7.336611501137902946e-01
-7.276008573296331994e-01
-7.134217350876050912e-01
-6.954769456916312098e-01
-6.776847628501085907e-01
-6.630201224463770915e-01
-6.532620009514832349e-01
-6.489742099224774519e-01
-6.496789702535002986e-01
-6.541635734630210086e-01
-6.608467130286413971e-01
-6.681302308698822134e-01
-6.746765267463969984e-01
-6.795774923604545048e-01
-6.824092906394261249e-01
-6.831905948802714512e-01
-6.822754874733301111e-01
-6.802157471573546665e-01
-6.776232481169702782e-01
-6.750550558865550110e-01
-6.729343917440635536e-01
-6.715117883586400049e-01
-6.708634782571725186e-01
-6.709188608169557311e-01
-6.715060233265981449e-01
-6.724037346327653708e-01
-6.733897761839467977e-01
-6.742783293978423798e-01
-6.749426330889537473e-01
-6.753225002425714552e-01
-6.754189542856667838e-01
-6.752798947096260163e-01
-6.749812865662421224e-01
-6.746080522073679697e-01
-6.742379066378648700e-01
-6.739301301661286825e-01
-6.737199928898740531e-01
-6.736184484989903298e-01
-6.736159336571360123e-01
-6.736886976938096794e-01
-6.738060291669951685e-01
-6.739369714961563895e-01
-6.740555282879928667e-01
-6.741438407169291214e-01
-6.741932768199836445e-01
-6.742037344426151657e-01
-6.741816871517466447e-01
-6.741375888553482465e-01
-6.740832167058075086e-01
-6.740294078272355272e-01
-6.739844746107989115e-01
-6.739534049286263206e-01
-6.739377988708941114e-01
-6.739363826066959717e-01
-6.739458809682714602e-01
-6.739620211577822539e-01
-6.739804706553312874e-01
-6.739975687136904314e-01
-6.740107775174557503e-01
-6.740188426904052399e-01
-6.740217034936978324e-01
-6.740202253351753603e-01
-6.740158399843515502e-01
-6.740101745376644304e-01
-6.740047333767519300e-01
-6.740006737676068616e-01
-6.739986908391065734e-01
-6.739990058892734170e-01
-6.740014361931968567e-01
-6.740055159620557124e-01
-6.740106365774477526e-01
-6.740161783458816780e-01
-6.740216138050753036e-01
-6.740265719323355054e-01
-6.740308615561521055e-01
-6.740344594518911103e-01
-6.740374732234767352e-01
-6.740400909530763762e-01
-6.740425290551231852e-01
-6.740449874457405954e-01
-6.740476178280795372e-01
-6.740505073749568643e-01
-6.740536769965554953e-01
-6.740570911314152092e-01
-6.740606747760796713e-01
-6.740643332424263168e-01
-6.740679707122706477e-01
-6.740715047650429614e-01
-6.740748753807801474e-01
-6.740780481943511315e-01
-6.740810127953676956e-01
-6.740837775178897262e-01
-6.740863624189447068e-01
-6.740887920517164567e-01
-6.740910892933745791e-01
-6.740932710060516531e-01
-6.740953458068310589e-01
-6.740973137916150826e-01
-6.740991677583728636e-01
-6.741008953313100127e-01
-6.741024813897924517e-01
-6.741039103204922167e-01
-6.741051677902900607e-01
-6.741062419300402064e-01
-6.741071239813603011e-01
