-6.741046087388159469e-01
-6.741050750492141308e-01
-6.741053189061622097e-01
-6.741053506931248274e-01
-6.741051881561105352e-01
-6.741048563304852248e-01
-6.741043865328562035e-01
-6.741038138577132299e-01
-6.741031728783077881e-01
-6.741024917014958318e-01
-6.741017850919981402e-01
-6.741010479453706239e-01
-6.741002508069896537e-01
-6.740993392600170830e-01
-6.740982387199421222e-01
-6.740968654187614595e-01
-6.740951431700560326e-01
-6.740930240183783395e-01
-6.740905093445379581e-01
-6.740876667634835284e-01
-6.740846375944983260e-01
-6.740816301515085707e-01
-6.740788958177442725e-01
-6.740766878413400054e-01
-6.740752067364026434e-01
-6.740745405000356794e-01
-6.740746116801763499e-01
-6.740751456030911193e-01
-6.740756737652083830e-01
-6.740755827523047250e-01
-6.740742118442667463e-01
-6.740709922293568468e-01
-6.740656089004600782e-01
-6.740581550790140097e-01
-6.740492412208280992e-01
-6.740400192031643645e-01
-6.740320895147663416e-01
-6.740272762235191006e-01
-6.740272802948271691e-01
-6.740332532529775822e-01
-6.740453646781372488e-01
-6.740624613326541281e-01
-6.740819249468749108e-01
-6.740998230620711684e-01
-6.741114089800118725e-01
-6.741119637094002970e-01
-6.740978917298463546e-01
-6.740678965696880187e-01
-6.740239899345512598e-01
-6.739720503045174560e-01
-6.739216629539913628e-01
-6.738850562403303490e-01
-6.738751003037060094e-01
-6.739025401711661312e-01
-6.739728648642897557e-01
-6.740834217082952717e-01
-6.742215160005666785e-01
-6.743642369634165190e-01
-6.744805815261288862e-01
-6.745360946113855283e-01
-6.744997323943877632e-01
-6.743520511587193234e-01
-6.740932387925334668e-01
-6.737490798281995374e-01
-6.733728287574093363e-01
-6.730412874614180030e-01
-6.728442054761523128e-01
-6.728674097308261493e-01
-6.731716605541946397e-01
-6.737708361982935878e-01
-6.746142946316473488e-01
-6.755787563251901551e-01
-6.764744706972048993e-01
-6.770685982236166467e-01
-6.771257003208950298e-01
-6.764612742333397932e-01
-6.749999717350025907e-01
-6.728263515066892353e-01
-6.702138233270485967e-01
-6.676180085495976302e-01
-6.656249705799625049e-01
-6.648528490924774381e-01
-6.658164193587848834e-01
-6.687758301871147282e-01
-6.736003106107558702e-01
-6.796821624973853337e-01
-6.859341264521842119e-01
-6.908939451916161767e-01
-6.929443958716957619e-01
-6.906360255862867836e-01
-6.830737631985911440e-01
-6.702989397269268901e-01
-6.535705263016247102e-01
-6.354356140514233475e-01
-6.194955993425995677e-01
-6.098324046557830336e-01
-6.101520498518204771e-01
-6.228019680027221394e-01
-6.478824502660435192e-01
-6.826714055901976774e-01
-7.215177674269109831e-01
-7.562718741586694771e-01
-7.772657056228536865e-01
-7.748551853456159266e-01
-7.415328392494230370e-01
-6.744739079030557249e-01
-5.779870734255823095e-01
-4.648310273880634780e-01
-3.551817654776885380e-01
-2.726643921190992081e-01
-2.381985486634908555e-01
-2.636295678775339990e-01
-3.474116336267647487e-01
-4.738729289331625738e-01
-6.162282225033444139e-01
-7.420326369622600726e-01
-8.190147646586880548e-01
-8.199873235025736395e-01
-7.272894457334559970e-01
-5.378583115096478018e-01
-2.679587398506607654e-01
4.660155637698608355e-02
3.587678216227564443e-01
6.253066435665314282e-01
8.204948529552928971e-01
9.409179620986628523e-01
1.000852773351795122e+00
1.022750460867360989e+00
1.027557764212558622e+00
1.027553884516663407e+00
1.022674654300114394e+00
1.000530378624895800e+00
9.401170914631223896e-01
8.190115817911275409e-01
6.230666401714104463e-01
3.559074525919175835e-01
4.347481787654921409e-02
-2.708777585950026268e-01
-5.401394479172223484e-01
-7.286710475836505330e-01
-8.204103439762762129e-01
-8.185875002564134695e-01
-7.409771603788922745e-01
-6.148357168753981750e-01
-4.724624901434498758e-01
-3.462800181764588148e-01
-2.629947936166011635e-01
-2.381554165649328036e-01
-2.731702738961415688e-01
-3.560793760037025968e-01
-4.659005620436278416e-01
-5.790090224654272921e-01
-6.752806455816455777e-01
-7.420344504896446702e-01
-7.750385438747754430e-01
-7.771762396883217239e-01
-7.559895502599416339e-01
-7.211349127733746034e-01
-6.822752572206167709e-01
-6.475427569871560207e-01
-6.225634999274356485e-01
-6.100320815405472219e-01
-6.098230687673000805e-01
-6.195702837805826535e-01
-6.355577242721811571e-01
-6.537024787029762640e-01
-6.704094529134654312e-01
-6.831422652111627247e-01
-6.906539423307815895e-01
-6.929138591306004402e-01
-6.908248606638333067e-01
-6.858405867466212946e-01
-6.795790113809423438e-01
-6.735004037106967489e-01
-6.686882793945782000e-01
-6.657458855158500111e-01
-6.647997681819397542e-01
-6.655864694134959736e-01
-6.675891970103184914e-01
-6.701891473272219013e-01
-6.728007472182908622e-01
-6.749696569937234658e-01
-6.764241197338499711e-01
-6.770812158724620611e-01
-6.770176317470661953e-01
-6.764187450900405185e-01
-6.755203662671948051e-01
-6.745552612396498171e-01
-6.737127825613580256e-01
-6.731156345585546097e-01
-6.728138487693009484e-01
-6.727930146251978050e-01
-6.729919901402678928e-01
-6.733247463722752402e-01
-6.737015024992547563e-01
-6.740455600590775642e-01
-6.743038524023619029e-01
-6.744508148424452898e-01
-6.744864662382415998e-01
-6.744304120003390413e-01
-6.743137959332150544e-01
-6.741711090645705617e-01
-6.740333353343120892e-01
-6.739233273426166182e-01
-6.738537013635210737e-01
-6.738270292009744811e-01
-6.738377526298288123e-01
-6.738750780103970328e-01
-6.739261106159128989e-01
-6.739786201398598742e-01
-6.740230370954789496e-01
-6.740535097189256364e-01
-6.740680568050035903e-01
-6.740680029156181918e-01
-6.740569648545835513e-01
-6.740396738504600416e-01
-6.740208796234018473e-01
-6.740045099140472562e-01
-6.739931730335408933e-01
-6.739880098783261886e-01
-6.739888387749489729e-01
-6.739944983400254497e-01
-6.740032811150836745e-01
-6.740133601733678814e-01
-6.740231353555963256e-01
-6.740314573884839122e-01
-6.740377195883657802e-01
-6.740418326220922740e-01
-6.740441146822311325e-01
-6.740451365701651820e-01
-6.740455596429931751e-01
-6.740459967239252892e-01
-6.740469148105812103e-01
-6.740485865528690335e-01
-6.740510872490939054e-01
-6.740543269300366402e-01
-6.740581034907533464e-01
-6.740621625554953367e-01
-6.740662520578852845e-01
-6.740701633561512196e-01
-6.740737550331825645e-01
-6.740769594757975991e-01
-6.740797752920809627e-01
-6.740822503324909176e-01
-6.740844605394730182e-01
-6.740864892862413749e-01
-6.740884106259990016e-01
-6.740902783390512187e-01
-6.740921211774352217e-01
-6.740939435163209037e-01
-6.740957298690238853e-01
-6.740974514394377781e-01
-6.740990730134650555e-01
-6.741005589106923157e-01
-6.741018772824611816e-01
-6.741030026086796134e-01
-6.741039166959312823e-01
