-6.740903301811845827e-01
-6.740908043868230060e-01
-6.740911287002836483e-01
-6.740913121014263654e-01
-6.740913692990792017e-01
-6.740913199055599270e-01
-6.740911869042596205e-01
-6.740909942238491048e-01
-6.740907634067837551e-01
-6.740905096263126728e-01
-6.740902376143792507e-01
-6.740899383395321243e-01
-6.740895874353730610e-01
-6.740891463478966283e-01
-6.740885668903239258e-01
-6.740877993551314118e-01
-6.740868035796956370e-01
-6.740855615010562518e-01
-6.740840889294626992e-01
-6.740824437186275775e-01
-6.740807274151666695e-01
-6.740790779924604736e-01
-6.740776524893451471e-01
-6.740766002254726663e-01
-6.740760295395957780e-01
-6.740759733233211426e-01
-6.740763605054788110e-01
-6.740770015321728703e-01
-6.740775952861390863e-01
-6.740777624724157979e-01
-6.740771062405023217e-01
-6.740752950864804527e-01
-6.740721566870039316e-01
-6.740677654569161570e-01
-6.740625027386351054e-01
-6.740570680781621249e-01
-6.740524241661800531e-01
-6.740496672177027637e-01
-6.740498283645408595e-01
-6.740536284248832555e-01
-6.740612254290924144e-01
-6.740720078642010726e-01
-6.740844927331901548e-01
-6.740963825973224077e-01
-6.741048174884682886e-01
-6.741068258716357287e-01
-6.740999365449156233e-01
-6.740828665031756151e-01
-6.740561572205739926e-01
-6.740226041585257732e-01
-6.739873222073097248e-01
-6.739573215042867771e-01
-6.739405370263705786e-01
-6.739443577574009137e-01
-6.739738247887263611e-01
-6.740297917346730339e-01
-6.741074382884940652e-01
-6.741955692543902812e-01
-6.742770910198686574e-01
-6.743309192423239118e-01
-6.743353359380795942e-01
-6.742725027352987066e-01
-6.741334942981255240e-01
-6.739229069796198734e-01
-6.736619009118707257e-01
-6.733885275406866766e-01
-6.731544402118879722e-01
-6.730176065841654287e-01
-6.730314067788499832e-01
-6.732314131320988881e-01
-6.736220467385296562e-01
-6.741659905925426743e-01
-6.747794988385256154e-01
-6.753364009469267071e-01
-6.756825601491754929e-01
-6.756608206713100584e-01
-6.751442181849534041e-01
-6.740727339284265929e-01
-6.724866003852418839e-01
-6.705476992515932988e-01
-6.685405651683736794e-01
-6.668464526456978625e-01
-6.658880487608280774e-01
-6.660483946911062159e-01
-6.675744582663044602e-01
-6.704821202096002963e-01
-6.744835058485516566e-01
-6.789583458997531240e-01
-6.829877627152596276e-01
-6.854615485156804189e-01
-6.852589045772029541e-01
-6.814879978762138357e-01
-6.737520729632746619e-01
-6.623911504776545112e-01
-6.486333924485604419e-01
-6.345871161592779863e-01
-6.230219253505435706e-01
-6.169291703880680489e-01
-6.189108281737929484e-01
-6.305033421792494153e-01
-6.515763889955151766e-01
-6.799420055119466122e-01
-7.112720363486840780e-01
-7.393755317263049909e-01
-7.568616473863335470e-01
-7.562158630181614605e-01
-7.313099216326317542e-01
-6.792676031280771021e-01
-6.023553978816433840e-01
-5.092226469412231005e-01
-4.146343130060586302e-01
-3.371346303892388541e-01
-2.948949136235011204e-01
-3.009163830895711933e-01
-3.591910488146587976e-01
-4.631132057041951744e-01
-5.965509039921825796e-01
-7.368856834195799399e-01
-8.585182182401541739e-01
-9.354763756637139993e-01
-9.431109010459989284e-01
-8.606033529813325034e-01
-6.764000871024988815e-01
-3.962725020679442878e-01
-4.927175516427250573e-02
3.152097124131975070e-01
6.409252087063066483e-01
8.810954909484389752e-01
1.006985128417249964e+00
1.006473971861939098e+00
8.796055498188063426e-01
6.386114842644100564e-01
3.123752448301170825e-01
-5.219890382886245572e-02
-3.988480551526333850e-01
-6.782970637355680843e-01
-8.616817424703475670e-01
-9.433980881140743291e-01
-9.351027085950632811e-01
-8.576613158863674036e-01
-7.357431228933760670e-01
-5.953294949363049371e-01
-4.620152165194015836e-01
-3.583887187614546166e-01
-3.005211179977193559e-01
-2.949349701696536430e-01
-3.375523833070069313e-01
-4.153058132932299640e-01
-5.099931770048560242e-01
-6.030786290433499675e-01
-6.798355143172701842e-01
-7.316662286862715137e-01
-7.563536594104626198e-01
-7.568112747364396098e-01
-7.391893739845653011e-01
-7.110106022463537068e-01
-6.796630072790529331e-01
-6.513270169550646749e-01
-6.303155592562702525e-01
-6.187995864861602913e-01
-6.168934205932199433e-01
-6.230479903047442258e-01
-6.346535904025540908e-01
-6.487164576452559839e-01
-6.624692241334474430e-01
-6.738090270575032292e-01
-6.815146534204782336e-01
-6.852529464102709023e-01
-6.854262867827465300e-01
-6.829302641384389361e-01
-6.788874136235847345e-01
-6.744078702124266522e-01
-6.704090689074705400e-01
-6.675090113009224391e-01
-6.659930266116924624e-01
-6.658428803609808266e-01
-6.668097793855563005e-01
-6.685095635151706572e-01
-6.705191558058518631e-01
-6.724575378035214657e-01
-6.740408529580736996e-01
-6.751081249169215148e-01
-6.756200518589422499e-01
-6.756374503050137648e-01
-6.752878505654739127e-01
-6.747287048353902694e-01
-6.741141913923675011e-01
-6.735703195785924802e-01
-6.731805439923596035e-01
-6.729818370635085589e-01
-6.729694475050642666e-01
-6.731075370561220295e-01
-6.733425520336844272e-01
-6.736164503025754424e-01
-6.738775922573458921e-01
-6.740880057420595151e-01
-6.742266473928999471e-01
-6.742890474331678652e-01
-6.742842447073539303e-01
-6.742301625400649590e-01
-6.741485680061535257e-01
-6.740605588460166775e-01
-6.739832122731458375e-01
-6.739276866499281926e-01
-6.738987555435801413e-01
-6.738955184259940445e-01
-6.739128946648900165e-01
-6.739434677486302316e-01
-6.739792888289788397e-01
-6.740133466140207918e-01
-6.740405349903724197e-01
-6.740580734428368581e-01
-6.740654377038398648e-01
-6.740639268554805552e-01
-6.740560246072492268e-01
-6.740447101229478655e-01
-6.740328458985703763e-01
-6.740227274556603865e-01
-6.740158326589538174e-01
-6.740127661495887157e-01
-6.740133627124311744e-01
-6.740168951886607029e-01
-6.740223277099841592e-01
-6.740285612573433394e-01
-6.740346322081649522e-01
-6.740398416044566243e-01
-6.740438096899837861e-01
-6.740464640658302420e-01
-6.740479789889058937e-01
-6.740486874295157360e-01
-6.740489870143314688e-01
-6.740492570634931679e-01
-6.740497980438855397e-01
-6.740507983526256020e-01
-6.740523276122272200e-01
-6.740543514053756180e-01
-6.740567599705301616e-01
-6.740594027915891573e-01
-6.740621219188005497e-01
-6.740647787528825097e-01
-6.740672713593450771e-01
-6.740695416590649636e-01
-6.740715736932990643e-01
-6.740733853739739878e-01
-6.740750166482861738e-01
-6.740765169057677531e-01
-6.740779338990527947e-01
-6.740793056395879557e-01
-6.740806558659606651e-01
-6.740819929281721690e-01
-6.740833113926032460e-01
-6.740845953939720303e-01
-6.740858227302573003e-01
-6.740869688598570830e-01
-6.740880102385878869e-01
-6.740889267434342358e-01
-6.740897031970425335e-01
