-6.741183832111796725e-01
-6.741188689820650781e-01
-6.741191285390006893e-01
-6.741191670688597704e-01
-6.741189928076851690e-01
-6.741186162088707023e-01
-6.741180488299777229e-01
-6.741173020081737688e-01
-6.741163854356641005e-01
-6.741153057935225235e-01
-6.741140656464323921e-01
-6.741126628299873857e-01
-6.741110905623807215e-01
-6.741093384700226343e-01
-6.741073946221319835e-01
-6.741052485202063682e-01
-6.741028947931170245e-01
-6.741003371294153057e-01
-6.740975917715453791e-01
-6.740946897501198798e-01
-6.740916770042455486e-01
-6.740886116662793137e-01
-6.740855581198972324e-01
-6.740825779716648203e-01
-6.740797187676910163e-01
-6.740770020467095058e-01
-6.740744130078309970e-01
-6.740718945081276559e-01
-6.740693481062043357e-01
-6.740666442776099831e-01
-6.740636426682315996e-01
-6.740602213677843180e-01
-6.740563118790463548e-01
-6.740519340977543239e-01
-6.740472237114090159e-01
-6.740424435538235892e-01
-6.740379711621470316e-01
-6.740342574486232197e-01
-6.740317560794788498e-01
-6.740308294719126181e-01
-6.740316444064315959e-01
-6.740340767740360395e-01
-6.740376492938551234e-01
-6.740415264642209969e-01
-6.740445861928949789e-01
-6.740455768720066132e-01
-6.740433526157478816e-01
-6.740371598185100899e-01
-6.740269283487112517e-01
-6.740135048899965620e-01
-6.739987589661133871e-01
-6.739854983727426863e-01
-6.739771528546064649e-01
-6.739772229959767325e-01
-6.739885419891236129e-01
-6.740124538988244707e-01
-6.740480625200599984e-01
-6.740917371129824254e-01
-6.741370624909638343e-01
-6.741753813726190092e-01
-6.741969927868283197e-01
-6.741929464227849333e-01
-6.741572240657645043e-01
-6.740889505696536776e-01
-6.739941607644452937e-01
-6.738866007771200373e-01
-6.737870939583451291e-01
-6.737211721700731015e-01
-6.737149613305842832e-01
-6.737896879957758767e-01
-6.739555852170652228e-01
-6.742063408108891487e-01
-6.745154564090271032e-01
-6.748358819026790689e-01
-6.751039913932422865e-01
-6.752483508407817192e-01
-6.752028305033856981e-01
-6.749225416409664335e-01
-6.744000005135097897e-01
-6.736780746863868519e-01
-6.728559077181324177e-01
-6.720843897389217059e-01
-6.715489971058055119e-01
-6.714399556883342557e-01
-6.719124615932080546e-01
-6.730426656884174186e-01
-6.747876753558031959e-01
-6.769592911991115791e-01
-6.792210302235490715e-01
-6.811158650836333095e-01
-6.821279693606542294e-01
-6.817757899733056792e-01
-6.797264215486384931e-01
-6.759133724995292081e-01
-6.706328382893641527e-01
-6.645897282229120684e-01
-6.588665745265055440e-01
-6.547982197024069251e-01
-6.537530009645268203e-01
-6.568440916773392590e-01
-6.646168771297442657e-01
-6.767730430268515951e-01
-6.919950668979606423e-01
-7.079263797455414009e-01
-7.213472847239555952e-01
-7.285696962858905223e-01
-7.260538206744248102e-01
-7.112161693890013403e-01
-6.833352208574170472e-01
-6.443658971085939324e-01
-5.993792208533637034e-01
-5.563207275864602286e-01
-5.249032747928652487e-01
-5.147207176464586587e-01
-5.329823209503787851e-01
-5.824544236893496318e-01
-6.601332252120920563e-01
-7.568678805342575755e-01
-8.577603707998816551e-01
-9.429625517507534971e-01
-9.887655495651840321e-01
-9.696901080708050236e-01
-8.631056390643426779e-01
-6.574809188375354552e-01
-3.624993389449249759e-01
-1.498152491999132745e-02
3.262973068069609517e-01
5.969914856462369412e-01
7.456747723731226296e-01
7.450090206491460920e-01
5.951139574464332505e-01
3.235579008307301607e-01
-1.805955967469634674e-02
-3.653551936685875412e-01
-6.596839434480593622e-01
-8.644559485518753528e-01
-9.702078785321845977e-01
-9.886103574966644825e-01
-9.423485247526525166e-01
-8.569014832137664683e-01
-7.559523564044156041e-01
-6.593124913379565522e-01
-5.818358208168440404e-01
-5.326232532758810034e-01
-5.146271467179991399e-01
-5.250357201249273853e-01
-5.566080765063128322e-01
-5.997373014888870424e-01
-6.447158755767939953e-01
-6.836172543950295166e-01
-7.113959397751304925e-01
-7.261222440628136710e-01
-7.285379257958013444e-01
-7.212395831923280598e-01
-7.077729047244006866e-01
-6.918257618871349601e-01
-6.766131488820139595e-01
-6.644841905638438906e-01
-6.567479052603233391e-01
-6.536945276800291138e-01
-6.547721724734396620e-01
-6.588634529151166097e-01
-6.645983094877787600e-01
-6.706424112165534357e-01
-6.759153830128119544e-01
-6.797153772888908652e-01
-6.817494434297348693e-01
-6.820869248974836818e-01
-6.810628181900193479e-01
-6.791598537445083794e-01
-6.768941511495715213e-01
-6.747223072801652455e-01
-6.729798858679817419e-01
-6.718539347453048594e-01
-6.713861973966104291e-01
-6.714995582356009240e-01
-6.720381532138003378e-01
-6.728114252530021933e-01
-6.736338803942251152e-01
-6.743548559810699228e-01
-6.748755884398959237e-01
-6.751536466836182138e-01
-6.751969243641982032e-01
-6.750506338931662187e-01
-6.747811103113952047e-01
-6.744598687459232300e-01
-6.741505072922899799e-01
-6.738999685738360501e-01
-6.737345990949139551e-01
-6.736605492095588676e-01
-6.736674423080327712e-01
-6.737339454765617353e-01
-6.738338723079188020e-01
-6.739416756325999902e-01
-6.740365541424075957e-01
-6.741048090017673911e-01
-6.741404644721897821e-01
-6.741444542779766458e-01
-6.741228452596192966e-01
-6.740846207164393755e-01
-6.740394971127603441e-01
-6.739961311322453241e-01
-6.739609249733946594e-01
-6.739374888726501478e-01
-6.739266960058897249e-01
-6.739271810171186816e-01
-6.739360941659197080e-01
-6.739499246029813095e-01
-6.739652387569990966e-01
-6.739792305047728194e-01
-6.739900358645714018e-01
-6.739968156712701219e-01
-6.739996477679705000e-01
-6.739992922605804182e-01
-6.739968994441898342e-01
-6.739937229143466713e-01
-6.739908844757639406e-01
-6.739892175558236387e-01
-6.739891962440758277e-01
-6.739909410384610222e-01
-6.739942817299886535e-01
-6.739988530848631809e-01
-6.740041994576961848e-01
-6.740098688269661187e-01
-6.740154832960431053e-01
-6.740207802053775898e-01
-6.740256243226683264e-01
-6.740299962499552988e-01
-6.740339648373546710e-01
-6.740376520856484754e-01
-6.740411981321036139e-01
-6.740447319943712046e-01
-6.740483513785945346e-01
-6.740521125484734144e-01
-6.740560293693870220e-01
-6.740600793863765761e-01
-6.740642142103707712e-01
-6.740683714940395310e-01
-6.740724862206264323e-01
-6.740764997195074493e-01
-6.740803655836899999e-01
-6.740840523559969988e-01
-6.740875433809216943e-01
-6.740908345478874297e-01
-6.740939307820670301e-01
-6.740968421049780002e-01
-6.740995799391817922e-01
-6.741021541237112169e-01
-6.741045708874144893e-01
-6.741068318323389930e-01
-6.741089338305552570e-01
-6.741108696438206094e-01
-6.741126290337120519e-01
-6.741142001304583076e-01
-6.741155708581423323e-01
-6.741167302582180554e-01
-6.741176696003773339e-01
