-6.741227849742119638e-01
-6.741232674923837154e-01
-6.741235069277493608e-01
-6.741235092691422182e-01
-6.741232841138801168e-01
-6.741228438124096112e-01
-6.741222022131034830e-01
-6.741213730279155270e-01
-6.741203679320743047e-01
-6.741191946270405078e-01
-6.741178552063908924e-01
-6.741163452336936812e-01
-6.741146539355574729e-01
-6.741127658081723650e-01
-6.741106637263536427e-01
-6.741083333488335771e-01
-6.741057682756200764e-01
-6.741029750968624557e-01
-6.740999772533906587e-01
-6.740968165801215495e-01
-6.740935515796129263e-01
-6.740902518949491995e-01
-6.740869890936701525e-01
-6.740838246613010121e-01
-6.740807969105470088e-01
-6.740779091830720882e-01
-6.740751220869634075e-01
-6.740723524256608812e-01
-6.740694808362116541e-01
-6.740663689510705270e-01
-6.740628852173142782e-01
-6.740589365517083431e-01
-6.740545010843567164e-01
-6.740496557259603172e-01
-6.740445915854501591e-01
-6.740396107235828715e-01
-6.740350995901541742e-01
-6.740314777951615932e-01
-6.740291253818589956e-01
-6.740282969781340450e-01
-6.740290362884820974e-01
-6.740311083152253913e-01
-6.740339683345923927e-01
-6.740367849691488722e-01
-6.740385289954955450e-01
-6.740381296918764864e-01
-6.740346872525078137e-01
-6.740277146918115525e-01
-6.740173682596724003e-01
-6.740046149064015113e-01
-6.739912822393783198e-01
-6.739799437631923684e-01
-6.739736118521063579e-01
-6.739752427164094062e-01
-6.739870987783683765e-01
-6.740100586057642396e-01
-6.740430044196699111e-01
-6.740824420327305999e-01
-6.741225076488729373e-01
-6.741554821706202683e-01
-6.741728630295111824e-01
-6.741669394670775084e-01
-6.741326914285726835e-01
-6.740697051529745965e-01
-6.739836974726982621e-01
-6.738871963306587443e-01
-6.737989651273184055e-01
-6.737419015987218263e-01
-6.737393893104027809e-01
-6.738104099171411399e-01
-6.739640901842046672e-01
-6.741946900528882347e-01
-6.744782538318540022e-01
-6.747721636577761473e-01
-6.750185888574320447e-01
-6.751522896325595768e-01
-6.751124339476580749e-01
-6.748571109527380374e-01
-6.743782263919654296e-01
-6.737136552228865094e-01
-6.729531456687672941e-01
-6.722347462896928194e-01
-6.717296178981230215e-01
-6.716150053972070877e-01
-6.720376914079825292e-01
-6.730730320024596036e-01
-6.746871205648869996e-01
-6.767111209835006136e-01
-6.788368201586849615e-01
-6.806406295351205005e-01
-6.816395180581372726e-01
-6.813768339908838900e-01
-6.795290847423646197e-01
-6.760172777281392431e-01
-6.710997288506337366e-01
-6.654193440083088218e-01
-6.599797259360282720e-01
-6.560330877153720541e-01
-6.548791792988137850e-01
-6.575957631978350815e-01
-6.647423851025731079e-01
-6.760940550006091510e-01
-6.904656121413418335e-01
-7.056807767246924268e-01
-7.187260210982694408e-01
-7.261128616170504646e-01
-7.244524919458715795e-01
-7.112147747705230838e-01
-6.855858103284185878e-01
-6.492514328877463381e-01
-6.068454622872028192e-01
-5.657746694713693403e-01
-5.352349946953133264e-01
-5.244756603139574258e-01
-5.406602909020152836e-01
-5.868634005111507124e-01
-6.607058771408137465e-01
-7.538686627267662255e-01
-8.523624038783156331e-01
-9.372228282753798378e-01
-9.855263470656256963e-01
-9.723576328939403934e-01
-8.751564874168992203e-01
-6.815800424084019760e-01
-3.994361648063496917e-01
-6.310235451837632736e-02
2.704730197214463838e-01
5.371682518267281159e-01
6.844200159930097227e-01
6.837272638518142598e-01
5.352218901318936961e-01
2.676525588300458502e-01
-6.624303743838427794e-02
-4.023194574776164933e-01
-6.837755504158027353e-01
-8.764748493270351215e-01
-9.728313632493937879e-01
-9.853248332747274185e-01
-9.365669722824987442e-01
-8.514706516446016726e-01
-7.529318015584999246e-01
-6.598759240721622232e-01
-5.862462852526835189e-01
-5.403103861918621131e-01
-5.243950715503348237e-01
-5.353805103335512738e-01
-5.660723485645358100e-01
-6.072095893365894170e-01
-6.496028691662408816e-01
-6.858653166689407943e-01
-7.113891376088951057e-01
-7.245138981029326519e-01
-7.260736815623192175e-01
-7.186115496060760943e-01
-7.055219326883207520e-01
-6.902927745770396362e-01
-6.759325555565257604e-01
-6.646097957517361765e-01
-6.575009145010125566e-01
-6.548226974292266078e-01
-6.560090951618985367e-01
-6.599782317855170666e-01
-6.654288024647536659e-01
-6.711092976281449740e-01
-6.760184493429753916e-01
-6.795165487638976654e-01
-6.813486031310926894e-01
-6.815964759346865298e-01
-6.805857184372788860e-01
-6.787740904462348235e-01
-6.766448282691285288e-01
-6.746210018659901664e-01
-6.730098323418929329e-01
-6.719789573516653514e-01
-6.715611174200776246e-01
-6.716800026359948106e-01
-6.721881942136227472e-01
-6.729081590642826960e-01
-6.736687629995189441e-01
-6.743322219159902930e-01
-6.748091917751519730e-01
-6.750622433818774804e-01
-6.750998763120447110e-01
-6.749643100523342598e-01
-6.747165612129542023e-01
-6.744219292184410186e-01
-6.741381989346747483e-01
-6.739078689725046534e-01
-6.737547387213858041e-01
-6.736843887946233345e-01
-6.736875563501973918e-01
-6.737451635618493251e-01
-6.738337767891986463e-01
-6.739304915653357986e-01
-6.740165719454949134e-01
-6.740795390643168350e-01
-6.741137336708933336e-01
-6.741196242127738270e-01
-6.741022743083810997e-01
-6.740694226875909578e-01
-6.740295834194905966e-01
-6.739904726296179760e-01
-6.739579405318059102e-01
-6.739354617733709363e-01
-6.739241331334616669e-01
-6.739230572361585292e-01
-6.739299574599588727e-01
-6.739418690944015689e-01
-6.739557768724763198e-01
-6.739691090326650480e-01
-6.739800428657116704e-01
-6.739876178469238477e-01
-6.739916842021879129e-01
-6.739927343155248662e-01
-6.739916716303988586e-01
-6.739895685059230646e-01
-6.739874539360281025e-01
-6.739861575959511519e-01
-6.739862215635318288e-01
-6.739878777949570576e-01
-6.739910796260060177e-01
-6.739955699005831802e-01
-6.740009666779356312e-01
-6.740068491357554814e-01
-6.740128302334276178e-01
-6.740186077970465872e-01
-6.740239908992062823e-01
-6.740289029202298776e-01
-6.740333659716897241e-01
-6.740374732144944758e-01
-6.740413560518967451e-01
-6.740451524602900646e-01
-6.740489811961575262e-01
-6.740529246878793623e-01
-6.740570214644608926e-01
-6.740612672939925165e-01
-6.740656230037351815e-01
-6.740700263194498998e-01
-6.740744049781030034e-01
-6.740786887377204772e-01
-6.740828185816694074e-01
-6.740867522237568021e-01
-6.740904658079427403e-01
-6.740939523385834908e-01
-6.740972177979313029e-01
-6.741002760821984685e-01
-6.741031438369418094e-01
-6.741058360518370485e-01
-6.741083629574938785e-01
-6.741107284284671985e-01
-6.741129298012172866e-01
-6.741149588067493204e-01
-6.741168032132686116e-01
-6.741184487689590998e-01
-6.741198811049283757e-01
-6.741210873692966565e-01
-6.741220574797119891e-01
