-6.740998320728093240e-01
-6.741003149659783311e-01
-6.741006225168105770e-01
-6.741007610248560544e-01
-6.741007409007970796e-01
-6.741005761018002973e-01
-6.741002830937053991e-01
-6.740998792203436452e-01
-6.740993804736344908e-01
-6.740987988317155288e-01
-6.740981395336910209e-01
-6.740973988414523665e-01
-6.740965629470986320e-01
-6.740956086675460313e-01
-6.740945063900292133e-01
-6.740932253844763578e-01
-6.740917411085352029e-01
-6.740900435659687995e-01
-6.740881452437337273e-01
-6.740860867764089104e-01
-6.740839384015692159e-01
-6.740817955847873133e-01
-6.740797679616574722e-01
-6.740779619368956199e-01
-6.740764587657092077e-01
-6.740752914850145494e-01
-6.740744253425428045e-01
-6.740737470313206137e-01
-6.740730677424994211e-01
-6.740721435745582468e-01
-6.740707141431169225e-01
-6.740685565380279964e-01
-6.740655475719967704e-01
-6.740617233181013246e-01
-6.740573221784106339e-01
-6.740527971240741767e-01
-6.740487850844139039e-01
-6.740460271236424772e-01
-6.740452418074135421e-01
-6.740469650634053345e-01
-6.740513811582702353e-01
-6.740581788118504836e-01
-6.740664713223080140e-01
-6.740748174488285782e-01
-6.740813690379299228e-01
-6.740841517061167965e-01
-6.740814578786409328e-01
-6.740723007763111951e-01
-6.740568490951961422e-01
-6.740367419786589265e-01
-6.740151794678425068e-01
-6.739967006796017124e-01
-6.739866033077899221e-01
-6.739900220326208169e-01
-6.740107629645348819e-01
-6.740500737111888574e-01
-6.741055969610236787e-01
-6.741707905010188018e-01
-6.742350807074461994e-01
-6.742849378922189940e-01
-6.743059185709792125e-01
-6.742855232200082316e-01
-6.742164948168857252e-01
-6.740999736855660673e-01
-6.739477776891539262e-01
-6.737830451483380889e-01
-6.736386033981084376e-01
-6.735527293928266213e-01
-6.735624376666047297e-01
-6.736950117587922060e-01
-6.739590933875430068e-01
-6.743371332969043674e-01
-6.747812510340936987e-01
-6.752144248411976468e-01
-6.755383578532598854e-01
-6.756483330729743386e-01
-6.754539566684482077e-01
-6.749030767683128484e-01
-6.740046324793613763e-01
-6.728450959721811175e-01
-6.715929146827932517e-01
-6.704862877715053182e-01
-6.698019020004241098e-01
-6.698057998205718677e-01
-6.706918853007627357e-01
-6.725178835378009534e-01
-6.751518657215803687e-01
-6.782438020400077816e-01
-6.812353582659466111e-01
-6.834170457974813040e-01
-6.840349413114921173e-01
-6.824398182668743873e-01
-6.782602820670535770e-01
-6.715696600230620650e-01
-6.630065208339367411e-01
-6.538048424575456652e-01
-6.456966834343877970e-01
-6.406707000505068583e-01
-6.406023383037469099e-01
-6.468083343571902066e-01
-6.596075723336575214e-01
-6.779820281942884330e-01
-6.994225180372993789e-01
-7.200212111006264459e-01
-7.348489913343259072e-01
-7.386381217629924834e-01
-7.267688264190276248e-01
-6.965012411518368696e-01
-6.482703008975929659e-01
-5.866838883755129963e-01
-5.207313804901487764e-01
-4.627753127856917836e-01
-4.262525135006088872e-01
-4.225437680160792908e-01
-4.578963300397625447e-01
-5.313378606006725624e-01
-6.341444675553828958e-01
-7.507786949618725503e-01
-8.606216578084742164e-01
-9.397234527818176808e-01
-9.624957194147751860e-01
-9.044994918952857788e-01
-7.481140179710289440e-01
-4.913587146632128477e-01
-1.561340606614923243e-01
2.112084240816230196e-01
5.511084506893784152e-01
8.085121207734070614e-01
9.456965107437164120e-01
9.449826941958096027e-01
8.064570656014758976e-01
5.479911405347748232e-01
2.075125868236297744e-01
-1.597980617599021047e-01
-4.944260514470079637e-01
-7.502288898565712127e-01
-9.055687977749543593e-01
-9.626320850020546604e-01
-9.391490332897390880e-01
-8.595934179110789053e-01
-7.495494843243234451e-01
-6.329443183186550526e-01
-5.303577469159492797e-01
-4.572688370053212270e-01
-4.223264968152730670e-01
-4.264233080477548565e-01
-4.632442901233507215e-01
-5.213676530601858428e-01
-5.873489118371922890e-01
-6.488476529593945052e-01
-6.969151139578081411e-01
-7.269888975599585468e-01
-7.386735159187316491e-01
-7.347363813391210030e-01
-7.198116525249078634e-01
-6.991698399940275976e-01
-6.777339689298265135e-01
-6.593999373141712361e-01
-6.466621145367693613e-01
-6.405235752663094306e-01
-6.406526804873989844e-01
-6.457237744304945570e-01
-6.538570640421834668e-01
-6.630639173519010665e-01
-6.716157141038369138e-01
-6.782839503371028700e-01
-6.824361370092070223e-01
-6.840044431260586810e-01
-6.833643888180359616e-01
-6.811676007522019516e-01
-6.781686961616630871e-01
-6.750764406666283080e-01
-6.724474739096865106e-01
-6.706296555136919135e-01
-6.697527283675164256e-01
-6.697571262974028050e-01
-6.704476741642523274e-01
-6.715577100786284115e-01
-6.728105345264560055e-01
-6.739684058267484401e-01
-6.748636198360536964e-01
-6.754105434216433057e-01
-6.756010101180842664e-01
-6.754877646444672479e-01
-6.751615567569385634e-01
-6.747272178733555448e-01
-6.742829542395967213e-01
-6.739055539703519004e-01
-6.736425923703877050e-01
-6.735113091346095482e-01
-6.735028011551870142e-01
-6.735896042944112816e-01
-6.737346159194379513e-01
-6.738995570201159468e-01
-6.740516648081148476e-01
-6.741679058966869587e-01
-6.742365807104816477e-01
-6.742566574631880805e-01
-6.742354757961797063e-01
-6.741855838502527343e-01
-6.741214392497155705e-01
-6.740565568241135841e-01
-6.740014754876776371e-01
-6.739626933209122983e-01
-6.739425237224064835e-01
-6.739396827822617952e-01
-6.739503400869133465e-01
-6.739693499694829892e-01
-6.739914157863426958e-01
-6.740120084451668436e-01
-6.740279429953728307e-01
-6.740375965672337211e-01
-6.740408147323334598e-01
-6.740385944319913225e-01
-6.740326484029077747e-01
-6.740249513789567937e-01
-6.740173480406355111e-01
-6.740112737610409743e-01
-6.740076084942854262e-01
-6.740066572055348759e-01
-6.740082306707928517e-01
-6.740117898258443097e-01
-6.740166148163568849e-01
-6.740219648260508123e-01
-6.740272041964960881e-01
-6.740318816750334729e-01
-6.740357605075570913e-01
-6.740388058181676634e-01
-6.740411413346699687e-01
-6.740429898154827182e-01
-6.740446109013562559e-01
-6.740462473432188295e-01
-6.740480866071311139e-01
-6.740502406624521159e-01
-6.740527430763344485e-01
-6.740555598611237542e-01
-6.740586090623447157e-01
-6.740617837925513278e-01
-6.740649740825701564e-01
-6.740680842035585707e-01
-6.740710436527561633e-01
-6.740738114752499177e-01
-6.740763747800050387e-01
-6.740787430709473949e-01
-6.740809403243751552e-01
-6.740829966564273468e-01
-6.740849410473088721e-01
-6.740867960548295734e-01
-6.740885748870324434e-01
-6.740902807160950028e-01
-6.740919077702937079e-01
-6.740934435646317446e-01
-6.740948716146788477e-01
-6.740961740863358198e-01
-6.740973340156123372e-01
-6.740983369329486274e-01
-6.740991718992014325e-01
