-6.741183363400651274e-01
-6.741188262826693922e-01
-6.741190980791019749e-01
-6.741191556109158434e-01
-6.741190047402202401e-01
-6.741186523729064684e-01
-6.741181054790696958e-01
-6.741173702893908937e-01
-6.741164518243298875e-01
-6.741153538078269447e-01
-6.741140788997216360e-01
-6.741126290885464112e-01
-6.741110060523733960e-01
-6.741092113392641583e-01
-6.741072463370764156e-01
-6.741051121649239697e-01
-6.741028097724606205e-01
-6.741003406132032305e-01
-6.740977082048157376e-01
-6.740949206693500617e-01
-6.740919939720801946e-01
-6.740889551175728300e-01
-6.740858441392911793e-01
-6.740827134929203712e-01
-6.740796235918462553e-01
-6.740766338154319248e-01
-6.740737893882109422e-01
-6.740711059446623521e-01
-6.740685550833287465e-01
-6.740660553732196192e-01
-6.740634736448086750e-01
-6.740606405674761659e-01
-6.740573822555565586e-01
-6.740535660335343904e-01
-6.740491539979701630e-01
-6.740442535143622571e-01
-6.740391504685603330e-01
-6.740343102492578620e-01
-6.740303341717635011e-01
-6.740278659209364420e-01
-6.740274532797604357e-01
-6.740293835252876287e-01
-6.740335239352192032e-01
-6.740392085574236081e-01
-6.740452151932866398e-01
-6.740498694199709151e-01
-6.740512938802405429e-01
-6.740477917777649708e-01
-6.740383171843681298e-01
-6.740229479511258281e-01
-6.740032485070829305e-01
-6.739823992231683825e-01
-6.739649846451678528e-01
-6.739563794087335413e-01
-6.739617467301014520e-01
-6.739847611980523956e-01
-6.740262686348141852e-01
-6.740831783682200706e-01
-6.741479220756952939e-01
-6.742087857096713543e-01
-6.742513128530959188e-01
-6.742607896690314684e-01
-6.742255726442583086e-01
-6.741407498066521731e-01
-6.740113902908042576e-01
-6.738545016323082004e-01
-6.736988415588035517e-01
-6.735819651615384540e-01
-6.735443379099679273e-01
-6.736209705350078014e-01
-6.738317404735700844e-01
-6.741722167261940957e-01
-6.746072343748557021e-01
-6.750695101775474605e-01
-6.754651321340341408e-01
-6.756867518185535326e-01
-6.756338216355781690e-01
-6.752374327095305162e-01
-6.744855245850041037e-01
-6.734428550563845706e-01
-6.722595852180486276e-01
-6.711630591363177967e-01
-6.704295814589829039e-01
-6.703366576111992048e-01
-6.711007961187702708e-01
-6.728107240135255962e-01
-6.753696356546501356e-01
-6.784618075564035067e-01
-6.815577907162529980e-01
-6.839681193028041006e-01
-6.849481732569999703e-01
-6.838469552310724175e-01
-6.802808769908134101e-01
-6.743016263261593091e-01
-6.665173983429916182e-01
-6.581232118774035245e-01
-6.508032368243322763e-01
-6.464888894052984725e-01
-6.469892451255520038e-01
-6.535474603254242121e-01
-6.664067425465053374e-01
-6.844815758189291000e-01
-7.052211759441809891e-01
-7.247289068947879720e-01
-7.381753367879606564e-01
-7.405199876894118516e-01
-7.275267392885620410e-01
-6.969913460545419381e-01
-6.499719300856771076e-01
-5.916477179801822306e-01
-5.313296285449738976e-01
-4.812513781914788402e-01
-4.541429415834529748e-01
-4.600987678010012294e-01
-5.036229680602173353e-01
-5.817312184444063394e-01
-6.835852365526754459e-01
-7.915177399579874651e-01
-8.828354397571830381e-01
-9.318917198907351596e-01
-9.127496499933410723e-01
-8.037135908216158642e-01
-5.947000968092552853e-01
-2.956881249939611878e-01
5.938268102876861909e-02
4.191284694104416286e-01
7.305745331182040836e-01
9.543285793299189912e-01
1.069526093938713673e+00
1.068939318383913983e+00
9.525975106394514169e-01
7.278277551366719722e-01
4.156691560436376887e-01
5.569968532464526084e-02
-2.990329052259020348e-01
-5.972585394370351075e-01
-8.052738090673585702e-01
-9.133375681009560099e-01
-9.316914820607991032e-01
-8.820997168497410890e-01
-7.905067524686907321e-01
-6.825342248482894059e-01
-5.808313547143824085e-01
-5.030060963251500317e-01
-4.598264466762131408e-01
-4.542050732677883063e-01
-4.815778796383587967e-01
-5.318134940740675276e-01
-5.921731826310736579e-01
-6.504396772738909593e-01
-6.973345307456554343e-01
-7.277157973766584798e-01
-7.405582897480966764e-01
-7.380897660495019386e-01
-7.245591889401468144e-01
-7.050103684554352990e-01
-6.842687426965349262e-01
-6.662220347458921443e-01
-6.534095300410851515e-01
-6.469048220115483083e-01
-6.464542228499725596e-01
-6.508069153814273200e-01
-6.581496935015318517e-01
-6.665505263170805605e-01
-6.743275106835108224e-01
-6.802897556771307919e-01
-6.838339287032038083e-01
-6.849129449251795121e-01
-6.839140222652262402e-01
-6.814904327899580228e-01
-6.783876448053527408e-01
-6.752947200892669422e-01
-6.727397882206787028e-01
-6.710367514926711685e-01
-6.702805032393411855e-01
-6.703806554609609281e-01
-6.711195203850063296e-01
-6.722189954038599868e-01
-6.734027389185133217e-01
-6.744438145997279088e-01
-6.751927446358799711e-01
-6.755855490683466691e-01
-6.756350028909219319e-01
-6.754105545952510115e-01
-6.750130606755154750e-01
-6.745499452652605754e-01
-6.741150023284135928e-01
-6.737752683961035771e-01
-6.735656064182111713e-01
-6.734901569204965188e-01
-6.735288130071334090e-01
-6.736464226445620929e-01
-6.738024720539812495e-01
-6.739594375361561696e-01
-6.740886476484130307e-01
-6.741732069771299019e-01
-6.742081574450499160e-01
-6.741985007843254163e-01
-6.741559376082015831e-01
-6.740952037049573464e-01
-6.740307469990124423e-01
-6.739742518515531300e-01
-6.739332466223054707e-01
-6.739107818290024365e-01
-6.739059788292036668e-01
-6.739151417117436038e-01
-6.739330982914013557e-01
-6.739544755555341160e-01
-6.739746978280564127e-01
-6.739905970078374775e-01
-6.740006208887722172e-01
-6.740047013307979284e-01
-6.740038902042705393e-01
-6.739998863465230805e-01
-6.739945659525098387e-01
-6.739896002208584092e-01
-6.739862072769936541e-01
-6.739850491545517075e-01
-6.739862554528355254e-01
-6.739895368174617651e-01
-6.739943443621891905e-01
-6.740000340019451919e-01
-6.740060043856781480e-01
-6.740117901546275325e-01
-6.740171053232476561e-01
-6.740218422217549854e-01
-6.740260382692819796e-01
-6.740298255588498266e-01
-6.740333773882746238e-01
-6.740368625624512111e-01
-6.740404138107366494e-01
-6.740441121888850473e-01
-6.740479857377266182e-01
-6.740520184180823771e-01
-6.740561645102335353e-01
-6.740603640289768439e-01
-6.740645558548979954e-01
-6.740686867622536216e-01
-6.740727159338620877e-01
-6.740766156183791713e-01
-6.740803691791318331e-01
-6.740839679164785103e-01
-6.740874078254562862e-01
-6.740906870336289547e-01
-6.740938042078469250e-01
-6.740967578457361942e-01
-6.740995461469364569e-01
-6.741021671032377816e-01
-6.741046185234880195e-01
-6.741068978598117045e-01
-6.741090018619265711e-01
-6.741109262034454819e-01
-6.741126652680715647e-01
-6.741142122506191825e-01
-6.741155596367270908e-01
-6.741167000090693140e-01
-6.741176270238476986e-01
