-6.740827292389192094e-01
-6.740831793139862027e-01
-6.740834809726345966e-01
-6.740836500013164256e-01
-6.740837119685872958e-01
-6.740837005244511015e-01
-6.740836544093696814e-01
-6.740836128961307239e-01
-6.740836097022022688e-01
-6.740836658801661052e-01
-6.740837827272913030e-01
-6.740839362214612329e-01
-6.740840747415238754e-01
-6.740841217299822219e-01
-6.740839844150164906e-01
-6.740835687152061384e-01
-6.740827990937409142e-01
-6.740816406090804902e-01
-6.740801190226866080e-01
-6.740783339277802710e-01
-6.740764598104990180e-01
-6.740747310201495868e-01
-6.740734089171824817e-01
-6.740727328559337206e-01
-6.740728607315762400e-01
-6.740738088873152734e-01
-6.740754043390517758e-01
-6.740772635550651426e-01
-6.740788105677723019e-01
-6.740793424730180394e-01
-6.740781424271056199e-01
-6.740746298406664616e-01
-6.740685261234724557e-01
-6.740600042629271149e-01
-6.740497843264845468e-01
-6.740391372172568341e-01
-6.740297676048883080e-01
-6.740235645751692095e-01
-6.740222340866454109e-01
-6.740268576026771097e-01
-6.740374510760265281e-01
-6.740526211037312088e-01
-6.740694233750142983e-01
-6.740835162948829451e-01
-6.740896662806558082e-01
-6.740826012870271278e-01
-6.740581315449749589e-01
-6.740143729093600600e-01
-6.739528351053922783e-01
-6.738790938525298646e-01
-6.738027710585038355e-01
-6.737366148435577351e-01
-6.736946053748588126e-01
-6.736892041906012984e-01
-6.737280891144120654e-01
-6.738109344555558433e-01
-6.739269570094459372e-01
-6.740540000289292344e-01
-6.741598256896482733e-01
-6.742060075230559280e-01
-6.741543646085171870e-01
-6.739753043027753021e-01
-6.736568261312542161e-01
-6.732124082517579877e-01
-6.726856933546755402e-01
-6.721499537328012863e-01
-6.717008492786501472e-01
-6.714420255399748960e-01
-6.714645510145985652e-01
-6.718228590013413104e-01
-6.725114257517988969e-01
-6.734475083860765876e-01
-6.744655191981939746e-01
-6.753277524510542529e-01
-6.757540821285762389e-01
-6.754699834132674718e-01
-6.742680869385879738e-01
-6.720739978242192825e-01
-6.690031368102803411e-01
-6.653930052086715063e-01
-6.617957889551842054e-01
-6.589206220895086341e-01
-6.575233865549037215e-01
-6.582536451719557258e-01
-6.614808571117294367e-01
-6.671322800132488684e-01
-6.745800691259016268e-01
-6.826135512139718253e-01
-6.895247083204737448e-01
-6.933217038788728193e-01
-6.920672931877416278e-01
-6.843149056452598744e-01
-6.695833020889019327e-01
-6.487731499834750171e-01
-6.243971259616375447e-01
-6.004909253769623589e-01
-5.821181779466373385e-01
-5.744824039009306382e-01
-5.817864349405957869e-01
-6.060805700067942725e-01
-6.463637218215458891e-01
-6.981316831754472707e-01
-7.534422056633574005e-01
-8.014710511185216824e-01
-8.295516008557282106e-01
-8.248338828275848522e-01
-7.768244091551838038e-01
-6.808845839910943054e-01
-5.420374222732357028e-01
-3.773857724816976900e-01
-2.149956766328140478e-01
-8.822603364314006436e-02
-2.688943267211290483e-02
-4.849664620010265409e-02
-1.528023094926947711e-01
-3.214707972252081603e-01
-5.229062923743842406e-01
-7.202787671638423150e-01
-8.790993526844584904e-01
-9.711638415523143886e-01
-9.748568912640830364e-01
-8.752417059822122924e-01
-6.677050775753213818e-01
-3.650328455617419254e-01
-2.182676905369315256e-03
3.684766329911285387e-01
6.919061592060250510e-01
9.258893934473975129e-01
1.047005509252620259e+00
1.046533120917704007e+00
9.244997112550599194e-01
6.897111331033962678e-01
3.657252259613003598e-01
-5.103613304124331521e-03
-3.676884925121290948e-01
-6.697448846970399661e-01
-8.764807746675409295e-01
-9.752681991995223454e-01
-9.708212147262494929e-01
-8.781315946602689104e-01
-7.188599859540732995e-01
-5.212643605866795760e-01
-3.198796305620088543e-01
-1.515399573610845818e-01
-4.778136091229246568e-02
-2.682308602659858390e-02
-8.876913016414059165e-02
-2.159831722675046861e-01
-3.785787044166539217e-01
-5.431922673553283287e-01
-6.818138455734956693e-01
-7.774274153054230307e-01
-8.250946140992234668e-01
-8.295160018941116764e-01
-8.012195302997486834e-01
-7.530668373519168179e-01
-6.977203069624170473e-01
-6.459894583362438825e-01
-6.057951199844558987e-01
-5.816167135632253071e-01
-5.744308185915043552e-01
-5.821666313268999415e-01
-6.006077676262909781e-01
-6.245454474893169516e-01
-6.489185020462197029e-01
-6.696993016649011032e-01
-6.843860004782197359e-01
-6.920888313639868006e-01
-6.932980373575475808e-01
-6.894662525714564394e-01
-6.825336164623483359e-01
-6.744920400920617620e-01
-6.670474793104675948e-01
-6.614072353537695514e-01
-6.581952978958554024e-01
-6.574807893677209192e-01
-6.588913952521652240e-01
-6.617757567364470628e-01
-6.653773115211657485e-01
-6.689872165998019815e-01
-6.720542717940592992e-01
-6.742423263592682847e-01
-6.754373628282107633e-01
-6.757149877336972033e-01
-6.752834383818969721e-01
-6.744177056321307706e-01
-6.733980008432798314e-01
-6.724618115871910939e-01
-6.717743110557714559e-01
-6.714177442900437498e-01
-6.713971535481532138e-01
-6.716577140124672107e-01
-6.721080974770577976e-01
-6.726445411820993758e-01
-6.731713955818476869e-01
-6.736154941832581677e-01
-6.739333555789338570e-01
-6.741116789353711614e-01
-6.741626254657422379e-01
-6.741159098033864261e-01
-6.740097854755336959e-01
-6.738827020145338187e-01
-6.737668786067320115e-01
-6.736844243440776037e-01
-6.736460601120678460e-01
-6.736520479513008475e-01
-6.736946554752024641e-01
-6.737613821880180653e-01
-6.738382270569929222e-01
-6.739124381881964609e-01
-6.739744034822549024e-01
-6.740185657416668530e-01
-6.740434373494522680e-01
-6.740509236426113215e-01
-6.740452313640764581e-01
-6.740316434635886811e-01
-6.740153979159496656e-01
-6.740008349046512359e-01
-6.739908930040661161e-01
-6.739869573884638143e-01
-6.739890031943002180e-01
-6.739959408674504049e-01
-6.740060582023104097e-01
-6.740174622007351068e-01
-6.740284466174658595e-01
-6.740377409358393468e-01
-6.740446268325008816e-01
-6.740489337378253731e-01
-6.740509426984584440e-01
-6.740512363038603239e-01
-6.740505326342994818e-01
-6.740495349540713832e-01
-6.740488187695380384e-01
-6.740487665055219235e-01
-6.740495496338196890e-01
-6.740511501447371545e-01
-6.740534085414170429e-01
-6.740560840913020213e-01
-6.740589143655659754e-01
-6.740616642729598817e-01
-6.740641588718186972e-01
-6.740662983225158555e-01
-6.740680567326647887e-01
-6.740694689371534709e-01
-6.740706103157175777e-01
-6.740715746922966156e-01
-6.740724544579196342e-01
-6.740733256676794127e-01
-6.740742393392251675e-01
-6.740752188220593411e-01
-6.740762621132512233e-01
-6.740773474554180300e-01
-6.740784404544746256e-01
-6.740795012075184722e-01
-6.740804903991688413e-01
-6.740813738595048399e-01
-6.740821255475354379e-01
