-6.741211572777829897e-01
-6.741216402530036955e-01
-6.741218850351948788e-01
-6.741218979178631443e-01
-6.741216888339612856e-01
-6.741212703002088524e-01
-6.741206559848159641e-01
-6.741198589885025738e-01
-6.741188900007282214e-01
-6.741177555717061676e-01
-6.741164568051213335e-01
-6.741149888022907044e-01
-6.741133411540288778e-01
-6.741114996684508531e-01
-6.741094493416200928e-01
-6.741071783401467732e-01
-6.741046825041631108e-01
-6.741019696424671581e-01
-6.740990627330576412e-01
-6.740960011138288355e-01
-6.740928388897184931e-01
-6.740896401116146519e-01
-6.740864707856116800e-01
-6.740833883999309828e-01
-6.740804303263181474e-01
-6.740776030483489611e-01
-6.740748745584460577e-01
-6.740721723168150437e-01
-6.740693887717630339e-01
-6.740663955457474321e-01
-6.740630660158737353e-01
-6.740593042798729284e-01
-6.740550766244012282e-01
-6.740504399266050717e-01
-6.740455603166359833e-01
-6.740407153172026655e-01
-6.740362739025392846e-01
-6.740326516735546392e-01
-6.740302425679483012e-01
-6.740293338267553391e-01
-6.740300165751875738e-01
-6.740321092718917217e-01
-6.740351141523952538e-01
-6.740382263495721116e-01
-6.740404106003137219e-01
-6.740405509190626754e-01
-6.740376648015996564e-01
-6.740311569773548284e-01
-6.740210711417971012e-01
-6.740082850727295849e-01
-6.739945890906178239e-01
-6.739825936590955191e-01
-6.739754314669077484e-01
-6.739762527822918958e-01
-6.739875574012658133e-01
-6.740104559176516297e-01
-6.740439980246768492e-01
-6.740847347957941160e-01
-6.741266839176850434e-01
-6.741618325386028454e-01
-6.741812377281727331e-01
-6.741766730956770814e-01
-6.741426346771371980e-01
-6.740783819191441539e-01
-6.739895800737828457e-01
-6.738890615185681998e-01
-6.737962654288092157e-01
-6.737350671963355797e-01
-6.737299718444881291e-01
-6.738009956824299040e-01
-6.739579470052169397e-01
-6.741951657911212648e-01
-6.744880064177617429e-01
-6.747923604559269428e-01
-6.750482530961504635e-01
-6.751879806445637566e-01
-6.751484171268887780e-01
-6.748861002474081383e-01
-6.743926728560548645e-01
-6.737074248606343962e-01
-6.729233022375920026e-01
-6.721830593825025568e-01
-6.716633837238944471e-01
-6.715468208507584524e-01
-6.719839701700844881e-01
-6.730512823747525353e-01
-6.747122838153933877e-01
-6.767915441210321514e-01
-6.789706497264118568e-01
-6.808135104990510333e-01
-6.818244259788466266e-01
-6.815366383275253126e-01
-6.796220319349709493e-01
-6.760050114146207711e-01
-6.709567852606497240e-01
-6.651423879298478115e-01
-6.595943119402242205e-01
-6.555956663134728801e-01
-6.544725941250442158e-01
-6.573176188610155846e-01
-6.646871937312880396e-01
-6.763315977082322572e-01
-6.910190706145257211e-01
-7.065086898056449627e-01
-7.197121050669912368e-01
-7.270675002714839241e-01
-7.251293735226786996e-01
-7.113452243477519366e-01
-6.849306407233634042e-01
-6.476645049997904469e-01
-6.043351885579330007e-01
-5.625429363099150315e-01
-5.316728704049970000e-01
-5.211052955200544679e-01
-5.380302078519737519e-01
-5.854217634301276396e-01
-6.606841987002421979e-01
-7.552019357848610559e-01
-8.546536127029572549e-01
-9.397418802151539241e-01
-9.872333476753379911e-01
-9.719689867614718093e-01
-8.713124881196532279e-01
-6.731671885176143677e-01
-3.860028919474799980e-01
-4.512282389249391845e-02
2.917633130998368851e-01
5.603320459806150344e-01
7.083387323492581489e-01
7.076583553361168732e-01
5.584178089047462379e-01
2.889824130903967947e-01
-4.822969320979626079e-02
-3.888662058585811154e-01
-6.753578554389926270e-01
-8.726379148555399867e-01
-9.724570483028439627e-01
-9.870491990447778363e-01
-9.391030714449962735e-01
-8.537760906063802668e-01
-7.542748527322106211e-01
-6.598589031866107790e-01
-5.848045125264899058e-01
-5.376765306322678351e-01
-5.210189278416357261e-01
-5.318122729259926462e-01
-5.628355111157556934e-01
-6.046960255631023129e-01
-6.480147115293588556e-01
-6.852107797179740611e-01
-7.115216109116601073e-01
-7.251936090002115698e-01
-7.270313752141095431e-01
-7.196004207526204288e-01
-7.063520095744509897e-01
-6.908475831438429804e-01
-6.761706120668729003e-01
-6.645544041772010191e-01
-6.572220786845044405e-01
-6.544151962532763767e-01
-6.555707880812857713e-01
-6.595921612968727032e-01
-6.651515367199307693e-01
-6.709664226134061105e-01
-6.760065869528478766e-01
-6.796101408735228944e-01
-6.815091747746881978e-01
-6.817821565939338191e-01
-6.807592827324158158e-01
-6.789084539119754069e-01
-6.767256148706439767e-01
-6.746463726645172132e-01
-6.729881750849511235e-01
-6.719252678250463573e-01
-6.714929594613653352e-01
-6.716138358460626012e-01
-6.721366449253657338e-01
-6.728785339756209183e-01
-6.736628248393803364e-01
-6.743470148226329286e-01
-6.748385555362893529e-01
-6.750986024879696012e-01
-6.751359229360490710e-01
-6.749942958515828817e-01
-6.747370409174348049e-01
-6.744319297156019521e-01
-6.741388971996030710e-01
-6.739019354587604260e-01
-6.737455336833662045e-01
-6.736751898690289675e-01
-6.736809555787852677e-01
-6.737427138647468228e-01
-6.738359057225349336e-01
-6.739366463582507905e-01
-6.740255229189726638e-01
-6.740897524484535941e-01
-6.741237287510715159e-01
-6.741282491639969399e-01
-6.741088633946533681e-01
-6.740738276114699445e-01
-6.740320973828985984e-01
-6.739916829529999376e-01
-6.739585527167408774e-01
-6.739361352266993732e-01
-6.739253587249677269e-01
-6.739250927781474942e-01
-6.739328226009071443e-01
-6.739453889949571508e-01
-6.739596563307873600e-01
-6.739730161597683455e-01
-6.739836835344810151e-01
-6.739907876434043654e-01
-6.739942917483050522e-01
-6.739947968517677745e-01
-6.739932892407678455e-01
-6.739908865017917305e-01
-6.739886234945995369e-01
-6.739873031375174239e-01
-6.739874202974343032e-01
-6.739891532731151491e-01
-6.739924078630263882e-01
-6.739968942749932079e-01
-6.740022167317365476e-01
-6.740079585310309040e-01
-6.740137502380605383e-01
-6.740193143350751148e-01
-6.740244849568489682e-01
-6.740292055553703809e-01
-6.740335100798464651e-01
-6.740374944711414740e-01
-6.740412851459093302e-01
-6.740450100328784222e-01
-6.740487760317991350e-01
-6.740526548888491343e-01
-6.740566777450601732e-01
-6.740608372412837390e-01
-6.740650951718267780e-01
-6.740693932891814732e-01
-6.740736649173396655e-01
-6.740778454233827821e-01
-6.740818801945016592e-01
-6.740857294379163367e-01
-6.740893697498288040e-01
-6.740927929021479637e-01
-6.740960026236360036e-01
-6.740990102924045990e-01
-6.741018304270357531e-01
-6.741044767040421659e-01
-6.741069589920283267e-01
-6.741092816318247083e-01
-6.741114429539897257e-01
-6.741134358438853891e-01
-6.741152490568089739e-01
-6.741168689516039425e-01
-6.741182813374108074e-01
-6.741194731929288642e-01
-6.741204340965277764e-01
