-6.740952462531277778e-01
-6.740955230147903654e-01
-6.740952818344851938e-01
-6.740946485800038968e-01
-6.740938138056451479e-01
-6.740930046443545098e-01
-6.740924472521150346e-01
-6.740923230531443711e-01
-6.740927243596055440e-01
-6.740936172490582523e-01
-6.740948210590973488e-01
-6.740960136257302393e-01
-6.740967687695105237e-01
-6.740966272965320805e-01
-6.740951953643281591e-01
-6.740922556399561172e-01
-6.740878690736320511e-01
-6.740824405179599577e-01
-6.740767219440797486e-01
-6.740717340970783233e-01
-6.740686013431727019e-01
-6.740683138194516477e-01
-6.740714526808884166e-01
-6.740779336388950105e-01
-6.740868357071368999e-01
-6.740963810305357073e-01
-6.741041144260573326e-01
-6.741072973011176250e-01
-6.741034833234296197e-01
-6.740911901618488189e-01
-6.740705339126666917e-01
-6.740436634616961964e-01
-6.740148332970269385e-01
-6.739899936132023317e-01
-6.739758573900648253e-01
-6.739785176340098438e-01
-6.740018162254891587e-01
-6.740457823342584920e-01
-6.741055320334775613e-01
-6.741710219927182779e-01
-6.742279583722637915e-01
-6.742599729876361803e-01
-6.742519099159143270e-01
-6.741937580512005201e-01
-6.740844803863403900e-01
-6.739348027828131471e-01
-6.737680057506050257e-01
-6.736179650714813061e-01
-6.735241260659398099e-01
-6.735237344741026311e-01
-6.736423880344579729e-01
-6.738846687498376564e-01
-6.742270886181633838e-01
-6.746156589337010123e-01
-6.749699504911835790e-01
-6.751945120519279309e-01
-6.751970363339608872e-01
-6.749109129331735124e-01
-6.743181097267654245e-01
-6.734670857984665915e-01
-6.724800886874002792e-01
-6.715450836626376541e-01
-6.708898681629906768e-01
-6.707394952099906549e-01
-6.712624385741510213e-01
-6.725151028620462990e-01
-6.743972480108387790e-01
-6.766316658529217820e-01
-6.787793622012520123e-01
-6.802964185451477741e-01
-6.806310278897004240e-01
-6.793497892230151436e-01
-6.762725273198157971e-01
-6.715865538387523204e-01
-6.659069242785756737e-01
-6.602517802506545630e-01
-6.559136153744307141e-01
-6.542284011526119381e-01
-6.562715209770529912e-01
-6.625354380593353465e-01
-6.726607181142369996e-01
-6.852935216070102920e-01
-6.981283000293405649e-01
-7.081686340878197150e-01
-7.122076313461642716e-01
-7.074934449035499284e-01
-6.925002057469894501e-01
-6.676648907847507752e-01
-6.358860030446439326e-01
-6.025464099498697434e-01
-5.748725175573258239e-01
-5.606045958941484608e-01
-5.661918314265848018e-01
-5.949359215930067890e-01
-6.455735335661312302e-01
-7.116626932333243172e-01
-7.818840365676993365e-01
-8.411463825424043694e-01
-8.723780266898933933e-01
-8.591304345178770729e-01
-7.893467542548044946e-01
-6.603009269880033560e-01
-4.834384790296226697e-01
-2.862846004705136282e-01
-1.085019196951674259e-01
8.213018585523300732e-03
3.300121255015170396e-02
-4.352872693757361272e-02
-2.047981700348456557e-01
-4.115755882310392355e-01
-6.119721783840553764e-01
-7.542378880576178224e-01
-7.975331730548114173e-01
-7.188242678580551992e-01
-5.175809204635455352e-01
-2.188450324601116381e-01
1.293407356347514026e-01
4.684681864837340615e-01
7.487561635014112760e-01
9.438251119019531732e-01
1.053281928778477816e+00
1.094971077040411300e+00
1.093771362830983085e+00
1.072689965212672014e+00
1.048151153580677564e+00
1.028927213891825287e+00
1.017450055569677492e+00
1.012264551472254581e+00
1.010638714697852825e+00
1.010645354844021959e+00
1.012296576122319047e+00
1.017537276282248326e+00
1.029098732006562544e+00
1.048408441582630468e+00
1.072977535692233086e+00
1.093954148261040649e+00
1.094830729162753258e+00
1.052546030213783013e+00
9.422409918727686629e-01
7.462061465819714856e-01
4.650843733805896107e-01
1.255442974373025544e-01
-2.224403477864557443e-01
-5.203695613418395371e-01
-7.203916557821654632e-01
-7.977333891672533372e-01
-7.531823298432392955e-01
-6.099892081016113909e-01
-4.091594292550702616e-01
-2.025224796621817869e-01
-4.191750306780941959e-02
3.360603231583468575e-02
7.733940698243429133e-03
-1.098743615657878925e-01
-2.881681844317895425e-01
-4.853873696727936671e-01
-6.619366746871606644e-01
-7.904411520396118496e-01
-8.596197313384789096e-01
-8.723269517335888734e-01
-8.406956171179237325e-01
-7.812042806009855678e-01
-7.109215870674800986e-01
-6.449126436929236705e-01
-5.944547826701362947e-01
-5.659390852240482328e-01
-5.605778512232030275e-01
-5.750274151292431579e-01
-6.028127588389133873e-01
-6.361866446113391138e-01
-6.679324151781927954e-01
-6.926879685017899302e-01
-7.075796758915630091e-01
-7.121935853075125333e-01
-7.080728931407750393e-01
-6.979794485550657734e-01
-6.851229223221871889e-01
-6.724965073967373863e-01
-6.623983658827699017e-01
-6.561728918418257006e-01
-6.541700541384211087e-01
-6.558895837903760961e-01
-6.602510331786878295e-01
-6.659164786145785886e-01
-6.715942919995802063e-01
-6.762692415159826664e-01
-6.793302306284939585e-01
-6.805939883029880066e-01
-6.802440541837476706e-01
-6.787160609971978342e-01
-6.765627689373323594e-01
-6.743278869039674994e-01
-6.724493324635903990e-01
-6.712027541437248779e-01
-6.706867354229835154e-01
-6.708434378403717036e-01
-6.715033866131329132e-01
-6.724410462133600941e-01
-6.734286274412345508e-01
-6.742785527438923676e-01
-6.748691861442970286e-01
-6.751527426801322562e-01
-6.751478550659617550e-01
-6.749215688546332803e-01
-6.745664197504060988e-01
-6.741778858577825995e-01
-6.738362618312943031e-01
-6.735953004774943853e-01
-6.734782173829220175e-01
-6.734801785815009989e-01
-6.735753954831886769e-01
-6.737265132728463835e-01
-6.738940607039384245e-01
-6.740442053120211385e-01
-6.741537558459165247e-01
-6.742120952228235486e-01
-6.742203646570309461e-01
-6.741886569530605167e-01
-6.741321773139186124e-01
-6.740673089205515556e-01
-6.740083310747868595e-01
-6.739652520919257039e-01
-6.739429111916637183e-01
-6.739412349863945773e-01
-6.739563457261509294e-01
-6.739821274943509355e-01
-6.740118585887181490e-01
-6.740395926382690694e-01
-6.740610879399807631e-01
-6.740742129109723590e-01
-6.740788689797798661e-01
-6.740765528368015680e-01
-6.740697199561755948e-01
-6.740611122250803611e-01
-6.740531828692958305e-01
-6.740477039737732268e-01
-6.740455887692866632e-01
-6.740469135920581500e-01
-6.740510905624021998e-01
-6.740571249217772731e-01
-6.740638900721073190e-01
-6.740703652024423453e-01
-6.740757998653865712e-01
-6.740797915801209905e-01
-6.740822818851071041e-01
-6.740834901312658944e-01
-6.740838113397288334e-01
-6.740837049112317070e-01
-6.740835963333783321e-01
-6.740838063978641381e-01
-6.740845140056171969e-01
-6.740857512256591688e-01
-6.740874240524676875e-01
-6.740893497048863203e-01
-6.740913010968796470e-01
-6.740930506023113944e-01
-6.740944075548863657e-01
