-6.741219677234552288e-01
-6.741224503328403506e-01
-6.741226920604915795e-01
-6.741226991335567131e-01
-6.741224814439701341e-01
-6.741220515699711813e-01
-6.741214234034942354e-01
-6.741206104427865942e-01
-6.741196238934585860e-01
-6.741184708194634112e-01
-6.741171526724961671e-01
-6.741156645736425812e-01
-6.741139956968390523e-01
-6.741121309918646221e-01
-6.741100542838698306e-01
-6.741077525160585893e-01
-6.741052206020838877e-01
-6.741024660816363756e-01
-6.740995125914357455e-01
-6.740964011358776542e-01
-6.740931883119609669e-01
-6.740899410278572423e-01
-6.740867278313154021e-01
-6.740836076680961630e-01
-6.740806176170285324e-01
-6.740777617626096951e-01
-6.740750037218639079e-01
-6.740722653045351231e-01
-6.740694332583310189e-01
-6.740663750030135848e-01
-6.740629627458891715e-01
-6.740591035553578081e-01
-6.740547711083633153e-01
-6.740500332646889303e-01
-6.740450687434211829e-01
-6.740401663583319714e-01
-6.740357017944232920e-01
-6.740320898909865077e-01
-6.740297147008703638e-01
-6.740288447790290238e-01
-6.740295464532002345e-01
-6.740316122084963890e-01
-6.740345235825221382e-01
-6.740374669629832782e-01
-6.740394155427719136e-01
-6.740392811314074306e-01
-6.740361260960097134e-01
-6.740294099672353711e-01
-6.740192297740884575e-01
-6.740065013581383324e-01
-6.739930245079257531e-01
-6.739813811470203309e-01
-6.739746351886352072e-01
-6.739758351096286626e-01
-6.739873630310740937e-01
-6.740102211787704078e-01
-6.740433891816217660e-01
-6.740834129912759431e-01
-6.741243873720128565e-01
-6.741584602308965390e-01
-6.741769146911935628e-01
-6.741717771563697781e-01
-6.741377689000661588e-01
-6.740742861922558449e-01
-6.739869881458920853e-01
-6.738885241879811749e-01
-6.737979734815654487e-01
-6.737387157518577308e-01
-6.737347079999733701e-01
-6.738054819089872582e-01
-6.739605536165405031e-01
-6.741942791821303738e-01
-6.744824100418460588e-01
-6.747816186876753886e-01
-6.750330108343743918e-01
-6.751700896756276382e-01
-6.751308177681196732e-01
-6.748724242785771876e-01
-6.743865878463463082e-01
-6.737118030077966502e-01
-6.729393571347739300e-01
-6.722096375219234199e-01
-6.716966097497424348e-01
-6.715802657303500123e-01
-6.720094360066459771e-01
-6.730601832098378479e-01
-6.746974658800118929e-01
-6.767492570415831743e-01
-6.789022803294030295e-01
-6.807266480646534390e-01
-6.817328599024904401e-01
-6.814590058910668935e-01
-6.795790372248533551e-01
-6.760154181526482065e-01
-6.710327197817215206e-01
-6.652848168688489938e-01
-6.597897904942976455e-01
-6.558154767836948951e-01
-6.546751252488770545e-01
-6.574542690043753135e-01
-6.647113231034882386e-01
-6.762093030852257547e-01
-6.907400113272059716e-01
-7.060949554245753435e-01
-7.192231269744138178e-01
-7.265991211594550192e-01
-7.248053466403882039e-01
-7.112998798520869803e-01
-6.852828370228049026e-01
-6.484858293379607286e-01
-6.056193700805290181e-01
-5.641867908178695989e-01
-5.334790674603395733e-01
-5.228121024331188194e-01
-5.393643877211918847e-01
-5.861621132113921107e-01
-6.607193779727251748e-01
-7.545695987851245290e-01
-8.535569557431526011e-01
-9.385486516670570323e-01
-9.864623441258230097e-01
-9.722548569240104799e-01
-8.733201346687303745e-01
-6.774308034743730111e-01
-3.927224395782114019e-01
-5.404097557118814343e-02
2.812695528588151639e-01
5.489675730729521863e-01
6.966337770823154418e-01
6.959473826331431523e-01
5.470377369348906615e-01
2.784695123858342836e-01
-5.716406870872782486e-02
-3.955951292973069466e-01
-6.796234210406956189e-01
-8.746417377301258789e-01
-9.727356363361797653e-01
-9.862695338752639485e-01
-9.379014207268706604e-01
-8.526724406154178038e-01
-7.536377207822574364e-01
-6.598917909855502861e-01
-5.855449033110095014e-01
-5.390125166726330574e-01
-5.227285131408180296e-01
-5.336214102607618193e-01
-5.644818185957040102e-01
-6.059817843255681513e-01
-6.488366189415992746e-01
-6.855626597111456055e-01
-7.114752761874999498e-01
-7.248681979391169428e-01
-7.265614959655213312e-01
-7.191100646889820869e-01
-7.059371932189015819e-01
-6.905678338421735729e-01
-6.760480351959855527e-01
-6.645786044702012285e-01
-6.573590482443341099e-01
-6.546181671458093376e-01
-6.557910340212420586e-01
-6.597879716281541684e-01
-6.652941326185657367e-01
-6.710423397686212654e-01
-6.760168091818760105e-01
-6.795668379218529065e-01
-6.814311671016048955e-01
-6.816902057521840863e-01
-6.806720739447761348e-01
-6.788398083195680277e-01
-6.766831346781196910e-01
-6.746314399687854957e-01
-6.729970212523286310e-01
-6.719507131494266705e-01
-6.715263905943744671e-01
-6.716470314225126970e-01
-6.721631600275025376e-01
-6.728944865080150883e-01
-6.736670632487478105e-01
-6.743407613438544557e-01
-6.748246948037578408e-01
-6.750808152368154014e-01
-6.751178522133515214e-01
-6.749788895678675571e-01
-6.747261540336368935e-01
-6.744262061252017659e-01
-6.741378970891345190e-01
-6.739044363374514512e-01
-6.737499157488854307e-01
-6.736798182587642181e-01
-6.736844894467555189e-01
-6.737442991680168136e-01
-6.738352384472267032e-01
-6.739339196288953726e-01
-6.740212906170603979e-01
-6.740847514110165362e-01
-6.741187013563822994e-01
-6.741237999977244266e-01
-6.741053707272646189e-01
-6.740714159693711460e-01
-6.740306645834496235e-01
-6.739909657703925250e-01
-6.739582109216623040e-01
-6.739358340612436882e-01
-6.739248339970742574e-01
-6.739241891855969335e-01
-6.739315029472741081e-01
-6.739437181432227364e-01
-6.739577679997432735e-01
-6.739710725192763485e-01
-6.739818370780802370e-01
-6.739891525387141646e-01
-6.739929285775929646e-01
-6.739937112045678580e-01
-6.739924417320053429e-01
-6.739902099404403435e-01
-6.739880422991442188e-01
-6.739867505844814310e-01
-6.739868504880383027e-01
-6.739885463928236842e-01
-6.739917689686327762e-01
-6.739962471374453257e-01
-6.740015949917028681e-01
-6.740073965437954895e-01
-6.740132755852445978e-01
-6.740189432447522000e-01
-6.740242210191332850e-01
-6.740290413497895816e-01
-6.740334307903440569e-01
-6.740374823247272662e-01
-6.740413235651411261e-01
-6.740450866725533619e-01
-6.740488842732629271e-01
-6.740527937811625625e-01
-6.740568507190963787e-01
-6.740610501232574547e-01
-6.740653540697941759e-01
-6.740697028391301471e-01
-6.740740271994953847e-01
-6.740782596500149992e-01
-6.740823430802289629e-01
-6.740862360305415191e-01
-6.740899144424019607e-01
-6.740933703633554819e-01
-6.740966084558257521e-01
-6.740996413275399668e-01
-6.741024846721891395e-01
-6.741051530264540181e-01
-6.741076566755369592e-01
-6.741099999387809572e-01
-6.741121807964072232e-01
-6.741141916178633453e-01
-6.741160206408264299e-01
-6.741176538261227646e-01
-6.741190767596775268e-01
-6.741202763600252501e-01
-6.741212422485243216e-01
