-6.741223886052216674e-01
-6.741228687734333036e-01
-6.741231028013866533e-01
-6.741230986001592873e-01
-6.741228684963582740e-01
-6.741224277411016486e-01
-6.741217925124993737e-01
-6.741209775744153587e-01
-6.741199938693220872e-01
-6.741188464341358877e-01
-6.741175330946138633e-01
-6.741160443763118959e-01
-6.741143649418805950e-01
-6.741124766239566801e-01
-6.741103627991902325e-01
-6.741080135005148577e-01
-6.741054303698482686e-01
-6.741026303934459785e-01
-6.740996474016205386e-01
-6.740965305822356202e-01
-6.740933397334626376e-01
-6.740901375950913987e-01
-6.740869802376238118e-01
-6.740839070233194397e-01
-6.740809319608367378e-01
-6.740780382705028329e-01
-6.740751776355624614e-01
-6.740722749793311985e-01
-6.740692387822722065e-01
-6.740659760757664598e-01
-6.740624104619279411e-01
-6.740585009203345912e-01
-6.740542588269846647e-01
-6.740497605238454648e-01
-6.740451528964261918e-01
-6.740406497001480979e-01
-6.740365168279166541e-01
-6.740330454134065841e-01
-6.740305127765927606e-01
-6.740291329292174005e-01
-6.740290007908260606e-01
-6.740300373488815611e-01
-6.740319463385920917e-01
-6.740341958386601995e-01
-6.740360393416094942e-01
-6.740365890475840116e-01
-6.740349481881292570e-01
-6.740303985504600970e-01
-6.740226245538785133e-01
-6.740119381759202000e-01
-6.739994532239564906e-01
-6.739871476267104144e-01
-6.739777537690415654e-01
-6.739744338317155137e-01
-6.739802317579577373e-01
-6.739973442035418483e-01
-6.740263131601543778e-01
-6.740653014027511158e-01
-6.741096531256328683e-01
-6.741519493160016419e-01
-6.741827261265747051e-01
-6.741919271302536654e-01
-6.741710104091405142e-01
-6.741154467259151684e-01
-6.740271582025103569e-01
-6.739163027030278252e-01
-6.738017574466760307e-01
-6.737097409184984453e-01
-6.736702612890049791e-01
-6.737114875703065220e-01
-6.738526615246976936e-01
-6.740967164645975673e-01
-6.744242218857713356e-01
-6.747904933675276107e-01
-6.751275705836938812e-01
-6.753521917573145350e-01
-6.753798737037560729e-01
-6.751438331522912062e-01
-6.746159560471708394e-01
-6.738256380701884707e-01
-6.728714550913150738e-01
-6.719206608090613209e-01
-6.711927498524711266e-01
-6.709258651584100175e-01
-6.713284575008802157e-01
-6.725227592684299704e-01
-6.744904591352703926e-01
-6.770334846372559889e-01
-6.797631528395339240e-01
-6.821285819177154153e-01
-6.834900122870044559e-01
-6.832347872432681379e-01
-6.809237799024654425e-01
-6.764451334444135933e-01
-6.701422716971882076e-01
-6.628773278426649540e-01
-6.559932956578571339e-01
-6.511515506005279841e-01
-6.500462452715086714e-01
-6.540290728580864243e-01
-6.637082489108594441e-01
-6.786044186683906076e-01
-6.969475539796260444e-01
-7.156842258277318347e-01
-7.307418735823095757e-01
-7.375734903672039877e-01
-7.319799778739098928e-01
-7.111603472735283926e-01
-6.748486249765831557e-01
-6.262618095623433412e-01
-5.724641655353069902e-01
-5.237616035494097044e-01
-4.919671475931088889e-01
-4.877879063998777354e-01
-5.179828502404770774e-01
-5.830944621741734890e-01
-6.763516228093313654e-01
-7.838562303275983245e-01
-8.856677127827514706e-01
-9.572832825030948012e-01
-9.715901135835151026e-01
-9.024300596660619345e-01
-7.313684544721764658e-01
-4.574738558294494384e-01
-1.056161402278686656e-01
2.743406379417820951e-01
6.209532919530992290e-01
8.801794917543747099e-01
1.017140945606827662e+00
1.016481872605977665e+00
8.782693400216688984e-01
6.180218990644730237e-01
2.708140838623370183e-01
-1.091687554668048649e-01
-4.604997020950069575e-01
-7.335010206138649069e-01
-9.035590402315715197e-01
-9.718161607069915053e-01
-9.568238327024988221e-01
-8.847775464412390711e-01
-7.827821184362304674e-01
-6.753095409116074421e-01
-5.822538361006849295e-01
-5.174521976257475675e-01
-4.876054942748646037e-01
-4.921026064380049081e-01
-5.241308683484300346e-01
-5.729545609198146705e-01
-6.267600389325801435e-01
-6.752637822613148932e-01
-7.114368352128095374e-01
-7.320995516440738093e-01
-7.375491301770695785e-01
-7.306074945787913721e-01
-7.154836635628363251e-01
-6.967249544450878629e-01
-6.783970323861825413e-01
-6.635419661765725730e-01
-6.539166913298171124e-01
-6.499882011585771391e-01
-6.511385714082550402e-01
-6.560101919913055024e-01
-6.629070348413512725e-01
-6.701693376152665360e-01
-6.764581108384185582e-01
-6.809163139158648237e-01
-6.832055086831317903e-01
-6.834415546970232791e-01
-6.820661276751314173e-01
-6.796928927130539977e-01
-6.769612876362076648e-01
-6.744209338555616773e-01
-6.724587730950002396e-01
-6.712710838631510413e-01
-6.708746614100881134e-01
-6.711462333120772339e-01
-6.718768470120080050e-01
-6.728283445120631923e-01
-6.737815759023600970e-01
-6.745698330118251596e-01
-6.750951338376430799e-01
-6.753286059876882907e-01
-6.752987439181101781e-01
-6.750725429497762553e-01
-6.747345423953051702e-01
-6.743679408921825491e-01
-6.740405630262155112e-01
-6.737969297990754614e-01
-6.736563160864639244e-01
-6.736156633625091095e-01
-6.736556450661950191e-01
-6.737480477667129319e-01
-6.738628528007419849e-01
-6.739738557576580025e-01
-6.740622084952156978e-01
-6.741177890687763963e-01
-6.741387119780506421e-01
-6.741295395908742938e-01
-6.740988408226276096e-01
-6.740566914538660415e-01
-6.740125663815530466e-01
-6.739738874451541850e-01
-6.739453058636736271e-01
-6.739286483802224836e-01
-6.739233587340051068e-01
-6.739272246595120475e-01
-6.739371876922747306e-01
-6.739500742461789207e-01
-6.739631449535470331e-01
-6.739744197361551281e-01
-6.739827869940119287e-01
-6.739879401337109943e-01
-6.739902017196346407e-01
-6.739902969258468879e-01
-6.739891281099540388e-01
-6.739875864292662611e-01
-6.739864192331309622e-01
-6.739861570153684589e-01
-6.739870929741721417e-01
-6.739893022320561089e-01
-6.739926859580692708e-01
-6.739970268389747776e-01
-6.740020452342156965e-01
-6.740074487646113832e-01
-6.740129712288048802e-01
-6.740183992126713708e-01
-6.740235864797784471e-01
-6.740284573315400429e-01
-6.740330008010115836e-01
-6.740372579635010020e-01
-6.740413049011034774e-01
-6.740452339568894224e-01
-6.740491358183317017e-01
-6.740530846352266181e-01
-6.740571277973108621e-01
-6.740612812210523552e-01
-6.740655301290676693e-01
-6.740698344879019199e-01
-6.740741376386281125e-01
-6.740783763133487705e-01
-6.740824902237672056e-01
-6.740864297120332527e-01
-6.740901604857525431e-01
-6.740936650968185617e-01
-6.740969414366732027e-01
-6.740999989969617134e-01
-6.741028539131402875e-01
-6.741055238490732959e-01
-6.741080236213061738e-01
-6.741103621668694812e-01
-6.741125411095933995e-01
-6.741145548554701161e-01
-6.741163919062953536e-01
-6.741180369520594073e-01
-6.741194732848082571e-01
-6.741206851436247760e-01
-6.741216597120686105e-01
