-6.741125112747583525e-01
-6.741130040640728183e-01
-6.741132973227740299e-01
-6.741133882452841064e-01
-6.741132744703399737e-01
-6.741129566324789435e-01
-6.741124408004133262e-01
-6.741117399630927043e-01
-6.741108738477396001e-01
-6.741098666692133534e-01
-6.741087428775921486e-01
-6.741075215147788180e-01
-6.741062103048941490e-01
-6.741048009647812034e-01
-6.741032673130197272e-01
-6.741015674927395285e-01
-6.740996509773599099e-01
-6.740974700502498917e-01
-6.740949942786744753e-01
-6.740922253591012936e-01
-6.740892088674685922e-01
-6.740860391816752006e-01
-6.740828543752895863e-01
-6.740798193102900404e-01
-6.740770974040678487e-01
-6.740748143251630298e-01
-6.740730196958889531e-01
-6.740716551148991931e-01
-6.740705377819556920e-01
-6.740693681300625739e-01
-6.740677668191816796e-01
-6.740653412903652164e-01
-6.740617753814511781e-01
-6.740569283338159190e-01
-6.740509233542933965e-01
-6.740442024174797542e-01
-6.740375247653870305e-01
-6.740318926508799269e-01
-6.740283994675834167e-01
-6.740280115256110927e-01
-6.740313130838004874e-01
-6.740382613777412546e-01
-6.740480100844458144e-01
-6.740588617033261842e-01
-6.740683983752575603e-01
-6.740738152843320785e-01
-6.740724423653355890e-01
-6.740623932781462102e-01
-6.740432334958863514e-01
-6.740165223695164798e-01
-6.739860685684517794e-01
-6.739577543712705898e-01
-6.739388378507632504e-01
-6.739367323618008498e-01
-6.739573806480244622e-01
-6.740034680242589227e-01
-6.740728295145290705e-01
-6.741574695322914978e-01
-6.742436012085309960e-01
-6.743130057047397319e-01
-6.743458050180969332e-01
-6.743244510586469120e-01
-6.742383989839746405e-01
-6.740886158701728803e-01
-6.738908539992445323e-01
-6.736765712876081613e-01
-6.734905747779605933e-01
-6.733849267332437938e-01
-6.734093630385217244e-01
-6.735993414845639071e-01
-6.739637106285637502e-01
-6.744746704567097240e-01
-6.750629748037746403e-01
-6.756210259536469254e-01
-6.760155355188801618e-01
-6.761097896587116018e-01
-6.757934187075438359e-01
-6.750152402452248568e-01
-6.738126727660661563e-01
-6.723299626875458568e-01
-6.708176095146877183e-01
-6.696073654231340377e-01
-6.690611594328597089e-01
-6.694978868615955037e-01
-6.711082800377213831e-01
-6.738736678786745316e-01
-6.775078623308584680e-01
-6.814414985942276459e-01
-6.848643084045344942e-01
-6.868330298187338423e-01
-6.864413557820374656e-01
-6.830341446543749528e-01
-6.764322421342586766e-01
-6.671192578928581973e-01
-6.563322836819257544e-01
-6.460014621495004938e-01
-6.385043517645835331e-01
-6.362407885096508231e-01
-6.410842883010120508e-01
-6.538110937944203727e-01
-6.736309417105824648e-01
-6.979363245134204696e-01
-7.223559565574632080e-01
-7.411614485033478639e-01
-7.480495088680872984e-01
-7.372988157088278260e-01
-7.052422616254271359e-01
-6.518519994788231076e-01
-5.820081357170228120e-01
-5.058298974458734776e-01
-4.375033575124556151e-01
-3.924823205337340526e-01
-3.836359854675645553e-01
-4.174817126693743385e-01
-4.917219244744346351e-01
-5.948356841270979745e-01
-7.076702692473787470e-01
-8.062384220115288436e-01
-8.647690820641827925e-01
-8.587685641927652602e-01
-7.689209088326862673e-01
-5.867493983425040582e-01
-3.209634385910563603e-01
-2.914665653077361056e-04
3.319245133711906659e-01
6.310697785796750559e-01
8.651504027512545436e-01
1.020283833119880468e+00
1.096008579079531309e+00
1.095679677229737248e+00
1.019273461567186567e+00
8.634239327996322544e-01
6.286694634905959367e-01
3.290472031760066640e-01
-3.291119999880970891e-03
-3.236663784942556688e-01
-5.888105835649602993e-01
-7.701619889485298298e-01
-8.591867275276026117e-01
-8.644896428576712699e-01
-8.054586652721077433e-01
-7.066188398421544559e-01
-5.937444858792129132e-01
-4.907992049520552569e-01
-4.168828504518916067e-01
-3.834388601514605033e-01
-3.926774398296267177e-01
-4.380043743858684779e-01
-5.065021163023052386e-01
-5.827056543032510527e-01
-6.524514544460615628e-01
-7.056639380014060325e-01
-7.375122801272471218e-01
-7.480669389721215090e-01
-7.410244965217547275e-01
-7.221212992667335184e-01
-6.976629333953475731e-01
-6.733703109848281354e-01
-6.536007731704586154e-01
-6.409447760281216100e-01
-6.361756527482561596e-01
-6.385031188618055520e-01
-6.460443982510503114e-01
-6.563959035217530325e-01
-6.671813821508143505e-01
-6.764757104354314210e-01
-6.830487569481760168e-01
-6.864240867111127686e-01
-6.867869013565193193e-01
-6.847964632959545606e-01
-6.813610152707130219e-01
-6.774237506769553718e-01
-6.737933413868727461e-01
-6.710366509406511248e-01
-6.694370969915736103e-01
-6.690108525036216891e-01
-6.695653347628276464e-01
-6.707806244569769483e-01
-6.722945864014462369e-01
-6.737759263563385392e-01
-6.749750286136482202e-01
-6.757486970964886597e-01
-6.760605026083605917e-01
-6.759623941158784399e-01
-6.755652026828824486e-01
-6.750057907772476495e-01
-6.744173327796081363e-01
-6.739071344720872769e-01
-6.735440677711832524e-01
-6.733555628206514543e-01
-6.733324699525501389e-01
-6.734391349946290406e-01
-6.736257385386090757e-01
-6.738402334815825068e-01
-6.740378984115782401e-01
-6.741873980279726730e-01
-6.742731083667470315e-01
-6.742941723909356977e-01
-6.742612124041877930e-01
-6.741918167044677057e-01
-6.741058693810647595e-01
-6.740215694347315711e-01
-6.739526683474835744e-01
-6.739071208718224737e-01
-6.738870538494313722e-01
-6.738897518923778751e-01
-6.739092527387415821e-01
-6.739381341436616601e-01
-6.739691381518989610e-01
-6.739963890752631581e-01
-6.740160885342088015e-01
-6.740266886424013393e-01
-6.740286345732836581e-01
-6.740238211436333504e-01
-6.740149240004891240e-01
-6.740047504635785502e-01
-6.739957180602429432e-01
-6.739895216687298296e-01
-6.739870034279273892e-01
-6.739882011572283504e-01
-6.739925256618798377e-01
-6.739990063540486354e-01
-6.740065466785190029e-01
-6.740141425618462190e-01
-6.740210342672886545e-01
-6.740267804256779849e-01
-6.740312591604531445e-01
-6.740346128413238214e-01
-6.740371590949713054e-01
-6.740392914613088093e-01
-6.740413895802286337e-01
-6.740437525964634302e-01
-6.740465622665413603e-01
-6.740498755286615795e-01
-6.740536411266485617e-01
-6.740577318268053952e-01
-6.740619828996281537e-01
-6.740662285257423836e-01
-6.740703300415504806e-01
-6.740741927830858904e-01
-6.740777710793764976e-01
-6.740810631998316316e-01
-6.740840994869756742e-01
-6.740869274294581937e-01
-6.740895971524433206e-01
-6.740921499471677070e-01
-6.740946113086647706e-01
-6.740969887744535649e-01
-6.740992738778471827e-01
-6.741014468862984721e-01
-6.741034827377080374e-01
-6.741053566863083324e-01
-6.741070485372946397e-01
-6.741085448674931646e-01
-6.741098391749584806e-01
-6.741109303671123376e-01
-6.741118203092524297e-01
