-6.741040910819777743e-01
-6.741045748761790302e-01
-6.741048701872587312e-01
-6.741049829037554231e-01
-6.741049227427202695e-01
-6.741047027307874862e-01
-6.741043382538250972e-01
-6.741038455647183625e-01
-6.741032397435703372e-01
-6.741025322646037043e-01
-6.741017285086737809e-01
-6.741008257257619096e-01
-6.740998120481721534e-01
-6.740986671360985616e-01
-6.740973648711523492e-01
-6.740958781939192512e-01
-6.740941857353766054e-01
-6.740922793819035252e-01
-6.740901714349234464e-01
-6.740878996950653290e-01
-6.740855287349418745e-01
-6.740831459188195707e-01
-6.740808514258499473e-01
-6.740787426058070242e-01
-6.740768943220555309e-01
-6.740753383046436120e-01
-6.740740456635807565e-01
-6.740729172823501925e-01
-6.740717865337256809e-01
-6.740704374389163700e-01
-6.740686389980817816e-01
-6.740661931490463665e-01
-6.740629901029088211e-01
-6.740590613288235389e-01
-6.740546180357913642e-01
-6.740500624676494246e-01
-6.740459613747573631e-01
-6.740429759885605554e-01
-6.740417505114475460e-01
-6.740427707056518836e-01
-6.740462141218793723e-01
-6.740518218148744412e-01
-6.740588257549341433e-01
-6.740659644268376383e-01
-6.740716098454908600e-01
-6.740740121333365087e-01
-6.740716442276252218e-01
-6.740636023514137154e-01
-6.740499924026623901e-01
-6.740322143487611495e-01
-6.740130522213351183e-01
-6.739964914792728745e-01
-6.739872209312094409e-01
-6.739898318311690062e-01
-6.740077962010265766e-01
-6.740423790510979840e-01
-6.740917001690756027e-01
-6.741501938096254865e-01
-6.742087033517265571e-01
-6.742553820264287623e-01
-6.742774479334243676e-01
-6.742636711057415910e-01
-6.742072747438415670e-01
-6.741087465752763075e-01
-6.739779228819093859e-01
-6.738346723154277074e-01
-6.737076070739426159e-01
-6.736305050266762073e-01
-6.736365291727656190e-01
-6.737508362299426956e-01
-6.739826939293682706e-01
-6.743186681106894120e-01
-6.747186752037920288e-01
-6.751166130615199323e-01
-6.754268093923571081e-01
-6.755566479821994985e-01
-6.754245121267288265e-01
-6.749807739712270216e-01
-6.742281972809942570e-01
-6.732371208876691826e-01
-6.721504944814898908e-01
-6.711745540063625004e-01
-6.705528221551315671e-01
-6.705241328634228282e-01
-6.712691316012572296e-01
-6.728535238870742008e-01
-6.751793815101474472e-01
-6.779572339467488939e-01
-6.807108497453642215e-01
-6.828232538383881556e-01
-6.836266529388653757e-01
-6.825308251446191576e-01
-6.791747322691773503e-01
-6.735757537554318830e-01
-6.662421324543229550e-01
-6.582102739945001613e-01
-6.509733351494395581e-01
-6.462837715315560283e-01
-6.458393754378353169e-01
-6.508941068165532418e-01
-6.618622759315567761e-01
-6.779982535248679776e-01
-6.972300229439262198e-01
-7.162076299755817388e-01
-7.306063936808371295e-01
-7.357063000603019098e-01
-7.272470664551137220e-01
-7.025101939091110692e-01
-6.614794225613036538e-01
-6.077849810186890522e-01
-5.490152013926000718e-01
-4.960047277033325930e-01
-4.609703515351193936e-01
-4.548050734827708830e-01
-4.842399503305616082e-01
-5.497020726978062433e-01
-6.444409601891777362e-01
-7.549669451553172594e-01
-8.623133420929105508e-01
-9.434851204813887726e-01
-9.730066220620886552e-01
-9.255860751649773732e-01
-7.816321596911645075e-01
-5.361663206046982655e-01
-2.078834460044007293e-01
1.586997472824056843e-01
5.031597248245548437e-01
7.671064544184714729e-01
9.088124781539770325e-01
9.080045533005532965e-01
7.647929598804545925e-01
4.996861403524259226e-01
1.546401106021534910e-01
-2.118367343438581074e-01
-5.394038986370340849e-01
-7.837984490412249761e-01
-9.266187968885978288e-01
-9.730600947473574402e-01
-9.428205084045807594e-01
-8.612174976327795495e-01
-7.537105763365951061e-01
-6.432585356089928208e-01
-5.487761367869072870e-01
-4.836851522600880138e-01
-4.546573378282617317e-01
-4.611885490561125067e-01
-4.964877048200634913e-01
-5.496305267982631859e-01
-6.084010475138662555e-01
-6.619917347748506264e-01
-7.028558540677082300e-01
-7.274065789964588857e-01
-7.356959729641489032e-01
-7.304661559421755657e-01
-7.159883310825062575e-01
-6.969826169135683314e-01
-6.777658546646588844e-01
-6.616752890083672511e-01
-6.507682994961788703e-01
-6.457765656338005922e-01
-6.462745809886036863e-01
-6.510012311034787391e-01
-6.582559900223606819e-01
-6.662876120299090488e-01
-6.736069962748401085e-01
-6.791832625121342337e-01
-6.825138427185981627e-01
-6.835861602957319372e-01
-6.827645746057405818e-01
-6.806409473552563760e-01
-6.778831637144662192e-01
-6.751070989084329010e-01
-6.727871578911395201e-01
-6.712107320028712909e-01
-6.704738232435609735e-01
-6.705092402391807926e-01
-6.711354399583955299e-01
-6.721132935443230316e-01
-6.731994940537571193e-01
-6.741883737044545022e-01
-6.749377217825643926e-01
-6.753779415780792883e-01
-6.755068867901740104e-01
-6.753746027038269872e-01
-6.750629007124500092e-01
-6.746643899661352028e-01
-6.742645843457916177e-01
-6.739293402713901759e-01
-6.736984716560164843e-01
-6.735851711055271807e-01
-6.735799919161467031e-01
-6.736576762094456106e-01
-6.737850356613724889e-01
-6.739283282821658672e-01
-6.740590173386127315e-01
-6.741573261377847848e-01
-6.742135067033995233e-01
-6.742271415567125947e-01
-6.742050521094182791e-01
-6.741584861453669975e-01
-6.741002204090807970e-01
-6.740420803875403211e-01
-6.739931931710404500e-01
-6.739590939713794304e-01
-6.739416369607066359e-01
-6.739395388153689437e-01
-6.739493179259420375e-01
-6.739663813644344303e-01
-6.739860445759110474e-01
-6.740043298014074535e-01
-6.740184617617646090e-01
-6.740270483949780678e-01
-6.740299896580799199e-01
-6.740281926425484293e-01
-6.740231852886927610e-01
-6.740167164166547265e-01
-6.740104117078955515e-01
-6.740055298200885447e-01
-6.740028359394232282e-01
-6.740025865608294531e-01
-6.740046022590467922e-01
-6.740083959918109491e-01
-6.740133227799364191e-01
-6.740187209741184127e-01
-6.740240236151068265e-01
-6.740288283344488818e-01
-6.740329237969413523e-01
-6.740362783580833295e-01
-6.740390015638424437e-01
-6.740412911643650640e-01
-6.740433777831167372e-01
-6.740454769625063847e-01
-6.740477548351812009e-01
-6.740503099655894559e-01
-6.740531706368987352e-01
-6.740563044651987079e-01
-6.740596359002747340e-01
-6.740630668920810642e-01
-6.740664965700510214e-01
-6.740698369084303643e-01
-6.740730227189423163e-01
-6.740760156389045132e-01
-6.740788028568956980e-01
-6.740813920184216546e-01
-6.740838040498841055e-01
-6.740860655744436158e-01
-6.740882022624886671e-01
-6.740902339802262722e-01
-6.740921720887156354e-01
-6.740940187980173359e-01
-6.740957681602107732e-01
-6.740974081178022770e-01
-6.740989230043201719e-01
-6.741002959900452840e-01
-6.741015111316096542e-01
-6.741025548695274150e-01
-6.741034169786140895e-01
