-6.741278690732268597e-01
-6.741283507948511167e-01
-6.741285761651152342e-01
-6.741285507622963857e-01
-6.741282835629638370e-01
-6.741277861880464739e-01
-6.741270717924862099e-01
-6.741261536084930395e-01
-6.741250432289491723e-01
-6.741237488173863479e-01
-6.741222735320452353e-01
-6.741206145249697412e-01
-6.741187628930307429e-01
-6.741167048919349813e-01
-6.741144245648356126e-01
-6.741119076903464569e-01
-6.741091466481038408e-01
-6.741061454820057586e-01
-6.741029241769047609e-01
-6.740995210264381088e-01
-6.740959920253286608e-01
-6.740924065160370793e-01
-6.740888388683083932e-01
-6.740853567331531737e-01
-6.740820072961953846e-01
-6.740788038107787816e-01
-6.740757153299221649e-01
-6.740726627752738898e-01
-6.740695241022894857e-01
-6.740661502361822155e-01
-6.740623916720341890e-01
-6.740581333176277612e-01
-6.740533326405575565e-01
-6.740480539444905217e-01
-6.740424902194336321e-01
-6.740369640597825285e-01
-6.740319010605373418e-01
-6.740277730500204845e-01
-6.740250142601795780e-01
-6.740239203628805020e-01
-6.740245470400786365e-01
-6.740266298937969136e-01
-6.740295494198108583e-01
-6.740323620752306510e-01
-6.740339103798407283e-01
-6.740330116807814465e-01
-6.740287080599527414e-01
-6.740205414991365940e-01
-6.740088024880933615e-01
-6.739946909263194730e-01
-6.739803293356453340e-01
-6.739685827982868638e-01
-6.739626683006720853e-01
-6.739655761327464356e-01
-6.739793724053195767e-01
-6.740044965412210765e-01
-6.740392008670843538e-01
-6.740792910336985688e-01
-6.741183075724724860e-01
-6.741482360755365333e-01
-6.741607477747678656e-01
-6.741488623043671025e-01
-6.741088060272777405e-01
-6.740417343876906608e-01
-6.739549205534910437e-01
-6.738620095977784219e-01
-6.737820161913760098e-01
-6.737369114009262860e-01
-6.737478916973332899e-01
-6.738307226745423595e-01
-6.739908546590540617e-01
-6.742192565822858752e-01
-6.744900417422940997e-01
-6.747609039516991869e-01
-6.749771038035965454e-01
-6.750792330722829027e-01
-6.750142736903649299e-01
-6.747486383898644302e-01
-6.742810648714404609e-01
-6.736526082471734345e-01
-6.729507333272151115e-01
-6.723048309770920383e-01
-6.718714887808410197e-01
-6.718095327759643354e-01
-6.722470573903068791e-01
-6.732450353784010799e-01
-6.747641768328485057e-01
-6.766429690936917041e-01
-6.785948214847875581e-01
-6.802306535631964524e-01
-6.811099908241640133e-01
-6.808187636580563806e-01
-6.790658814600568638e-01
-6.757839604371218556e-01
-6.712135242577990102e-01
-6.659463826688853949e-01
-6.609049145627871047e-01
-6.572414720584148773e-01
-6.561564359122410428e-01
-6.586525183354562385e-01
-6.652622434736743529e-01
-6.757996731122914991e-01
-6.891923473272647538e-01
-7.034444941755986225e-01
-7.157707295058923780e-01
-7.229242953324538368e-01
-7.217249640389177268e-01
-7.097614886141372370e-01
-6.861903981982163669e-01
-6.524743170508856549e-01
-6.128222590270742121e-01
-5.740665038318780722e-01
-5.447965596943552535e-01
-5.337836165758584883e-01
-5.479952827465993659e-01
-5.906848101733568335e-01
-6.600272946037858413e-01
-7.485522876988065510e-01
-8.432993067763792094e-01
-9.264218427110034737e-01
-9.761419814046773391e-01
-9.686015084477277437e-01
-8.818899116047833608e-01
-7.033465156008403829e-01
-4.390010510093502738e-01
-1.202004894594117246e-01
1.991707868131276093e-01
4.566429057584077689e-01
5.995905418091064254e-01
5.988607769311089513e-01
4.546010399743609653e-01
1.962339050258888884e-01
-1.234396247888090298e-01
-4.419422375713855100e-01
-7.055566252083527168e-01
-8.831891084825561622e-01
-9.690352991926709514e-01
-9.758917341526244238e-01
-9.257183941798234894e-01
-8.423688404022733334e-01
-7.475906678593713384e-01
-6.591883764387088673e-01
-5.900730277251157174e-01
-5.476608696193293602e-01
-5.337232099386023387e-01
-5.449616391225442502e-01
-5.743791625717785676e-01
-6.131947367298233864e-01
-6.528272957095455631e-01
-6.864658390751046113e-01
-7.099281249206121913e-01
-7.217771089367955861e-01
-7.228762143378475447e-01
-7.156491266292502873e-01
-7.032810869120803554e-01
-6.890176884193270901e-01
-6.756387276344493209e-01
-6.651318409452828817e-01
-6.585605805141389046e-01
-6.561027225270728014e-01
-6.572194455234039445e-01
-6.609042210693788499e-01
-6.659554218865429975e-01
-6.712216530666974545e-01
-6.757830297467390945e-01
-6.790509928261324601e-01
-6.807883023966115887e-01
-6.810651087222828748e-01
-6.801744257437232211e-01
-6.785312976243428329e-01
-6.765762981454297442e-01
-6.746979261407216599e-01
-6.731817643580065846e-01
-6.721881521348852528e-01
-6.717552662968676591e-01
-6.718212447180803570e-01
-6.722574171009993993e-01
-6.729047136500179160e-01
-6.736065959273012105e-01
-6.742339379199534521e-01
-6.746996617374135807e-01
-6.749631303547880545e-01
-6.750259812480207122e-01
-6.749220845400218938e-01
-6.747046259717552896e-01
-6.744330671074515449e-01
-6.741621050175676810e-01
-6.739339371230697040e-01
-6.737743076510936957e-01
-6.736921017554952096e-01
-6.736817434364780199e-01
-6.737273766254078255e-01
-6.738077555245485240e-01
-6.739008990095017859e-01
-6.739878140340825885e-01
-6.740548980500729037e-01
-6.740949297601311896e-01
-6.741068045877514070e-01
-6.740943382240301984e-01
-6.740645396325501970e-01
-6.740257512439273846e-01
-6.739859873856330896e-01
-6.739516967741395748e-01
-6.739270563810076942e-01
-6.739137940461151777e-01
-6.739114516702375823e-01
-6.739179482373554020e-01
-6.739302837509305588e-01
-6.739452369973107926e-01
-6.739599434922909360e-01
-6.739722848610602002e-01
-6.739810673441526401e-01
-6.739860070601305653e-01
-6.739875678474245291e-01
-6.739867118094908793e-01
-6.739846237566294862e-01
-6.739824613203052595e-01
-6.739811665278376829e-01
-6.739813562313944351e-01
-6.739832916326510270e-01
-6.739869138534011483e-01
-6.739919244448342450e-01
-6.739978870724231408e-01
-6.740043285670236362e-01
-6.740108226988935636e-01
-6.740170467884067929e-01
-6.740228081011617745e-01
-6.740280427150432407e-01
-6.740327934850285363e-01
-6.740371756348491061e-01
-6.740413385396215595e-01
-6.740454308714909359e-01
-6.740495740349328191e-01
-6.740538462965771638e-01
-6.740582776986375757e-01
-6.740628540659033829e-01
-6.740675273356232511e-01
-6.740722290655741800e-01
-6.740768841994660976e-01
-6.740814228114592188e-01
-6.740857884097370967e-01
-6.740899422637481875e-01
-6.740938639827718237e-01
-6.740975491211816939e-01
-6.741010048807661859e-01
-6.741042450343543990e-01
-6.741072850552256579e-01
-6.741101381711107621e-01
-6.741128127427280514e-01
-6.741153110597870590e-01
-6.741176294006775427e-01
-6.741197590430259012e-01
-6.741216878470454033e-01
-6.741234020501573054e-01
-6.741248879853329878e-01
-6.741261335370553054e-01
-6.741271292488901778e-01
