-6.741160996192703259e-01
-6.741165874842242056e-01
-6.741168587116447286e-01
-6.741169171536495197e-01
-6.741167691867052669e-01
-6.741164233480384516e-01
-6.741158897362604652e-01
-6.741151791324875298e-01
-6.741143018437855128e-01
-6.741132663439790562e-01
-6.741120778775179234e-01
-6.741107372823259558e-01
-6.741092403535516864e-01
-6.741075780853902355e-01
-6.741057380686992229e-01
-6.741037071732709496e-01
-6.741014754064976744e-01
-6.740990405375663075e-01
-6.740964127549597951e-01
-6.740936183531803794e-01
-6.740907013035356554e-01
-6.740877216332435973e-01
-6.740847498756786793e-01
-6.740818574787545980e-01
-6.740791039240057181e-01
-6.740765223003867268e-01
-6.740741060102574123e-01
-6.740717999276413241e-01
-6.740694994366680515e-01
-6.740670601485312385e-01
-6.740643196274949123e-01
-6.740611302078185485e-01
-6.740573992077467658e-01
-6.740531299998185899e-01
-6.740484550975787137e-01
-6.740436513608514257e-01
-6.740391282395103989e-01
-6.740353830824639125e-01
-6.740329229633215125e-01
-6.740321597345921845e-01
-6.740332930733560213e-01
-6.740362035751645831e-01
-6.740403826292595824e-01
-6.740449260137763021e-01
-6.740486124532389933e-01
-6.740500762208453400e-01
-6.740480649433533422e-01
-6.740417522655730576e-01
-6.740310536040181599e-01
-6.740168766146531487e-01
-6.740012313541817734e-01
-6.739871329348826601e-01
-6.739782544503222228e-01
-6.739783298114012666e-01
-6.739903608070002550e-01
-6.740157420711113678e-01
-6.740534701058933376e-01
-6.740996345218444041e-01
-6.741473880755891601e-01
-6.741875471746908710e-01
-6.742098830437991408e-01
-6.742050315910950165e-01
-6.741667936228720182e-01
-6.740944430722917158e-01
-6.739945435485998892e-01
-6.738817294722169171e-01
-6.737779692583407698e-01
-6.737100130177148261e-01
-6.737050329448723840e-01
-6.737848601710068053e-01
-6.739596475170365197e-01
-6.742221593516727340e-01
-6.745441114490626777e-01
-6.748759644028802240e-01
-6.751512484613312326e-01
-6.752958456136576304e-01
-6.752417174677372014e-01
-6.749434561917703190e-01
-6.743949321476988557e-01
-6.736424554730110481e-01
-6.727905280284678380e-01
-6.719966828059019681e-01
-6.714532429796100654e-01
-6.713560646017222577e-01
-6.718632097977954576e-01
-6.730495526974511478e-01
-6.748659055924174366e-01
-6.771126942458566278e-01
-6.794379571401091278e-01
-6.813671763758707423e-01
-6.823681196195664489e-01
-6.819476845596582626e-01
-6.797701549484267414e-01
-6.757781656684210825e-01
-6.702905425621522584e-01
-6.640473256294555648e-01
-6.581744610161960329e-01
-6.540510455915407029e-01
-6.530807116862972217e-01
-6.563925552240410521e-01
-6.645197538381361069e-01
-6.771187527704419784e-01
-6.927942678238574459e-01
-7.090860574434280084e-01
-7.226575901553673464e-01
-7.297095059150263685e-01
-7.266206411768590945e-01
-7.107843992083019424e-01
-6.815417963705187043e-01
-6.410123588649732085e-01
-5.945258426135483498e-01
-5.503381841332302127e-01
-5.184495820854206904e-01
-5.086305942021410731e-01
-5.280868762647031867e-01
-5.793765984390691903e-01
-6.591142615523660764e-01
-7.576663520733767365e-01
-8.596344936500039946e-01
-9.447184738670985071e-01
-9.888552454594928820e-01
-9.663824840670514060e-01
-8.547976230065782444e-01
-6.431756746214154496e-01
-3.422932112557684481e-01
9.813377158801175199e-03
3.536823742838819395e-01
6.252296112144825058e-01
7.739470998701563076e-01
7.732762954383463061e-01
6.233341344758871472e-01
3.509068758744897654e-01
6.680088478233476949e-03
-3.452162997110893583e-01
-6.454456167001089151e-01
-8.562034612691237223e-01
-9.669388236767216815e-01
-9.887216902552572462e-01
-9.441124840251817751e-01
-8.587744009497308983e-01
-7.567444917351410227e-01
-6.582854761587826342e-01
-5.787508290203561279e-01
-5.277232347113305355e-01
-5.085357982252018960e-01
-5.185840013830705919e-01
-5.506298599606619382e-01
-5.948894099929495916e-01
-6.413678301415607352e-01
-6.818285090249550651e-01
-7.109676671610729581e-01
-7.266914070366192746e-01
-7.296791834189022552e-01
-7.225507655717883226e-01
-7.089331548734280064e-01
-6.926253912786488609e-01
-6.769592050346444623e-01
-6.643873321366693396e-01
-6.562965335026286207e-01
-6.530222970885282141e-01
-6.540249735394420005e-01
-6.581712818853311386e-01
-6.640558846261392922e-01
-6.703001968726769455e-01
-6.757804133177233163e-01
-6.797595269516469862e-01
-6.819219227784913961e-01
-6.823277865739316717e-01
-6.813149042539292655e-01
-6.793775480521793142e-01
-6.770482507626278679e-01
-6.748011190928677738e-01
-6.729872213804399816e-01
-6.718050070454141265e-01
-6.713025365141825906e-01
-6.714039840938664794e-01
-6.719506227174544266e-01
-6.727462588119325071e-01
-6.735985385757393695e-01
-6.743501402863747440e-01
-6.748969262842264838e-01
-6.751930104875276673e-01
-6.752449252014013359e-01
-6.750984003904803021e-01
-6.748216832665054898e-01
-6.744889800031955707e-01
-6.741667412487176714e-01
-6.739044073285646030e-01
-6.737301171751215456e-01
-6.736509483979304935e-01
-6.736566054204209397e-01
-6.737251489235597246e-01
-6.738293425706348705e-01
-6.739424164813722085e-01
-6.740424200014887290e-01
-6.741147626800378934e-01
-6.741529380948888539e-01
-6.741577305110325602e-01
-6.741353886904447590e-01
-6.740953115617309699e-01
-6.740477456335641770e-01
-6.740018760367970652e-01
-6.739645386723625009e-01
-6.739396243585782376e-01
-6.739281137366348595e-01
-6.739285904015912543e-01
-6.739380350974401024e-01
-6.739527025485149148e-01
-6.739689148003031871e-01
-6.739836576325765050e-01
-6.739949261092805788e-01
-6.740018200472078780e-01
-6.740044320120677224e-01
-6.740035953369113431e-01
-6.740005673590474533e-01
-6.739967163041110654e-01
-6.739932635374316083e-01
-6.739911114026994055e-01
-6.739907653308510049e-01
-6.739923409755405048e-01
-6.739956349970733784e-01
-6.740002324626386265e-01
-6.740056240847740465e-01
-6.740113112415462293e-01
-6.740168840508482528e-01
-6.740220658435835954e-01
-6.740267246478577334e-01
-6.740308577157215764e-01
-6.740345582167942551e-01
-6.740379740225752592e-01
-6.740412674287593608e-01
-6.740445823481405752e-01
-6.740480226491717408e-01
-6.740516425345747242e-01
-6.740554476059777977e-01
-6.740594037969701580e-01
-6.740634507339394732e-01
-6.740675161990686837e-01
-6.740715290189577269e-01
-6.740754286405381546e-01
-6.740791706500681713e-01
-6.740827283571182438e-01
-6.740860911885159235e-01
-6.740892609735987806e-01
-6.740922472688865019e-01
-6.740950627267222606e-01
-6.740977192386029548e-01
-6.741002252613647050e-01
-6.741025844313618398e-01
-6.741047953349099675e-01
-6.741068521550738213e-01
-6.741087458563613799e-01
-6.741104655850109761e-01
-6.741120000292668557e-01
-6.741133385747127837e-01
-6.741144721805311102e-01
-6.741153939756812097e-01
