-6.741309912838094887e-01
-6.741314720148363637e-01
-6.741316877505945104e-01
-6.741316440375696439e-01
-6.741313498159197115e-01
-6.741308166885956465e-01
-6.741300578351946404e-01
-6.741290865733615689e-01
-6.741279146470319228e-01
-6.741265504227720307e-01
-6.741249972811119706e-01
-6.741232525696212452e-01
-6.741213075071267324e-01
-6.741191483671705731e-01
-6.741167591091749012e-01
-6.741141253723491600e-01
-6.741112394278806486e-01
-6.741081053506600140e-01
-6.741047433927482846e-01
-6.741011923958433183e-01
-6.740975091418697218e-01
-6.740937638585894343e-01
-6.740900316788479563e-01
-6.740863806512146228e-01
-6.740828578097416424e-01
-6.740794756700980717e-01
-6.740762021312285412e-01
-6.740729569236154628e-01
-6.740696172908966499e-01
-6.740660344352881195e-01
-6.740620604352544065e-01
-6.740575830422115278e-01
-6.740525633236292835e-01
-6.740470690157354117e-01
-6.740412952255134815e-01
-6.740355643041151534e-01
-6.740302986901093307e-01
-6.740259644158638208e-01
-6.740229885354888095e-01
-6.740216602828116299e-01
-6.740220321918792834e-01
-6.740238422843314314e-01
-6.740264802226416663e-01
-6.740290177290503282e-01
-6.740303158246947479e-01
-6.740292087004470245e-01
-6.740247475736591554e-01
-6.740164701790267721e-01
-6.740046460329195410e-01
-6.739904382504199321e-01
-6.739759232282114265e-01
-6.739639226177446263e-01
-6.739576284736090717e-01
-6.739600404671550749e-01
-6.739732789232795174e-01
-6.739978818132104088e-01
-6.740322284662171315e-01
-6.740722478290983588e-01
-6.741115559767849597e-01
-6.741421208082485350e-01
-6.741554711033230785e-01
-6.741443586831722401e-01
-6.741046600999816008e-01
-6.740371890284887479e-01
-6.739490086231029187e-01
-6.738538125371309473e-01
-6.737710083784523851e-01
-6.737233019653477983e-01
-6.737328413144737516e-01
-6.738163094813613974e-01
-6.739797042112377623e-01
-6.742138379815896254e-01
-6.744917517884941871e-01
-6.747691823688011237e-01
-6.749889021500266040e-01
-6.750891540218141307e-01
-6.750155769602098621e-01
-6.747350762591965978e-01
-6.742492064359537629e-01
-6.736040200120727572e-01
-6.728932120911437220e-01
-6.722519357794400907e-01
-6.718399504095867725e-01
-6.718147094994405544e-01
-6.722973316170270941e-01
-6.733366974461920673e-01
-6.748786700585041043e-01
-6.767481647089264030e-01
-6.786511660967198267e-01
-6.802016812510571775e-01
-6.809751083526227600e-01
-6.805848431836936108e-01
-6.787735301757206186e-01
-6.755048084234307471e-01
-6.710366874193696152e-01
-6.659552566564290732e-01
-6.611490108280008160e-01
-6.577110537745520791e-01
-6.567689888320292768e-01
-6.592586034945959739e-01
-6.656738214289966704e-01
-6.758374676777254564e-01
-6.887420906297071488e-01
-7.025071342611074465e-01
-7.144905233541679612e-01
-7.215817080669291173e-01
-7.206880278156332365e-01
-7.093989633170458831e-01
-6.867619419224809674e-01
-6.540253685914876325e-01
-6.151204715032492221e-01
-5.766154891142809547e-01
-5.469450706946218377e-01
-5.349148429058656617e-01
-5.477434208646477787e-01
-5.891028994578449973e-01
-6.576357118800326695e-01
-7.462320409036784508e-01
-8.420435302588318294e-01
-9.269990347835025402e-01
-9.787402798905850965e-01
-9.725272195068092040e-01
-8.854208463842510035e-01
-7.038962912476824929e-01
-4.337407573910619374e-01
-1.070624359760612571e-01
2.205601179416299684e-01
4.846795944690756031e-01
6.312636225794547862e-01
6.305335527197356571e-01
4.826351315356087190e-01
2.176155565926787827e-01
-1.103142846226207174e-01
-4.366959536231470596e-01
-7.061170785602529643e-01
-8.867246828236498013e-01
-9.729593856907847726e-01
-9.784835387820381980e-01
-9.262864002094772786e-01
-8.411036671527489794e-01
-7.452631642424009106e-01
-6.567933473742466610e-01
-5.884920001150104607e-01
-5.474134688432542584e-01
-5.348607813347299178e-01
-5.471163723479203211e-01
-5.769325851173330300e-01
-6.154947191959574404e-01
-6.543774467946446016e-01
-6.870344976736962872e-01
-7.095617672924379171e-01
-7.207364425112881001e-01
-7.215308063306458131e-01
-7.143674366303298662e-01
-7.023436020280596770e-01
-6.885683508246025486e-01
-6.756779686242899707e-01
-6.655448367838823209e-01
-6.591676076799252160e-01
-6.567154985475364137e-01
-6.576885180537657138e-01
-6.611472514343128548e-01
-6.659629542669419644e-01
-6.710434905711493148e-01
-6.755027926311021336e-01
-6.787579111836209433e-01
-6.805540048477449755e-01
-6.809301109611153313e-01
-6.801454612778391473e-01
-6.785876328136403179e-01
-6.766813607812993681e-01
-6.748121100297315156e-01
-6.732729429625117223e-01
-6.722378132347675006e-01
-6.717597662121962410e-01
-6.717890318353688661e-01
-6.722038990924719126e-01
-6.728466456848111177e-01
-6.735575363687416051e-01
-6.742016642108633606e-01
-6.746857119227182009e-01
-6.749640454709777693e-01
-6.750354929176709540e-01
-6.749334425594509801e-01
-6.747124335826946151e-01
-6.744342840931762950e-01
-6.741561829714927123e-01
-6.739222845059517075e-01
-6.737594022649756598e-01
-6.736765736469285670e-01
-6.736676711823609276e-01
-6.737159184216787722e-01
-6.737991166418868527e-01
-6.738945500252179199e-01
-6.739828336449172896e-01
-6.740503178619551283e-01
-6.740899928066080848e-01
-6.741010966736884491e-01
-6.740877954241274450e-01
-6.740573657979420652e-01
-6.740182923042263852e-01
-6.739786064488725303e-01
-6.739446809206803835e-01
-6.739205690532503734e-01
-6.739078715257622587e-01
-6.739060316989794464e-01
-6.739129144632627355e-01
-6.739255106064558909e-01
-6.739406239988739999e-01
-6.739554336866460105e-01
-6.739678674522088242e-01
-6.739767682913195834e-01
-6.739818732256235290e-01
-6.739836502548953723e-01
-6.739830522695434700e-01
-6.739812471828889873e-01
-6.739793741026859353e-01
-6.739783597970311346e-01
-6.739788119763625573e-01
-6.739809894546324731e-01
-6.739848365289169418e-01
-6.739900612032954097e-01
-6.739962343202137163e-01
-6.740028884914087692e-01
-6.740096006192165534e-01
-6.740160482400507913e-01
-6.740220364784731411e-01
-6.740274979629945484e-01
-6.740324719406997067e-01
-6.740370707915678272e-01
-6.740414423125348220e-01
-6.740457349060290371e-01
-6.740500706947928355e-01
-6.740545291403200467e-01
-6.740591414391905456e-01
-6.740638941512255844e-01
-6.740687393608606470e-01
-6.740736082235968540e-01
-6.740784249162050656e-01
-6.740831186253234408e-01
-6.740876320715354364e-01
-6.740919259774190708e-01
-6.740959796873404741e-01
-6.740997887275387290e-01
-6.741033604112328659e-01
-6.741067086534995312e-01
-6.741098490139658672e-01
-6.741127947049685432e-01
-6.741155539676545461e-01
-6.741181288986652920e-01
-6.741205155567402407e-01
-6.741227050193626669e-01
-6.741246849988753453e-01
-6.741264416507536383e-01
-6.741279612871065030e-01
-6.741292318144703755e-01
-6.741302438171439260e-01
