-6.741149429555416406e-01
-6.741154404247506893e-01
-6.741157406629648685e-01
-6.741158406634760736e-01
-6.741157369647604591e-01
-6.741154274043890116e-01
-6.741149130093198050e-01
-6.741141995410840915e-01
-6.741132982036164289e-01
-6.741122251101365759e-01
-6.741109993052728511e-01
-6.741096394410568404e-01
-6.741081595740223698e-01
-6.741065649188492381e-01
-6.741048486708614007e-01
-6.741029910951332749e-01
-6.741009618883245791e-01
-6.740987263071108737e-01
-6.740962547490030321e-01
-6.740935344768541615e-01
-6.740905811909030376e-01
-6.740874474265844407e-01
-6.740842245625273677e-01
-6.740810357821374055e-01
-6.740780187440181814e-01
-6.740752988974966220e-01
-6.740729570261526638e-01
-6.740709971999747641e-01
-6.740693232038964533e-01
-6.740677319980346027e-01
-6.740659312987118401e-01
-6.740635847066238640e-01
-6.740603821704482801e-01
-6.740561267295663850e-01
-6.740508217200620322e-01
-6.740447376101450505e-01
-6.740384360844846601e-01
-6.740327323323176412e-01
-6.740285853744413247e-01
-6.740269202308843965e-01
-6.740284029898158114e-01
-6.740332072982118117e-01
-6.740408244218237810e-01
-6.740499745107279006e-01
-6.740586704019005948e-01
-6.740644652131603243e-01
-6.740648817579873997e-01
-6.740579792563237138e-01
-6.740429679763350057e-01
-6.740207449013038143e-01
-6.739942039547772712e-01
-6.739681824136329880e-01
-6.739489470994447506e-01
-6.739432001056764321e-01
-6.739566869125601656e-01
-6.739926043217098206e-01
-6.740501092497817037e-01
-6.741232956156584244e-01
-6.742010096777758532e-01
-6.742677952237617900e-01
-6.743060926592143733e-01
-6.742995715879138707e-01
-6.742371864491424338e-01
-6.741172600392834058e-01
-6.739506852575843920e-01
-6.737622603348145667e-01
-6.735892963446595827e-01
-6.734769905416373437e-01
-6.734706348259458242e-01
-6.736054613039306194e-01
-6.738956971365859250e-01
-6.743250459784793094e-01
-6.748411529290400113e-01
-6.753564816050678932e-01
-6.757573301191008852e-01
-6.759214235547770233e-01
-6.757427472799180102e-01
-6.751602618784146026e-01
-6.741852288290577366e-01
-6.729205419436168345e-01
-6.715652098948130533e-01
-6.703984060735641570e-01
-6.697405022509482775e-01
-6.698930519116709226e-01
-6.710651262219951008e-01
-6.732986414217616566e-01
-6.764090608769117718e-01
-6.799589498851688063e-01
-6.832795734918811759e-01
-6.855498580441233836e-01
-6.859328221039894258e-01
-6.837575554873344119e-01
-6.787209384597218120e-01
-6.710694702582827853e-01
-6.617114274601350044e-01
-6.522084302399450140e-01
-6.446088003508843034e-01
-6.411150631247448661e-01
-6.436201520180567792e-01
-6.531896458197256061e-01
-6.695959096648951281e-01
-6.910139998840871822e-01
-7.139693738985237736e-01
-7.335959744160984730e-01
-7.442349264698358002e-01
-7.403807393529669989e-01
-7.179400339876544912e-01
-6.756664209952176758e-01
-6.164567399613489762e-01
-5.480028162255748958e-01
-4.822498383605260397e-01
-4.333767543963310542e-01
-4.145685141396373008e-01
-4.344291577715733710e-01
-4.941421400429690247e-01
-5.862490765560031125e-01
-6.952863541950378146e-01
-7.997986006771007350e-01
-8.748967124673787676e-01
-8.949420795460252265e-01
-8.369624765652338150e-01
-6.859926352452413445e-01
-4.422660858700308006e-01
-1.269337184840212684e-01
2.193476860092503367e-01
5.476002495655185598e-01
8.162492077064807949e-01
1.000919812700014511e+00
1.093291938578720757e+00
1.092822451958607388e+00
9.995076162660190278e-01
8.139246364122110222e-01
5.445195522012069578e-01
2.158516589473128133e-01
-1.303648876818364333e-01
-4.451555586060271796e-01
-6.880162825348593580e-01
-8.380141800761689019e-01
-8.951039420838702299e-01
-8.743667349756998330e-01
-7.988263071722433439e-01
-6.941312545681709301e-01
-5.851520845576037022e-01
-4.932986984952997256e-01
-4.339636308400613984e-01
-4.145179616729691707e-01
-4.336922791776590680e-01
-4.828173557553985806e-01
-5.486773415479373472e-01
-6.170992543289367527e-01
-6.761723368289942471e-01
-7.182529694875240400e-01
-7.404917559561182694e-01
-7.441719499697180273e-01
-7.334092089641514045e-01
-7.137170826741363605e-01
-6.907509598515192417e-01
-6.693653725467760829e-01
-6.530189281369824794e-01
-6.435196592235619129e-01
-6.410802722019195432e-01
-6.446243890787012321e-01
-6.522534627376692651e-01
-6.617644369977542240e-01
-6.711124828831984690e-01
-6.787418882537719078e-01
-6.837510069570520432e-01
-6.858992915875282703e-01
-6.854942330547517670e-01
-6.832091645798099577e-01
-6.798816239116315385e-01
-6.763317606251694203e-01
-6.732264438875500412e-01
-6.710008597549447229e-01
-6.698373938018516993e-01
-6.696924177336044393e-01
-6.703557665574831903e-01
-6.715254379650169581e-01
-6.728811647939696439e-01
-6.741442687811504131e-01
-6.751164406087371006e-01
-6.756955196963894128e-01
-6.758708825293768818e-01
-6.757040336201830533e-01
-6.753012517816607829e-01
-6.747848867337328249e-01
-6.742685634565069863e-01
-6.738396401043319495e-01
-6.735502440012623993e-01
-6.734164402169156016e-01
-6.734238013102665787e-01
-6.735369478131080223e-01
-6.737105028336648482e-01
-6.738992452084450191e-01
-6.740658915723519717e-01
-6.741857083046450816e-01
-6.742478869865815572e-01
-6.742541925024981841e-01
-6.742157471850397377e-01
-6.741489373031334109e-01
-6.740713523541512764e-01
-6.739984523428625973e-01
-6.739413727621337280e-01
-6.739059864006982092e-01
-6.738930963369921257e-01
-6.738994671051613539e-01
-6.739193223280756095e-01
-6.739459407090927501e-01
-6.739730490471300683e-01
-6.739958151051906876e-01
-6.740113581745398319e-01
-6.740187985066941057e-01
-6.740189429715254255e-01
-6.740137460902050348e-01
-6.740056933918612270e-01
-6.739972341396314182e-01
-6.739903526206401096e-01
-6.739863221342117239e-01
-6.739856431580747431e-01
-6.739881339664669513e-01
-6.739931220091575081e-01
-6.739996782197970049e-01
-6.740068420824988360e-01
-6.740137990540494561e-01
-6.740199894864629115e-01
-6.740251454791786889e-01
-6.740292660284262771e-01
-6.740325496564660845e-01
-6.740353069589151147e-01
-6.740378738874224229e-01
-6.740405415130877875e-01
-6.740435112301019771e-01
-6.740468775150878500e-01
-6.740506347408478094e-01
-6.740547009130374301e-01
-6.740589497660831597e-01
-6.740632431698833082e-01
-6.740674577026553038e-01
-6.740715018476550746e-01
-6.740753229125747703e-01
-6.740789049394011467e-01
-6.740822602701708188e-01
-6.740854179803676960e-01
-6.740884121893307990e-01
-6.740912725278557227e-01
-6.740940180567782658e-01
-6.740966549401035124e-01
-6.740991773738321813e-01
-6.741015707647768362e-01
-6.741038159658873097e-01
-6.741058934618564535e-01
-6.741077866754502379e-01
-6.741094839315785459e-01
-6.741109789824901721e-01
-6.741122702977450087e-01
-6.741133595209864993e-01
-6.741142495836793813e-01
