-6.740821995197421312e-01
-6.740826463055390461e-01
-6.740829424303366180e-01
-6.740831045223413254e-01
-6.740831594888825329e-01
-6.740831427023441513e-01
-6.740830948228859754e-01
-6.740830569711804277e-01
-6.740830642962831742e-01
-6.740831384787363545e-01
-6.740832802699748827e-01
-6.740834636580598227e-01
-6.740836335108457700e-01
-6.740837084381992028e-01
-6.740835900407718961e-01
-6.740831786623601163e-01
-6.740823943315649158e-01
-6.740811999777246433e-01
-6.740796225493209670e-01
-6.740777667258758266e-01
-6.740758158697433000e-01
-6.740740159993919844e-01
-6.740726409930859475e-01
-6.740719408113716726e-01
-6.740720788205512015e-01
-6.740730685778058007e-01
-6.740747237521552693e-01
-6.740766361764247705e-01
-6.740781954503729523e-01
-6.740786585013615051e-01
-6.740772691038604547e-01
-6.740734163703724358e-01
-6.740668092775708997e-01
-6.740576337153624253e-01
-6.740466520905817882e-01
-6.740352058662448798e-01
-6.740250905847334773e-01
-6.740182915994520352e-01
-6.740165957335845226e-01
-6.740211260091529821e-01
-6.740318779340905841e-01
-6.740473595308933419e-01
-6.740644457905159426e-01
-6.740785450248898414e-01
-6.740841359287702561e-01
-6.740756707371694523e-01
-6.740487580023386549e-01
-6.740014505177160942e-01
-6.739353872260309686e-01
-6.738564929165006268e-01
-6.737749458322608298e-01
-6.737041954303020219e-01
-6.736589548137387196e-01
-6.736522948980695480e-01
-6.736922038553874170e-01
-6.737782039472841600e-01
-6.738987858154154020e-01
-6.740304725709663769e-01
-6.741392164271829968e-01
-6.741845342506972427e-01
-6.741263129628913831e-01
-6.739336094508459052e-01
-6.735941237417859551e-01
-6.731224674794907825e-01
-6.725650336376983729e-01
-6.719993459122879376e-01
-6.715263358997276555e-01
-6.712550912726490404e-01
-6.712811515691525788e-01
-6.716611819147021434e-01
-6.723884966173199196e-01
-6.733750392264655771e-01
-6.744456730246863874e-01
-6.753497116154643098e-01
-6.757923990727643382e-01
-6.754856090154939263e-01
-6.742126762869005141e-01
-6.718975728437959205e-01
-6.686644678447598578e-01
-6.648712500901441391e-01
-6.611011655824762245e-01
-6.581014191530223378e-01
-6.566666719755729353e-01
-6.574777590496515556e-01
-6.609191419968565295e-01
-6.669092657462059037e-01
-6.747831191583860688e-01
-6.832644405883435690e-01
-6.905565553153932834e-01
-6.945671157986518240e-01
-6.932635108917483135e-01
-6.851308339342488951e-01
-6.696708151405943443e-01
-6.478400516947818710e-01
-6.222915613919411948e-01
-5.972787831362741384e-01
-5.781300575186780755e-01
-5.703092322198933806e-01
-5.782141042203625680e-01
-6.039704388328400730e-01
-6.465000942346968982e-01
-7.010621889524321082e-01
-7.593298722203883910e-01
-8.099637294073924743e-01
-8.396700260676046579e-01
-8.349007113291245785e-01
-7.845049350936194044e-01
-6.834521423159516385e-01
-5.369438707588549686e-01
-3.630595145851402417e-01
-1.915718345874400375e-01
-5.783021041512580174e-02
6.722349412740297528e-03
-1.616262984957849563e-02
-1.258540975068117573e-01
-3.026284598485968758e-01
-5.129457730233293322e-01
-7.181331744515692117e-01
-8.825415497485024074e-01
-9.776858631906722996e-01
-9.823203826799343785e-01
-8.821245506978163675e-01
-6.730598880834419706e-01
-3.683774702691707814e-01
-3.441051909188157145e-03
3.690257539774604578e-01
6.937583563872070647e-01
9.285050309042055527e-01
1.049947551853701366e+00
1.049470070987291503e+00
9.270998044488082401e-01
6.915372267957153873e-01
3.662392157267616022e-01
-6.402145803032129219e-03
-3.710726421745771386e-01
-6.751330216935499395e-01
-8.833862158864559389e-01
-9.827394881939182092e-01
-9.773318041847874893e-01
-8.815390812020880151e-01
-7.166555225996740219e-01
-5.112262613153061297e-01
-3.009535911063117020e-01
-1.245186838911466198e-01
-1.540054424559708646e-02
6.799665702553727743e-03
-5.839889172900549624e-02
-1.926132751244383212e-01
-3.643203823527123575e-01
-5.381649736371361126e-01
-6.844339223629291036e-01
-7.851408404443452893e-01
-8.351746287468666541e-01
-8.396314848981085710e-01
-8.096982207497912531e-01
-7.589346337837852285e-01
-7.006296283371300504e-01
-6.461070090200208282e-01
-6.036711250730883993e-01
-5.780368420966712772e-01
-5.702565280090200472e-01
-5.781828022990808114e-01
-5.974035575390080899e-01
-6.224493961399083508e-01
-6.479946038689533561e-01
-6.697943020709477002e-01
-6.852069448017199527e-01
-6.932874524421211992e-01
-6.945435780004057813e-01
-6.904965853801658948e-01
-6.831820924292539843e-01
-6.746924846526440867e-01
-6.668222347499819236e-01
-6.608440356986426956e-01
-6.574188330658045087e-01
-6.566243734633639972e-01
-6.580731989532728754e-01
-6.610825982479662244e-01
-6.648572104484292700e-01
-6.686501527727236605e-01
-6.718792290988028215e-01
-6.741879792076727052e-01
-6.754537121416874790e-01
-6.757537273508286146e-01
-6.753055962295489989e-01
-6.743979270818165617e-01
-6.733255576909210616e-01
-6.723389388957780044e-01
-6.716127679473165024e-01
-6.712345769387062511e-01
-6.712105467607927256e-01
-6.714836037463313145e-01
-6.719579392012191565e-01
-6.725243460743129953e-01
-6.730819067842247483e-01
-6.735532108637577453e-01
-6.738920356195908790e-01
-6.740839553930942918e-01
-6.741414378547700981e-01
-6.740955526338482384e-01
-6.739864873720685656e-01
-6.738547479806744622e-01
-6.737343616970156157e-01
-6.736487549473940684e-01
-6.736093717599559438e-01
-6.736166235574128081e-01
-6.736624656364188501e-01
-6.737337869987267691e-01
-6.738158533617211177e-01
-6.738952118332621755e-01
-6.739616947428656024e-01
-6.740093967741813685e-01
-6.740367020219251160e-01
-6.740455796414450695e-01
-6.740404385563496525e-01
-6.740268376643805404e-01
-6.740103026493601268e-01
-6.739954235961675977e-01
-6.739853194842960749e-01
-6.739814737414601131e-01
-6.739838816588494819e-01
-6.739914119030044892e-01
-6.740022712693615192e-01
-6.740144704424845257e-01
-6.740262123242118930e-01
-6.740361559048289042e-01
-6.740435406112939010e-01
-6.740481830625884019e-01
-6.740503768151200337e-01
-6.740507348095101658e-01
-6.740500145344665572e-01
-6.740489594252774275e-01
-6.740481794050675601e-01
-6.740480815070055698e-01
-6.740488505185673329e-01
-6.740504711866810439e-01
-6.740527785197939492e-01
-6.740555211634395860e-01
-6.740584241633865714e-01
-6.740612407586374921e-01
-6.740637871358230448e-01
-6.740659583764470053e-01
-6.740677274094163396e-01
-6.740691312063273877e-01
-6.740702495873126532e-01
-6.740711819546474359e-01
-6.740720263281868574e-01
-6.740728635950553604e-01
-6.740737482819438853e-01
-6.740747057254825592e-01
-6.740757344657076766e-01
-6.740768121146841763e-01
-6.740779028447292376e-01
-6.740789649037813858e-01
-6.740799570562606702e-01
-6.740808434100656887e-01
-6.740815965862020365e-01
