-6.740992664832127224e-01
-6.740997021492208807e-01
-6.740998782341256490e-01
-6.740998162860737386e-01
-6.740995529016966525e-01
-6.740991393434689893e-01
-6.740986389249805644e-01
-6.740981209396197382e-01
-6.740976505810281072e-01
-6.740972754206259188e-01
-6.740970103640756550e-01
-6.740968242946254740e-01
-6.740966324571363577e-01
-6.740962986826152248e-01
-6.740956505353974393e-01
-6.740945083039119323e-01
-6.740927256274490409e-01
-6.740902359223047702e-01
-6.740870953755982997e-01
-6.740835110232523686e-01
-6.740798422406195645e-01
-6.740765665638500659e-01
-6.740742063967828379e-01
-6.740732214601601324e-01
-6.740738816582956261e-01
-6.740761444882774622e-01
-6.740795677974931177e-01
-6.740832901040533232e-01
-6.740861047988544463e-01
-6.740866404264312939e-01
-6.740836376635490623e-01
-6.740762873955287171e-01
-6.740645682696129182e-01
-6.740495026239861076e-01
-6.740332435422077273e-01
-6.740189187048730712e-01
-6.740101916563708828e-01
-6.740105566277890814e-01
-6.740224522534610241e-01
-6.740463499703926997e-01
-6.740800279430841924e-01
-6.741182628424599033e-01
-6.741531439866274011e-01
-6.741751284894825780e-01
-6.741748147339333697e-01
-6.741452314787047539e-01
-6.740842526281375369e-01
-6.739965961824717633e-01
-6.738947980585091591e-01
-6.737986099738922929e-01
-6.737324806115742026e-01
-6.737211367260322881e-01
-6.737837440816679679e-01
-6.739276166788501499e-01
-6.741428456416715953e-01
-6.743994133170121419e-01
-6.746482348359504888e-01
-6.748270641438223194e-01
-6.748713212571526565e-01
-6.747287388253514484e-01
-6.743754791824105865e-01
-6.738303074394667025e-01
-6.731628341763745693e-01
-6.724920580268393122e-01
-6.719726407544933666e-01
-6.717685455758916069e-01
-6.720166181050412080e-01
-6.727858717093589958e-01
-6.740409321845914903e-01
-6.756195160655330545e-01
-6.772333053874247666e-01
-6.784987804175752757e-01
-6.789995236128488765e-01
-6.783746886907152662e-01
-6.764206521328115507e-01
-6.731857085498751392e-01
-6.690328911565802672e-01
-6.646457658130212609e-01
-6.609583061373655033e-01
-6.590034600406556864e-01
-6.596942925858140239e-01
-6.635725540215936524e-01
-6.705763724434123940e-01
-6.798860851972661212e-01
-6.899022440594547723e-01
-6.983934048819925300e-01
-7.028265171668794942e-01
-7.008618008567449875e-01
-6.909562155603026223e-01
-6.729735601873210182e-01
-6.486504363864463718e-01
-6.217364231798695462e-01
-5.976474066984257538e-01
-5.825693723558174053e-01
-5.821157122581450682e-01
-5.998147656492877067e-01
-6.358024588635932117e-01
-6.860616465796705032e-01
-7.423993423636378042e-01
-7.931756856503806574e-01
-8.247172203777927146e-01
-8.234214612512512632e-01
-7.786718267958413486e-01
-6.865218831835609992e-01
-5.534084872016356016e-01
-3.981490225750114464e-01
-2.501226972503771684e-01
-1.427872160019736381e-01
-1.041416698533516039e-01
-1.475900782063458427e-01
-2.666170472072673658e-01
-4.352104082955141617e-01
-6.138619078933046369e-01
-7.587036509493820802e-01
-8.302530370207092947e-01
-7.998597227395276565e-01
-6.548651816069023246e-01
-4.037685846375603238e-01
-7.897530792985682502e-02
2.684294674338704167e-01
5.837502232403760649e-01
8.267110757095126328e-01
9.814914795382412294e-01
1.055010193756710901e+00
1.067928873635358489e+00
1.044940606977876163e+00
1.008278480657968323e+00
9.748189384018240977e-01
9.554939020791171078e-01
9.555922250829500531e-01
9.750882107633208618e-01
1.008639872141877225e+00
1.045258475791502883e+00
1.068010599776342939e+00
1.054620734229646306e+00
9.803974587165321664e-01
8.247619228856865048e-01
5.809776592107838145e-01
2.651105782163472036e-01
-8.235572576439158243e-02
-4.066653996274240401e-01
-6.568489910627179906e-01
-8.007200860628974626e-01
-8.300043225944850889e-01
-7.575425062994579628e-01
-6.121216226912747915e-01
-4.333117227826872031e-01
-2.649950033514880676e-01
-1.465990433685695482e-01
-1.039702702209875512e-01
-1.434181479627658073e-01
-2.513529042552725135e-01
-3.996625876655630072e-01
-5.548752385625953520e-01
-6.876842172069469461e-01
-7.793904970092061513e-01
-8.236754494862998932e-01
-8.245741972503221051e-01
-7.927541934515011102e-01
-7.418356331270278270e-01
-6.854845916099804315e-01
-6.353155901557295815e-01
-5.994846864833913713e-01
-5.819674209674919885e-01
-5.825891337158741745e-01
-5.977924258134985624e-01
-6.219487560140083415e-01
-6.488714789876377509e-01
-6.731556887914745824e-01
-6.910695140614284693e-01
-7.008955740955363778e-01
-7.027866706637980743e-01
-6.982973909472104390e-01
-6.897732191006202829e-01
-6.797475190060249250e-01
-6.704478847524176777e-01
-6.634673570929819908e-01
-6.596183013263857697e-01
-6.589558715686365531e-01
-6.609332501097351376e-01
-6.646345109881344193e-01
-6.690260859880401423e-01
-6.731752306423013366e-01
-6.764008083516630521e-01
-6.783426929222340362e-01
-6.789553353479220732e-01
-6.784444868159347219e-01
-6.771722672662414677e-01
-6.755554854564956857e-01
-6.739773034096471216e-01
-6.727251665568713124e-01
-6.719602423964541327e-01
-6.717167992191458437e-01
-6.719249230395584194e-01
-6.724471880252071987e-01
-6.731194029086076114e-01
-6.737869909879206087e-01
-6.743312647423995720e-01
-6.746830423857889114e-01
-6.748240002831025208e-01
-6.747783470827871666e-01
-6.745985994583153511e-01
-6.743494478624139088e-01
-6.740931220394578149e-01
-6.738785961498351407e-01
-6.737357248197064497e-01
-6.736742434082946263e-01
-6.736866878666531999e-01
-6.737537875243462260e-01
-6.738507641408288951e-01
-6.739531674856045207e-01
-6.740412824350324739e-01
-6.741026318687950436e-01
-6.741325626445401342e-01
-6.741332584533047401e-01
-6.741117321181935296e-01
-6.740774071228210484e-01
-6.740398292803309044e-01
-6.740068972637769384e-01
-6.739838131631736839e-01
-6.739727743006340699e-01
-6.739732865255224636e-01
-6.739828937932392794e-01
-6.739980914645544718e-01
-6.740152126289843393e-01
-6.740311320664237327e-01
-6.740437030336574598e-01
-6.740519112568216231e-01
-6.740557859413823794e-01
-6.740561424131340518e-01
-6.740542437680957510e-01
-6.740514626193847558e-01
-6.740490044440524686e-01
-6.740477279531057464e-01
-6.740480716743360023e-01
-6.740500743811653761e-01
-6.740534629251513365e-01
-6.740577751908463089e-01
-6.740624873559128982e-01
-6.740671213648148363e-01
-6.740713180029237472e-01
-6.740748707871290213e-01
-6.740777241863868952e-01
-6.740799453063605062e-01
-6.740816807401023292e-01
-6.740831100764412831e-01
-6.740844052873941061e-01
-6.740857018086965358e-01
-6.740870834935412947e-01
-6.740885804926045610e-01
-6.740901769583556025e-01
-6.740918244624032329e-01
-6.740934570691774486e-01
-6.740950048619261947e-01
-6.740964040072147112e-01
-6.740976028018769162e-01
-6.740985642619744533e-01
