-6.741115097591748873e-01
-6.741119983829184648e-01
-6.741122830576071756e-01
-6.741123628158366410e-01
-6.741122381407235187e-01
-6.741119132167504580e-01
-6.741113979310182636e-01
-6.741107087980262591e-01
-6.741098681410695459e-01
-6.741089012200434105e-01
-6.741078314964773499e-01
-6.741066747821017335e-01
-6.741054335106771989e-01
-6.741040926787340570e-01
-6.741026190082429759e-01
-6.741009645220341628e-01
-6.740990749840953811e-01
-6.740969026154015609e-01
-6.740944213103821081e-01
-6.740916414805342427e-01
-6.740886209121925710e-01
-6.740854679100545255e-01
-6.740823337046356611e-01
-6.740793926997445951e-01
-6.740768115153935591e-01
-6.740747106277121814e-01
-6.740731252128842055e-01
-6.740719739243872244e-01
-6.740710450976564738e-01
-6.740700087181550337e-01
-6.740684591073435872e-01
-6.740659877845377457e-01
-6.740622789634508338e-01
-6.740572127685994230e-01
-6.740509550541227135e-01
-6.740440094179893649e-01
-6.740372082366944406e-01
-6.740316263750185666e-01
-6.740284137939307474e-01
-6.740285604817882747e-01
-6.740326264887068763e-01
-6.740404876371934861e-01
-6.740511592291967835e-01
-6.740627612921745726e-01
-6.740726761424142843e-01
-6.740779209345112433e-01
-6.740757161015534793e-01
-6.740641804565120632e-01
-6.740430340086855932e-01
-6.740141516285115264e-01
-6.739817967622294681e-01
-6.739523849436224179e-01
-6.739336877407093862e-01
-6.739334874852230817e-01
-6.739578208154231032e-01
-6.740090841874946115e-01
-6.740843886328877765e-01
-6.741746119237804757e-01
-6.742645741253011638e-01
-6.743346372620713236e-01
-6.743637986974116982e-01
-6.743340308938723382e-01
-6.742352628739665121e-01
-6.740700693018744083e-01
-6.738569149636097766e-01
-6.736307796756676458e-01
-6.734402270820265546e-01
-6.733405062278970954e-01
-6.733830538231084795e-01
-6.736026944179337450e-01
-6.740047460326092921e-01
-6.745549167416620140e-01
-6.751751040171422025e-01
-6.757478055310158771e-01
-6.761307282898861848e-01
-6.761813790970669924e-01
-6.757891198115749676e-01
-6.749097204350887891e-01
-6.735953341461958788e-01
-6.720116480491477029e-01
-6.704343365118936582e-01
-6.692193096853362722e-01
-6.687456918172695053e-01
-6.693365173892054099e-01
-6.711687360460241170e-01
-6.741897816647399733e-01
-6.780611471251820621e-01
-6.821489549139874153e-01
-6.855769145631556150e-01
-6.873484130120920410e-01
-6.865322472037501678e-01
-6.824913509951950896e-01
-6.751170849351394443e-01
-6.650161632609835616e-01
-6.535884976745686137e-01
-6.429394014149379943e-01
-6.355946168946199348e-01
-6.340311004686838281e-01
-6.400903195395002410e-01
-6.543861705024943687e-01
-6.758391328160539002e-01
-7.014553006065379348e-01
-7.264330893966133296e-01
-7.446424783591170105e-01
-7.494967895998797536e-01
-7.352133323203335902e-01
-6.983898416712553958e-01
-6.396562646522025997e-01
-5.649112188338722973e-01
-4.854674915422422243e-01
-4.165467647485763258e-01
-3.740989827547772650e-01
-3.706772368471286105e-01
-4.116357322525597828e-01
-4.929003171584642184e-01
-6.009816667319913819e-01
-7.150238476937222920e-01
-8.099511700023682703e-01
-8.597320776678343268e-01
-8.406259389828243389e-01
-7.353246645932988157e-01
-5.387027567466857736e-01
-2.635790383548597404e-01
5.799974046081370072e-02
3.819977140320997555e-01
6.664428931517354382e-01
8.840038047697307277e-01
1.025441086531440060e+00
1.093551354937128961e+00
1.093233874958857266e+00
1.024453485736452674e+00
8.822802155843484373e-01
6.639853752868483117e-01
3.789725560971315410e-01
5.476075812959876887e-02
-2.665770713159985039e-01
-5.410608313604281516e-01
-7.368161903028147552e-01
-8.412214835153818404e-01
-8.595532405640672335e-01
-8.092063248178249513e-01
-7.139586173295051630e-01
-5.998455544690839414e-01
-4.919178674758188929e-01
-4.109766527819596615e-01
-3.704309658929952898e-01
-3.742637359127403696e-01
-4.170392279187016826e-01
-4.861513439655860136e-01
-5.656353832489915412e-01
-6.402905427816586448e-01
-6.988479386526810222e-01
-7.354597281222090555e-01
-7.495404308157089801e-01
-7.445234204332017436e-01
-7.262076711354558123e-01
-7.011831400822844396e-01
-6.755731942735363482e-01
-6.541661308810037267e-01
-6.399391871931210396e-01
-6.339549459321972558e-01
-6.355850373731495306e-01
-6.429779649881106618e-01
-6.536520946321418002e-01
-6.650821156413238011e-01
-6.751670850064732665e-01
-6.825137240579753906e-01
-6.865224980159504442e-01
-6.873083726087565459e-01
-6.855129888020262685e-01
-6.820700011883032987e-01
-6.779764264616067182e-01
-6.741073060656118665e-01
-6.710941927462482637e-01
-6.692728219842087878e-01
-6.686931117653986956e-01
-6.691760176352433698e-01
-6.703972072521728887e-01
-6.719771070757958320e-01
-6.735600958212675238e-01
-6.748713080749173532e-01
-6.757461234684377649e-01
-6.761334646620817956e-01
-6.760784536023812796e-01
-6.756923210451577511e-01
-6.751178181184409599e-01
-6.744971933770883554e-01
-6.739476808199825753e-01
-6.735469907663786948e-01
-6.733289978263280462e-01
-6.732880217255436950e-01
-6.733889821831321454e-01
-6.735803134156403971e-01
-6.738067564540219934e-01
-6.740198296431656466e-01
-6.741846898003761579e-01
-6.742830253704049648e-01
-6.743123998523627982e-01
-6.742829862666157581e-01
-6.742128688451417551e-01
-6.741230628849399498e-01
-6.740331839292754701e-01
-6.739583673693005927e-01
-6.739076823784172499e-01
-6.738839679299345464e-01
-6.738847885880274724e-01
-6.739040836001808366e-01
-6.739340615319266981e-01
-6.739669541504764716e-01
-6.739963576225437292e-01
-6.740180241550665086e-01
-6.740300946245708635e-01
-6.740328620900691847e-01
-6.740282166173130474e-01
-6.740189421032857231e-01
-6.740080216809862801e-01
-6.739980702970445048e-01
-6.739909633598341054e-01
-6.739876802991460192e-01
-6.739883402129508427e-01
-6.739923787602113414e-01
-6.739988027643674107e-01
-6.740064602561135487e-01
-6.740142754472188136e-01
-6.740214159186389553e-01
-6.740273786502771758e-01
-6.740319987093895682e-01
-6.740353969729743211e-01
-6.740378900819656849e-01
-6.740398870521161490e-01
-6.740417936718101632e-01
-6.740439396077535505e-01
-6.740465357573267591e-01
-6.740496623777797458e-01
-6.740532830175027801e-01
-6.740572758878048409e-01
-6.740614731547246441e-01
-6.740656993994542656e-01
-6.740698026265030673e-01
-6.740736740147497130e-01
-6.740772554630796165e-01
-6.740805363697207619e-01
-6.740835426864313362e-01
-6.740863219949455587e-01
-6.740889282333816235e-01
-6.740914089539530307e-01
-6.740937968870671648e-01
-6.740961063947330523e-01
-6.740983343504863834e-01
-6.741004642431441818e-01
-6.741024719412087585e-01
-6.741043315658981072e-01
-6.741060202314160810e-01
-6.741075209088317477e-01
-6.741088232283556358e-01
-6.741099225368036851e-01
-6.741108178827278641e-01
