-6.741215616334627070e-01
-6.741220443903586101e-01
-6.741222875478390941e-01
-6.741222973908137517e-01
-6.741220838670559656e-01
-6.741216595626357000e-01
-6.741210382907166787e-01
-6.741202333699507498e-01
-6.741192557468138613e-01
-6.741181122046235874e-01
-6.741168039771391340e-01
-6.741153261193523205e-01
-6.741136679574936119e-01
-6.741118148290583534e-01
-6.741097511315857771e-01
-6.741074644443461050e-01
-6.741049502071082555e-01
-6.741022161866451201e-01
-6.740992857939145377e-01
-6.740961992892691157e-01
-6.740930120714644369e-01
-6.740897896046760263e-01
-6.740865990778591721e-01
-6.740834985553681991e-01
-6.740805250721318975e-01
-6.740776837269093491e-01
-6.740749401948195052e-01
-6.740722190834540495e-01
-6.740694100949163881e-01
-6.740663829864603773e-01
-6.740630108842150525e-01
-6.740591997356421006e-01
-6.740549198279610632e-01
-6.740502336834290897e-01
-6.740453136566112446e-01
-6.740404425931081356e-01
-6.740359922783829560e-01
-6.740323772617841103e-01
-6.740299858882784489e-01
-6.740290955976486753e-01
-6.740297850072707320e-01
-6.740318599282520973e-01
-6.740348130393882808e-01
-6.740378362366069576e-01
-6.740398997455153696e-01
-6.740399025709589154e-01
-6.740368852612934614e-01
-6.740302798386856864e-01
-6.740201557167189161e-01
-6.740074079865534529e-01
-6.739938294896805626e-01
-6.739820141621751803e-01
-6.739750585490400514e-01
-6.739760612941579909e-01
-6.739874640277861984e-01
-6.740103253334280842e-01
-6.740436633041958503e-01
-6.740840305511219821e-01
-6.741254872048879632e-01
-6.741601035363624650e-01
-6.741790503576996496e-01
-6.741742258249385777e-01
-6.741402341490579930e-01
-6.740763967288394554e-01
-6.739883684224438065e-01
-6.738888834944443129e-01
-6.737971968210231255e-01
-6.737369354097361152e-01
-6.737323342344244681e-01
-6.738031756296161134e-01
-6.739591333701744347e-01
-6.741945681780572297e-01
-6.744850441406402553e-01
-6.747868501986961087e-01
-6.750405522158481331e-01
-6.751790427216087798e-01
-6.751397255291445854e-01
-6.748794643591902176e-01
-6.743898984749800984e-01
-6.737099012297660394e-01
-6.729315775151130108e-01
-6.721964970944110940e-01
-6.716799979418867084e-01
-6.715633722683501672e-01
-6.719963673227377088e-01
-6.730552754103261703e-01
-6.747043711667604082e-01
-6.767699477391386775e-01
-6.789361660158015344e-01
-6.807700239421741184e-01
-6.817788892951296420e-01
-6.814983816023061358e-01
-6.796013644311069690e-01
-6.760112197160982328e-01
-6.709957967686952518e-01
-6.652145312017810896e-01
-6.596927191391230849e-01
-6.557058731905333060e-01
-6.545737571757896944e-01
-6.573854855146475940e-01
-6.646985838740693264e-01
-6.762697816547681429e-01
-6.908791593465967162e-01
-7.063020364083103519e-01
-7.194687226753586629e-01
-7.268355565060942158e-01
-7.249708986812944955e-01
-7.113274039276673566e-01
-6.851127578344298197e-01
-6.480820294512253943e-01
-6.049845147955124069e-01
-5.633719457654966511e-01
-5.325824598600852333e-01
-5.219644164475596426e-01
-5.387024515435282490e-01
-5.857971808304268668e-01
-6.607081478707079736e-01
-7.548944614676487141e-01
-8.541174328424789852e-01
-9.391615185122176301e-01
-9.868679218437468315e-01
-9.721340822479014321e-01
-8.723369188281273612e-01
-6.753125691962341692e-01
-3.893629524973217237e-01
-4.956403230858088399e-02
2.865536623296852103e-01
5.547030207487033682e-01
7.025484023289463309e-01
7.018650720490244854e-01
5.527811362638760384e-01
2.837634046007864730e-01
-5.267878477545739208e-02
-3.922307486216594086e-01
-6.775040553698609136e-01
-8.736603389623757154e-01
-9.726184668536183020e-01
-9.866794522242580134e-01
-9.385185353414959852e-01
-8.532364586128697859e-01
-7.539650175424814638e-01
-6.598817258993459056e-01
-5.851799493098035487e-01
-5.383496584129042750e-01
-5.218794073528291166e-01
-5.327232980392572204e-01
-5.636657158078264285e-01
-6.053461173700102060e-01
-6.484325148230244418e-01
-6.853927358061492336e-01
-7.115032998182477808e-01
-7.250344503143685282e-01
-7.267986899231443365e-01
-7.193563554880220146e-01
-7.061448173668626316e-01
-6.907073249132461568e-01
-6.761086496939648915e-01
-6.645658229070734446e-01
-6.572900982355979194e-01
-6.545165739175661246e-01
-6.556812098767647035e-01
-6.596907342564017895e-01
-6.652237656435607827e-01
-6.710054290845904879e-01
-6.760127071055285208e-01
-6.795893228561363797e-01
-6.814707328301379263e-01
-6.817364283655231727e-01
-6.807156222988762773e-01
-6.788738302036108063e-01
-6.767039193701068767e-01
-6.746384000108357482e-01
-6.729921386288159058e-01
-6.719376533933505424e-01
-6.715095036528684336e-01
-6.716304353929567483e-01
-6.721500523397839766e-01
-6.728867596236198789e-01
-6.736652328728690575e-01
-6.743441574261660465e-01
-6.748318279836786893e-01
-6.750898171003483217e-01
-6.751268947925344044e-01
-6.749865122680082097e-01
-6.747314572593141602e-01
-6.744289030350711922e-01
-6.741382422447877998e-01
-6.739030686645161028e-01
-6.737476615742864494e-01
-6.736774986699934908e-01
-6.736827669177102296e-01
-6.737435844120811534e-01
-6.738356632074101737e-01
-6.739353676568760054e-01
-6.740234696183545759e-01
-6.740872842928802289e-01
-6.741212156152194268e-01
-6.741259985085080730e-01
-6.741070739738669326e-01
-6.740725731510333052e-01
-6.740313375205103652e-01
-6.739912940384762408e-01
-6.739583686701167142e-01
-6.739359885873542622e-01
-6.739251138731571222e-01
-6.739246663640480195e-01
-6.739321896621354169e-01
-6.739445763387781341e-01
-6.739587269614656373e-01
-6.739720495765227914e-01
-6.739827566197391651e-01
-6.739899598387986135e-01
-6.739935966503788345e-01
-6.739942406638091965e-01
-6.739928550550311481e-01
-6.739905424076133578e-01
-6.739883321195805355e-01
-6.739870303991922773e-01
-6.739871417326802616e-01
-6.739888571233139114e-01
-6.739920949175625120e-01
-6.739965751424238372e-01
-6.740019076093628492e-01
-6.740076766467498759e-01
-6.740135099782189609e-01
-6.740191247316023038e-01
-6.740243487913625264e-01
-6.740291199484147455e-01
-6.740334681467093914e-01
-6.740374874826079443e-01
-6.740413046356724669e-01
-6.740450494144470950e-01
-6.740488314783803503e-01
-6.740527254358505971e-01
-6.740567647495065984e-01
-6.740609434441263703e-01
-6.740652236459456770e-01
-6.740695465242954043e-01
-6.740738442130951302e-01
-6.740780506603576416e-01
-6.740821099560819762e-01
-6.740859813843161907e-01
-6.740896411098794561e-01
-6.740930809497772680e-01
-6.740963050367547726e-01
-6.740993253395697327e-01
-6.741021569777255751e-01
-6.741048140995765658e-01
-6.741073068384089151e-01
-6.741096395806392971e-01
-6.741118105255813342e-01
-6.741138123242917946e-01
-6.741156334741384981e-01
-6.741172601156025790e-01
-6.741186779129809681e-01
-6.741198737762330584e-01
-6.741208372699126761e-01
