-6.740997427535683206e-01
-6.741001842392397858e-01
-6.741003749302976189e-01
-6.741003341233746671e-01
-6.741000946563154850e-01
-6.740997026471232667e-01
-6.740992152707135920e-01
-6.740986954620552529e-01
-6.740982030157335325e-01
-6.740977825313051452e-01
-6.740974498574083817e-01
-6.740971798475920984e-01
-6.740968990329287980e-01
-6.740964869190910758e-01
-6.740957887840085538e-01
-6.740946409970750564e-01
-6.740929071348010782e-01
-6.740905199212329224e-01
-6.740875209097558773e-01
-6.740840876514260227e-01
-6.740805377000674836e-01
-6.740773008619090900e-01
-6.740748559085336655e-01
-6.740736352686510502e-01
-6.740739100412131979e-01
-6.740756763951522013e-01
-6.740785709020449268e-01
-6.740818443013948391e-01
-6.740844186945676997e-01
-6.740850412103833733e-01
-6.740825282679480113e-01
-6.740760709993389721e-01
-6.740655483665486392e-01
-6.740517756428208163e-01
-6.740366084111627520e-01
-6.740228314832930057e-01
-6.740137912658605845e-01
-6.740127783973287601e-01
-6.740222294020175031e-01
-6.740428810704544027e-01
-6.740730646198207499e-01
-6.741083519475342678e-01
-6.741417485891464390e-01
-6.741645581145113697e-01
-6.741679210601811967e-01
-6.741448710510529185e-01
-6.740925778242753408e-01
-6.740142990307067539e-01
-6.739204833942630257e-01
-6.738284977174798795e-01
-6.737606164151715982e-01
-6.737402172174364878e-01
-6.737865397929455602e-01
-6.739088187275531494e-01
-6.741010013754850094e-01
-6.743384914752004189e-01
-6.745783148371385929e-01
-6.747637117576389398e-01
-6.748334106263661480e-01
-6.747347975501782891e-01
-6.744390253381669087e-01
-6.739550396539337740e-01
-6.733388298049775011e-01
-6.726942257559999083e-01
-6.721624778974756298e-01
-6.718997313456261944e-01
-6.720441718062796221e-01
-6.726776451069645946e-01
-6.737892883371491282e-01
-6.752504089393880360e-01
-6.768098342788577693e-01
-6.781167993272784189e-01
-6.787740814026052005e-01
-6.784178825017107561e-01
-6.768136843841622285e-01
-6.739501892249490922e-01
-6.701082013877314170e-01
-6.658799457486997975e-01
-6.621188156211995635e-01
-6.598109419727916647e-01
-6.598774038537456033e-01
-6.629360197170592883e-01
-6.690692069981301060e-01
-6.776539412226554315e-01
-6.873079986628487514e-01
-6.959933709334835683e-01
-7.012955103677893653e-01
-7.008683798801514930e-01
-6.930001798975747862e-01
-6.772117070994226884e-01
-6.547519002046269243e-01
-6.288194544297470712e-01
-6.043454307941374948e-01
-5.872482019381703999e-01
-5.832189392300755060e-01
-5.962670129138354369e-01
-6.273727056323110673e-01
-6.735958894464091351e-01
-7.278692610491707127e-01
-7.795332280979231365e-01
-8.155613270877872800e-01
-8.224593666424181437e-01
-7.889317253453719259e-01
-7.093345648927060765e-01
-5.873860005868504208e-01
-4.386574459844321816e-01
-2.897964171124942645e-01
-1.732443502350785314e-01
-1.184204652207648117e-01
-1.424214921400102918e-01
-2.437121868381906808e-01
-4.011108165571599105e-01
-5.784290426018061648e-01
-7.328838233131134139e-01
-8.239234114437170575e-01
-8.200582267676973514e-01
-7.041210651675022802e-01
-4.785469813103835901e-01
-1.693460300731052248e-01
1.764771135727990770e-01
5.036568209315841482e-01
7.669391385206729694e-01
9.438802577827353213e-01
1.036110380875181480e+00
1.061745531499896478e+00
1.045485121585769672e+00
1.011127998642386894e+00
9.776440795651630822e-01
9.577919935090615233e-01
9.579003631405720309e-01
9.779364384519279030e-01
1.011505754651954359e+00
1.045784333227952390e+00
1.061743841421269208e+00
1.035552082764762183e+00
9.425336354870290645e-01
7.646889323837290364e-01
5.006020682048863968e-01
1.729721428318331256e-01
-1.727653943261741043e-01
-4.813356378076106279e-01
-7.058943120350075207e-01
-8.206685229377864710e-01
-8.234443374440968411e-01
-7.315593120385945891e-01
-5.766247068150249788e-01
-3.992589343894050735e-01
-2.422326640437426348e-01
-1.416285224680645660e-01
-1.184488869494848967e-01
-1.740260019314812390e-01
-2.910954611158024785e-01
-4.401516060960326548e-01
-5.887634524804109537e-01
-7.103702740796731252e-01
-7.895201485037596223e-01
-8.226050829431829081e-01
-8.153463052007741130e-01
-7.790800361817971087e-01
-7.273104218568358093e-01
-6.730513057484892592e-01
-6.269340272047537743e-01
-5.959883909484703368e-01
-5.831146430060084596e-01
-5.872973131043917050e-01
-6.045024009606084769e-01
-6.290277588282127130e-01
-6.549573238310301138e-01
-6.773723277578558299e-01
-6.930915375560889879e-01
-7.008839171018033110e-01
-7.012434867669304905e-01
-6.958918579025605844e-01
-6.871794076749586644e-01
-6.775201391864396072e-01
-6.689478583217511876e-01
-6.628384527890424094e-01
-6.598080225269959964e-01
-6.597679704108552201e-01
-6.620959850775176569e-01
-6.658686329953406036e-01
-6.700995324093356187e-01
-6.739367225093545466e-01
-6.767904505462458697e-01
-6.783827319740881601e-01
-6.787274362964802465e-01
-6.780609949761930988e-01
-6.767482667857811496e-01
-6.751866879703792845e-01
-6.737265461353998397e-01
-6.726180898785614204e-01
-6.719889101415379429e-01
-6.718488306689333056e-01
-6.721152030090714602e-01
-6.726493664460592159e-01
-6.732950384544968969e-01
-6.739111144422997857e-01
-6.743940997791747494e-01
-6.746884237954582364e-01
-6.747855467037550126e-01
-6.747146382023867517e-01
-6.745285129433795657e-01
-6.742885145222196064e-01
-6.740513637805169989e-01
-6.738599187290634784e-01
-6.737386214175714594e-01
-6.736933688290706046e-01
-6.737147972529177187e-01
-6.737835809199487214e-01
-6.738763038659786320e-01
-6.739706964764775599e-01
-6.740494284872100561e-01
-6.741021052614980524e-01
-6.741255269124503124e-01
-6.741225739579838061e-01
-6.741002483406598467e-01
-6.740674275300394536e-01
-6.740328093058596259e-01
-6.740033764492949775e-01
-6.739835374077315366e-01
-6.739749386061499870e-01
-6.739768226951997621e-01
-6.739867375119904525e-01
-6.740013832132856209e-01
-6.740174106361508377e-01
-6.740320375253757712e-01
-6.740434143527501698e-01
-6.740507333876485374e-01
-6.740541228977138255e-01
-6.740543973500062735e-01
-6.740527435827250446e-01
-6.740504152621570322e-01
-6.740484889718656447e-01
-6.740477111951476141e-01
-6.740484418767425101e-01
-6.740506813576532252e-01
-6.740541555732141310e-01
-6.740584299594452045e-01
-6.740630245208333315e-01
-6.740675090352375998e-01
-6.740715661181173601e-01
-6.740750187010903227e-01
-6.740778257677569885e-01
-6.740800549826140298e-01
-6.740818428848142085e-01
-6.740833529035048510e-01
-6.740847392648363634e-01
-6.740861217403996131e-01
-6.740875729380906289e-01
-6.740891170932552523e-01
-6.740907374689230069e-01
-6.740923886495673312e-01
-6.740940101220416203e-01
-6.740955383343224527e-01
-6.740969155853459016e-01
-6.740980953033463008e-01
-6.740990442483149048e-01
