-6.740950243130851005e-01
-6.740952915590103789e-01
-6.740950263973063405e-01
-6.740943641369966377e-01
-6.740935083851656850e-01
-6.740926994763064561e-01
-6.740921730541773460e-01
-6.740921128824406416e-01
-6.740926043023351966e-01
-6.740935969263504024e-01
-6.740948863294365934e-01
-6.740961238177407555e-01
-6.740968601950149131e-01
-6.740966236770425946e-01
-6.740950242788581459e-01
-6.740918684189072252e-01
-6.740872600765432932e-01
-6.740816608442645741e-01
-6.740758827024853073e-01
-6.740709956339040465e-01
-6.740681473094459752e-01
-6.740683123582844605e-01
-6.740720107608251244e-01
-6.740790538307447344e-01
-6.740883865874109926e-01
-6.740980920758952166e-01
-6.741056032395205122e-01
-6.741081313003235431e-01
-6.741032702893878792e-01
-6.740896836129692815e-01
-6.740677319619599039e-01
-6.740398756704149008e-01
-6.740106908712284461e-01
-6.739863852114484910e-01
-6.739737857821989087e-01
-6.739788899957084300e-01
-6.740052000305997160e-01
-6.740521755255004521e-01
-6.741142058322080466e-01
-6.741804932241118875e-01
-6.742361329319568330e-01
-6.742644729693565431e-01
-6.742505570442897112e-01
-6.741851418130718754e-01
-6.740684997583565874e-01
-6.739130462498763574e-01
-6.737438353091848020e-01
-6.735962028943399682e-01
-6.735103085838269887e-01
-6.735229913133367052e-01
-6.736581078226872021e-01
-6.739172086328037992e-01
-6.742728442890295604e-01
-6.746668135852863513e-01
-6.750151484360805698e-01
-6.752205528455894612e-01
-6.751914718025968654e-01
-6.748651842330817274e-01
-6.742306323311186844e-01
-6.733455358034153848e-01
-6.723421236549627089e-01
-6.714168912549481893e-01
-6.708022904858567115e-01
-6.707219931105068422e-01
-6.713357513922930675e-01
-6.726839949918708150e-01
-6.746450682657521014e-01
-6.769184560688848995e-01
-6.790448714976129452e-01
-6.804686157285037007e-01
-6.806396319537701967e-01
-6.791430895282469793e-01
-6.758345309876537810e-01
-6.709505413312943922e-01
-6.651611550196558920e-01
-6.595337253515574094e-01
-6.553909220851751316e-01
-6.540676863675061181e-01
-6.565994548952441834e-01
-6.633994636762876596e-01
-6.739982200419222247e-01
-6.869178379024940551e-01
-6.997378957339649430e-01
-7.093827392163203349e-01
-7.126282328704919289e-01
-7.067894228391963241e-01
-6.905035446754368422e-01
-6.644607235635118236e-01
-6.318698002622125109e-01
-5.984185004186972634e-01
-5.715489158202924358e-01
-5.590457288317233209e-01
-5.671800107378832667e-01
-5.988542664051806907e-01
-6.522411549313194001e-01
-7.202611917070730341e-01
-7.909804112658842534e-01
-8.487998343853035976e-01
-8.763335895583872492e-01
-8.571458993872255183e-01
-7.797196460108993810e-01
-6.425790422190890139e-01
-4.590863674534829131e-01
-2.588800515774897226e-01
-8.311279543203468900e-02
2.639991507289141115e-02
4.029557988849895300e-02
-4.804817591274263694e-02
-2.188191602460315688e-01
-4.300772288594926218e-01
-6.285412782198609438e-01
-7.626382165762682908e-01
-7.930202287563394847e-01
-6.991307828915099831e-01
-4.836963594944611033e-01
-1.752827112588590530e-01
1.754990855014333384e-01
5.098638077271279156e-01
7.802464836222975375e-01
9.637073044292645552e-01
1.062874199716677959e+00
1.097280187888981517e+00
1.092142618545996813e+00
1.069929058491440266e+00
1.046145998848995395e+00
1.028624978535779277e+00
1.019025846685547965e+00
1.015353598285694936e+00
1.014555158470997753e+00
1.014558809868919109e+00
1.015376456674011996e+00
1.019097631700364159e+00
1.028776134138137621e+00
1.046382375823296851e+00
1.070203680644251643e+00
1.092332742016284941e+00
1.097180975522483948e+00
1.062222491121309842e+00
9.622477307781543976e-01
7.778400275478538628e-01
5.066041960543747891e-01
1.717658843962071302e-01
-1.788998744889874759e-01
-4.865854218947119891e-01
-7.008459507282969181e-01
-7.933747980588533588e-01
-7.617045059638276605e-01
-6.266161284745951354e-01
-4.276368018179581010e-01
-2.164392419688154212e-01
-4.627704974666010246e-02
4.107612710935927558e-02
2.606950900681343636e-02
-8.439604320344940014e-02
-2.607467088968013491e-01
-4.610817907856724629e-01
-6.443007264987915539e-01
-7.809112313776156444e-01
-8.577209357525903410e-01
-8.763436627683871549e-01
-8.483813973333663716e-01
-7.903062440752022244e-01
-7.195047911203413804e-01
-6.515518277489235066e-01
-5.983396940883453086e-01
-5.668960919221096573e-01
-5.589953721886959936e-01
-5.716904833648741580e-01
-5.986819281911827106e-01
-6.321760185733519277e-01
-6.647392730086782997e-01
-6.907045195823615646e-01
-7.068882771127061870e-01
-7.126242920515272194e-01
-7.092935706058640655e-01
-6.995918703934627114e-01
-6.867467197139529578e-01
-6.738309608590707933e-01
-6.632578500488239825e-01
-6.564958662534827738e-01
-6.540049100025256967e-01
-6.553636821820081337e-01
-6.595313481853585236e-01
-6.651706710513446419e-01
-6.709595567026854779e-01
-6.758333718499454079e-01
-6.791259712278829852e-01
-6.806048536398165982e-01
-6.804179689431615330e-01
-6.789825524895306552e-01
-6.768497908191348778e-01
-6.745753184054086304e-01
-6.726174370242196110e-01
-6.712751321412594452e-01
-6.706683773353743216e-01
-6.707552444708765327e-01
-6.713748977133496831e-01
-6.723031028783130747e-01
-6.733073546487015060e-01
-6.741915102227405976e-01
-6.748239443692308770e-01
-6.751476260676125829e-01
-6.751742423060654863e-01
-6.749669828764045532e-01
-6.746176620453052664e-01
-6.742236255915310394e-01
-6.738687197450269339e-01
-6.736109125189556623e-01
-6.734773757027896490e-01
-6.734662965661550871e-01
-6.735536153626662248e-01
-6.737023726410810154e-01
-6.738723739909878718e-01
-6.740283213181890165e-01
-6.741452479593538216e-01
-6.742108484570764615e-01
-6.742249578096114471e-01
-6.741969054399487016e-01
-6.741417014309587508e-01
-6.740760166242891760e-01
-6.740147439485255632e-01
-6.739686474352520884e-01
-6.739432930218158813e-01
-6.739391757865019761e-01
-6.739527559450384508e-01
-6.739780112000226531e-01
-6.740081039180865208e-01
-6.740368289065032936e-01
-6.740596220610095557e-01
-6.740740402297265010e-01
-6.740797406644425394e-01
-6.740780750955664979e-01
-6.740714595568839673e-01
-6.740626869868474591e-01
-6.740543231387595702e-01
-6.740482795537193761e-01
-6.740456035037207805e-01
-6.740464755114232709e-01
-6.740503684947780627e-01
-6.740563027684781661e-01
-6.740631280358940769e-01
-6.740697739664486265e-01
-6.740754299674479588e-01
-6.740796368255804749e-01
-6.740822931694346876e-01
-6.740835947814211027e-01
-6.740839330200911750e-01
-6.740837800400096835e-01
-6.740835844497965468e-01
-6.740836936062415408e-01
-6.740843101460881615e-01
-6.740854825333015832e-01
-6.740871236443112258e-01
-6.740890482747509127e-01
-6.740910197910783275e-01
-6.740927973405608231e-01
-6.740941772152794220e-01
