-6.740867278711275556e-01
-6.740871944207749156e-01
-6.740875166810981201e-01
-6.740877059301231267e-01
-6.740877805540753664e-01
-6.740877649376856295e-01
-6.740876874510897121e-01
-6.740875773132305460e-01
-6.740874603334041648e-01
-6.740873538687017774e-01
-6.740872617208281126e-01
-6.740871700383019860e-01
-6.740870454835439229e-01
-6.740868368708565761e-01
-6.740864811142470714e-01
-6.740859136315054956e-01
-6.740850823926205493e-01
-6.740839637146246455e-01
-6.740825768995538647e-01
-6.740809941399255045e-01
-6.740793420313405671e-01
-6.740777917350422310e-01
-6.740765364112559777e-01
-6.740757569164019802e-01
-6.740755796436357361e-01
-6.740760333075934696e-01
-6.740770137979036347e-01
-6.740782672574052725e-01
-6.740794006573975761e-01
-6.740799259512652020e-01
-6.740793383835643748e-01
-6.740772222140194447e-01
-6.740733690353428731e-01
-6.740678865596096969e-01
-6.740612710602150726e-01
-6.740544164146891060e-01
-6.740485383120173868e-01
-6.740450042275122344e-01
-6.740450775515516302e-01
-6.740496056401887870e-01
-6.740587029442486333e-01
-6.740714970791906735e-01
-6.740860126267786967e-01
-6.740992601069276668e-01
-6.741075731736996257e-01
-6.741071958114237539e-01
-6.740950670118450727e-01
-6.740696910126284802e-01
-6.740319281294981923e-01
-6.739855081100493139e-01
-6.739370681780953998e-01
-6.738955617199187120e-01
-6.738709746226444475e-01
-6.738724190457856533e-01
-6.739058323967452857e-01
-6.739716654038789834e-01
-6.740630625737787929e-01
-6.741650837090616966e-01
-6.742554542802955408e-01
-6.743071464348628918e-01
-6.742927837771097721e-01
-6.741904614062445011e-01
-6.739901368490484046e-01
-6.736993621300573221e-01
-6.733468929553549920e-01
-6.729827276082314125e-01
-6.726734713770130547e-01
-6.724926176923754495e-01
-6.725063369192142426e-01
-6.727565349475393974e-01
-6.732440747291104088e-01
-6.739158830035244518e-01
-6.746599268231657787e-01
-6.753115273654979323e-01
-6.756730723165844665e-01
-6.755469254056996053e-01
-6.747784144318533794e-01
-6.733025986783279793e-01
-6.711856632345124529e-01
-6.686500258391296914e-01
-6.660724068269575637e-01
-6.639468929474486858e-01
-6.628106486568489109e-01
-6.631378622676860068e-01
-6.652163671720581206e-01
-6.690291440758550090e-01
-6.741675446801492777e-01
-6.798031571745859480e-01
-6.847403126265592110e-01
-6.875616176481088582e-01
-6.868649760208437316e-01
-6.815722781540152209e-01
-6.712673575475759380e-01
-6.564961652656529090e-01
-6.389423480258867860e-01
-6.213886231777645541e-01
-6.074011915516140947e-01
-6.007348981912863373e-01
-6.045379239154692330e-01
-6.205073326840085945e-01
-6.481789550252422538e-01
-6.845116999547827819e-01
-7.238621798461671863e-01
-7.583821047991654574e-01
-7.788532729981529901e-01
-7.760107888084911698e-01
-7.424259595090726416e-01
-6.748891010044089089e-01
-5.768465020813108302e-01
-4.599202576522982144e-01
-3.433015758994306665e-01
-2.503363430858508987e-01
-2.028793980198972113e-01
-2.152168631055840498e-01
-2.897096261642790327e-01
-4.156631030517261571e-01
-5.716826927872069586e-01
-7.303450711278812735e-01
-8.630014942791764954e-01
-9.428409602349073770e-01
-9.462429639468096232e-01
-8.546524566127392530e-01
-6.595158609919249404e-01
-3.698863426986688796e-01
-1.756753415955411915e-02
3.469481376207158574e-01
6.685879224543146426e-01
9.034134427410064339e-01
1.025722382162680857e+00
1.025257219211594517e+00
9.020510761138199607e-01
6.664533580941591762e-01
3.443009464354526705e-01
-2.034259722638569884e-02
-3.723723791175048148e-01
-6.613898761800769410e-01
-8.557586841510549380e-01
-9.465820923991032920e-01
-9.425134806221368011e-01
-8.621581475109821868e-01
-7.291658712957062027e-01
-5.703722327800507808e-01
-4.144391685269110392e-01
-2.887737124733620875e-01
-2.147139132900541258e-01
-2.028645272933719268e-01
-2.507638414475167887e-01
-3.440416500746494854e-01
-4.607980685395997589e-01
-5.776894344857010921e-01
-6.755654843210608940e-01
-7.428641112641614086e-01
-7.761977698787265734e-01
-7.788207535924762670e-01
-7.581882619809563462e-01
-7.235754183374794035e-01
-6.841981909559073927e-01
-6.478938750396452395e-01
-6.202893077210728245e-01
-6.044065244232744716e-01
-6.006912034062477090e-01
-6.074311617954565312e-01
-6.214684776781518316e-01
-6.390447029235313270e-01
-6.565956043188989621e-01
-6.713444284754398472e-01
-6.816154696669545210e-01
-6.868707917934894214e-01
-6.875332390116634107e-01
-6.846854765185750313e-01
-6.797318240689405044e-01
-6.740897869280424448e-01
-6.689535235388042178e-01
-6.651489284985556694e-01
-6.630817524917195227e-01
-6.627662833627826489e-01
-6.639125247921903172e-01
-6.660449180464854679e-01
-6.686257655672916966e-01
-6.711611801862391591e-01
-6.732751702956184525e-01
-6.747463313088972736e-01
-6.755095416606587966e-01
-6.756306697749814294e-01
-6.752650607369581337e-01
-6.746107199427272549e-01
-6.738653368383229481e-01
-6.731934311975978913e-01
-6.727067212140204200e-01
-6.724578963037830537e-01
-6.724457181932677052e-01
-6.726279725169204138e-01
-6.729382813874875691e-01
-6.733030547410548960e-01
-6.736556912512381423e-01
-6.739462730065953755e-01
-6.741461701570578002e-01
-6.742479709420166056e-01
-6.742618463488160296e-01
-6.742097998789371438e-01
-6.741192675035947435e-01
-6.740172969190564300e-01
-6.739261486228825815e-01
-6.738607248636170333e-01
-6.738278307842150427e-01
-6.738269637692920755e-01
-6.738521416061924452e-01
-6.738942199126817245e-01
-6.739431953732895053e-01
-6.739901112875419376e-01
-6.740283384311668291e-01
-6.740541623863253173e-01
-6.740667412440402018e-01
-6.740675884752735936e-01
-6.740597793013857197e-01
-6.740470788637312749e-01
-6.740331571416295908e-01
-6.740210023328699895e-01
-6.740125848989915180e-01
-6.740087701474194448e-01
-6.740094359740493868e-01
-6.740137280801843378e-01
-6.740203777228296333e-01
-6.740280140859477020e-01
-6.740354201513319987e-01
-6.740417023967930632e-01
-6.740463660623093878e-01
-6.740493055117415810e-01
-6.740507312387629124e-01
-6.740510606516395553e-01
-6.740507994916801193e-01
-6.740504360162038466e-01
-6.740503627437014478e-01
-6.740508324596743428e-01
-6.740519478563554712e-01
-6.740536786774623534e-01
-6.740558970575442066e-01
-6.740584208753667150e-01
-6.740610559866218043e-01
-6.740636305377747384e-01
-6.740660174937951332e-01
-6.740681444042311288e-01
-6.740699918056745066e-01
-6.740715832345383074e-01
-6.740729705230074087e-01
-6.740742179608372187e-01
-6.740753882281529386e-01
-6.740765319946411260e-01
-6.740776819916464158e-01
-6.740788514040109147e-01
-6.740800357360111628e-01
-6.740812169398107123e-01
-6.740823685430281653e-01
-6.740834607073601381e-01
-6.740844644943529973e-01
-6.740853550013435891e-01
-6.740861133674036498e-01
