-6.740845492095310920e-01
-6.740850083100983214e-01
-6.740853230816070685e-01
-6.740855069100218921e-01
-6.740855815423301145e-01
-6.740855757038271001e-01
-6.740855226317963300e-01
-6.740854562783882287e-01
-6.740854062004676406e-01
-6.740853915528525198e-01
-6.740854150562375358e-01
-6.740854582116291294e-01
-6.740854792537938067e-01
-6.740854152614081940e-01
-6.740851893938392125e-01
-6.740847233917415249e-01
-6.740839543345683582e-01
-6.740828533594005467e-01
-6.740814428616884735e-01
-6.740798079204827209e-01
-6.740780976196578678e-01
-6.740765128074002188e-01
-6.740752787461676832e-01
-6.740746039511201770e-01
-6.740746299551094722e-01
-6.740753801955914337e-01
-6.740767189360765688e-01
-6.740783322861304550e-01
-6.740797422354558588e-01
-6.740803607163297073e-01
-6.740795840678103223e-01
-6.740769195137149561e-01
-6.740721256586847954e-01
-6.740653404034312457e-01
-6.740571642791326479e-01
-6.740486671704792876e-01
-6.740412933909259996e-01
-6.740366547097932370e-01
-6.740362223357778682e-01
-6.740409544062802016e-01
-6.740509208726829238e-01
-6.740650071806512100e-01
-6.740807857549254711e-01
-6.740946347014264983e-01
-6.741021531779447518e-01
-6.740988728959099729e-01
-6.740812000249294389e-01
-6.740474510131240216e-01
-6.739987833286171792e-01
-6.739397841438452552e-01
-6.738784824370448456e-01
-6.738256047955054617e-01
-6.737930064048132106e-01
-6.737913690795119814e-01
-6.738274474006433756e-01
-6.739013291640341130e-01
-6.740043154591905950e-01
-6.741180743755735838e-01
-6.742156426409027237e-01
-6.742646200099124965e-01
-6.742325263487887188e-01
-6.740938080480362027e-01
-6.738374603217623937e-01
-6.734737774099238683e-01
-6.730384746705465604e-01
-6.725924641398872694e-01
-6.722159973710426506e-01
-6.719967432761686510e-01
-6.720125814883594062e-01
-6.723112972216799266e-01
-6.728907022569388108e-01
-6.736836630680917981e-01
-6.745527785225094997e-01
-6.752987720611667299e-01
-6.756849291014024317e-01
-6.754771691639298581e-01
-6.744958392216009457e-01
-6.726715169117802873e-01
-6.700937282442601672e-01
-6.670394446108630637e-01
-6.639685554683735225e-01
-6.614770575048274370e-01
-6.602057018447331505e-01
-6.607115605198868868e-01
-6.633205926328814561e-01
-6.679882823554065263e-01
-6.742003489505028480e-01
-6.809448996715702362e-01
-6.867810270060692446e-01
-6.900174084850433376e-01
-6.889983925634273199e-01
-6.824738194054310592e-01
-6.700017942293211570e-01
-6.523031174084604755e-01
-6.314611181977375365e-01
-6.108575527378260484e-01
-5.947708908118628512e-01
-5.876419836621628034e-01
-5.931144301342384795e-01
-6.130428916950251272e-01
-6.466913456894030077e-01
-6.902993318060297590e-01
-7.371030146360325608e-01
-7.778194082965111944e-01
-8.015986051180115091e-01
-7.975283486126930610e-01
-7.568364782644881883e-01
-6.757778360603944323e-01
-5.586593346988417697e-01
-4.197174532486921406e-01
-2.822452923434440875e-01
-1.741498815922848664e-01
-1.208623547969273349e-01
-1.380401867385762926e-01
-2.267180542669829102e-01
-3.725778227060208558e-01
-5.494768505449865170e-01
-7.256564726643869312e-01
-8.697826444321242745e-01
-9.543980970024119603e-01
-9.568291379951148201e-01
-8.603052021602345389e-01
-6.583398132430304805e-01
-3.620429017769501434e-01
-4.937415013392554980e-03
3.616067856333257113e-01
6.828307769362489399e-01
9.160664218940594017e-01
1.037103672114321862e+00
1.036643174182466431e+00
9.147141233120714698e-01
6.807015945547546520e-01
3.589488841824419185e-01
-7.745684511577777612e-03
-3.645821069841663209e-01
-6.602767056017720959e-01
-8.614699801200689233e-01
-9.572075491331150099e-01
-9.540759781295745645e-01
-8.688985172817620395e-01
-7.243854549029843382e-01
-5.480315968452451614e-01
-3.711989537144183560e-01
-2.256397433194586577e-01
-1.374398917544570886e-01
-1.208171675340267981e-01
-1.746188608100288364e-01
-2.830852628318636932e-01
-4.207271628092923432e-01
-5.596360637212139943e-01
-6.765654854882854341e-01
-7.573498680660405435e-01
-7.977519754661120954e-01
-8.015692209151299430e-01
-7.776040871855876002e-01
-7.367800897120078130e-01
-6.899443657787344142e-01
-6.463675127915046170e-01
-6.127948258844307938e-01
-5.929652665478596374e-01
-5.875937343728988571e-01
-5.948080410204072965e-01
-6.109530893053719547e-01
-6.315835907086239098e-01
-6.524231510614847407e-01
-6.700968109135533313e-01
-6.825303932541276764e-01
-6.890123591259756930e-01
-6.899923145315965956e-01
-6.867256715705171155e-01
-6.808706452679224030e-01
-6.741186993000626293e-01
-6.679090275536212484e-01
-6.632506584343877964e-01
-6.606545702914091711e-01
-6.601621607693107796e-01
-6.614449968233112598e-01
-6.639444347978764593e-01
-6.670191077217718645e-01
-6.700732404050090407e-01
-6.726477695840278326e-01
-6.744668746029823803e-01
-6.754422371915298484e-01
-6.756443324229298719e-01
-6.752535763341407371e-01
-6.745044681261032071e-01
-6.736338110416424385e-01
-6.728407039602715134e-01
-6.722621951072816904e-01
-6.719649874935230693e-01
-6.719508484096962109e-01
-6.721716466460285755e-01
-6.725492695942071331e-01
-6.729959393684157298e-01
-6.734314078123568859e-01
-6.737948515654959003e-01
-6.740506946978523928e-01
-6.741887985466449296e-01
-6.742203105688564513e-01
-6.741708940107329351e-01
-6.740730955346083686e-01
-6.739593380291402092e-01
-6.738565699813771070e-01
-6.737830820493986295e-01
-6.737475180853526036e-01
-6.737497333690407597e-01
-6.737829240025695610e-01
-6.738363725214646660e-01
-6.738982042193910615e-01
-6.739576884183926531e-01
-6.740068044619376142e-01
-6.740409815960863860e-01
-6.740590822481709044e-01
-6.740628092313516451e-01
-6.740557719442158424e-01
-6.740424487928897701e-01
-6.740272448131940930e-01
-6.740137807605594000e-01
-6.740044790561795507e-01
-6.740004467485571915e-01
-6.740016056916559029e-01
-6.740069902588464723e-01
-6.740151234195495000e-01
-6.740243897228349601e-01
-6.740333433328989932e-01
-6.740409146673567164e-01
-6.740465047684059963e-01
-6.740499779466194719e-01
-6.740515778544077241e-01
-6.740517991062319192e-01
-6.740512464918666513e-01
-6.740505083892477378e-01
-6.740500623490693899e-01
-6.740502211953366407e-01
-6.740511192160645315e-01
-6.740527313793073239e-01
-6.740549146180472295e-01
-6.740574590931154297e-01
-6.740601385099550535e-01
-6.740627512959795897e-01
-6.740651479127939272e-01
-6.740672430235289392e-01
-6.740690140829272980e-01
-6.740704898257379174e-01
-6.740717329953153092e-01
-6.740728215776429222e-01
-6.740738320224216595e-01
-6.740748267444416353e-01
-6.740758469066143732e-01
-6.740769103404496976e-01
-6.740780136270143608e-01
-6.740791369147429712e-01
-6.740802499774095624e-01
-6.740813182381630853e-01
-6.740823078877808960e-01
-6.740831896814567514e-01
-6.740839413978667594e-01
