-6.741153046066551413e-01
-6.741158019160300441e-01
-6.741161009206804167e-01
-6.741161990836844753e-01
-6.741160935119551167e-01
-6.741157824585294334e-01
-6.741152669678198706e-01
-6.741145522595666240e-01
-6.741136484229863779e-01
-6.741125700504140283e-01
-6.741113345962819192e-01
-6.741099595022755908e-01
-6.741084584569795313e-01
-6.741068375024314996e-01
-6.741050919787964224e-01
-6.741032054164298737e-01
-6.741011513547296996e-01
-6.740988986371200253e-01
-6.740964200104039294e-01
-6.740937029336773190e-01
-6.740907605492714172e-01
-6.740876400233427601e-01
-6.740844251888545857e-01
-6.740812308452489576e-01
-6.740781873080624598e-01
-6.740754158089873327e-01
-6.740729978620280116e-01
-6.740709442626350301e-01
-6.740691713438471400e-01
-6.740674927972453156e-01
-6.740656342031242643e-01
-6.740632741102597913e-01
-6.740601102061133387e-01
-6.740559425040906216e-01
-6.740507587568088654e-01
-6.740448020886234959e-01
-6.740385988538760698e-01
-6.740329274361959166e-01
-6.740287168844427690e-01
-6.740268776270065265e-01
-6.740280833871904465e-01
-6.740325408828896636e-01
-6.740397979698624642e-01
-6.740486472511501015e-01
-6.740571770444065969e-01
-6.740630027807211766e-01
-6.740636797610399800e-01
-6.740572562734723494e-01
-6.740428812177742257e-01
-6.740213420870192484e-01
-6.739953881540848846e-01
-6.739696998768666125e-01
-6.739504053900605696e-01
-6.739441192096973232e-01
-6.739565800306929200e-01
-6.739910786084916117e-01
-6.740469709092139494e-01
-6.741186395911454854e-01
-6.741952726809381513e-01
-6.742617527971473956e-01
-6.743007867880580486e-01
-6.742961650494905257e-01
-6.742367530436346179e-01
-6.741205348323342506e-01
-6.739578139449781125e-01
-6.737725989793635906e-01
-6.736013185917726354e-01
-6.734883554339917699e-01
-6.734784516568136370e-01
-6.736067574879686104e-01
-6.738880525773777164e-01
-6.743073081610192476e-01
-6.748140998459336570e-01
-6.753232662844051992e-01
-6.757235336286857574e-01
-6.758945740859256812e-01
-6.757312378727227120e-01
-6.751717172421782820e-01
-6.742245202175083385e-01
-6.729878028961105985e-01
-6.716543274785895523e-01
-6.704965079959827046e-01
-6.698288899370186122e-01
-6.699498222066434527e-01
-6.710693909654870115e-01
-6.732358441679948680e-01
-6.762764845446721518e-01
-6.797702026108604079e-01
-6.830667186024543813e-01
-6.853619811638151926e-01
-6.858302425661538804e-01
-6.838016076503408147e-01
-6.789602554108986610e-01
-6.715249050031132372e-01
-6.623629107246704617e-01
-6.529877852534028415e-01
-6.454023268383652923e-01
-6.417782284002402360e-01
-6.440040799586497222e-01
-6.531759224475062187e-01
-6.691335277491399225e-01
-6.901509054166399260e-01
-7.128712650216014746e-01
-7.325461488861498838e-01
-7.436101843951763435e-01
-7.405995210858127287e-01
-7.193818098752208234e-01
-6.785689460887804891e-01
-6.208116577788923562e-01
-5.534857217737226831e-01
-4.882265558825452101e-01
-4.390115129253717163e-01
-4.190227002935605349e-01
-4.370989962176374255e-01
-4.948624594491050077e-01
-5.853995382992436269e-01
-6.937714451132198645e-01
-7.989149822345514851e-01
-8.761232214926304440e-01
-8.996700062932845299e-01
-8.461503849683460476e-01
-6.997529168042525560e-01
-4.595224230702339985e-01
-1.454427476652229712e-01
2.023850200705687996e-01
5.345163303153459555e-01
8.080431589780007196e-01
9.970044825499865260e-01
1.091829967648564104e+00
1.091335485592725529e+00
9.955210229758422180e-01
8.056130393319796967e-01
5.313163149724230427e-01
1.987810976138887076e-01
-1.489491311783167904e-01
-4.624452317812928759e-01
-7.017723433223653773e-01
-8.471730571683118161e-01
-8.997926517275443015e-01
-8.755562161315724179e-01
-7.979164607409997556e-01
-6.926054217591858242e-01
-5.843072848064402303e-01
-4.940359845419032281e-01
-4.366565301004666777e-01
-4.189942549872702204e-01
-4.393422073483679857e-01
-4.887988965971689082e-01
-5.541544557992119646e-01
-6.214401749108587891e-01
-6.790565860965862566e-01
-7.196763293561750929e-01
-7.406953257975145144e-01
-7.435372288479155101e-01
-7.323552594852174025e-01
-7.126201161967437026e-01
-6.898928278766114364e-01
-6.689098940822548744e-01
-6.530121659761014552e-01
-6.439090856595329759e-01
-6.417465584096353481e-01
-6.454184301386041156e-01
-6.530311020836547797e-01
-6.624127543724643852e-01
-6.715642319239397695e-01
-6.789778443973223387e-01
-6.837926154491585917e-01
-6.857954513172178634e-01
-6.853062324841872055e-01
-6.829970454271473423e-01
-6.796940753520840373e-01
-6.762004445339075964e-01
-6.731646516350502374e-01
-6.710056931222028176e-01
-6.698942598576197449e-01
-6.697805104176163260e-01
-6.704533357508094538e-01
-6.716139556838693903e-01
-6.729479017590099810e-01
-6.741831996625617940e-01
-6.751277234834088814e-01
-6.756839970753885094e-01
-6.758441178557500484e-01
-6.756703501062233386e-01
-6.752681195721151886e-01
-6.747578529852961138e-01
-6.742507744411432302e-01
-6.738318892591963483e-01
-6.735514066621963725e-01
-6.734241256264683617e-01
-6.734350588733704068e-01
-6.735488966669895827e-01
-6.737207994115758103e-01
-6.739063514131247157e-01
-6.740691478623578314e-01
-6.741852462632182963e-01
-6.742444329753161103e-01
-6.742488186821872231e-01
-6.742096211114010362e-01
-6.741431098072228068e-01
-6.740666087932319916e-01
-6.739952373510181838e-01
-6.739397854320515746e-01
-6.739058327563309803e-01
-6.738939797185041769e-01
-6.739008948146113509e-01
-6.739208082190473181e-01
-6.739470875924891136e-01
-6.739736007964123310e-01
-6.739956750134580288e-01
-6.740105763142987261e-01
-6.740175356410194052e-01
-6.740174213619282151e-01
-6.740121981419573416e-01
-6.740043176712947615e-01
-6.739961654158969084e-01
-6.739896489512160471e-01
-6.739859683978233207e-01
-6.739855675045852701e-01
-6.739882318462881994e-01
-6.739932819335683334e-01
-6.739998040838526272e-01
-6.740068684343846206e-01
-6.740136976780292111e-01
-6.740197676247396963e-01
-6.740248375729338548e-01
-6.740289217737817085e-01
-6.740322213774324611e-01
-6.740350388800390169e-01
-6.740376950378721421e-01
-6.740404629576890461e-01
-6.740435273409822736e-01
-6.740469702556882714e-01
-6.740507795356303067e-01
-6.740548726366443200e-01
-6.740591276453691272e-01
-6.740634138424577149e-01
-6.740676161899039620e-01
-6.740716506633117611e-01
-6.740754698568403036e-01
-6.740790602832664735e-01
-6.740824340176340135e-01
-6.740856177442395847e-01
-6.740886419859132284e-01
-6.740915325484393428e-01
-6.740943052627660359e-01
-6.740969641894016817e-01
-6.740995027336721401e-01
-6.741019066949455185e-01
-6.741041581458000476e-01
-6.741062391559005107e-01
-6.741081346530949370e-01
-6.741098340562875491e-01
-6.741113316397446820e-01
-6.741126258415721662e-01
-6.741137178846158262e-01
-6.741146101358204135e-01
