-6.740952885214677170e-01
-6.740957685793704801e-01
-6.740960865127827439e-01
-6.740962494575136743e-01
-6.740962691781572369e-01
-6.740961614521003842e-01
-6.740959449012408067e-01
-6.740956391184712571e-01
-6.740952620717706179e-01
-6.740948269778347379e-01
-6.740943390802177637e-01
-6.740937929869892375e-01
-6.740931713543987236e-01
-6.740924456843339074e-01
-6.740915797914113217e-01
-6.740905360798773449e-01
-6.740892841844278172e-01
-6.740878108542203151e-01
-6.740861293214550631e-01
-6.740842859499013295e-01
-6.740823618633408065e-01
-6.740804676380063309e-01
-6.740787300688416694e-01
-6.740772714485617767e-01
-6.740761835708076744e-01
-6.740755005001087818e-01
-6.740751756586833565e-01
-6.740750695346930943e-01
-6.740749539239928589e-01
-6.740745368140010907e-01
-6.740735087682035998e-01
-6.740716072419498106e-01
-6.740686902623433951e-01
-6.740648062541584329e-01
-6.740602436101654771e-01
-6.740555430291897965e-01
-6.740514585979796580e-01
-6.740488605027521452e-01
-6.740485828191203899e-01
-6.740512328511262252e-01
-6.740569918775828340e-01
-6.740654481073015125e-01
-6.740755080145323097e-01
-6.740854291583538993e-01
-6.740930041912303050e-01
-6.740959018150489701e-01
-6.740921379619704279e-01
-6.740806139479406101e-01
-6.740616245028493436e-01
-6.740372156255266534e-01
-6.740112684748288396e-01
-6.739892076651939901e-01
-6.739772834317302452e-01
-6.739814547972241554e-01
-6.740059961938216215e-01
-6.740520474735879342e-01
-6.741164062433779858e-01
-6.741908991710411359e-01
-6.742626446760572323e-01
-6.743154198326241078e-01
-6.743321682346461454e-01
-6.742984480075439047e-01
-6.742063529346894457e-01
-6.740581939344756357e-01
-6.738690628718407849e-01
-6.736673771394953159e-01
-6.734926708043957877e-01
-6.733902784308495315e-01
-6.734031319166713381e-01
-6.735615900920054466e-01
-6.738729279736878075e-01
-6.743126742984052457e-01
-6.748202381610419742e-01
-6.753010656268650935e-01
-6.756368279428042189e-01
-6.757038624923492609e-01
-6.753983708220777649e-01
-6.746649487950751034e-01
-6.735232247121450966e-01
-6.720861517244536287e-01
-6.705633200857593623e-01
-6.692439342133622571e-01
-6.684570325167861204e-01
-6.685109361088815705e-01
-6.696191612900066481e-01
-6.718250873425449798e-01
-6.749413262290816506e-01
-6.785209237342919586e-01
-6.818755650838956850e-01
-6.841506712385925226e-01
-6.844588057820114591e-01
-6.820614950123137232e-01
-6.765760214312006582e-01
-6.681695196374375367e-01
-6.576910993264851735e-01
-6.466891118143278661e-01
-6.372710813571490496e-01
-6.317915247210988960e-01
-6.323945771929210258e-01
-6.404828235483706056e-01
-6.562155161152177785e-01
-6.781464918368101946e-01
-7.030937836882852343e-01
-7.263014796697980779e-01
-7.419279031891559129e-01
-7.438806628765057827e-01
-7.269998133559103515e-01
-6.885187304978762635e-01
-6.295667802410513936e-01
-5.562470820410968519e-01
-4.796731995393728187e-01
-4.144875023598497688e-01
-3.758922031174276035e-01
-3.758975959640158404e-01
-4.199365035401117496e-01
-5.049286164854899228e-01
-6.193155331210021819e-01
-7.447684554377145272e-01
-8.585974768853288364e-01
-9.358755692737986687e-01
-9.512210086482925098e-01
-8.815924122337884805e-01
-7.119728930522842836e-01
-4.439199999716015310e-01
-1.027583376355377526e-01
2.635671528167044531e-01
5.969327057900396527e-01
8.461992545145445854e-01
9.780028145182038113e-01
9.773919861654178920e-01
8.444304064449278391e-01
5.942196348543224982e-01
2.603002536364756869e-01
-1.060605202178857148e-01
-4.467508631816707321e-01
-7.139878814072831981e-01
-8.826727444819303381e-01
-9.514364189752695378e-01
-9.354038551717808181e-01
-8.576584695053781626e-01
-7.435897258141009880e-01
-6.181164837057298023e-01
-5.039047759549348804e-01
-4.192373290003203468e-01
-3.756038251776230852e-01
-3.760036997923051350e-01
-4.149290590508274423e-01
-4.803181709027454227e-01
-5.569514689751929870e-01
-6.302026373253525326e-01
-6.889971627119299002e-01
-7.272793522352798412e-01
-7.439629460832086760e-01
-7.418459949688582800e-01
-7.261061374125845624e-01
-7.028410420176163242e-01
-6.778879696484528816e-01
-6.559917423535710501e-01
-6.403195230763606416e-01
-6.323017795535549324e-01
-6.317652047705203389e-01
-6.372967485381439978e-01
-6.467464699233341774e-01
-6.577587710735214310e-01
-6.682289518454063160e-01
-6.766140138041633056e-01
-6.820711998626205474e-01
-6.844393922411772246e-01
-6.841060544045133307e-01
-6.818126594108124827e-01
-6.784478308549768411e-01
-6.748657632555967734e-01
-6.717532433573827344e-01
-6.695550595443411357e-01
-6.684562868979444517e-01
-6.684114913087176868e-01
-6.692056348838930635e-01
-6.705295362831623640e-01
-6.720539493193364855e-01
-6.734899993202606572e-01
-6.746287852652937955e-01
-6.753582060637323137e-01
-6.756594704640032090e-01
-6.755886708605001179e-01
-6.752500670559151708e-01
-6.747675331739780846e-01
-6.742593825500781124e-01
-6.738199811317069354e-01
-6.735096290763713522e-01
-6.733524746744046219e-01
-6.733409474677167772e-01
-6.734444624804289958e-01
-6.736199520099757088e-01
-6.738220375878851698e-01
-6.740112193504439464e-01
-6.741591687902135366e-01
-6.742509105633810451e-01
-6.742842524846126562e-01
-6.742672016985868932e-01
-6.742142706321254675e-01
-6.741425511048428909e-01
-6.740682683726785251e-01
-6.740042802640857644e-01
-6.739587199708342302e-01
-6.739347435589474467e-01
-6.739311675920895972e-01
-6.739436832777848663e-01
-6.739663099735074825e-01
-6.739927892001510434e-01
-6.740176997650254576e-01
-6.740371723438405294e-01
-6.740491772673347093e-01
-6.740534368406463361e-01
-6.740510644238282278e-01
-6.740440544078986074e-01
-6.740347432312241427e-01
-6.740253384127714575e-01
-6.740175785886594051e-01
-6.740125509384840008e-01
-6.740106599072199778e-01
-6.740117172373858434e-01
-6.740151100176485777e-01
-6.740200004884855378e-01
-6.740255168098695515e-01
-6.740309050123420853e-01
-6.740356257843208576e-01
-6.740393927843141286e-01
-6.740421597173907875e-01
-6.740440702944276996e-01
-6.740453881054958574e-01
-6.740464228231073385e-01
-6.740474659332461593e-01
-6.740487445177515413e-01
-6.740503966027184823e-01
-6.740524671603665974e-01
-6.740549206114301306e-01
-6.740576638869578696e-01
-6.740605737328101421e-01
-6.740635227101499094e-01
-6.740663998641203136e-01
-6.740691238708094168e-01
-6.740716482463030568e-01
-6.740739596278711998e-01
-6.740760710572941683e-01
-6.740780125734183725e-01
-6.740798213188223809e-01
-6.740815329141247592e-01
-6.740831752122863341e-01
-6.740847648694006100e-01
-6.740863065833390122e-01
-6.740877944383051323e-01
-6.740892145843829786e-01
-6.740905484654110547e-01
-6.740917759422920819e-01
-6.740928778802041110e-01
-6.740938380114678274e-01
-6.740946440942104934e-01
