-6.741261320311024985e-01
-6.741266150250835310e-01
-6.741268478330894043e-01
-6.741268354592238055e-01
-6.741265860510736729e-01
-6.741261103268559873e-01
-6.741254206931327486e-01
-6.741245300240145122e-01
-6.741234501300338300e-01
-6.741221900347155183e-01
-6.741207542872139635e-01
-6.741191416475006415e-01
-6.741173445544731413e-01
-6.741153497904522895e-01
-6.741131406547358207e-01
-6.741107007353618341e-01
-6.741080190287090934e-01
-6.741050957418639467e-01
-6.741019477004015492e-01
-6.740986119815708388e-01
-6.740951463189227555e-01
-6.740916250821212818e-01
-6.740881302784242912e-01
-6.740847380222239060e-01
-6.740815021464771073e-01
-6.740784378536524013e-01
-6.740755092185427566e-01
-6.740726246369171948e-01
-6.740696436974706884e-01
-6.740663973191203251e-01
-6.740627204377332982e-01
-6.740584933967863623e-01
-6.740536850838965144e-01
-6.740483885044860068e-01
-6.740428386544754513e-01
-6.740374038390187783e-01
-6.740325452269192441e-01
-6.740287451815203390e-01
-6.740264119724483916e-01
-6.740257755686790420e-01
-6.740267947695848250e-01
-6.740290983796425328e-01
-6.740319812656653253e-01
-6.740344694383846313e-01
-6.740354571898909963e-01
-6.740339052132411357e-01
-6.740290738147272087e-01
-6.740207526170416408e-01
-6.740094404020389174e-01
-6.739964283141698376e-01
-6.739837479013712773e-01
-6.739739624230223214e-01
-6.739698040378595545e-01
-6.739736880572567701e-01
-6.739871645090830254e-01
-6.740103922931446334e-01
-6.740417376038130293e-01
-6.740776018126544145e-01
-6.741125712361454303e-01
-6.741399500230855768e-01
-6.741526874241907663e-01
-6.741446440176949162e-01
-6.741120633233419479e-01
-6.740550348577968309e-01
-6.739786656289318278e-01
-6.738936367945189687e-01
-6.738158302673771249e-01
-6.737647845424971083e-01
-6.737608914751138656e-01
-6.738214750176753087e-01
-6.739561796149780015e-01
-6.741623990476534045e-01
-6.744217342673114457e-01
-6.746986051730270439e-01
-6.749420784697417464e-01
-6.750916494994706474e-01
-6.750871041799416661e-01
-6.748817183836702815e-01
-6.744570291798043238e-01
-6.738364166360402141e-01
-6.730940148298693027e-01
-6.723553069174061925e-01
-6.717864020168077266e-01
-6.715705786129553267e-01
-6.718731503776268488e-01
-6.727987554188435970e-01
-6.743482373822329290e-01
-6.763846690797004069e-01
-6.786190461601123713e-01
-6.806251683993643775e-01
-6.818898958360197771e-01
-6.818992823884340027e-01
-6.802533606463034843e-01
-6.767933523159851417e-01
-6.717162746459267586e-01
-6.656456554314768015e-01
-6.596264231613391260e-01
-6.550198966232043674e-01
-6.532922983133666595e-01
-6.557151735227162437e-01
-6.630226515805940357e-01
-6.750908537989123159e-01
-6.907126957262629263e-01
-7.075354443857443387e-01
-7.222126874243707251e-01
-7.308025781909907037e-01
-7.294207768279943327e-01
-7.151190029049159236e-01
-6.868910127951015632e-01
-6.466011765760779628e-01
-5.995193408523667999e-01
-5.541096570197946436e-01
-5.208482752799282745e-01
-5.101477242194075723e-01
-5.298276313552031658e-01
-5.827962937733608406e-01
-6.655491648904380275e-01
-7.677507125980221891e-01
-8.727187220315714145e-01
-9.583957076189466573e-01
-9.987181038317818338e-01
-9.662281474056892971e-01
-8.376221462285192709e-01
-6.031672233859105559e-01
-2.773158069108286883e-01
9.677847660983707190e-02
4.556910656184003927e-01
7.348199567407985855e-01
8.860245764339819141e-01
8.851717376703888140e-01
7.323946666847167553e-01
4.520999857538775535e-01
9.266989891845690830e-02
-2.812001092274158398e-01
-6.062233868041916329e-01
-8.395471935540200770e-01
-9.670288814769663066e-01
-9.986075342528822896e-01
-9.576710347764291198e-01
-8.716774608388098144e-01
-7.666491515016866654e-01
-6.645847821781704079e-01
-5.820991938095591012e-01
-5.294569105530708697e-01
-5.100951194925618104e-01
-5.210513698909234881e-01
-5.544733053690745761e-01
-5.999403924423277745e-01
-6.469902240811042926e-01
-6.871863029504571285e-01
-7.152908748449094967e-01
-7.294682165938555229e-01
-7.307452256962535531e-01
-7.220816149895330494e-01
-7.073649535242441111e-01
-6.905341612459263700e-01
-6.749288046059088719e-01
-6.628928785557232084e-01
-6.556245240744709157e-01
-6.532397752661461832e-01
-6.549986410269805770e-01
-6.596261282279829441e-01
-6.656549683065484668e-01
-6.717248177503830631e-01
-6.767931277296918013e-01
-6.802394549133033985e-01
-6.818699253859946685e-01
-6.818460193979658523e-01
-6.805696517785884136e-01
-6.785558351245979392e-01
-6.763179282268994008e-01
-6.742816541291953847e-01
-6.727350677139745105e-01
-6.718139239198184232e-01
-6.715162176203574029e-01
-6.717363446758641832e-01
-6.723083363148631975e-01
-6.730486103600730186e-01
-6.737910787839822557e-01
-6.744105287395403270e-01
-6.748332444543370112e-01
-6.750363083453720936e-01
-6.750386021689640526e-01
-6.748871649666965400e-01
-6.746423932476036667e-01
-6.743648422759525030e-01
-6.741053870493637357e-01
-6.738994764001638993e-01
-6.737653447759620606e-01
-6.737054360887708704e-01
-6.737099723486335012e-01
-6.737615398543278511e-01
-6.738397046871783536e-01
-6.739249288806793414e-01
-6.740013627393870443e-01
-6.740583756532836368e-01
-6.740909165697086536e-01
-6.740989468889498903e-01
-6.740862620683967243e-01
-6.740590253883045335e-01
-6.740242963924124586e-01
-6.739887670674236109e-01
-6.739578383137241335e-01
-6.739350911914204767e-01
-6.739221409406295216e-01
-6.739188120629269196e-01
-6.739235418174746028e-01
-6.739339069322434206e-01
-6.739471720008236577e-01
-6.739607745179870824e-01
-6.739726865741043627e-01
-6.739816222758380215e-01
-6.739870884915564186e-01
-6.739893006459394265e-01
-6.739890021787275920e-01
-6.739872344788405689e-01
-6.739851036265264161e-01
-6.739835824879545356e-01
-6.739833739699516713e-01
-6.739848464171179776e-01
-6.739880380325691256e-01
-6.739927161088540286e-01
-6.739984701819482504e-01
-6.740048163812509818e-01
-6.740112927233321560e-01
-6.740175306743060313e-01
-6.740232954152726164e-01
-6.740284943137221374e-01
-6.740331588517780581e-01
-6.740374088953430265e-01
-6.740414094603068840e-01
-6.740453292888700654e-01
-6.740493081864709080e-01
-6.740534369489535882e-01
-6.740577505761874422e-01
-6.740622329107996968e-01
-6.740668292090645775e-01
-6.740714625402183247e-01
-6.740760501983886765e-01
-6.740805172315602611e-01
-6.740848054197250416e-01
-6.740888772637473325e-01
-6.740927155464414566e-01
-6.740963196687193015e-01
-6.740997002191156939e-01
-6.741028731585788636e-01
-6.741058546975857713e-01
-6.741086575287746907e-01
-6.741112886627921297e-01
-6.741137487753778856e-01
-6.741160327506169336e-01
-6.741181310051834741e-01
-6.741200311822822533e-01
-6.741217198785894871e-01
-6.741231841761142762e-01
-6.741244128615254683e-01
-6.741253973054048831e-01
