-6.740868936063993955e-01
-6.740873606143242824e-01
-6.740876831951162496e-01
-6.740878724929960653e-01
-6.740879466805629328e-01
-6.740879298661345276e-01
-6.740878501091074337e-01
-6.740877363250389331e-01
-6.740876140811331574e-01
-6.740875006149438242e-01
-6.740873997904016646e-01
-6.740872980440729689e-01
-6.740871625663064082e-01
-6.740869429097178234e-01
-6.740865768555422965e-01
-6.740860006847193553e-01
-6.740851630540818373e-01
-6.740840406049464217e-01
-6.740826524373851880e-01
-6.740810699179645704e-01
-6.740794182031525361e-01
-6.740778665532373148e-01
-6.740766060685318140e-01
-6.740758158218409513e-01
-6.740756212122915869e-01
-6.740760512529219151e-01
-6.740770038029640920e-01
-6.740782287793534167e-01
-6.740793385150415373e-01
-6.740798512857012481e-01
-6.740792685943012286e-01
-6.740771795771228758e-01
-6.740733779114221891e-01
-6.740679693835414099e-01
-6.740614436342218241e-01
-6.740546833431124707e-01
-6.740488896458194379e-01
-6.740454144515551915e-01
-6.740455078827591873e-01
-6.740500101750733775e-01
-6.740590385131385309e-01
-6.740717358044707730e-01
-6.740861552781615140e-01
-6.740993475840755256e-01
-6.741076930373560705e-01
-6.741074809281587532e-01
-6.740956842139880223e-01
-6.740708192340635341e-01
-6.740337276397705413e-01
-6.739880849431449938e-01
-6.739404401880244588e-01
-6.738996343324193949e-01
-6.738755347111317073e-01
-6.738771539644012876e-01
-6.739103778216277707e-01
-6.739756804028703696e-01
-6.740663238330562024e-01
-6.741675841367665845e-01
-6.742574856890030111e-01
-6.743093432498484807e-01
-6.742961061787062782e-01
-6.741961029794933946e-01
-6.739993538477229151e-01
-6.737132379052822584e-01
-6.733660696992007644e-01
-6.730071548384300995e-01
-6.727022322138559440e-01
-6.725238955261518825e-01
-6.725375730538840635e-01
-6.727848008430917792e-01
-6.732666421913390264e-01
-6.739309271609081886e-01
-6.746672481669426791e-01
-6.753131407668797603e-01
-6.756734936167405614e-01
-6.755529996526284942e-01
-6.747985809837121485e-01
-6.733455790666394991e-01
-6.712586820606459836e-01
-6.687568167311249701e-01
-6.662113863535812364e-01
-6.641099676952997299e-01
-6.629831157389949325e-01
-6.632997451781404985e-01
-6.653452971771325331e-01
-6.691045847681038605e-01
-6.741758219898721372e-01
-6.797424639045602790e-01
-6.846246568432854396e-01
-6.874226090394905953e-01
-6.867504196778413394e-01
-6.815408212065285909e-01
-6.713789956973015283e-01
-6.567993363572917076e-01
-6.394595633061223028e-01
-6.221038087435922792e-01
-6.082525804789942203e-01
-6.016168593228071737e-01
-6.053133409161161049e-01
-6.210295152907481242e-01
-6.483195842381951346e-01
-6.841900337421825684e-01
-7.230711044531258347e-01
-7.572079413276024962e-01
-7.774868702835137091e-01
-7.747456978580266052e-01
-7.416356750721690982e-01
-6.749734139229744967e-01
-5.781435624592095035e-01
-4.625994274805296791e-01
-3.472746614909568152e-01
-2.552325197457816497e-01
-2.081088953808847009e-01
-2.201101265084753622e-01
-2.936867438211572257e-01
-4.183768719970546446e-01
-5.730871136645430131e-01
-7.306681799175315239e-01
-8.626421668808552656e-01
-9.422410346280820637e-01
-9.457840390084347737e-01
-8.545954092686227632e-01
-6.599726607673892520e-01
-3.708139670822017120e-01
-1.879399518162452182e-02
3.456521468019802534e-01
6.674103353088932655e-01
9.024262589693096137e-01
1.024869707744626490e+00
1.024403339016691561e+00
9.010606537428534901e-01
6.652715468395338227e-01
3.430011476327369802e-01
-2.157123402926740957e-02
-3.733000200252409306e-01
-6.618448208015363932e-01
-8.556987857249568341e-01
-9.461204780722360930e-01
-9.419122461500842869e-01
-8.617999555220925423e-01
-7.294931475119444952e-01
-5.717836202634525300e-01
-4.171615233145060109e-01
-2.927591718572267188e-01
-2.196133057078192841e-01
-2.080965010565304640e-01
-2.556583721885334337e-01
-3.480095737616852869e-01
-4.634699789934114134e-01
-5.789788422655560707e-01
-6.756431964496203424e-01
-7.420691394730927204e-01
-7.749301524011636966e-01
-7.774537801899843448e-01
-7.570150311357946027e-01
-7.227862354404939182e-01
-6.838788369924168054e-01
-6.480367560667940063e-01
-6.208133038755807576e-01
-6.051830752185084483e-01
-6.015735312410152025e-01
-6.082822095318017874e-01
-6.221827854200964181e-01
-6.395607344335065836e-01
-6.568975198897823997e-01
-6.714549322094977013e-01
-6.815831254547256579e-01
-6.867556491541915165e-01
-6.873939363965390070e-01
-6.845697658346271419e-01
-6.796712375232281111e-01
-6.740982492149290017e-01
-6.690291526554560386e-01
-6.652779937532763421e-01
-6.632436836795392310e-01
-6.629387008558746963e-01
-6.640754605168179836e-01
-6.661836909431075870e-01
-6.687323106397852213e-01
-6.712339426969781142e-01
-6.733179080124157556e-01
-6.747662855565338402e-01
-6.755154423783265027e-01
-6.756309571149083926e-01
-6.752665746873502961e-01
-6.746179676788742752e-01
-6.738803232069910942e-01
-6.732159472011666201e-01
-6.727349343640763868e-01
-6.724890733724782077e-01
-6.724769283204433679e-01
-6.726566570712702031e-01
-6.729626255855135630e-01
-6.733221445436551322e-01
-6.736694793097313116e-01
-6.739554043523935389e-01
-6.741517302931724354e-01
-6.742512174010021342e-01
-6.742639731202545450e-01
-6.742117668104934403e-01
-6.741217081697434832e-01
-6.740205020099764299e-01
-6.739301098817266356e-01
-6.738652179494203365e-01
-6.738325139915095630e-01
-6.738314723041524124e-01
-6.738561626473712485e-01
-6.738975404017025772e-01
-6.739457209719034170e-01
-6.739918601711794022e-01
-6.740294169655773882e-01
-6.740547311252272911e-01
-6.740669793218232453e-01
-6.740676628270984017e-01
-6.740598228038339190e-01
-6.740471790131182805e-01
-6.740333547245441759e-01
-6.740212979847330921e-01
-6.740129506110918989e-01
-6.740091626405155800e-01
-6.740098092674492447e-01
-6.740140433494143934e-01
-6.740206094444067819e-01
-6.740281523284670229e-01
-6.740354695534631624e-01
-6.740416788022265404e-01
-6.740462919462366642e-01
-6.740492052678720425e-01
-6.740506271656059312e-01
-6.740509701595680525e-01
-6.740507337221929296e-01
-6.740503997805382674e-01
-6.740503554866050795e-01
-6.740508498500876744e-01
-6.740519835945402161e-01
-6.740537261680522585e-01
-6.740559507029404429e-01
-6.740584768654740433e-01
-6.740611125746568399e-01
-6.740636878804173726e-01
-6.740660771883096869e-01
-6.740682088742747657e-01
-6.740700636764810350e-01
-6.740716648061120253e-01
-6.740730634072867877e-01
-6.740743229053655083e-01
-6.740755051121627428e-01
-6.740766599582451724e-01
-6.740778196465412320e-01
-6.740789970736522640e-01
-6.740801876816734373e-01
-6.740813735425060793e-01
-6.740825284261368067e-01
-6.740836227979325468e-01
-6.740846280304203519e-01
-6.740855194975226006e-01
-6.740862785520360667e-01
