-6.741029128278146487e-01
-6.741033964099358844e-01
-6.741036950374981185e-01
-6.741038147533161551e-01
-6.741037655156751907e-01
-6.741035606453501527e-01
-6.741032158309404609e-01
-6.741027475859395768e-01
-6.741021711566267394e-01
-6.741014980407720181e-01
-6.741007334626886172e-01
-6.740998743163314488e-01
-6.740989081846996411e-01
-6.740978140238750305e-01
-6.740965649314425434e-01
-6.740951330948593556e-01
-6.740934965621846464e-01
-6.740916469587757698e-01
-6.740895967856586068e-01
-6.740873845964763245e-01
-6.740850762807022445e-01
-6.740827609785299268e-01
-6.740805408639776175e-01
-6.740785151276299514e-01
-6.740767598472758859e-01
-6.740753068381611923e-01
-6.740741257343677573e-01
-6.740731141439099128e-01
-6.740721004422520757e-01
-6.740708624192841558e-01
-6.740691625407883025e-01
-6.740667972237009975e-01
-6.740636537073163570e-01
-6.740597645179107200e-01
-6.740553470181269713e-01
-6.740508149740388477e-01
-6.740467511732178840e-01
-6.740438352374031883e-01
-6.740427286989164601e-01
-6.740439292871512889e-01
-6.740476166517754830e-01
-6.740535203275400677e-01
-6.740608452478236146e-01
-6.740682883306378104e-01
-6.740741700749842691e-01
-6.740766874310311074e-01
-6.740742698236886765e-01
-6.740659923664110709e-01
-6.740519739874606397e-01
-6.740336695760136276e-01
-6.740139607184538750e-01
-6.739969643964716095e-01
-6.739875158121330090e-01
-6.739903389616336282e-01
-6.740089904631824114e-01
-6.740447371893695250e-01
-6.740955911102581855e-01
-6.741557581079625772e-01
-6.742157452725547895e-01
-6.742633022661339570e-01
-6.742852445791113203e-01
-6.742700297383511510e-01
-6.742107551162630497e-01
-6.741080539486542511e-01
-6.739722293734604630e-01
-6.738239315476551861e-01
-6.736927892033142129e-01
-6.736136743660604553e-01
-6.736206977341905322e-01
-6.737395560081740342e-01
-6.739793975735771658e-01
-6.743258265303265775e-01
-6.747369021728376604e-01
-6.751438983206387023e-01
-6.754580889545371836e-01
-6.755839101780121148e-01
-6.754375810570398819e-01
-6.749688059467050527e-01
-6.741817776877228052e-01
-6.731506778521473278e-01
-6.720245833627027654e-01
-6.710174545800778878e-01
-6.703808723455495500e-01
-6.703603337517460847e-01
-6.711398102717713865e-01
-6.727832128859738692e-01
-6.751845117935708629e-01
-6.780396631717059419e-01
-6.808525724345578789e-01
-6.829837838471133349e-01
-6.837444637266593128e-01
-6.825298214211695802e-01
-6.789759619550597147e-01
-6.731134470936512848e-01
-6.654817746649712706e-01
-6.571650532907985509e-01
-6.497144203441092003e-01
-6.449399913647435589e-01
-6.445833370492953796e-01
-6.499144890622680082e-01
-6.613253067901840865e-01
-6.780042604148354135e-01
-6.977726384973572671e-01
-7.171436031373216169e-01
-7.316436015991613084e-01
-7.364172722662591930e-01
-7.271149668178459313e-01
-7.010116745105854363e-01
-6.582005782011619566e-01
-6.025510284137625128e-01
-5.419959905379346798e-01
-4.877488008078497694e-01
-4.523326587426935164e-01
-4.467687974096080650e-01
-4.776758535483229817e-01
-5.451371907532579497e-01
-6.419078410635672416e-01
-7.539745739983056971e-01
-8.619353981222160899e-01
-9.425271173395127766e-01
-9.702162749898580740e-01
-9.199054793920378170e-01
-7.725030819136236016e-01
-5.238267127811064849e-01
-1.934560898348001157e-01
1.735481411213414538e-01
5.169452011445417883e-01
7.792244635334366620e-01
9.197501734650377347e-01
9.189668404677387992e-01
7.769780441880240751e-01
5.135627635581297978e-01
1.695793426968805195e-01
-1.973400796575310867e-01
-5.270269334744265288e-01
-7.746623127008709364e-01
-9.209521685031714089e-01
-9.702932733048023062e-01
-9.418853969563485418e-01
-8.608544200120989975e-01
-7.527210968128604796e-01
-6.407160842812194002e-01
-5.441928612498982964e-01
-4.770991154177046112e-01
-4.466017659559493591e-01
-4.525392877790440638e-01
-4.882306125244439965e-01
-5.426203991552948080e-01
-6.031839271989368756e-01
-6.587336951254810780e-01
-7.013782177806776597e-01
-7.272922903861808175e-01
-7.364196993108880207e-01
-7.315102974527886159e-01
-7.169257113005742532e-01
-6.975221998441069049e-01
-6.777659634740748062e-01
-6.611313008390516943e-01
-6.497821560194727564e-01
-6.445157327475176112e-01
-6.449284459366940725e-01
-6.497425419328182183e-01
-6.572132217728635650e-01
-6.655312387458928169e-01
-6.731493597970044096e-01
-6.789890308661347129e-01
-6.825165972653526314e-01
-6.837065493555597451e-01
-6.829263740067124111e-01
-6.807827435898915480e-01
-6.779647616547750388e-01
-6.751108801786626090e-01
-6.727153800198588662e-01
-6.710801678254336711e-01
-6.703092408016343429e-01
-6.703370743447032432e-01
-6.709786765300919109e-01
-6.719881582585531810e-01
-6.731140957918032575e-01
-6.741430801430392528e-01
-6.749267936430014547e-01
-6.753918435579907564e-01
-6.755347142418315354e-01
-6.754061782511859846e-01
-6.750902597086496648e-01
-6.746825462191189393e-01
-6.742716161564438204e-01
-6.739259425123177438e-01
-6.736871754289650571e-01
-6.735694412709432033e-01
-6.735633841252787191e-01
-6.736431824066714258e-01
-6.737746846982270998e-01
-6.739230490780354632e-01
-6.740587253612705387e-01
-6.741611650060025385e-01
-6.742201663181930371e-01
-6.742351797692943682e-01
-6.742131637595263349e-01
-6.741656857625805133e-01
-6.741059277418431916e-01
-6.740461171818191710e-01
-6.739957128289596477e-01
-6.739604720659950754e-01
-6.739423506183039869e-01
-6.739400581984276162e-01
-6.739500254230910148e-01
-6.739675256065641440e-01
-6.739877287162419073e-01
-6.740065277542662825e-01
-6.740210528182496441e-01
-6.740298597981073669e-01
-6.740328378822194599e-01
-6.740309165980525874e-01
-6.740256677157266951e-01
-6.740188926774773881e-01
-6.740122675483977144e-01
-6.740070911828885958e-01
-6.740041545188789618e-01
-6.740037246116488134e-01
-6.740056194296839553e-01
-6.740093399188720191e-01
-6.740142241030285808e-01
-6.740195925091769791e-01
-6.740248627792633229e-01
-6.740296215893228915e-01
-6.740336518458863724e-01
-6.740369210268596367e-01
-6.740395416221867109e-01
-6.740417167166862233e-01
-6.740436831947775875e-01
-6.740456625438618898e-01
-6.740478256562455472e-01
-6.740502742217326926e-01
-6.740530379496844082e-01
-6.740560844112045702e-01
-6.740593369450430528e-01
-6.740626957927070562e-01
-6.740660582170361348e-01
-6.740693345151613780e-01
-6.740724582372418228e-01
-6.740753902771288164e-01
-6.740781175951707782e-01
-6.740806480448486848e-01
-6.740830030738456102e-01
-6.740852100024655735e-01
-6.740872952449040723e-01
-6.740892793518701298e-01
-6.740911742344762869e-01
-6.740929824757313504e-01
-6.740946983109099566e-01
-6.740963096883739736e-01
-6.740978008015033884e-01
-6.740991545782525352e-01
-6.741003547807826735e-01
-6.741013875534139776e-01
-6.741022424186797757e-01
