-6.741118418454978833e-01
-6.741123318790019914e-01
-6.741126194678065398e-01
-6.741127029800113579e-01
-6.741125818881612553e-01
-6.741122591473029946e-01
-6.741117433660382963e-01
-6.741110499310823956e-01
-6.741102003966437106e-01
-6.741092197976125133e-01
-6.741081320408285338e-01
-6.741069540848115826e-01
-6.741056901207576058e-01
-6.741043272910779427e-01
-6.741028345131592214e-01
-6.741011656403539387e-01
-6.740992674771464355e-01
-6.740970921392198667e-01
-6.740946120659010443e-01
-6.740918348807068972e-01
-6.740888145277714738e-01
-6.740856549556267785e-01
-6.740825032784126813e-01
-6.740795308943183795e-01
-6.740769033797401333e-01
-6.740747427981851336e-01
-6.740730888645932728e-01
-6.740718675510466440e-01
-6.740708765374460176e-01
-6.740697958347344754e-01
-6.740682286334812590e-01
-6.740657720550530252e-01
-6.740621106015097785e-01
-6.740571178184852075e-01
-6.740509455199831246e-01
-6.740440765888147112e-01
-6.740373184480114022e-01
-6.740317208655925985e-01
-6.740284139657354290e-01
-6.740283791142268610e-01
-6.740321843206580343e-01
-6.740397333394639867e-01
-6.740500893785428271e-01
-6.740614358482852619e-01
-6.740712244857502977e-01
-6.740765340783307913e-01
-6.740746224538378684e-01
-6.740636054656037324e-01
-6.740431478772341833e-01
-6.740150134037944385e-01
-6.739833066151729168e-01
-6.739542582975717178e-01
-6.739354641292423231e-01
-6.739345829505478669e-01
-6.739576252310272020e-01
-6.740070948092556913e-01
-6.740803600141546115e-01
-6.741686923733593018e-01
-6.742573928577487719e-01
-6.743273068994803943e-01
-6.743578067017990119e-01
-6.743310113170559728e-01
-6.742366650656123062e-01
-6.740767693020834894e-01
-6.738688426001603338e-01
-6.736466529380232826e-01
-6.734574881125846568e-01
-6.733555348012387753e-01
-6.733916924495462197e-01
-6.736010571514653433e-01
-6.739902093056114873e-01
-6.745271188307487842e-01
-6.751367269926037418e-01
-6.757048968355536811e-01
-6.760923521274130321e-01
-6.761584774742958048e-01
-6.757926064913415409e-01
-6.749480132786555009e-01
-6.736717239296486914e-01
-6.721220635809364019e-01
-6.705661471814379215e-01
-6.693517597656616358e-01
-6.688523557250213303e-01
-6.693898055568401340e-01
-6.711460149061643232e-01
-6.740801857832624533e-01
-6.778717632008068872e-01
-6.819088437285476534e-01
-6.853374759482635525e-01
-6.871789278808931867e-01
-6.865100726184478752e-01
-6.826872168406593611e-01
-6.755772247349892679e-01
-6.657444644210669393e-01
-6.545331164045262717e-01
-6.439887761162100821e-01
-6.365869356310137617e-01
-6.347787930173777182e-01
-6.404174907577975251e-01
-6.541731657688373280e-01
-6.750658991595537284e-01
-7.002345949111821177e-01
-7.250255364818845027e-01
-7.434467601081632404e-01
-7.490088494394877561e-01
-7.359493442840276956e-01
-7.007726069065686181e-01
-6.438782701073463288e-01
-5.708094328508269699e-01
-4.924639261624322861e-01
-4.237060173639896621e-01
-3.803186388475113811e-01
-3.749720176950533390e-01
-4.134320109480704719e-01
-4.922480304029889786e-01
-5.986192022028261617e-01
-7.122845173764703608e-01
-8.085485740821249934e-01
-8.614696990294417045e-01
-8.470369934745517471e-01
-7.472220453900870751e-01
-5.556993842398121330e-01
-2.838265421237394226e-01
3.751194635639670122e-02
3.644962775136982858e-01
6.541857892027511667e-01
8.775926739902508711e-01
1.023854699321544715e+00
1.094642971658797093e+00
1.094327620424003333e+00
1.022877563481431107e+00
8.758985501044639355e-01
6.517892325504128781e-01
3.615707104926095261e-01
3.440619978288858571e-02
-2.866759887831485387e-01
-5.579175416317009306e-01
-7.486022303968442593e-01
-8.475593778416016244e-01
-8.612551236673672284e-01
-8.077980681031756705e-01
-7.112338788131971068e-01
-5.975082803853919433e-01
-4.912931476104719364e-01
-4.127966487059589462e-01
-3.747416826894268693e-01
-3.804899865352233679e-01
-4.241963134873155683e-01
-4.931390019732598273e-01
-5.715211201918060091e-01
-6.444991873727345943e-01
-7.012185660288094979e-01
-7.361860022885986510e-01
-7.490455382099592274e-01
-7.433234328111321121e-01
-7.247982150282809011e-01
-6.999625096968187243e-01
-6.748015823383997080e-01
-6.539557955167820680e-01
-6.402695059560481461e-01
-6.347056691626039582e-01
-6.365797348414146128e-01
-6.440286843877911505e-01
-6.545968601673362031e-01
-6.658094358484794029e-01
-6.756253845063879826e-01
-6.827072835670522366e-01
-6.864979795907130145e-01
-6.871368849726863237e-01
-6.852721540696664615e-01
-6.818292175942022304e-01
-6.777870620947468172e-01
-6.739982683771000849e-01
-6.710723409238910087e-01
-6.693270442823980870e-01
-6.688005604955670202e-01
-6.693089579205415696e-01
-6.705291537282337400e-01
-6.720873262295916639e-01
-6.736360416353281977e-01
-6.749090275934702676e-01
-6.757490291483548850e-01
-6.761100743474757202e-01
-6.760397434419217477e-01
-6.756492526329467285e-01
-6.750794369212870238e-01
-6.744695011345253066e-01
-6.739333015283512918e-01
-6.735455064855473406e-01
-6.733377416508825597e-01
-6.733030834293159961e-01
-6.734062000683687099e-01
-6.735960797863160820e-01
-6.738185366008143662e-01
-6.740263682612367413e-01
-6.741859406493110329e-01
-6.742798812297188249e-01
-6.743063176510872836e-01
-6.742755988669335565e-01
-6.742056559242802782e-01
-6.741171258027259805e-01
-6.740291403530572767e-01
-6.739563563373555111e-01
-6.739074529581481343e-01
-6.738850160249731935e-01
-6.738865062149300700e-01
-6.739058911673636576e-01
-6.739355036768340801e-01
-6.739677508188728350e-01
-6.739964120355261823e-01
-6.740173965845351889e-01
-6.740289548196467528e-01
-6.740314338713756515e-01
-6.740267262555236227e-01
-6.740175785984967582e-01
-6.740069129842221063e-01
-6.739972757362852063e-01
-6.739904796486930749e-01
-6.739874568018791035e-01
-6.739882986154971389e-01
-6.739924327432782469e-01
-6.739988743635366708e-01
-6.740064909707976781e-01
-6.740142315140575935e-01
-6.740212882721577925e-01
-6.740271788337625081e-01
-6.740317523466191618e-01
-6.740351364137031620e-01
-6.740376475814373602e-01
-6.740396894434060870e-01
-6.740416590392012131e-01
-6.740438760492282189e-01
-6.740465419880733444e-01
-6.740497297018649414e-01
-6.740533980870092590e-01
-6.740574236667016272e-01
-6.740616395867701227e-01
-6.740658734179481026e-01
-6.740699773095586433e-01
-6.740738468554452467e-01
-6.740774278661705310e-01
-6.740807125887489093e-01
-6.740837284679852548e-01
-6.740865231996859830e-01
-6.740891496630246893e-01
-6.740916535424378297e-01
-6.740940653287273987e-01
-6.740963971988271908e-01
-6.740986442437414405e-01
-6.741007887990121406e-01
-6.741028062994302017e-01
-6.741046711161327032e-01
-6.741063611632409636e-01
-6.741078605683202829e-01
-6.741091602598738852e-01
-6.741102568208514612e-01
-6.741111503031287366e-01
