-6.741179961719342417e-01
-6.741184823775344670e-01
-6.741187441248462919e-01
-6.741187863559127136e-01
-6.741186169563175845e-01
-6.741182459991549303e-01
-6.741176847191743260e-01
-6.741169442707009019e-01
-6.741160343631998897e-01
-6.741149619171766805e-01
-6.741137299323688437e-01
-6.741123367976799008e-01
-6.741107762831696215e-01
-6.741090384233464627e-01
-6.741071114158170285e-01
-6.741049845149458264e-01
-6.741026517028844145e-01
-6.741001156909441905e-01
-6.740973915796779625e-01
-6.740945093367368690e-01
-6.740915141960522883e-01
-6.740884641959555834e-01
-6.740854243967080439e-01
-6.740824578566880776e-01
-6.740796141620194470e-01
-6.740769171028924145e-01
-6.740743538238224142e-01
-6.740718682577763188e-01
-6.740693616880467642e-01
-6.740667027006892464e-01
-6.740637475085766717e-01
-6.740603696891506180e-01
-6.740564959896532260e-01
-6.740521423979536353e-01
-6.740474426823507281e-01
-6.740426606737031090e-01
-6.740381782644921937e-01
-6.740344538192934998e-01
-6.740319504894675129e-01
-6.740310404115573695e-01
-6.740318980444141017e-01
-6.740344025929615457e-01
-6.740380738906435187e-01
-6.740420665467176109e-01
-6.740452422291836054e-01
-6.740463290313031264e-01
-6.740441604837646983e-01
-6.740379668368895461e-01
-6.740276710562517204e-01
-6.740141259569302212e-01
-6.739992219111089478e-01
-6.739858009816774853e-01
-6.739773359281975296e-01
-6.739773713343334416e-01
-6.739887755616064124e-01
-6.740129088836294136e-01
-6.740488640983808288e-01
-6.740929681838104814e-01
-6.741387343503810747e-01
-6.741774133748192899e-01
-6.741992076591981631e-01
-6.741950860235316201e-01
-6.741589870095956449e-01
-6.740900486926562074e-01
-6.739943865600277473e-01
-6.738858936599538829e-01
-6.737855905512603050e-01
-6.737192257094928305e-01
-6.737131183737604667e-01
-6.737886169760423094e-01
-6.739559604400974235e-01
-6.742086959194079077e-01
-6.745200312893054884e-01
-6.748424942790883785e-01
-6.751119668428749998e-01
-6.752565410350450659e-01
-6.752097384069341013e-01
-6.749265546303894192e-01
-6.743997097884493197e-01
-6.736726352739808021e-01
-6.728453724562076799e-01
-6.720699382706136760e-01
-6.715329823116595875e-01
-6.714257086829140686e-01
-6.719038328738570209e-01
-6.730433305739830230e-01
-6.748002887384381143e-01
-6.769846293243000357e-01
-6.792572945850259281e-01
-6.811583359365779300e-01
-6.821691767467324974e-01
-6.818063139235567283e-01
-6.797363381090028023e-01
-6.758942306169938297e-01
-6.705798961773117295e-01
-6.645040244465788559e-01
-6.587563047022937379e-01
-6.546788890727704979e-01
-6.536459666735510154e-01
-6.567733950580303404e-01
-6.646046385651319666e-01
-6.768340522245323010e-01
-6.921314557976665505e-01
-7.081233746929392892e-01
-7.215710361040148513e-01
-7.287681509038896888e-01
-7.261615419119247239e-01
-7.111637541244761884e-01
-6.830631707459042801e-01
-6.438412053245951006e-01
-5.986107767207002883e-01
-5.553679710207950482e-01
-5.238728330993146498e-01
-5.137488241384712273e-01
-5.322057577367751424e-01
-5.819772189518537253e-01
-6.599980114986877533e-01
-7.570386701915431393e-01
-8.581185391739648560e-01
-9.433132463050158956e-01
-9.888518946738874549e-01
-9.692193058541893613e-01
-8.617987483877846966e-01
-6.551524585664558753e-01
-3.591424053386169102e-01
-1.079645182198908822e-02
3.309825396527497077e-01
6.018758054698123416e-01
7.505971791135933602e-01
7.499321114880732608e-01
5.999995860513358537e-01
3.282433847227512747e-01
-1.387666360601413039e-02
-3.620029559520156481e-01
-6.573616286512817819e-01
-8.631552486282162429e-01
-9.697423040619036483e-01
-9.887005550801973852e-01
-9.427017054415306463e-01
-8.572609688921467574e-01
-7.561235481883372689e-01
-6.591770348700931592e-01
-5.813580063387800978e-01
-5.318459788259187748e-01
-5.136546585266484888e-01
-5.240049377977721301e-01
-5.556552771659123424e-01
-5.989690766007899070e-01
-6.441915837388326738e-01
-6.833456958866043207e-01
-7.113440367100410944e-01
-7.262304527763527862e-01
-7.287368180136474249e-01
-7.214637076070367083e-01
-7.079701972675916943e-01
-6.919623645973991266e-01
-6.766742847308666597e-01
-6.644719962053564632e-01
-6.566771845614450820e-01
-6.535874233007527012e-01
-6.546527525783308876e-01
-6.587531014288316999e-01
-6.645125540151738397e-01
-6.705894621345221962e-01
-6.758962845151113008e-01
-6.797253842613187880e-01
-6.817800941749226906e-01
-6.821282801722108324e-01
-6.811054412529494728e-01
-6.791962594504842299e-01
-6.769196085959180431e-01
-6.747350122646706971e-01
-6.729806146622608898e-01
-6.718453471620812190e-01
-6.713719769494053136e-01
-6.714835648969105231e-01
-6.720237269242439471e-01
-6.728009255640299280e-01
-6.736284906011781315e-01
-6.743546293920230639e-01
-6.748796778210609526e-01
-6.751606391198206047e-01
-6.752052023321269969e-01
-6.750586957026417645e-01
-6.747878040317286663e-01
-6.744645178784252071e-01
-6.741529291203923746e-01
-6.739004039633553766e-01
-6.737335836468134609e-01
-6.736587596193172045e-01
-6.736655492990165639e-01
-6.737324973781083637e-01
-6.738332233645722980e-01
-6.739419626534869368e-01
-6.740377160144231938e-01
-6.741066371998624129e-01
-6.741426695993049112e-01
-6.741467337678245242e-01
-6.741249400502506983e-01
-6.740863529972683788e-01
-6.740407861088312247e-01
-6.739969883632521697e-01
-6.739614338015930128e-01
-6.739377750439828896e-01
-6.739268962326463441e-01
-6.739274156703344287e-01
-6.739364482577002713e-01
-6.739504389465880152e-01
-6.739659109823686878e-01
-6.739800238644112484e-01
-6.739908927215658707e-01
-6.739976722809919440e-01
-6.740004473607027480e-01
-6.739999943082622957e-01
-6.739974841017136731e-01
-6.739941907170952096e-01
-6.739912522501154690e-01
-6.739895120338202927e-01
-6.739894470287693951e-01
-6.739911743819910761e-01
-6.739945161585779720e-01
-6.739990973588929624e-01
-6.740044528162671966e-01
-6.740101230365236340e-01
-6.740157257644743272e-01
-6.740209973549787792e-01
-6.740258045161393596e-01
-6.740301317828194527e-01
-6.740340527837394013e-01
-6.740376940489182234e-01
-6.740411991573068695e-01
-6.740446990163259100e-01
-6.740482916009417069e-01
-6.740520320883990335e-01
-6.740559323870564112e-01
-6.740599677804806067e-01
-6.740640878329735575e-01
-6.740682287429355934e-01
-6.740723248184600225e-01
-6.740763174872326235e-01
-6.740801610531188537e-01
-6.740838251275088622e-01
-6.740872942011296720e-01
-6.740905651430195711e-01
-6.740936435253278569e-01
-6.740965396151681333e-01
-6.740992647040358055e-01
-6.741018282198163458e-01
-6.741042358367709264e-01
-6.741064886017388291e-01
-6.741085829508618454e-01
-6.741105114065315540e-01
-6.741122637137717533e-01
-6.741138281865840520e-01
-6.741151930726090313e-01
-6.741163477938602044e-01
-6.741172839701371489e-01
