-6.741065391334968293e-01
-6.741070236829911355e-01
-6.741073131922251660e-01
-6.741074129865963771e-01
-6.741073319473690484e-01
-6.741070821378942757e-01
-6.741066780272245706e-01
-6.741061351760792020e-01
-6.741054683532802239e-01
-6.741046892122605216e-01
-6.741038038463559312e-01
-6.741028107141608938e-01
-6.741016995317806737e-01
-6.741004517203028623e-01
-6.740990428418300873e-01
-6.740974471486046449e-01
-6.740956439328168459e-01
-6.740936248612692250e-01
-6.740914010031051617e-01
-6.740890079248592626e-01
-6.740865071514526852e-01
-6.740839825677881203e-01
-6.740815310071344157e-01
-6.740792473101571147e-01
-6.740772054249470902e-01
-6.740754384481423278e-01
-6.740739216049093097e-01
-6.740725627247571294e-01
-6.740712045103017802e-01
-6.740696416300550053e-01
-6.740676533683385152e-01
-6.740650494242814705e-01
-6.740617228937881844e-01
-6.740577011360714410e-01
-6.740531829051157331e-01
-6.740485496180259606e-01
-6.740443405871511251e-01
-6.740411867756563868e-01
-6.740397049570312493e-01
-6.740403632639819786e-01
-6.740433385727050419e-01
-6.740483940522637996e-01
-6.740548093448648359e-01
-6.740613942178335094e-01
-6.740666077662174072e-01
-6.740687890945633587e-01
-6.740664831308560423e-01
-6.740588197864262332e-01
-6.740458806067552988e-01
-6.740289699644819166e-01
-6.740107035191211793e-01
-6.739948398913206962e-01
-6.739858147058352955e-01
-6.739879881872580247e-01
-6.740046827579480038e-01
-6.740371554509226870e-01
-6.740837075618173468e-01
-6.741391651550381336e-01
-6.741949541646311550e-01
-6.742399327133852260e-01
-6.742620286974660981e-01
-6.742505712231615655e-01
-6.741990209151091928e-01
-6.741076287146403612e-01
-6.739854259715617468e-01
-6.738509127936371801e-01
-6.737309024580893091e-01
-6.736572161440040896e-01
-6.736612968745181451e-01
-6.737672839810835423e-01
-6.739845854641279832e-01
-6.743014042709530864e-01
-6.746809026849969193e-01
-6.750616227875189113e-01
-6.753633493282017453e-01
-6.754987886548282638e-01
-6.753903006362423911e-01
-6.749895993934380556e-01
-6.742970551630186327e-01
-6.733762734240733572e-01
-6.723593195183744653e-01
-6.714385857059774754e-01
-6.708430291276097357e-01
-6.707992915424452196e-01
-6.714817089862437083e-01
-6.729588180758118154e-01
-6.751468759966247069e-01
-6.777823439867227684e-01
-6.804246353992473573e-01
-6.824973941634486785e-01
-6.833711467087923985e-01
-6.824826128081004084e-01
-6.794768030399241932e-01
-6.743483174500919386e-01
-6.675499220652387766e-01
-6.600325199024139611e-01
-6.531846023578491423e-01
-6.486537339397548951e-01
-6.480570804958740716e-01
-6.526175117538821624e-01
-6.627879293947801509e-01
-6.779406590698514590e-01
-6.961969051726757396e-01
-7.144563817278863915e-01
-7.286674576533810344e-01
-7.343597935520086439e-01
-7.274398274118800689e-01
-7.052051676006690917e-01
-6.674439931267525106e-01
-6.173527331755280789e-01
-5.618891160475342206e-01
-5.111879571247963661e-01
-4.768904588785403686e-01
-4.696352777462369232e-01
-4.963424291860656368e-01
-5.580638596386082728e-01
-6.489704894079260100e-01
-7.565714008044752692e-01
-8.627588841755375881e-01
-9.451045525379875301e-01
-9.783136972514578922e-01
-9.367898482416888717e-01
-8.000183004191929736e-01
-5.614568031671175463e-01
-2.379752959454532746e-01
1.271312210435481538e-01
4.732158859923351057e-01
7.401957589828794815e-01
8.841383798022810492e-01
8.832909758175583326e-01
7.377767571103082123e-01
4.696053269695352750e-01
1.229463572257908227e-01
-2.420083816598432580e-01
-5.647176033621136293e-01
-8.021616578055662528e-01
-9.377749013272596024e-01
-9.783167891681081585e-01
-9.444039713785760126e-01
-8.616518538546906747e-01
-7.553316793172498711e-01
-6.478282802782199257e-01
-5.571912916067977006e-01
-4.958403316310382447e-01
-4.695261638366718393e-01
-4.771238466848923832e-01
-5.116596403314682684e-01
-5.624700708244575464e-01
-6.179194713148047358e-01
-6.679020788103237072e-01
-7.055010235769957339e-01
-7.275607373327801497e-01
-7.343255857603568915e-01
-7.285184594851832340e-01
-7.142413470788300245e-01
-6.959630349902974356e-01
-6.777265420458837841e-01
-6.626195125988453283e-01
-6.525068850872743909e-01
-6.480036593940218248e-01
-6.486472239830978204e-01
-6.532089526795478163e-01
-6.600700076538080774e-01
-6.675846146822442817e-01
-6.743684147046282717e-01
-6.794756855848625987e-01
-6.824587195987318333e-01
-6.833269999223806623e-01
-6.824381656486550041e-01
-6.803566234878696273e-01
-6.777116431947752817e-01
-6.750784128698691378e-01
-6.728958208268609464e-01
-6.714255913428626155e-01
-6.707498690824925669e-01
-6.707989515062265928e-01
-6.713978596970201496e-01
-6.723198118225938158e-01
-6.733361120584451243e-01
-6.742548855053370760e-01
-6.749446872293386468e-01
-6.753425033188464877e-01
-6.754484331886836390e-01
-6.753110623650830924e-01
-6.750081540929993018e-01
-6.746269738246511993e-01
-6.742476015606023720e-01
-6.739313036374914301e-01
-6.737147166875349091e-01
-6.736094631916076381e-01
-6.736060090480586737e-01
-6.736801452222579423e-01
-6.738004117100681034e-01
-6.739350115662308127e-01
-6.740571817215820216e-01
-6.741484828930949247e-01
-6.741999423270561564e-01
-6.742113565702561040e-01
-6.741892968208815784e-01
-6.741444494078309146e-01
-6.740888875981908557e-01
-6.740337439336420156e-01
-6.739875769729192223e-01
-6.739555429943742126e-01
-6.739393240675560781e-01
-6.739376496348955525e-01
-6.739471878763824142e-01
-6.739635734203777151e-01
-6.739823692347224338e-01
-6.739998181540607369e-01
-6.740133078263912392e-01
-6.740215380678894475e-01
-6.740244315815804299e-01
-6.740228621467660997e-01
-6.740182875684420649e-01
-6.740123703222793417e-01
-6.740066517216881659e-01
-6.740023213567306604e-01
-6.740000981119488310e-01
-6.740002167935877919e-01
-6.740024982472138104e-01
-6.740064720879985760e-01
-6.740115195468643350e-01
-6.740170080805170105e-01
-6.740223972881767001e-01
-6.740273051503550272e-01
-6.740315327212416108e-01
-6.740350527357646948e-01
-6.740379723300692349e-01
-6.740404820295063937e-01
-6.740428026460422162e-01
-6.740451393988136086e-01
-6.740476492306151091e-01
-6.740504237263965637e-01
-6.740534868915931677e-01
-6.740568047455512968e-01
-6.740603024177427294e-01
-6.740638841758763711e-01
-6.740674523777542282e-01
-6.740709224410850187e-01
-6.740742322601520620e-01
-6.740773457889366327e-01
-6.740802515508199644e-01
-6.740829575077798008e-01
-6.740854839977248325e-01
-6.740878563714712834e-01
-6.740900986246999294e-01
-6.740922288418550457e-01
-6.740942567634313765e-01
-6.740961833496219580e-01
-6.740980019037156046e-01
-6.740997001635706809e-01
-6.741012627614793029e-01
-6.741026735591042485e-01
-6.741039175376798420e-01
-6.741049821136431142e-01
-6.741058579120186023e-01
