-6.741191646805226867e-01
-6.741196495463230853e-01
-6.741199046106294279e-01
-6.741199355241566105e-01
-6.741197511995339342e-01
-6.741193628492967438e-01
-6.741187827159682566e-01
-6.741180225892269284e-01
-6.741170922514362340e-01
-6.741159980407807062e-01
-6.741147417603796654e-01
-6.741133201788260809e-01
-6.741117253491097916e-01
-6.741099459078536693e-01
-6.741079693999550981e-01
-6.741057855085438311e-01
-6.741033898710659944e-01
-6.741007879556496496e-01
-6.740979982950159322e-01
-6.740950542729775563e-01
-6.740920036772827251e-01
-6.740889054110646983e-01
-6.740858231141108048e-01
-6.740828159758759375e-01
-6.740799276772111437e-01
-6.740771750862134537e-01
-6.740745389240545560e-01
-6.740719589503251230e-01
-6.740693361325954536e-01
-6.740665436314973169e-01
-6.740634471929176641e-01
-6.740599337472252817e-01
-6.740559448672831522e-01
-6.740515095763681686e-01
-6.740467692928687748e-01
-6.740419869830726052e-01
-6.740375333644136324e-01
-6.740338455977762377e-01
-6.740313583756221139e-01
-6.740304132961416617e-01
-6.740311590945823328e-01
-6.740334614309285710e-01
-6.740368449619946745e-01
-6.740404907646153632e-01
-6.740433075332504798e-01
-6.740440847482467301e-01
-6.740417206507733905e-01
-6.740354991127106565e-01
-6.740253704243048816e-01
-6.740121757731212249e-01
-6.739977483680881232e-01
-6.739848299838094858e-01
-6.739767628983155401e-01
-6.739769539469631088e-01
-6.739881564799777847e-01
-6.740116703952488963e-01
-6.740466097559381087e-01
-6.740894193247857213e-01
-6.741338231996232278e-01
-6.741713509316272779e-01
-6.741925051002020108e-01
-6.741885137020703356e-01
-6.741534652196941035e-01
-6.740864780724091787e-01
-6.739934411897094968e-01
-6.738878136160503241e-01
-6.737900195993260510e-01
-6.737251409082004594e-01
-6.737188895509836906e-01
-6.737922149138572125e-01
-6.739553048857253037e-01
-6.742021021690350890e-01
-6.745066828743766507e-01
-6.748228460390136574e-01
-6.750879740412570884e-01
-6.752316213184279547e-01
-6.751884067239833920e-01
-6.749137253937570469e-01
-6.743997298539236018e-01
-6.736881854600359487e-01
-6.728764400598775675e-01
-6.721131017312851341e-01
-6.715812459074604890e-01
-6.714690689628866060e-01
-6.719306479968413237e-01
-6.730424100187385461e-01
-6.747634476521330305e-01
-6.769092912739786971e-01
-6.791486126735354345e-01
-6.810302644805504846e-01
-6.820439852712469886e-01
-6.817122055067104114e-01
-6.797031209327139001e-01
-6.759473875726917935e-01
-6.707338667862799975e-01
-6.647559727847883737e-01
-6.590819592486748535e-01
-6.550320423271968062e-01
-6.539627931426897911e-01
-6.569818893636673041e-01
-6.646383615544781964e-01
-6.766482944335421301e-01
-6.917191663316111239e-01
-7.075278781355480717e-01
-7.208925608031624410e-01
-7.281612982931612299e-01
-7.258210112951375415e-01
-7.112963934433105262e-01
-6.838467562062515714e-01
-6.453750698692499732e-01
-6.008698099312979046e-01
-5.581765086453210900e-01
-5.269141445546066116e-01
-5.166168919224883860e-01
-5.344914043965868222e-01
-5.833672620499045225e-01
-6.603610425946906393e-01
-7.564773438914260684e-01
-8.569829813853918621e-01
-9.421838249276427435e-01
-9.884991558465432426e-01
-9.705285711102928925e-01
-8.656231695578063823e-01
-6.620740268611351453e-01
-3.692112819619248754e-01
-2.343442837043680643e-02
3.167540367534078527e-01
5.869760087309409125e-01
7.355415017396946809e-01
7.348730697467946715e-01
5.850921797731980512e-01
3.140087952539719063e-01
-2.651404889005054902e-02
-3.720631996203769276e-01
-6.642689198402450534e-01
-8.669636104449457426e-01
-9.710368355358639514e-01
-9.883360062557151604e-01
-9.415638382525168826e-01
-8.561201859240378242e-01
-7.555598189601516745e-01
-6.595399200457979783e-01
-5.827494473663621388e-01
-5.341337749239269961e-01
-5.165248853001294105e-01
-5.270478623145523622e-01
-5.584645937827399376e-01
-6.012280283633042455e-01
-6.457246630376002328e-01
-6.841280263037614606e-01
-7.114751786924036203e-01
-7.258883646598008887e-01
-7.281284830521961293e-01
-7.207839269131119941e-01
-7.073736497222463671e-01
-6.915493302800309605e-01
-6.764881065808167060e-01
-6.645056022193638334e-01
-6.568858059627258328e-01
-6.539045333185441455e-01
-6.550062458462608816e-01
-6.590790576160142633e-01
-6.647646908130925292e-01
-6.707434627381478887e-01
-6.759493003988505944e-01
-6.796918723282284747e-01
-6.816855774850157923e-01
-6.820026199529144462e-01
-6.809768957966318981e-01
-6.790871459857158454e-01
-6.768439144923703576e-01
-6.746979053907363744e-01
-6.729795151781210460e-01
-6.718720520196231893e-01
-6.714152682320504439e-01
-6.715317705957862815e-01
-6.720668165742285094e-01
-6.728318839665178297e-01
-6.736438865248771668e-01
-6.743544503523538625e-01
-6.748666129979814521e-01
-6.751390489360974412e-01
-6.751800165907211326e-01
-6.750344434381725378e-01
-6.747679133308648325e-01
-6.744509495401861399e-01
-6.741461384850980787e-01
-6.738995708575256094e-01
-6.737370169225997962e-01
-6.736643715599534010e-01
-6.736713038070103465e-01
-6.737367591935962130e-01
-6.738349669029515265e-01
-6.739408315545684092e-01
-6.740339523297111946e-01
-6.741009183456802001e-01
-6.741359000466492502e-01
-6.741398373385431020e-01
-6.741186897221799201e-01
-6.740812613509611362e-01
-6.740370643005337836e-01
-6.739945677446779193e-01
-6.739600341815018547e-01
-6.739369982222018773e-01
-6.739263229144638601e-01
-6.739266873958053017e-01
-6.739353221826515083e-01
-6.739488105798738804e-01
-6.739638068005909810e-01
-6.739775709262685321e-01
-6.739882753276984495e-01
-6.739950862467587456e-01
-6.739980609294640157e-01
-6.739979217929673583e-01
-6.739957748061925491e-01
-6.739928323261998866e-01
-6.739901852899825574e-01
-6.739886505374295123e-01
-6.739887002713331743e-01
-6.739904653096371323e-01
-6.739937935902325927e-01
-6.739983407893637146e-01
-6.740036702990934714e-01
-6.740093438775266454e-01
-6.740149904412243709e-01
-6.740203471644438116e-01
-6.740252730348137433e-01
-6.740297394748955284e-01
-6.740338052209297048e-01
-6.740375834045962966e-01
-6.740412080527737881e-01
-6.740448055041972086e-01
-6.740484740741539138e-01
-6.740522731476853435e-01
-6.740562210915318486e-01
-6.740603001394539495e-01
-6.740644657775444193e-01
-6.740686580767462077e-01
-6.740728127580162266e-01
-6.740768703691298880e-01
-6.740807826421683080e-01
-6.740845157559218759e-01
-6.740880507572930558e-01
-6.740913817532744323e-01
-6.740945126618902439e-01
-6.740974533276753444e-01
-6.741002157038314957e-01
-6.741028106255468888e-01
-6.741052454919594927e-01
-6.741075229751295472e-01
-6.741096407094554488e-01
-6.741115917984886741e-01
-6.741133659114695309e-01
-6.741149507237824690e-01
-6.741163334729105561e-01
-6.741175024407977112e-01
-6.741184482216453500e-01
