-6.741319045188148840e-01
-6.741323849344004193e-01
-6.741325978343972736e-01
-6.741325487732622301e-01
-6.741322467032362376e-01
-6.741317032423647104e-01
-6.741309315870275265e-01
-6.741299450721853770e-01
-6.741287554591451903e-01
-6.741273711325865836e-01
-6.741257954938894015e-01
-6.741240259171189519e-01
-6.741220536560176280e-01
-6.741198650287040239e-01
-6.741174440473344243e-01
-6.741147764074586490e-01
-6.741118544337453278e-01
-6.741086822458723926e-01
-6.741052801300162489e-01
-6.741016869556882840e-01
-6.740979595372039723e-01
-6.740941681535242980e-01
-6.740903880189341724e-01
-6.740866872951910560e-01
-6.740831131481191951e-01
-6.740796782169875545e-01
-6.740763504844839993e-01
-6.740730497031867108e-01
-6.740696530809658915e-01
-6.740660117644516891e-01
-6.740619778231993209e-01
-6.740574391180186309e-01
-6.740523569847790553e-01
-6.740467995615405661e-01
-6.740409623827688934e-01
-6.740351680830080072e-01
-6.740298390701805475e-01
-6.740254409514111478e-01
-6.740224000534524862e-01
-6.740210048782412366e-01
-6.740213076669782089e-01
-6.740230470157887455e-01
-6.740256142139471329e-01
-6.740280833946566963e-01
-6.740293179751228880e-01
-6.740281533511196521e-01
-6.740236396148395759e-01
-6.740153105332234995e-01
-6.740034294776898749e-01
-6.739891533088986364e-01
-6.739745551659362954e-01
-6.739624595406882301e-01
-6.739560689975226948e-01
-6.739583999463172326e-01
-6.739715905289715980e-01
-6.739961895361948896e-01
-6.740305716789772861e-01
-6.740706409527272847e-01
-6.741099707802291618e-01
-6.741404810414654003e-01
-6.741536676726492816e-01
-6.741422874851676905e-01
-6.741022747908708146e-01
-6.740345504359538387e-01
-6.739463059010014634e-01
-6.738513334001747790e-01
-6.737690496607949830e-01
-6.737220358761623062e-01
-6.737321802346541988e-01
-6.738158315624420691e-01
-6.739787009152405917e-01
-6.742115148285154902e-01
-6.744875566016170776e-01
-6.747631660137305420e-01
-6.749819616459503679e-01
-6.750829978205024062e-01
-6.750123101519119873e-01
-6.747364311757300115e-01
-6.742556127707245439e-01
-6.736138596321377126e-01
-6.729026632318715340e-01
-6.722557167051197435e-01
-6.718330048570521074e-01
-6.717944850076882357e-01
-6.722659097013345963e-01
-6.733018099173854187e-01
-6.748527361393108492e-01
-6.767449843153385824e-01
-6.786807399623556725e-01
-6.802645734512348108e-01
-6.810584774531053265e-01
-6.806623796012266636e-01
-6.788107955956618200e-01
-6.754698680161809188e-01
-6.709137797633539790e-01
-6.657572156512127082e-01
-6.609230963890595500e-01
-6.575335448779822123e-01
-6.567266748462551318e-01
-6.594197404362737158e-01
-6.660559310626822382e-01
-6.763827802341441098e-01
-6.893118501355368632e-01
-7.029026235832455116e-01
-7.145019407288402125e-01
-7.210573668237565403e-01
-7.196076703306996114e-01
-7.079283162579179667e-01
-6.852633387301713119e-01
-6.530043060910082353e-01
-6.151031000638759183e-01
-5.779767846932498676e-01
-5.497346311675056496e-01
-5.387434998279079235e-01
-5.517866867393966812e-01
-5.922447485122516175e-01
-6.587307568796796353e-01
-7.444272717737178136e-01
-8.370914627688040843e-01
-9.195146256684568753e-01
-9.703781156472398584e-01
-9.660370483940133868e-01
-8.844590053952346986e-01
-7.124061366769091075e-01
-4.548515013027170650e-01
-1.418859973902423521e-01
1.734756530601453128e-01
4.287984124542765785e-01
5.709215806483763922e-01
5.701775118804069953e-01
4.267198565514719322e-01
1.704948594152160268e-01
-1.451604091150994202e-01
-4.578102665633066448e-01
-7.146155499963249280e-01
-8.857439759447304217e-01
-9.664493529804842886e-01
-9.701049536245140992e-01
-9.187916822877831846e-01
-8.361484714860054623e-01
-7.434618332850974065e-01
-6.578962652010736933e-01
-5.916431667774736392e-01
-5.514646105599256831e-01
-5.386939455458389370e-01
-5.499065244835132926e-01
-5.782912762308712873e-01
-6.154730262857684986e-01
-6.533519519220003513e-01
-6.855325775498439800e-01
-7.080895157024196251e-01
-7.196561645040373545e-01
-7.210077488681693181e-01
-7.143806554228461225e-01
-7.027407509942243946e-01
-6.891391668789219604e-01
-6.762235514639202139e-01
-6.659265125427432652e-01
-6.593278696156028573e-01
-6.566721944389575238e-01
-6.575101829281825294e-01
-6.609208360523214365e-01
-6.657647628426135444e-01
-6.709206990540038662e-01
-6.754680947377827982e-01
-6.787954053001783450e-01
-6.806316574344702941e-01
-6.810134445803096570e-01
-6.802081822887279250e-01
-6.786169510251086612e-01
-6.766779018016140235e-01
-6.747859250930772212e-01
-6.732378592972009246e-01
-6.722062524541623230e-01
-6.717394440098910513e-01
-6.717820054584946465e-01
-6.722075936399621865e-01
-6.728559908438991322e-01
-6.735672467664178820e-01
-6.742079229767934390e-01
-6.746869102796737572e-01
-6.749606226058897374e-01
-6.750291876854697115e-01
-6.749263623668805279e-01
-6.747062854887166949e-01
-6.744299615834148387e-01
-6.741537330558430297e-01
-6.739211522314506597e-01
-6.737587921003123093e-01
-6.736757776227104699e-01
-6.736662690328756309e-01
-6.737138243600123699e-01
-6.737965043300314649e-01
-6.738917170427880521e-01
-6.739800677362727255e-01
-6.740478077151311753e-01
-6.740877985989781607e-01
-6.740991715019634123e-01
-6.740860348788716427e-01
-6.740556607659077271e-01
-6.740165667350351830e-01
-6.739768324158703638e-01
-6.739428731436321041e-01
-6.739187671249295963e-01
-6.739061195546900418e-01
-6.739043628874729075e-01
-6.739113441468939092e-01
-6.739240373711574694e-01
-6.739392359364629881e-01
-6.739541160741545633e-01
-6.739666088456160997e-01
-6.739755635104327514e-01
-6.739807232321479713e-01
-6.739825599672184531e-01
-6.739820277182798636e-01
-6.739802931840018774e-01
-6.739784930718734079e-01
-6.739775517399579918e-01
-6.739780752756765470e-01
-6.739803219223371444e-01
-6.739842362716097490e-01
-6.739895270582287878e-01
-6.739957658481349201e-01
-6.740024856729971425e-01
-6.740092634604273325e-01
-6.740157764591044876e-01
-6.740218293633080116e-01
-6.740273543983994475e-01
-6.740323905427786366e-01
-6.740370500672152598e-01
-6.740414807777318495e-01
-6.740458311322564677e-01
-6.740502232889131751e-01
-6.740547366865250467e-01
-6.740594024373217641e-01
-6.740642069770089728e-01
-6.740691022578760849e-01
-6.740740193220021714e-01
-6.740788822645779055e-01
-6.740836202209649075e-01
-6.740881758793367817e-01
-6.740925099345252969e-01
-6.740966016969763830e-01
-6.741004466485090996e-01
-6.741040520494139265e-01
-6.741074317591539966e-01
-6.741106012854877205e-01
-6.741135737971281072e-01
-6.741163575012959486e-01
-6.741189544691359448e-01
-6.741213607395274421e-01
-6.741235673728295241e-01
-6.741255620650145053e-01
-6.741273309552758830e-01
-6.741288603400210633e-01
-6.741301381118320890e-01
-6.741311548441146773e-01
