-6.740909255309706083e-01
-6.740914006471409037e-01
-6.740917245804046720e-01
-6.740919060280905484e-01
-6.740919592460236087e-01
-6.740919032565336755e-01
-6.740917603736268360e-01
-6.740915538635380289e-01
-6.740913047270939984e-01
-6.740910278481383466e-01
-6.740907280506548416e-01
-6.740903968755203035e-01
-6.740900110449409288e-01
-6.740895335527937737e-01
-6.740889180499247679e-01
-6.740881166735257501e-01
-6.740870907419603819e-01
-6.740858229037278715e-01
-6.740843285487031489e-01
-6.740826637536779797e-01
-6.740809269381680124e-01
-6.740792519074233491e-01
-6.740777911300654957e-01
-6.740766898844993138e-01
-6.740760541061681099e-01
-6.740759170190637750e-01
-6.740762114613150224e-01
-6.740767556853904940e-01
-6.740772598455460063e-01
-6.740773580636369999e-01
-6.740766668622713009e-01
-6.740748652260196705e-01
-6.740717853715745278e-01
-6.740674976299479981e-01
-6.740623690636785570e-01
-6.740570749660115268e-01
-6.740525463297873943e-01
-6.740498452166433507e-01
-6.740499732622456941e-01
-6.740536347693483199e-01
-6.740609923059655006e-01
-6.740714659138040687e-01
-6.740836330588186875e-01
-6.740952818223764353e-01
-6.741036523046125550e-01
-6.741058706947355983e-01
-6.740995396673129525e-01
-6.740834034720042389e-01
-6.740579648298725690e-01
-6.740259037957281318e-01
-6.739921463724123374e-01
-6.739634609116098574e-01
-6.739475265467382847e-01
-6.739515165249964079e-01
-6.739803585643854289e-01
-6.740349543641682706e-01
-6.741107350745157989e-01
-6.741969705208452623e-01
-6.742772121295236287e-01
-6.743311172492485461e-01
-6.743376760786310431e-01
-6.742795622419950341e-01
-6.741479969310595344e-01
-6.739472171429430336e-01
-6.736974464030838217e-01
-6.734352573764849081e-01
-6.732104492861611389e-01
-6.730790626088097861e-01
-6.730928894692765896e-01
-6.732867177573983453e-01
-6.736654172409000108e-01
-6.741936422210006441e-01
-6.747911843001910270e-01
-6.753366899664536849e-01
-6.756814641201001059e-01
-6.756734234609573786e-01
-6.751890860367941727e-01
-6.741690750882129990e-01
-6.726504147795947519e-01
-6.707874642922583286e-01
-6.688532853816573365e-01
-6.672150794818759723e-01
-6.662812715021420029e-01
-6.664235565862486332e-01
-6.678838578422691130e-01
-6.706822763397722875e-01
-6.745462143435860813e-01
-6.788816786065594577e-01
-6.828046879253483192e-01
-6.852436817185763029e-01
-6.851131120922741014e-01
-6.815442749751701168e-01
-6.741424367211729107e-01
-6.632213080516912163e-01
-6.499515049418167489e-01
-6.363564669466081902e-01
-6.251056690260294868e-01
-6.190944863172485046e-01
-6.208562776594437338e-01
-6.319077769410663681e-01
-6.521622373624663682e-01
-6.795422632220747827e-01
-7.098898787050257342e-01
-7.372272594388125100e-01
-7.543950113106518973e-01
-7.540940559490612038e-01
-7.303473354440632725e-01
-6.803033718169810840e-01
-6.060651734738902174e-01
-5.159025709510917101e-01
-4.240301112674376149e-01
-3.484019723486985742e-01
-3.067408385614052713e-01
-3.118981163216573704e-01
-3.680800912469763819e-01
-4.692034622490902085e-01
-5.998080500249696190e-01
-7.378951694934454686e-01
-8.582712192492493175e-01
-9.350916425100117557e-01
-9.435840518017140077e-01
-8.626165738757701762e-01
-6.801825247645830741e-01
-4.015289692378386510e-01
-5.525870956989752114e-02
3.094034110927935677e-01
6.359854649595787501e-01
8.771972688435043519e-01
1.003766054884015935e+00
1.003244369310794637e+00
8.756778451706106470e-01
6.336294809759738245e-01
3.065231462628387749e-01
-5.822553792111158366e-02
-4.041313625165785517e-01
-6.820915701218626115e-01
-8.636945899620717126e-01
-9.438631829637029735e-01
-9.347077019725171798e-01
-8.574067866213065381e-01
-7.367513324632074534e-01
-5.985929014471343956e-01
-4.681180103106153956e-01
-3.672932261716508884e-01
-3.115169631277397433e-01
-3.067898627381832055e-01
-3.488214084453553077e-01
-4.246960319067405454e-01
-5.166621570883580539e-01
-6.067749789023134666e-01
-6.808582050603698699e-01
-7.306929673042451556e-01
-7.542246289756573407e-01
-7.543410450669826295e-01
-7.370407148980003820e-01
-7.096304880520096781e-01
-6.792667914504092463e-01
-6.519168992851704925e-01
-6.317236601501882154e-01
-6.207476733276108272e-01
-6.190599769145895825e-01
-6.251315221778250830e-01
-6.364214911236676375e-01
-6.500322726412115504e-01
-6.632966933545952903e-01
-6.741967343058747897e-01
-6.815686268033859241e-01
-6.851053920109126949e-01
-6.852072589726015961e-01
-6.827465819028345484e-01
-6.788105727065089079e-01
-6.744706828881326111e-01
-6.706094473320202143e-01
-6.678186134515734507e-01
-6.663682718996331023e-01
-6.662360131656650530e-01
-6.671781323293116683e-01
-6.688218503032852258e-01
-6.707583750441875603e-01
-6.726207507069006386e-01
-6.741365915508328310e-01
-6.751524332347355051e-01
-6.756321671194968070e-01
-6.756359515351098022e-01
-6.752878200027028210e-01
-6.747401414289048160e-01
-6.741416460119947773e-01
-6.736135240028100490e-01
-6.732356940928857503e-01
-6.730431614879016644e-01
-6.730307316190738964e-01
-6.731633562353760425e-01
-6.733890744907136128e-01
-6.736517749779293851e-01
-6.739016742320000919e-01
-6.741022794263354934e-01
-6.742334831554700481e-01
-6.742911735440713095e-01
-6.742842410675488063e-01
-6.742300952026299976e-01
-6.741497932672709803e-01
-6.740636901894827560e-01
-6.739882175422521327e-01
-6.739340685566632683e-01
-6.739057656293360177e-01
-6.739023606976726199e-01
-6.739188871763480693e-01
-6.739481449605089214e-01
-6.739824416152374598e-01
-6.740150080440483471e-01
-6.740409272481666658e-01
-6.740575341728746173e-01
-6.740643432165813742e-01
-6.740626260237851941e-01
-6.740547921977243506e-01
-6.740437229456559542e-01
-6.740321804951240336e-01
-6.740223747018800893e-01
-6.740157228860749195e-01
-6.740127981149569569e-01
-6.740134306687085575e-01
-6.740169099736258440e-01
-6.740222297465200407e-01
-6.740283252133829617e-01
-6.740342645302792590e-01
-6.740393730525411353e-01
-6.740432853394835444e-01
-6.740459330865078424e-01
-6.740474859990895906e-01
-6.740482665315062905e-01
-6.740486589005835194e-01
-6.740490289706736471e-01
-6.740496659019418191e-01
-6.740507502581098986e-01
-6.740523477359605664e-01
-6.740544235804254436e-01
-6.740568704377288833e-01
-6.740595418448245280e-01
-6.740622844381859435e-01
-6.740649638036334546e-01
-6.740674811488766016e-01
-6.740697801828833269e-01
-6.740718453734372284e-01
-6.740736939220351998e-01
-6.740753642915309207e-01
-6.740769040203272722e-01
-6.740783590155611238e-01
-6.740797657330223069e-01
-6.740811468162767328e-01
-6.740825100387208835e-01
-6.740838498728100037e-01
-6.740851507429338474e-01
-6.740863909905223661e-01
-6.740875467390200493e-01
-6.740885951162771672e-01
-6.740895165913904918e-01
-6.740902964413323373e-01
