-6.740962461887965995e-01
-6.740967270354957241e-01
-6.740970431168558097e-01
-6.740972013234443061e-01
-6.740972130310585175e-01
-6.740970935080443649e-01
-6.740968607908472965e-01
-6.740965338810517293e-01
-6.740961302475213524e-01
-6.740956628179766152e-01
-6.740951368777247099e-01
-6.740945475047108726e-01
-6.740938782966848786e-01
-6.740931021288935066e-01
-6.740921844778506866e-01
-6.740910894481920712e-01
-6.740897880771031803e-01
-6.740882678424359176e-01
-6.740865416869277205e-01
-6.740846544406047247e-01
-6.740826844289989905e-01
-6.740807384204680064e-01
-6.740789389519060704e-01
-6.740774044426673939e-01
-6.740762242085607259e-01
-6.740754322493601736e-01
-6.740749851368490475e-01
-6.740747500641922629e-01
-6.740745087517286960e-01
-6.740739811841087725e-01
-6.740728700421037001e-01
-6.740709224446937986e-01
-6.740680008138900670e-01
-6.740641501945715541e-01
-6.740596462795884758e-01
-6.740550078038941573e-01
-6.740509597675365949e-01
-6.740483405450506948e-01
-6.740479560553113147e-01
-6.740503966647597434e-01
-6.740558453765083113e-01
-6.740639164256787552e-01
-6.740735686518681824e-01
-6.740831351944903682e-01
-6.740904983202451461e-01
-6.740934153098885329e-01
-6.740899702071417865e-01
-6.740790911421070675e-01
-6.740610403261907413e-01
-6.740377615404311573e-01
-6.740129660137845757e-01
-6.739918584589776884e-01
-6.739804536910453114e-01
-6.739845085134125169e-01
-6.740081849591006424e-01
-6.740526547419630754e-01
-6.741149311497881547e-01
-6.741872517020142119e-01
-6.742573127918850551e-01
-6.743095632022495511e-01
-6.743275954889591528e-01
-6.742974468856318682e-01
-6.742113658260238118e-01
-6.740713633326068654e-01
-6.738917078388458881e-01
-6.736994963108584589e-01
-6.735325913340547421e-01
-6.734345748860319780e-01
-6.734469174369199784e-01
-6.735992309203086004e-01
-6.738991542883611130e-01
-6.743239644474400274e-01
-6.748162557620360769e-01
-6.752858501556308068e-01
-6.756194017925283291e-01
-6.756979414155454000e-01
-6.754209642164928917e-01
-6.747338145567322032e-01
-6.736533877293787720e-01
-6.722859731296803032e-01
-6.708308627284781389e-01
-6.695645388796892528e-01
-6.688030268111351262e-01
-6.688441897822238191e-01
-6.698967661228316661e-01
-6.720078212840498999e-01
-6.750038593451063162e-01
-6.784620688744213979e-01
-6.817264016265670579e-01
-6.839781879959261346e-01
-6.843629121389882553e-01
-6.821639293454344610e-01
-6.770009345337302253e-01
-6.690173598143488443e-01
-6.590097106865314691e-01
-6.484481730262839916e-01
-6.393473082201017732e-01
-6.339715139737792660e-01
-6.343993047268088326e-01
-6.420130708430110689e-01
-6.570122813697999442e-01
-6.780565078152449576e-01
-7.021287550919050879e-01
-7.246802856385049507e-01
-7.400920975143219227e-01
-7.424733495237489933e-01
-7.267968162427341783e-01
-6.903034434171089195e-01
-6.339533486544464136e-01
-5.634837016401622600e-01
-4.894884516198830249e-01
-4.260545447846811329e-01
-3.879580663908486216e-01
-3.870628188338787190e-01
-4.290056587596676185e-01
-5.112188159368890039e-01
-6.228225267465097303e-01
-7.461438677689427035e-01
-8.589639682859147030e-01
-9.365585798980394783e-01
-9.534704672097557010e-01
-8.863180919755195841e-01
-7.194920506652251468e-01
-4.537770759620019523e-01
-1.137769438927418164e-01
2.528719335120506728e-01
5.877086577799645051e-01
8.387501035600924970e-01
9.717144186929972394e-01
9.710823473305343345e-01
8.369220127578524959e-01
5.849113227334353793e-01
2.495146650300851532e-01
-1.171565189918839095e-01
-4.566597379673656976e-01
-7.215302141142369008e-01
-8.873978229306050958e-01
-9.536702828173484470e-01
-9.360656737918476855e-01
-8.580062420586780370e-01
-7.449545277412851219e-01
-6.216234591422296063e-01
-5.102046798931749727e-01
-4.283222743315917569e-01
-3.867858496093317666e-01
-3.880825173391210248e-01
-4.265019744660213941e-01
-4.901313147997030661e-01
-5.641792725980738776e-01
-6.345762989232319740e-01
-6.907678048872960552e-01
-7.270635625419171744e-01
-7.425457057716302600e-01
-7.400038412552263356e-01
-7.244821676943469235e-01
-7.018762782030310010e-01
-6.778004194163096408e-01
-6.567920775918479892e-01
-6.418534580286479052e-01
-6.343094675880380784e-01
-6.339468720312966266e-01
-6.393731535793080178e-01
-6.485043055757986341e-01
-6.590750805286774705e-01
-6.690738621480804005e-01
-6.770358308053214813e-01
-6.821707641889149798e-01
-6.843411289982641588e-01
-6.839318424622636838e-01
-6.816624243978400832e-01
-6.783884795266850176e-01
-6.749282287995670426e-01
-6.719361640584535778e-01
-6.698329347359606167e-01
-6.687897525354347117e-01
-6.687575413168488359e-01
-6.695260906900037945e-01
-6.707967232342508801e-01
-6.722532420757683091e-01
-6.736195173273694659e-01
-6.746969550051616915e-01
-6.753801143293260978e-01
-6.756529246573135250e-01
-6.755707123873193609e-01
-6.752344248191962661e-01
-6.747632256130127182e-01
-6.742704320266645901e-01
-6.738460260970708937e-01
-6.735471199531126718e-01
-6.733961156245729107e-01
-6.733850841045445623e-01
-6.734841947010486995e-01
-6.736518490356177002e-01
-6.738444283486518804e-01
-6.740241096824992617e-01
-6.741638881892287882e-01
-6.742496129259690774e-01
-6.742793905913545549e-01
-6.742610712148341401e-01
-6.742086848487206518e-01
-6.741386709379727504e-01
-6.740665800306531175e-01
-6.740046897925593417e-01
-6.739607213869019953e-01
-6.739376150424540857e-01
-6.739341561725606944e-01
-6.739461496995901024e-01
-6.739678188059593511e-01
-6.739931420209109847e-01
-6.740169193720547680e-01
-6.740354523475109438e-01
-6.740468138743513915e-01
-6.740507586760760006e-01
-6.740483728188689794e-01
-6.740415818674737602e-01
-6.740326328906286468e-01
-6.740236430710714322e-01
-6.740162749203900683e-01
-6.740115629474028314e-01
-6.740098855147119705e-01
-6.740110528005456292e-01
-6.740144691428748835e-01
-6.740193253228906611e-01
-6.740247816900118982e-01
-6.740301136687775196e-01
-6.740348041069613716e-01
-6.740385794315932877e-01
-6.740413966788223465e-01
-6.740433950267042951e-01
-6.740448282137827540e-01
-6.740459935986927720e-01
-6.740471705007738956e-01
-6.740485759601907434e-01
-6.740503412446767761e-01
-6.740525081857168255e-01
-6.740550413274264407e-01
-6.740578501679552748e-01
-6.740608154250511408e-01
-6.740638140062840122e-01
-6.740667388285199735e-01
-6.740695113978948383e-01
-6.740720867634633073e-01
-6.740744518240427974e-01
-6.740766188471052356e-01
-6.740786164168022232e-01
-6.740804799270710967e-01
-6.740822433005444481e-01
-6.740839329976890948e-01
-6.740855647319856647e-01
-6.740871427460592979e-01
-6.740886611079809354e-01
-6.740901062873573268e-01
-6.740914602564300750e-01
-6.740927034901672554e-01
-6.740938174518296133e-01
-6.740947863837633003e-01
-6.740955984228482745e-01
