-6.740941320364448597e-01
-6.740946110172171268e-01
-6.740949309628078145e-01
-6.740950993499740251e-01
-6.740951284841848468e-01
-6.740950348476150156e-01
-6.740948378667480645e-01
-6.740945579394675979e-01
-6.740942137044656501e-01
-6.740938187558102035e-01
-6.740933782610447622e-01
-6.740928861722581544e-01
-6.740923238570775133e-01
-6.740916609557315864e-01
-6.740908590459947503e-01
-6.740898782592396055e-01
-6.740886863734379952e-01
-6.740872691990048571e-01
-6.740856404036001948e-01
-6.740838484555459198e-01
-6.740819782693491247e-01
-6.740801455460900815e-01
-6.740784827806821644e-01
-6.740771174157871304e-01
-6.740761444884612041e-01
-6.740755980401664793e-01
-6.740754271394790997e-01
-6.740754831484143672e-01
-6.740755244337035545e-01
-6.740752428083532921e-01
-6.740743125521535539e-01
-6.740724581898777101e-01
-6.740695319469907076e-01
-6.740655869235668840e-01
-6.740609287088998869e-01
-6.740561276018031123e-01
-6.740519767674097995e-01
-6.740493889928077520e-01
-6.740492358682348417e-01
-6.740521469462528170e-01
-6.740583005002983574e-01
-6.740672489489237806e-01
-6.740778275368262129e-01
-6.740881914634440086e-01
-6.740960123538898285e-01
-6.740988395818305889e-01
-6.740945976445972265e-01
-6.740821523263813564e-01
-6.740618428949535224e-01
-6.740358537177018050e-01
-6.740082952163084506e-01
-6.739848879867552656e-01
-6.739721983093864832e-01
-6.739764555404901269e-01
-6.740020824729778814e-01
-6.740501722229436110e-01
-6.741172277049618522e-01
-6.741945182642266055e-01
-6.742683808804972312e-01
-6.743216866502182993e-01
-6.743365061192834187e-01
-6.742977556930606076e-01
-6.741973267962181326e-01
-6.740379418124702315e-01
-6.738358095163321515e-01
-6.736211321822432874e-01
-6.734356982793390234e-01
-6.733272010473297930e-01
-6.733405329851838150e-01
-6.735070454313306643e-01
-6.738335057405516748e-01
-6.742930697827819175e-01
-6.748208417673954296e-01
-6.753163677617719518e-01
-6.756546142911782349e-01
-6.757056199195144996e-01
-6.753611891306591231e-01
-6.745649627345116084e-01
-6.733403110757847365e-01
-6.718092218931236426e-01
-6.701952012810911130e-01
-6.688046072487540128e-01
-6.679839877401719805e-01
-6.680556945052367190e-01
-6.692395988327588530e-01
-6.715740347399129506e-01
-6.748528577156203134e-01
-6.785966206212030727e-01
-6.820736667922440155e-01
-6.843812626587169046e-01
-6.845879144201310051e-01
-6.819260612474686845e-01
-6.760100309828580567e-01
-6.670390982887175468e-01
-6.559332854419115399e-01
-6.443460348916656422e-01
-6.345095539762228842e-01
-6.288988583555874534e-01
-6.297453824420148338e-01
-6.384779962381359475e-01
-6.552015887617277379e-01
-6.783286388567514313e-01
-7.044575129248338285e-01
-7.285569307323737087e-01
-7.444891509416088349e-01
-7.458930402964693007e-01
-7.274303854189526630e-01
-6.863222583227718276e-01
-6.239216949134334111e-01
-5.468188429775839854e-01
-4.668198134666745047e-01
-3.993062413315797143e-01
-3.600450503897488219e-01
-3.612374034319436600e-01
-4.080420024099231657e-01
-4.966993064799493096e-01
-6.147590438632017928e-01
-7.430399333178268062e-01
-8.582519893368952824e-01
-9.352249355964024069e-01
-9.486938646252499607e-01
-8.760635264207020656e-01
-7.030644157070837785e-01
-4.322055345651149016e-01
-8.968098947411325128e-02
2.762080215606267930e-01
6.077625798198885709e-01
8.548689110444382955e-01
9.852656374964492425e-01
9.846798802342259238e-01
8.531700998834426120e-01
6.051494622271296198e-01
2.730488603469533038e-01
-9.289025506231383955e-02
-4.349735500606636274e-01
-7.050506172713250086e-01
-8.771436567142714136e-01
-9.489272792703690174e-01
-9.347781166055388891e-01
-8.573349115174290214e-01
-7.418732123860908301e-01
-6.135590010447007359e-01
-4.956625762366153598e-01
-4.073226240697094824e-01
-3.609224954738154967e-01
-3.601405586769479972e-01
-3.997409528285402192e-01
-4.674680936299046019e-01
-5.475349410144787488e-01
-6.245742354835542853e-01
-6.868185814112885978e-01
-7.277259423259496707e-01
-7.459875267514355368e-01
-7.444148211144328009e-01
-7.283646387038584802e-01
-7.042040328682510619e-01
-6.780667320068193282e-01
-6.549731062564504436e-01
-6.383099478053217979e-01
-6.296488484297068089e-01
-6.288704884426004060e-01
-6.345351000057701807e-01
-6.444050472477685920e-01
-6.560039469945673218e-01
-6.671022733198168631e-01
-6.760519317989690524e-01
-6.819393514940930157e-01
-6.845714313384428928e-01
-6.843387617141144519e-01
-6.820120586076323654e-01
-6.785241227203536729e-01
-6.747773778904335717e-01
-6.715019821360960206e-01
-6.691752064979330505e-01
-6.680008426751496975e-01
-6.679384447521348189e-01
-6.687665581140764814e-01
-6.701619151218564108e-01
-6.717777179322321768e-01
-6.733079132986754534e-01
-6.745296764985253546e-01
-6.753218783557002336e-01
-6.756620020895531820e-01
-6.756071168372185243e-01
-6.752659018697012572e-01
-6.747685497332496229e-01
-6.742400929789948982e-01
-6.737808058839090952e-01
-6.734552957266998208e-01
-6.732900807418714662e-01
-6.732780915470223393e-01
-6.733877421304615973e-01
-6.735739953739514618e-01
-6.737891063899567046e-01
-6.739913151629508548e-01
-6.741505049906586500e-01
-6.742505827387917927e-01
-6.742889459483233372e-01
-6.742738067950516667e-01
-6.742203228862571063e-01
-6.741464626632642787e-01
-6.740693604838056130e-01
-6.740026578997040385e-01
-6.739550466753524427e-01
-6.739299777821684545e-01
-6.739263138496358607e-01
-6.739395964310657128e-01
-6.739635729426273203e-01
-6.739916672407618714e-01
-6.740181607726875024e-01
-6.740389539848854472e-01
-6.740518783634938949e-01
-6.740566116786639306e-01
-6.740543032196747442e-01
-6.740470394723847569e-01
-6.740372769747525750e-01
-6.740273450124810717e-01
-6.740190851746571399e-01
-6.740136562463140413e-01
-6.740114985969353212e-01
-6.740124268862561774e-01
-6.740158056963182487e-01
-6.740207593966597299e-01
-6.740263731679577708e-01
-6.740318536290147433e-01
-6.740366316285369974e-01
-6.740404035072734557e-01
-6.740431182930514131e-01
-6.740449255962690511e-01
-6.740461021020849319e-01
-6.740469739587792164e-01
-6.740478490090360264e-01
-6.740489679068113471e-01
-6.740504778901509342e-01
-6.740524283084643464e-01
-6.740547835734066462e-01
-6.740574472999457667e-01
-6.740602909905698548e-01
-6.740631814124566912e-01
-6.740660024082718582e-01
-6.740686688134474025e-01
-6.740711320218442104e-01
-6.740733782479186864e-01
-6.740754215080694278e-01
-6.740772937467781611e-01
-6.740790344304283810e-01
-6.740806814596792540e-01
-6.740822645776715083e-01
-6.740838017396878490e-01
-6.740852982926636150e-01
-6.740867483760665246e-01
-6.740881377338229230e-01
-6.740894471088774154e-01
-6.740906555317753845e-01
-6.740917430472530558e-01
-6.740926926789555518e-01
-6.740934916521559295e-01
