-6.741020614086808971e-01
-6.741025192544113365e-01
-6.741027478347768609e-01
-6.741027605025704528e-01
-6.741025800681756941e-01
-6.741022387108405178e-01
-6.741017766090660057e-01
-6.741012385286745401e-01
-6.741006679755878750e-01
-6.741000991517092089e-01
-6.740995477382377699e-01
-6.740990023033002210e-01
-6.740984186854013238e-01
-6.740977198352509081e-01
-6.740968031439302788e-01
-6.740955561739280233e-01
-6.740938800027005406e-01
-6.740917173050592348e-01
-6.740890802152829098e-01
-6.740860714147819399e-01
-6.740828913204236494e-01
-6.740798251676994868e-01
-6.740772064584067413e-01
-6.740753576156921500e-01
-6.740745142842231585e-01
-6.740747456125739667e-01
-6.740758877720398612e-01
-6.740775104279116414e-01
-6.740789345133686439e-01
-6.740793135475898756e-01
-6.740777797959559559e-01
-6.740736418094518401e-01
-6.740666035499399689e-01
-6.740569607492197246e-01
-6.740457213596764419e-01
-6.740345978490003276e-01
-6.740258325519494775e-01
-6.740218441488032841e-01
-6.740247215204124842e-01
-6.740356353253843524e-01
-6.740542791368527853e-01
-6.740784802699842926e-01
-6.741041247085045596e-01
-6.741255122374625319e-01
-6.741361934233442987e-01
-6.741302432354112639e-01
-6.741038094500245714e-01
-6.740566587120828679e-01
-6.739933568024265576e-01
-6.739236917443914843e-01
-6.738620038902365383e-01
-6.738252392296639748e-01
-6.738297852286954104e-01
-6.738874534671585037e-01
-6.740012873011319572e-01
-6.741621243323340229e-01
-6.743469541052512506e-01
-6.745200119091474544e-01
-6.746371986058898873e-01
-6.746538185018507994e-01
-6.745348452262082128e-01
-6.742660843458629927e-01
-6.738638799135135971e-01
-6.733806198713890856e-01
-6.729034330497776217e-01
-6.725442772190576290e-01
-6.724211115926992388e-01
-6.726318787602918459e-01
-6.732252573093530090e-01
-6.741741046164704265e-01
-6.753586422668957923e-01
-6.765662523624706992e-01
-6.775129363616679834e-01
-6.778879931169465856e-01
-6.774185765242196622e-01
-6.759451250264202349e-01
-6.734932171023658709e-01
-6.703235605458108815e-01
-6.669411553520959712e-01
-6.640486216600608449e-01
-6.624379253147144597e-01
-6.628284778091153573e-01
-6.656752617014979334e-01
-6.709843077737587258e-01
-6.781804732010452419e-01
-6.860713670617191173e-01
-6.929410051044266883e-01
-6.967886678379389132e-01
-6.957039395616935185e-01
-6.883383047718643066e-01
-6.743971581011458660e-01
-6.550380772934364382e-01
-6.330354528004352721e-01
-6.125806037170746787e-01
-5.986502119551301293e-01
-5.959924565216889736e-01
-6.079144454074444370e-01
-6.351489048532882320e-01
-6.750850849740044346e-01
-7.215643027556526423e-01
-7.653151482805928829e-01
-7.950193334224481267e-01
-7.990089506690740695e-01
-7.676435829814237666e-01
-6.963109315664659515e-01
-5.885401778823191599e-01
-4.580015670066254208e-01
-3.277691259672347868e-01
-2.258812264025584493e-01
-1.779511699492922761e-01
-1.992588538250157082e-01
-2.892125256200711592e-01
-4.301910691720304269e-01
-5.911333111519808670e-01
-7.343601437420036460e-01
-8.229406805462079477e-01
-8.266769420473705221e-01
-7.270608380258076764e-01
-5.225971011079688644e-01
-2.335076980671870195e-01
9.890951868827489724e-02
4.224748489738163748e-01
6.911280308302085729e-01
8.789352801527355874e-01
9.839014579978415664e-01
1.022366669375741832e+00
1.019552772072695568e+00
1.000950231931045042e+00
9.863652185995079869e-01
9.864566027056642650e-01
1.001167208987459700e+00
1.019731755643233262e+00
1.022263004955338284e+00
9.832372647140961153e-01
8.774759564164347214e-01
6.887819330632485304e-01
4.193820888136229330e-01
9.545892573777618739e-02
-2.367778717994171445e-01
-5.251808612763215756e-01
-7.286356474621665802e-01
-8.271540288276529873e-01
-8.224315209339494448e-01
-7.331181170061457086e-01
-5.895026980324212795e-01
-4.285557025653133345e-01
-2.879296223739220006e-01
-1.985853437877270200e-01
-1.779883294331747468e-01
-2.265605426412192480e-01
-3.288855084944086182e-01
-4.592820652723240693e-01
-5.897230948281743101e-01
-6.972070739980771314e-01
-7.681625303140526828e-01
-7.991519336863486256e-01
-7.948530602826942015e-01
-7.649415845932001634e-01
-7.210948315859292412e-01
-6.746211695174569867e-01
-6.347687318562632575e-01
-6.076651280052185466e-01
-5.958879958209413186e-01
-5.986752209903335453e-01
-6.126987698823834760e-01
-6.332005692825477539e-01
-6.552049334564938876e-01
-6.745299417996165614e-01
-6.884152239111130944e-01
-6.957179974065221817e-01
-6.967454421058272285e-01
-6.928546773462843644e-01
-6.859602052869215871e-01
-6.780626949758402633e-01
-6.708749198217043297e-01
-6.655841693569782835e-01
-6.627599004127510129e-01
-6.623909416938600359e-01
-6.640185142126986406e-01
-6.669211417184527368e-01
-6.703065099633939150e-01
-6.734730347272130935e-01
-6.759176214457308651e-01
-6.773817819385752337e-01
-6.778419922027550948e-01
-6.774593715324241927e-01
-6.765076672686720638e-01
-6.752978228142395567e-01
-6.741135355695297982e-01
-6.731667627157860156e-01
-6.725764653704432439e-01
-6.723689941307349205e-01
-6.724950373796972913e-01
-6.728562519281562349e-01
-6.733345249279417688e-01
-6.738179591867103913e-01
-6.742196379638216719e-01
-6.744874627759978036e-01
-6.746053867941629312e-01
-6.745878555320288239e-01
-6.744700676438248887e-01
-6.742968013271138927e-01
-6.741121556804706705e-01
-6.739518325613242933e-01
-6.738387425449553492e-01
-6.737819370841403588e-01
-6.737782724700117631e-01
-6.738158620484691053e-01
-6.738782754227156113e-01
-6.739485555389457261e-01
-6.740123771595262214e-01
-6.740599846987441746e-01
-6.740868523703427151e-01
-6.740932522917484349e-01
-6.740830676877015426e-01
-6.740622431615020949e-01
-6.740372354581185554e-01
-6.740137413368325614e-01
-6.739958636173546402e-01
-6.739857597256234678e-01
-6.739837203038742119e-01
-6.739885611883986716e-01
-6.739981840201240137e-01
-6.740101652922162456e-01
-6.740222621473936915e-01
-6.740327648690336293e-01
-6.740406701613153029e-01
-6.740456874741038718e-01
-6.740481174104535622e-01
-6.740486546121241540e-01
-6.740481683074802666e-01
-6.740475048278611325e-01
-6.740473417814675239e-01
-6.740481072186321754e-01
-6.740499623667801643e-01
-6.740528355963476548e-01
-6.740564892081218895e-01
-6.740605993054288314e-01
-6.740648315088483278e-01
-6.740689002099300442e-01
-6.740726049695111577e-01
-6.740758432605659101e-01
-6.740786031206753570e-01
-6.740809419428137605e-01
-6.740829585396682644e-01
-6.740847650351800002e-01
-6.740864635342006528e-01
-6.740881304315934353e-01
-6.740898091377632850e-01
-6.740915102922135915e-01
-6.740932174283101874e-01
-6.740948956014108928e-01
-6.740965006270488447e-01
-6.740979871332002382e-01
-6.740993144050041463e-01
-6.741004497869534928e-01
-6.741013700387491481e-01
