-6.740969836703277762e-01
-6.740974650598412499e-01
-6.740977795986022869e-01
-6.740979340126155295e-01
-6.740979394157304849e-01
-6.740978107303430278e-01
-6.740975655906255026e-01
-6.740972225866316281e-01
-6.740967988340568207e-01
-6.740963070490298970e-01
-6.740957525335592448e-01
-6.740951306823285138e-01
-6.740944257443924892e-01
-6.740936115566783515e-01
-6.740926547696485249e-01
-6.740915206991143771e-01
-6.740901813925369579e-01
-6.740886248688450211e-01
-6.740868638946420077e-01
-6.740849422408450309e-01
-6.740829362703985028e-01
-6.740809500605032811e-01
-6.740791031207010731e-01
-6.740775110969676742e-01
-6.740762615038528027e-01
-6.740753882382807260e-01
-6.740748500434822210e-01
-6.740745188099670493e-01
-6.740741832532852751e-01
-6.740735718468700011e-01
-6.740723958748030542e-01
-6.740704093495897276e-01
-6.740674778754763841e-01
-6.740636441795196943e-01
-6.740591750235562785e-01
-6.740545736167286028e-01
-6.740505443341944236e-01
-6.740479029248837017e-01
-6.740474351916165840e-01
-6.740497192546521799e-01
-6.740549390283664399e-01
-6.740627268407780592e-01
-6.740720782893798724e-01
-6.740813797706965982e-01
-6.740885768509597975e-01
-6.740914895155397657e-01
-6.740882501706496610e-01
-6.740778062004819660e-01
-6.740603971405799699e-01
-6.740378947401932663e-01
-6.740138901343114552e-01
-6.739934323140550632e-01
-6.739823690216407703e-01
-6.739863130481461573e-01
-6.740093455422500046e-01
-6.740526590712941912e-01
-6.741134176841236947e-01
-6.741841478599599480e-01
-6.742529536128277767e-01
-6.743047583894250518e-01
-6.743236142792798926e-01
-6.742958989451277585e-01
-6.742139726733483718e-01
-6.740796374042963279e-01
-6.739065821922041177e-01
-6.737209723693068364e-01
-6.735594890753928699e-01
-6.734644732986322380e-01
-6.734763579191025418e-01
-6.736242202673360380e-01
-6.739159487416049865e-01
-6.743300485126232369e-01
-6.748113603032631636e-01
-6.752727982178962085e-01
-6.756045435835392743e-01
-6.756909563668772600e-01
-6.754338780494836270e-01
-6.747792050412459997e-01
-6.737419254611970443e-01
-6.724236403347415569e-01
-6.710163762260847875e-01
-6.697876238814773897e-01
-6.690441950939419735e-01
-6.690765306346710961e-01
-6.700899521323120389e-01
-6.721340941764987198e-01
-6.750452628484260309e-01
-6.784177286932265849e-01
-6.816183119794219092e-01
-6.838538311487815102e-01
-6.842931795742493994e-01
-6.822352956970938465e-01
-6.773017210181031533e-01
-6.696192319482111577e-01
-6.599471688801287206e-01
-6.497003619029546595e-01
-6.408273987861757837e-01
-6.355285553016623012e-01
-6.358354540077552075e-01
-6.431157823125193129e-01
-6.575973250784243884e-01
-6.780148299844116488e-01
-7.014690077852571148e-01
-7.235591945044899109e-01
-7.388255763598033932e-01
-7.415211886015202758e-01
-7.267131589380964041e-01
-6.916472092659899928e-01
-6.371621655910615356e-01
-5.687338959673651217e-01
-4.965854603556956737e-01
-4.344066991660134325e-01
-3.966677519796453222e-01
-3.951254967474068236e-01
-4.355610374557123410e-01
-5.157738346047668898e-01
-6.253739513871020561e-01
-7.471662441369024688e-01
-8.592805710296602673e-01
-9.371498906579147636e-01
-9.552711109804314926e-01
-8.900179902538378762e-01
-7.253408940029326679e-01
-4.614389954493265944e-01
-1.223605178932103688e-01
2.445049947753871189e-01
5.804479864962238667e-01
8.328404705787204598e-01
9.666922049277788531e-01
9.660435452579445581e-01
8.309661878970830973e-01
5.775851481053039249e-01
2.410777965938369349e-01
-1.257995963328409905e-01
-4.643610884675877237e-01
-7.273962915324638789e-01
-8.910966922538060553e-01
-9.554585031397788697e-01
-9.366404010185714890e-01
-8.583082426694240707e-01
-7.459685280618719716e-01
-6.241745804463429970e-01
-5.147667946405238837e-01
-4.348894090806936785e-01
-3.948611348083952977e-01
-3.968020130460586103e-01
-4.348586994522002369e-01
-4.972269439907279209e-01
-5.694230420114937408e-01
-6.377755590539679886e-01
-6.921010472312444373e-01
-7.269702452142414728e-01
-7.415859621210187935e-01
-7.387323850246247936e-01
-7.233588190591052625e-01
-7.012165785607750168e-01
-6.777604565632624478e-01
-6.573797348463875645e-01
-6.429589156734945021e-01
-6.357478540466150463e-01
-6.355052129708521624e-01
-6.408534291999788968e-01
-6.497556235893031662e-01
-6.600108470787749981e-01
-6.696735525766605024e-01
-6.773342917422554565e-01
-6.822399600737882874e-01
-6.842695944831451715e-01
-6.838061660701777456e-01
-6.815535170899340578e-01
-6.783437666646776609e-01
-6.749695963069409776e-01
-6.720626049191349427e-01
-6.700263604360134906e-01
-6.690222928249917045e-01
-6.689987898256420928e-01
-6.697490958731903143e-01
-6.709819923004045616e-01
-6.723905248045891625e-01
-6.737075740798792456e-01
-6.747418195881544900e-01
-6.753925071301435379e-01
-6.756454639921982697e-01
-6.755554508025722882e-01
-6.752210533798626013e-01
-6.747580920930424941e-01
-6.742763459975630314e-01
-6.738626980209836415e-01
-6.735720113851157986e-01
-6.734254612523814520e-01
-6.734148735662196517e-01
-6.735109584071694577e-01
-6.736731616567239733e-01
-6.738591115975698376e-01
-6.740321713336984155e-01
-6.741662703802366874e-01
-6.742478379384306830e-01
-6.742751888302729313e-01
-6.742560590157479217e-01
-6.742041352225605078e-01
-6.741353943718312314e-01
-6.740649097599047401e-01
-6.740045495931328290e-01
-6.739617451528806535e-01
-6.739392858926693819e-01
-6.739359371118426312e-01
-6.739475858595871394e-01
-6.739686007855696381e-01
-6.739931288827542000e-01
-6.740161270080113898e-01
-6.740340174324742639e-01
-6.740449453425566562e-01
-6.740486879451496049e-01
-6.740463115448148690e-01
-6.740396926615531692e-01
-6.740310149487244162e-01
-6.740223316765783235e-01
-6.740152516726629628e-01
-6.740107724883450668e-01
-6.740092544162770150e-01
-6.740105069263125914e-01
-6.740139469188133337e-01
-6.740187856454702420e-01
-6.740242064049665194e-01
-6.740295054877277758e-01
-6.740341813972015039e-01
-6.740379695061853305e-01
-6.740408290854105200e-01
-6.740428959810751408e-01
-6.740444168602327535e-01
-6.740456803084853288e-01
-6.740469570237290764e-01
-6.740484569725397890e-01
-6.740503067056975439e-01
-6.740525459155175536e-01
-6.740551393180768125e-01
-6.740579982996202091e-01
-6.740610064368404153e-01
-6.740640437334928237e-01
-6.740670058399624853e-01
-6.740698162376342895e-01
-6.740724310203627390e-01
-6.740748372289746548e-01
-6.740770465454476446e-01
-6.740790864987118436e-01
-6.740809912342653476e-01
-6.740827934766786544e-01
-6.740845187160184881e-01
-6.740861820203166710e-01
-6.740877873326911462e-01
-6.740893287284741575e-01
-6.740907929144971389e-01
-6.740921622388632573e-01
-6.740934176043269499e-01
-6.740945408841959585e-01
-6.740955166655557829e-01
-6.740963333379486055e-01
