-6.741023352580516326e-01
-6.741028187470157196e-01
-6.741031190656536776e-01
-6.741032423119172057e-01
-6.741031985358888479e-01
-6.741030011781624642e-01
-6.741026660615202504e-01
-6.741022098290985198e-01
-6.741016478287062963e-01
-6.741009916050770823e-01
-6.741002463488982022e-01
-6.740994088191920586e-01
-6.740984663533364785e-01
-6.740973975593574918e-01
-6.740961751153805581e-01
-6.740947707740297945e-01
-6.740931622116566047e-01
-6.740913408373274684e-01
-6.740893191820043207e-01
-6.740871361439728648e-01
-6.740848582945744294e-01
-6.740825757478499103e-01
-6.740803918165046982e-01
-6.740784067854027617e-01
-6.740766975096557090e-01
-6.740752959692504209e-01
-6.740741710914927021e-01
-6.740732187559129729e-01
-6.740722646180596911e-01
-6.740710830216287697e-01
-6.740694327784773066e-01
-6.740671071819438476e-01
-6.740639917396987757e-01
-6.740601194672060092e-01
-6.740557110325443579e-01
-6.740511864725571289e-01
-6.740471373334725458e-01
-6.740442532843351486e-01
-6.740432053114322475e-01
-6.740444976476676064e-01
-6.740483110461699123e-01
-6.740543687291485897e-01
-6.740618609141880713e-01
-6.740694619920758468e-01
-6.740754646603598355e-01
-6.740780373172117201e-01
-6.740755861993744658e-01
-6.740671754207354649e-01
-6.740529313161289782e-01
-6.740343386035099194e-01
-6.740143313374294953e-01
-6.739970967842083827e-01
-6.739875478896453220e-01
-6.739904785569371670e-01
-6.740094891302651492e-01
-6.740458457937317238e-01
-6.740975014032605239e-01
-6.741585389482981361e-01
-6.742192860230250551e-01
-6.742672781611097621e-01
-6.742891185249678676e-01
-6.742731013474274615e-01
-6.742122605676315050e-01
-6.741073100180530187e-01
-6.739688030179371570e-01
-6.738178049118261903e-01
-6.736844815596497726e-01
-6.736042801818969972e-01
-6.736118061680729241e-01
-6.737330328889985509e-01
-6.739770356969971843e-01
-6.743289010997193245e-01
-6.747457004160889449e-01
-6.751573190529506219e-01
-6.754734217319096068e-01
-6.755968978519910628e-01
-6.754428391797153708e-01
-6.749606163432406714e-01
-6.741551954563710369e-01
-6.731028011928243959e-01
-6.719557506759280541e-01
-6.709320750585724413e-01
-6.702875878943945764e-01
-6.702712696339719889e-01
-6.710688054324926988e-01
-6.727431172405258231e-01
-6.751838678631695290e-01
-6.780793116571575130e-01
-6.809228900524977313e-01
-6.830633352482127219e-01
-6.838007923385774900e-01
-6.825228861726660989e-01
-6.788643236450684348e-01
-6.728627166685799965e-01
-6.650741083208711046e-01
-6.566077622611511400e-01
-6.490453020464747036e-01
-6.442270631116189250e-01
-6.439174412091288602e-01
-6.493946713416746119e-01
-6.610385908688899415e-01
-6.780029361883493921e-01
-6.980530345027718964e-01
-7.176304670288502496e-01
-7.321840042972876939e-01
-7.367878126716446152e-01
-7.270458987265316919e-01
-7.002302786202104778e-01
-6.564917881727727611e-01
-5.998250679257284279e-01
-5.383430418330802381e-01
-4.834559416926383357e-01
-4.478451110891509268e-01
-4.425963089474482248e-01
-4.742674797260084119e-01
-5.427622232926856416e-01
-6.405798155170572272e-01
-7.534392050903956362e-01
-8.617193541034225968e-01
-9.420267451086993260e-01
-9.688068275791940076e-01
-9.170689503316824531e-01
-7.679791803606609291e-01
-5.177549828982456193e-01
-1.864105798665854075e-01
1.807371424672678251e-01
5.235534761936448955e-01
7.849720909039946681e-01
9.248977060734165923e-01
9.241270309465277055e-01
7.827603587033785670e-01
5.202186464272116062e-01
1.768166074941769084e-01
-1.902566393222153429e-01
-5.209333904800910187e-01
-7.701324366299429069e-01
-9.181211803002314875e-01
-9.688952061854491093e-01
-9.413970202099869455e-01
-8.606470491511856169e-01
-7.521887949711314469e-01
-6.393850562413118110e-01
-5.418100812071947603e-01
-4.736806269602227282e-01
-4.424198258075099921e-01
-4.480455019148390505e-01
-4.839362003058417794e-01
-5.389707198151124645e-01
-6.004650478280254555e-01
-6.570341227957494645e-01
-7.006063833280455899e-01
-7.272316331846652160e-01
-7.367965161016826192e-01
-7.320544069633025952e-01
-7.174137618633731339e-01
-6.978016850221930856e-01
-6.777622961949970604e-01
-6.608415790837594006e-01
-6.492594079056471790e-01
-6.438475732777217964e-01
-6.442142876802794405e-01
-6.490733424009292873e-01
-6.566568850216512043e-01
-6.651252825910537458e-01
-6.729007310328906089e-01
-6.788795173492181423e-01
-6.825115027271739798e-01
-6.837642293861362353e-01
-6.830066995250061446e-01
-6.808532799344042541e-01
-6.780041814425972202e-01
-6.751097206651605065e-01
-6.726746589020218270e-01
-6.710085885398009431e-01
-6.702197738743176370e-01
-6.702436258401052172e-01
-6.708933836506278947e-01
-6.719196278550848556e-01
-6.730666699351509630e-01
-6.741170158800354750e-01
-6.749191106473398927e-01
-6.753975346311268391e-01
-6.755480231897372789e-01
-6.754217091455179123e-01
-6.751037675983815323e-01
-6.746913499933900882e-01
-6.742746527014970015e-01
-6.739235374382327448e-01
-6.736806356870274071e-01
-6.735605802885078486e-01
-6.735540755964436466e-01
-6.736350115608273903e-01
-6.737687332229829185e-01
-6.739198186336951002e-01
-6.740581798052290852e-01
-6.741628558369783253e-01
-6.742234000049756037e-01
-6.742391882639998668e-01
-6.742172481481574220e-01
-6.741693147526222063e-01
-6.741087847715854231e-01
-6.740481002090914497e-01
-6.739968979950563543e-01
-6.739610559612280172e-01
-6.739425860514962618e-01
-6.739401959565827216e-01
-6.739502705238948899e-01
-6.739680120471998048e-01
-6.739885126011220251e-01
-6.740075955611362080e-01
-6.740223397386542192e-01
-6.740312725707129360e-01
-6.740342771047143078e-01
-6.740322947987965607e-01
-6.740269210921417953e-01
-6.740199860042676017e-01
-6.740131930562354157e-01
-6.740078630545069949e-01
-6.740048010067176687e-01
-6.740042797054035528e-01
-6.740061156110803697e-01
-6.740098029789344247e-01
-6.740146704031892977e-01
-6.740200285528081814e-01
-6.740252865948602734e-01
-6.740300252376210111e-01
-6.740340243401932163e-01
-6.740372510618339863e-01
-6.740398196907213535e-01
-6.740419364056609020e-01
-6.740438416447107617e-01
-6.740457602051838082e-01
-6.740478655620268933e-01
-6.740502610234203607e-01
-6.740529769395543491e-01
-6.740559806995924941e-01
-6.740591948902664443e-01
-6.740625187129513085e-01
-6.740658483579928806e-01
-6.740690932110227074e-01
-6.740721861869012344e-01
-6.740750878592891571e-01
-6.740777851603559911e-01
-6.740802861430904569e-01
-6.740826125986560946e-01
-6.740847922505406320e-01
-6.740868519044841412e-01
-6.740888124400953307e-01
-6.740906860060195127e-01
-6.740924753228386690e-01
-6.740941746703886794e-01
-6.740957719656288649e-01
-6.740972513165961466e-01
-6.740985955348843817e-01
-6.740997882563578569e-01
-6.741008155068427543e-01
-6.741016667120414141e-01
