-6.741283081736536564e-01
-6.741287897650334315e-01
-6.741290137812363525e-01
-6.741289857791323836e-01
-6.741287147127145163e-01
-6.741282121939150551e-01
-6.741274913943047231e-01
-6.741265655922469291e-01
-6.741254464487359543e-01
-6.741241421986930993e-01
-6.741226560498478904e-01
-6.741209851583892521e-01
-6.741191205680324705e-01
-6.741170484316931777e-01
-6.741147526704475146e-01
-6.741122189699851885e-01
-6.741094396998656979e-01
-6.741064190169300252e-01
-6.741031771490898494e-01
-6.740997527238742348e-01
-6.740962020749149408e-01
-6.740925947734006662e-01
-6.740890051965432450e-01
-6.740855007171931979e-01
-6.740821279783271169e-01
-6.740788995523537830e-01
-6.740757838914563926e-01
-6.740727016564452834e-01
-6.740695311016118296e-01
-6.740661240974425983e-01
-6.740623326111104818e-01
-6.740580432015280676e-01
-6.740532146441050587e-01
-6.740479116428700346e-01
-6.740423262635126811e-01
-6.740367787755142670e-01
-6.740316914466117915e-01
-6.740275326537435996e-01
-6.740247342500623740e-01
-6.740235917941562738e-01
-6.740241638909584276e-01
-6.740261920527681472e-01
-6.740290645716929818e-01
-6.740318454949968396e-01
-6.740333820637404161e-01
-6.740324909852333235e-01
-6.740282069207906845e-01
-6.740200581075421749e-01
-6.740083177046208851e-01
-6.739941694694111529e-01
-6.739797267813836257e-01
-6.739678577917396218e-01
-6.739617974686623603e-01
-6.739645675578516126e-01
-6.739782727875902602e-01
-6.740033878300177861e-01
-6.740381843649887461e-01
-6.740784604719057826e-01
-6.741177166561094225e-01
-6.741478693505092989e-01
-6.741605051252012037e-01
-6.741485659695551913e-01
-6.741082343953543887e-01
-6.740406795678276497e-01
-6.739532584149530159e-01
-6.738597639024078712e-01
-6.737793951663195724e-01
-6.737342976253377635e-01
-6.737457752746158768e-01
-6.738295822772155663e-01
-6.739910081596685032e-01
-6.742207180905702701e-01
-6.744924298989214417e-01
-6.747634430855025123e-01
-6.749787431454639108e-01
-6.750788811239673004e-01
-6.750111102943866515e-01
-6.747424343818330117e-01
-6.742724182796104859e-01
-6.736430058314141212e-01
-6.729423722163143662e-01
-6.723001866005879901e-01
-6.718726840379449783e-01
-6.718176341629497061e-01
-6.722614768990730072e-01
-6.732632330260742703e-01
-6.747818245685115457e-01
-6.766546507980494285e-01
-6.785952178735743523e-01
-6.802160195285983368e-01
-6.810796083725332295e-01
-6.807759798332188028e-01
-6.790183464777290734e-01
-6.757427855435025332e-01
-6.711912843122634920e-01
-6.659541741567246431e-01
-6.609489937056604036e-01
-6.573202571611542755e-01
-6.562587660304591841e-01
-6.587579403300417580e-01
-6.653437366696959288e-01
-6.758286844716687725e-01
-6.891454366112732544e-01
-7.033104238023155652e-01
-7.155565643560708455e-01
-7.226590001146722120e-01
-7.214590531676737806e-01
-7.095615226629874428e-01
-6.861277302697337266e-01
-6.526087708905937701e-01
-6.131834405179180658e-01
-5.746376373076704791e-01
-5.455068419597015605e-01
-5.345138457071624272e-01
-5.485977993424816512e-01
-5.910140314282573692e-01
-6.599736753495942798e-01
-7.480723393668785581e-01
-8.424376722746310664e-01
-9.253261890707032977e-01
-9.750729159757948183e-01
-9.679330690934355719e-01
-8.820825155813312168e-01
-7.048670673715412560e-01
-4.421872171691148545e-01
-1.251232812685935947e-01
1.927508618090329195e-01
4.491831150738443412e-01
5.916161231556260613e-01
5.908838083388894269e-01
4.471348069936200709e-01
1.898064791674545226e-01
-1.283682423332082323e-01
-4.451312203536423318e-01
-7.070771106459217137e-01
-8.833796220141484357e-01
-9.683636910378500273e-01
-9.748192188112059231e-01
-9.246196525932994792e-01
-8.415049697429405340e-01
-7.471096201125977387e-01
-6.591348214687585694e-01
-5.904032504878845566e-01
-5.482649230071148239e-01
-5.344550574053467118e-01
-5.456732384364816335e-01
-5.749510813380446228e-01
-6.135561155595291583e-01
-6.529614466237213533e-01
-6.864025409195402272e-01
-7.097273988558018276e-01
-7.215104832446740390e-01
-7.226103746231755665e-01
-7.154346508093246682e-01
-7.031469430766221773e-01
-6.889708958606672873e-01
-6.756679722642585650e-01
-6.652135963948343500e-01
-6.586662180555051815e-01
-6.562051708419259777e-01
-6.572982323808392868e-01
-6.609481961054984867e-01
-6.659630353237762090e-01
-6.711992028295417079e-01
-6.757416524249596490e-01
-6.790032931613670941e-01
-6.807454067731999459e-01
-6.810346674346394735e-01
-6.801597739163780520e-01
-6.785316984258069617e-01
-6.765879863099135694e-01
-6.747155657047166910e-01
-6.731999290938885938e-01
-6.722025114656636768e-01
-6.717632843833089007e-01
-6.718223420980894423e-01
-6.722526703785886015e-01
-6.728962547520936921e-01
-6.735969063673582502e-01
-6.742252171644422809e-01
-6.746933953724202349e-01
-6.749599127315774050e-01
-6.750255784104003398e-01
-6.749236717890427784e-01
-6.747071085433663518e-01
-6.744353927552253491e-01
-6.741634983649891222e-01
-6.739340184437263570e-01
-6.737730933640673214e-01
-6.736899120347448200e-01
-6.736790587103400618e-01
-6.737246879157823276e-01
-6.738054454648991776e-01
-6.738991752054167561e-01
-6.739866992614405028e-01
-6.740542671594439428e-01
-6.740945740751012050e-01
-6.741065020926529927e-01
-6.740939111565110720e-01
-6.740638881925882231e-01
-6.740248604656285947e-01
-6.739849114790273932e-01
-6.739505298675655398e-01
-6.739258999976989184e-01
-6.739127301714878948e-01
-6.739105268965877027e-01
-6.739171704636777172e-01
-6.739296294159495826e-01
-6.739446646087815518e-01
-6.739594085682774072e-01
-6.739717521416954682e-01
-6.739805177701295724e-01
-6.739854389289684500e-01
-6.739869931954418636e-01
-6.739861500644580561e-01
-6.739840949467579279e-01
-6.739819807156826048e-01
-6.739807417832482939e-01
-6.739809871956953247e-01
-6.739829722491046393e-01
-6.739866351563540414e-01
-6.739916775990130171e-01
-6.739976656357820062e-01
-6.740041295570162738e-01
-6.740106464609899595e-01
-6.740168959876366994e-01
-6.740226863180881489e-01
-6.740279531206891939e-01
-6.740327379355001147e-01
-6.740371543314287450e-01
-6.740413502113129507e-01
-6.740454733044558555e-01
-6.740496447201421715e-01
-6.740539429893083190e-01
-6.740583987572874580e-01
-6.740629985304867899e-01
-6.740676947880325232e-01
-6.740724193641776107e-01
-6.740770971932501521e-01
-6.740816581191377832e-01
-6.740860453102980321e-01
-6.740902197022795583e-01
-6.740941606619372806e-01
-6.740978636316798944e-01
-6.741013358243777009e-01
-6.741045911065809415e-01
-6.741076450741402271e-01
-6.741105110577992887e-01
-6.741131974715064423e-01
-6.741157066009096921e-01
-6.741180346751332042e-01
-6.741201729008416965e-01
-6.741221090707564256e-01
-6.741238293768837542e-01
-6.741253201363179848e-01
-6.741265692432143464e-01
-6.741275672642568217e-01
