-6.740865635577801829e-01
-6.740870296401302308e-01
-6.740873515538644556e-01
-6.740875407129540697e-01
-6.740876157206177055e-01
-6.740876012422718500e-01
-6.740875259634727668e-01
-6.740874194109393036e-01
-6.740873076392911445e-01
-6.740872081262786475e-01
-6.740871246095099245e-01
-6.740870429439654865e-01
-6.740869292549028780e-01
-6.740867316058699599e-01
-6.740863860293443421e-01
-6.740858270659069174e-01
-6.740850019875378463e-01
-6.740838867815308610e-01
-6.740825009545339253e-01
-6.740809175370849893e-01
-6.740792645850122167e-01
-6.740777151880706919e-01
-6.740764645955462653e-01
-6.740756954713835736e-01
-6.740755352135121559e-01
-6.740760122281242994e-01
-6.740770203988415421e-01
-6.740783020299704331e-01
-6.740794586424866397e-01
-6.740799957646980145e-01
-6.740794022820053577e-01
-6.740772574993912913e-01
-6.740733508910802252e-01
-6.740677921236163384e-01
-6.740610842045650086e-01
-6.740541323805806506e-01
-6.740481671153528698e-01
-6.740445716846207302e-01
-6.740446229422697444e-01
-6.740491754619414300e-01
-6.740583409026136286e-01
-6.740712313338058648e-01
-6.740858422296788222e-01
-6.740991433447476311e-01
-6.741074209403864481e-01
-6.741068729915985491e-01
-6.740944040051591868e-01
-6.740685059459154971e-01
-6.740300581080783671e-01
-6.739828453472647141e-01
-6.739335944704298864e-01
-6.738913730729056972e-01
-6.738662874690950488e-01
-6.738675509155237497e-01
-6.739011533319095859e-01
-6.739675217262313112e-01
-6.740596812026860007e-01
-6.741624720404589821e-01
-6.742533162395093482e-01
-6.743048381125474888e-01
-6.742893305728128173e-01
-6.741846518359653206e-01
-6.739806959536138731e-01
-6.736851907243472937e-01
-6.733273400713180035e-01
-6.729578459426505121e-01
-6.726441937523683912e-01
-6.724607909717363885e-01
-6.724745620190429873e-01
-6.727277889740149730e-01
-6.732211321528014381e-01
-6.739006020258123675e-01
-6.746525163703436245e-01
-6.753099490700216201e-01
-6.756727494191324679e-01
-6.755409168504387107e-01
-6.747581605567557483e-01
-6.732592529111932622e-01
-6.711118979685367636e-01
-6.685420567363724587e-01
-6.659318468887733822e-01
-6.637819641110913604e-01
-6.626362837666565087e-01
-6.629743505853734620e-01
-6.650864319396136981e-01
-6.689536577598571565e-01
-6.741604272638315187e-01
-6.798662994677034943e-01
-6.848595683697535907e-01
-6.877049845242043657e-01
-6.869840107472238167e-01
-6.816075136605764806e-01
-6.711579231963846759e-01
-6.561928780780920123e-01
-6.384222984737821793e-01
-6.206680340362762394e-01
-6.065426469039367774e-01
-5.998455029051867893e-01
-6.037567598711995887e-01
-6.199832555689699376e-01
-6.480422904653054816e-01
-6.848446756475423669e-01
-7.246725383772252282e-01
-7.595829705228568374e-01
-7.802517145026240941e-01
-7.773093326053507335e-01
-7.432452892541848710e-01
-6.748222671770075509e-01
-5.755483231794672472e-01
-4.572166455096697835e-01
-3.392803631935289443e-01
-2.453732288795159033e-01
-1.975733931164610491e-01
-2.102488420480429776e-01
-2.856700365250240403e-01
-4.129063747963797604e-01
-5.702574105504482072e-01
-7.300215335948158080e-01
-8.633767381983692424e-01
-9.434687769242321442e-01
-9.467383457517478673e-01
-8.547519723943320935e-01
-6.591048494179945205e-01
-3.690041307240231605e-01
-1.638158821561074355e-02
3.482124906863183766e-01
6.697444983970197718e-01
9.043889152490532934e-01
1.026568657240612081e+00
1.026104579919370430e+00
9.030294406934086249e-01
6.676136310509205307e-01
3.455684811579854965e-01
-1.915509694496886697e-02
-3.714906707696001842e-01
-6.609810788268360993e-01
-8.558612332382328214e-01
-9.470801837638284093e-01
-9.431424911420956958e-01
-8.625320350044554107e-01
-7.288378726605535540e-01
-5.689396610337917881e-01
-4.116735562695620354e-01
-2.847255625721197281e-01
-2.097396649351681019e-01
-1.975560822367968261e-01
-2.458025279477174529e-01
-3.400258310243850501e-01
-4.581019694070255222e-01
-5.763991314830551049e-01
-6.755054091415109152e-01
-7.436882086404025261e-01
-7.774988502678605862e-01
-7.802197241446613418e-01
-7.593881233578291257e-01
-7.243838022614706995e-01
-6.845287774350872212e-01
-6.477548976135532044e-01
-6.197633778960200956e-01
-6.036242107373424037e-01
-5.998014463279958131e-01
-6.065729784962542448e-01
-6.207487947249330507e-01
-6.385258667016535661e-01
-6.562935977437818202e-01
-6.712361456404076776e-01
-6.816516003351836828e-01
-6.869904122575934968e-01
-6.876768929410987941e-01
-6.848047764737515974e-01
-6.797948478537002570e-01
-6.740824738377390046e-01
-6.688778406695117251e-01
-6.650188531643431711e-01
-6.629181909618911961e-01
-6.625919692390005444e-01
-6.637477380443457253e-01
-6.659045687276398118e-01
-6.685180463181094046e-01
-6.710876746504886858e-01
-6.732320696089145740e-01
-6.747262910294724580e-01
-6.755037069218070567e-01
-6.756304803811542525e-01
-6.752635810166884855e-01
-6.746033821181620649e-01
-6.738501128203504553e-01
-6.731705395652718416e-01
-6.726780278536760305e-01
-6.724261807039653149e-01
-6.724139597043140570e-01
-6.725987718821286876e-01
-6.729134835293307804e-01
-6.732835895419722050e-01
-6.736416082030437513e-01
-6.739369182635737143e-01
-6.741404423750166908e-01
-6.742445939002026378e-01
-6.742596081911067518e-01
-6.742077263757878525e-01
-6.741167156325876819e-01
-6.740139717564196387e-01
-6.739220587476512092e-01
-6.738560982297361335e-01
-6.738230144851210524e-01
-6.738223283092080740e-01
-6.738480046791023303e-01
-6.738907978716466296e-01
-6.739405839779580853e-01
-6.739882920061904814e-01
-6.740272031421414844e-01
-6.740535479108443750e-01
-6.740664655110749637e-01
-6.740674817858837153e-01
-6.740597065350261152e-01
-6.740469509833848516e-01
-6.740329325507748992e-01
-6.740206802204464775e-01
-6.740121935571274925e-01
-6.740083533915800507e-01
-6.740090403783672857e-01
-6.740133929649123612e-01
-6.740201289114958749e-01
-6.740278615757697711e-01
-6.740353591484101736e-01
-6.740417167313380586e-01
-6.740464328319002441e-01
-6.740493998670383791e-01
-6.740508304598115119e-01
-6.740511469849352899e-01
-6.740508615533492565e-01
-6.740504688553420332e-01
-6.740503668644211022e-01
-6.740508122061495966e-01
-6.740519095776612568e-01
-6.740536290281866627e-01
-6.740558416836452960e-01
-6.740583636113237631e-01
-6.740609985744386856e-01
-6.740635727884619621e-01
-6.740659577567397198e-01
-6.740680801904344044e-01
-6.740699204219871010e-01
-6.740715023185616106e-01
-6.740728784116185590e-01
-6.740741138693914225e-01
-6.740752722546151654e-01
-6.740764049885139553e-01
-6.740775453400513761e-01
-6.740787067877572758e-01
-6.740798848999188797e-01
-6.740810615078012269e-01
-6.740822098933955120e-01
-6.740832999103226753e-01
-6.740843023044674753e-01
-6.740851918923185249e-01
-6.740859495958763103e-01
