-6.741291930765697105e-01
-6.741296744338275415e-01
-6.741298958265036223e-01
-6.741298627507726904e-01
-6.741295840827358221e-01
-6.741290713696763692e-01
-6.741283377636781982e-01
-6.741273965923703093e-01
-6.741262596400157125e-01
-6.741249353187120930e-01
-6.741234270214981894e-01
-6.741217320356427400e-01
-6.741198414214026879e-01
-6.741177411998969804e-01
-6.741154150274214496e-01
-6.741128482674536571e-01
-6.741100330363511972e-01
-6.741069734509238520e-01
-6.741036900219831152e-01
-6.741002220017222601e-01
-6.740966265786169087e-01
-6.740929741664501984e-01
-6.740893396519641589e-01
-6.740857902876741248e-01
-6.740823718217338056e-01
-6.740790952758134447e-01
-6.740759273203765778e-01
-6.740727872695607692e-01
-6.740695531886268244e-01
-6.740660784254171034e-01
-6.740622181084561237e-01
-6.740578629927110876e-01
-6.740529757983505510e-01
-6.740476232939651702e-01
-6.740419962876974536e-01
-6.740364098503468515e-01
-6.740312778403083627e-01
-6.740270592677226613e-01
-6.740241790706502645e-01
-6.740229319652936146e-01
-6.740233842738392323e-01
-6.740252937805761846e-01
-6.740280702613401509e-01
-6.740307979410020689e-01
-6.740323346847870711e-01
-6.740314908907368840e-01
-6.740272745981633618e-01
-6.740191703796040157e-01
-6.740074016006165625e-01
-6.739931130687133454e-01
-6.739784086777959038e-01
-6.739661903257615494e-01
-6.739597720477717990e-01
-6.739622856867439893e-01
-6.739759463154265662e-01
-6.740012979284282224e-01
-6.740366006400979604e-01
-6.740775368947354851e-01
-6.741173951291788979e-01
-6.741478291445486271e-01
-6.741601922269747638e-01
-6.741473183575551475e-01
-6.741054894951290510e-01
-6.740362156373848057e-01
-6.739473933177845266e-01
-6.738534248415409822e-01
-6.737739909645568126e-01
-6.737313735783708735e-01
-6.737465019679553802e-01
-6.738342060173588832e-01
-6.739984463766652834e-01
-6.742284920196018883e-01
-6.744970710229072353e-01
-6.747613881358789367e-01
-6.749675662653141783e-01
-6.750585443579093514e-01
-6.749848020254863856e-01
-6.747165657221130264e-01
-6.742554955623191182e-01
-6.736433905352420259e-01
-6.729653251986339457e-01
-6.723449703309096748e-01
-6.719307336062968483e-01
-6.718727794334123926e-01
-6.722928288045008083e-01
-6.732506531827469054e-01
-6.747130095504213498e-01
-6.765320132862568947e-01
-6.784402227443313560e-01
-6.800686971553104865e-01
-6.809917764929915851e-01
-6.807982389670874657e-01
-6.791829344274646907e-01
-6.760464262690470960e-01
-6.715836133141385167e-01
-6.663374751998215606e-01
-6.611932961609960913e-01
-6.572942019634031574e-01
-6.558716136452634737e-01
-6.580029631916824995e-01
-6.643297535545522603e-01
-6.747862349987321373e-01
-6.883978129565408999e-01
-7.032070605904373606e-01
-7.163757932060972333e-01
-7.244972940503650038e-01
-7.241332399842511647e-01
-7.125574829779278696e-01
-6.886307220371911120e-01
-6.536412351023189737e-01
-6.118502972366867132e-01
-5.704373348813154276e-01
-5.386221039899917740e-01
-5.259729234160445133e-01
-5.402149919036822734e-01
-5.850770025477775027e-01
-6.587205564591561702e-01
-7.530575549302301885e-01
-8.538934904404914539e-01
-9.415921783614208396e-01
-9.921474354973144338e-01
-9.792918776427362859e-01
-8.791257782076945526e-01
-6.784774507109581076e-01
-3.854574221020943270e-01
-3.618780618390163989e-02
3.096937340339306344e-01
5.855908109812101303e-01
7.376218231074872511e-01
7.369254634234300161e-01
5.836303177541738441e-01
3.068431713082504508e-01
-3.937377420134571815e-02
-3.883914759490423307e-01
-6.807165721325257879e-01
-8.804719838454384551e-01
-9.797753690663717485e-01
-9.919399412270873961e-01
-9.409192441316861499e-01
-8.529790711180385010e-01
-7.520980111785454669e-01
-6.578727510432926806e-01
-5.844500999318162915e-01
-5.398643554446972415e-01
-5.258993658330731735e-01
-5.387794500880027648e-01
-5.707480275518626023e-01
-6.122253852486980730e-01
-6.539994364628815005e-01
-6.889119997949350038e-01
-7.127290329571778216e-01
-7.241885059133724711e-01
-7.244503256746815945e-01
-7.162535885213672238e-01
-7.030419387931675645e-01
-6.882210249345716013e-01
-6.746233578599837299e-01
-6.641980194590911823e-01
-6.579104402818737318e-01
-6.558179786730129468e-01
-6.572726839461184856e-01
-6.611932562205483643e-01
-6.663470637345685343e-01
-6.715920293206536495e-01
-6.760454713713327513e-01
-6.791677540038761896e-01
-6.807673198134726045e-01
-6.809463884388773369e-01
-6.800120150225775761e-01
-6.783763560694219263e-01
-6.764651251106725827e-01
-6.746466429842142842e-01
-6.731873208859678881e-01
-6.722338656980334504e-01
-6.718184180242242620e-01
-6.718803364029967140e-01
-6.722973447638562750e-01
-6.729190511323945856e-01
-6.735971051785175634e-01
-6.742081007394413739e-01
-6.746673434677226133e-01
-6.749334425653047420e-01
-6.750051034279913598e-01
-6.749123756128883045e-01
-6.747049444115988948e-01
-6.744399253874122646e-01
-6.741711572343251913e-01
-6.739413314663998955e-01
-6.737775820462524878e-01
-6.736904969647814490e-01
-6.736759907126055325e-01
-6.737191419063583986e-01
-6.737989697502652087e-01
-6.738931797988741979e-01
-6.739821108586344645e-01
-6.740514019833799830e-01
-6.740932083556132604e-01
-6.741060715147019211e-01
-6.740937526785490963e-01
-6.740634476288830390e-01
-6.740238176203231513e-01
-6.739832091878125153e-01
-6.739483230895497723e-01
-6.739234591052937207e-01
-6.739103367341867656e-01
-6.739083927865320289e-01
-6.739153969349725992e-01
-6.739282075055026411e-01
-6.739435063153033090e-01
-6.739583922746241740e-01
-6.739707658843647753e-01
-6.739794886811225627e-01
-6.739843440187612833e-01
-6.739858531523917895e-01
-6.739850121536901106e-01
-6.739830126662614829e-01
-6.739809968617498370e-01
-6.739798789190136752e-01
-6.739802463779391850e-01
-6.739823382713147071e-01
-6.739860851241247230e-01
-6.739911894959622618e-01
-6.739972243896522608e-01
-6.740037294769000153e-01
-6.740102902637302718e-01
-6.740165915746125780e-01
-6.740224428280753299e-01
-6.740277776086044392e-01
-6.740326334981188161e-01
-6.740371198641987860e-01
-6.740413814505138435e-01
-6.740455645160288167e-01
-6.740497903675625180e-01
-6.740541388897820507e-01
-6.740586425136004811e-01
-6.740632892964534273e-01
-6.740680326097830966e-01
-6.740728044042680889e-01
-6.740775291008488379e-01
-6.740821356980903900e-01
-6.740865665085039593e-01
-6.740907818434164200e-01
-6.740947607883086556e-01
-6.740984988276139678e-01
-6.741020034293208063e-01
-6.741052887836815888e-01
-6.741083707522620427e-01
-6.741112627980566652e-01
-6.741139733186176652e-01
-6.741165044685559771e-01
-6.741188522917967996e-01
-6.741210078181226750e-01
-6.741229587175295856e-01
-6.741246911335739833e-01
-6.741261914039212710e-01
-6.741274474887086754e-01
-6.741284500340567476e-01
