-6.740880947660407019e-01
-6.740885647429458727e-01
-6.740888888765880216e-01
-6.740890774327542578e-01
-6.740891471801825352e-01
-6.740891204084378252e-01
-6.740890231288468870e-01
-6.740888822524009338e-01
-6.740887217393916053e-01
-6.740885580213180628e-01
-6.740883953476280999e-01
-6.740882220239435840e-01
-6.740880086883247468e-01
-6.740877097284033725e-01
-6.740872686137603376e-01
-6.740866272928233149e-01
-6.740857389349450557e-01
-6.740845823105161561e-01
-6.740831751832766505e-01
-6.740815834686038066e-01
-6.740799228211253880e-01
-6.740783499383441457e-01
-6.740770422854951427e-01
-6.740761670909964920e-01
-6.740758430807950452e-01
-6.740761010819353860e-01
-6.740768517579756036e-01
-6.740778697103787520e-01
-6.740788024219724894e-01
-6.740792096682052259e-01
-6.740786340645252839e-01
-6.740766967965987622e-01
-6.740732052371130045e-01
-6.740682524777509288e-01
-6.740622844651222856e-01
-6.740561100906151681e-01
-6.740508345441437177e-01
-6.740477070333031895e-01
-6.740478900088472392e-01
-6.740521764112743508e-01
-6.740607009323845711e-01
-6.740727066321439143e-01
-6.740864348409025819e-01
-6.740991999947711921e-01
-6.741076893461744879e-01
-6.741084904067736749e-01
-6.740987999371976791e-01
-6.740772143797552074e-01
-6.740444531565220609e-01
-6.740038355234700962e-01
-6.739613308703761296e-01
-6.739250408476280541e-01
-6.739040530703805931e-01
-6.739067256221913382e-01
-6.739386045035543615e-01
-6.740003182623719447e-01
-6.740859038614328558e-01
-6.741820615688105534e-01
-6.742687847885197039e-01
-6.743216456914677970e-01
-6.743157408411551978e-01
-6.742309388379363888e-01
-6.740576768857372558e-01
-6.738022012336056799e-01
-6.734899285339106534e-01
-6.731656117434603459e-01
-6.728892945907697376e-01
-6.727276576132785735e-01
-6.727412557315719521e-01
-6.729692050899918065e-01
-6.734139067568254422e-01
-6.740291612115921760e-01
-6.747152892258156953e-01
-6.753244349844159666e-01
-6.756779811310084094e-01
-6.755959771295189098e-01
-6.749358516466026359e-01
-6.736347993562185055e-01
-6.717476342833267333e-01
-6.694702704968513718e-01
-6.671390725707526670e-01
-6.651987307484212852e-01
-6.641362789966342994e-01
-6.643859494850791192e-01
-6.662175481823598977e-01
-6.696281810501563125e-01
-6.742616099769390692e-01
-6.793799072207786782e-01
-6.839078680804782095e-01
-6.865619951203927318e-01
-6.860631254930513734e-01
-6.814150461287701299e-01
-6.722110312474194327e-01
-6.589082597947175657e-01
-6.429925259237502244e-01
-6.269527971112935916e-01
-6.140078568212065102e-01
-6.075793464923238130e-01
-6.105767117452198800e-01
-6.246255535387617019e-01
-6.494039651265692825e-01
-6.822368460207857144e-01
-7.180460946921234378e-01
-7.496985318725699621e-01
-7.687710806945808883e-01
-7.667719427112851260e-01
-7.368629953371031993e-01
-6.760117367285636281e-01
-5.871770256560667756e-01
-4.806930563066006412e-01
-3.738059613916481783e-01
-2.877376203736839444e-01
-2.427045711729039490e-01
-2.524071163003702711e-01
-3.199002260877066850e-01
-4.362623173410199451e-01
-5.823863868542441535e-01
-7.329312380870919297e-01
-8.605533487779994939e-01
-9.387797695517153818e-01
-9.435345275369899642e-01
-8.553199047061359472e-01
-6.643875063295211492e-01
-3.785232043164474813e-01
-2.847497963784556899e-02
3.357116399156434006e-01
6.585755627843579152e-01
8.951691560636845235e-01
1.018694762054370928e+00
1.018216613258397407e+00
8.937712645030230219e-01
6.563926239766174620e-01
3.330167312450103001e-01
-3.128448036343241256e-02
-3.810235412051690695e-01
-6.662563853931117164e-01
-8.564081895585043958e-01
-9.438526322756546350e-01
-9.384387273525209849e-01
-8.597132520679190426e-01
-7.317777200627618717e-01
-5.811233161785244183e-01
-4.350994147818592617e-01
-3.190254589680475150e-01
-2.519506905622505566e-01
-2.427104285208168954e-01
-2.881558759990408003e-01
-3.745106126463788598e-01
-4.815192153677086417e-01
-5.879643898135645808e-01
-6.766393069816553085e-01
-7.372656736605243122e-01
-7.669389544239266776e-01
-7.687329251479668724e-01
-7.495103157450228037e-01
-7.177723764678101137e-01
-6.819398713086470831e-01
-6.491353421060795936e-01
-6.244210364418540937e-01
-6.104539743512560346e-01
-6.075387038710245990e-01
-6.140356029770385193e-01
-6.270263431287880218e-01
-6.430861560673015731e-01
-6.589982881244078605e-01
-6.722794591612998305e-01
-6.814513399193349308e-01
-6.860642381324451033e-01
-6.865310904427898153e-01
-6.838523245877841106e-01
-6.793091320839576008e-01
-6.741850635545201254e-01
-6.695538640474404390e-01
-6.661510701328411388e-01
-6.643301872184835810e-01
-6.640915475689943559e-01
-6.651633287346658818e-01
-6.671100326525291058e-01
-6.694441470665809524e-01
-6.717211888920926466e-01
-6.736054927739520970e-01
-6.749021053412143090e-01
-6.755572151941339198e-01
-6.756344981621693613e-01
-6.752771532615767791e-01
-6.746654711149672190e-01
-6.739781338374518649e-01
-6.733628402585638550e-01
-6.729189674535539512e-01
-6.726923496804952940e-01
-6.726802307452965923e-01
-6.728432042816002712e-01
-6.731205217683563502e-01
-6.734454145010204673e-01
-6.737578457387630726e-01
-6.740131413564726115e-01
-6.741860058325485072e-01
-6.742703268110452619e-01
-6.742757889993469256e-01
-6.742226166599236681e-01
-6.741357686211948419e-01
-6.740396902040846072e-01
-6.739543733788426749e-01
-6.738930807656651201e-01
-6.738617268513854563e-01
-6.738596334609850969e-01
-6.738812120557254870e-01
-6.739180742583573691e-01
-6.739611164061389825e-01
-6.740022342913591924e-01
-6.740354666950493234e-01
-6.740575093955009089e-01
-6.740676607768379958e-01
-6.740673413691544713e-01
-6.740593679022233164e-01
-6.740471613918649352e-01
-6.740340378102638308e-01
-6.740226812396356015e-01
-6.740148453856564803e-01
-6.740112802530964231e-01
-6.740118437319517763e-01
-6.740157362102650040e-01
-6.740217901427304481e-01
-6.740287531903629281e-01
-6.740355189749026588e-01
-6.740412790281155031e-01
-6.740455889191532268e-01
-6.740483575849810505e-01
-6.740497796618378779e-01
-6.740502355437556492e-01
-6.740501835182685086e-01
-6.740500639545695671e-01
-6.740502288163844336e-01
-6.740509024111899228e-01
-6.740521726588281082e-01
-6.740540072076938172e-01
-6.740562858857481743e-01
-6.740588402288660852e-01
-6.740614918146353718e-01
-6.740640832744784205e-01
-6.740664985281050736e-01
-6.740686714083287123e-01
-6.740705839895020368e-01
-6.740722573492073932e-01
-6.740737381118541149e-01
-6.740750840271173550e-01
-6.740763512106265898e-01
-6.740775847514063335e-01
-6.740788133999716658e-01
-6.740800481811057843e-01
-6.740812841503688313e-01
-6.740825041860627476e-01
-6.740836836663324227e-01
-6.740847950628037211e-01
-6.740858117978469899e-01
-6.740867110657456918e-01
-6.740874756244941146e-01
