-6.740979430832219066e-01
-6.740983522569229391e-01
-6.740984593634283817e-01
-6.740982978465711595e-01
-6.740979233952384408e-01
-6.740974120837334160e-01
-6.740968550477812737e-01
-6.740963482341307822e-01
-6.740959768229057847e-01
-6.740957955786721634e-01
-6.740958083015339275e-01
-6.740959512392555864e-01
-6.740960862362940231e-01
-6.740960090374016334e-01
-6.740954762183046789e-01
-6.740942506817628743e-01
-6.740921609337177101e-01
-6.740891642633081160e-01
-6.740853996619606825e-01
-6.740812141662081425e-01
-6.740771475199168750e-01
-6.740738653989211127e-01
-6.740720409191297557e-01
-6.740721967293761274e-01
-6.740745335541262762e-01
-6.740787825715297554e-01
-6.740841250149125496e-01
-6.740892196644709955e-01
-6.740923653836737861e-01
-6.740918014851754458e-01
-6.740861160546459674e-01
-6.740746968141259066e-01
-6.740581284463732503e-01
-6.740384235213663366e-01
-6.740189796516254939e-01
-6.740041887922677555e-01
-6.739986861479457803e-01
-6.740063096420708666e-01
-6.740289327418262921e-01
-6.740654138270122386e-01
-6.741109512290672789e-01
-6.741571229499044859e-01
-6.741928093810836131e-01
-6.742060442693134092e-01
-6.741866288339438684e-01
-6.741291098307072849e-01
-6.740355138506229915e-01
-6.739171054606049038e-01
-6.737944516129088512e-01
-6.736952678188545818e-01
-6.736498998552282735e-01
-6.736848218041751046e-01
-6.738151229964708389e-01
-6.740374881440086563e-01
-6.743255002887645899e-01
-6.746290771743268522e-01
-6.748793939523128893e-01
-6.749997316420205395e-01
-6.749214056620256308e-01
-6.746024662098016877e-01
-6.740455150536616147e-01
-6.733101076692605824e-01
-6.725151632819451608e-01
-6.718278590759371172e-01
-6.714377189594489259e-01
-6.715178200347647897e-01
-6.721787083348803593e-01
-6.734239472591804221e-01
-6.751183096263879690e-01
-6.769796636905561771e-01
-6.786031078261102190e-01
-6.795208398884807766e-01
-6.792940470289946520e-01
-6.776246706182852408e-01
-6.744666080988902523e-01
-6.701096453690968957e-01
-6.652075099436572936e-01
-6.607262446768167319e-01
-6.578019925117255529e-01
-6.575173791886330665e-01
-6.606290961917087312e-01
-6.672997217880115572e-01
-6.768977474148250018e-01
-6.879272705481268568e-01
-6.981332236756380150e-01
-7.048030051024218867e-01
-7.052544850663440279e-01
-6.974634658942626686e-01
-6.807376587574076598e-01
-6.562904571551404498e-01
-6.275230276679507613e-01
-5.998227808688710860e-01
-5.797669076136510169e-01
-5.737857602385070255e-01
-5.865403484640505649e-01
-6.194086001406621245e-01
-6.694779548880576137e-01
-7.292986854361162008e-01
-7.874441186580709573e-01
-8.297904328227087012e-01
-8.414775631453637050e-01
-8.096840765694744979e-01
-7.273384582075290705e-01
-5.973116428465992112e-01
-4.355060466911328532e-01
-2.704409625828839703e-01
-1.377220022371843933e-01
-7.032828465605017731e-02
-8.814847835034234080e-02
-1.907248190428101342e-01
-3.558427310723264458e-01
-5.445094515636345056e-01
-7.103975840605472047e-01
-8.099491912503169466e-01
-8.101018518517955069e-01
-6.937719754408455675e-01
-4.648323762526764824e-01
-1.514502161549967085e-01
1.973829956734261537e-01
5.254642510428003677e-01
7.879960345124095156e-01
9.639369948599078031e-01
1.056357929915367810e+00
1.083994493398006131e+00
1.070824479007325580e+00
1.038597210838636542e+00
1.003445878047533268e+00
9.755853750535093960e-01
9.605434979780301807e-01
9.606239950917870862e-01
9.758152643913067248e-01
1.003785680355059995e+00
1.038967236591705978e+00
1.071090243362584626e+00
1.083960147801976914e+00
1.055782895194578908e+00
9.625902876497395289e-01
7.857509721675296488e-01
5.224036055859687666e-01
1.938500379334845147e-01
-1.549171618627166180e-01
-4.676709515285533136e-01
-6.955724687019404495e-01
-8.106940395169831559e-01
-8.093949080217585079e-01
-7.089459865062153199e-01
-5.425504568725545429e-01
-3.538471292298064341e-01
-1.891529715072571838e-01
-8.734261062092378569e-02
-7.042933804191224556e-02
-1.386446020131563150e-01
-2.719150473737201312e-01
-4.371698004216839073e-01
-5.988210479509834538e-01
-7.284516189454821600e-01
-8.102944150561922632e-01
-8.415995853238328328e-01
-8.295210908924898208e-01
-7.869218388663166142e-01
-7.286704906783547653e-01
-6.688756189416988907e-01
-6.189319578582920256e-01
-5.862471964288484827e-01
-5.736892378133872095e-01
-5.798408980003504354e-01
-6.000140477936876104e-01
-6.277668684411740196e-01
-6.565258048559557968e-01
-6.809182248144558525e-01
-6.975632459257232743e-01
-7.052678457649492749e-01
-7.047408444129273919e-01
-6.980170960889869880e-01
-6.877831258631893485e-01
-6.767504365008409906e-01
-6.671689482123688286e-01
-6.605271191027368705e-01
-6.574484734640924088e-01
-6.577634152805746925e-01
-6.607102531209440022e-01
-6.652038623220375424e-01
-6.701080247999341433e-01
-6.744585302426476803e-01
-6.776046289420176727e-01
-6.792598533375578951e-01
-6.794732824890568068e-01
-6.785451483310671605e-01
-6.769154242787651654e-01
-6.750520797928145633e-01
-6.733593823579857585e-01
-6.721183199545885945e-01
-6.714627852975925126e-01
-6.713879735832712914e-01
-6.717823954845436596e-01
-6.724724343306522911e-01
-6.732684383545333162e-01
-6.740034443599138836e-01
-6.745589716017782456e-01
-6.748759954467934419e-01
-6.749524185215959315e-01
-6.748305821366074042e-01
-6.745794039015903243e-01
-6.742756714525223183e-01
-6.739881395029633238e-01
-6.737667263751286884e-01
-6.736376429086777806e-01
-6.736040033342093336e-01
-6.736505575816844615e-01
-6.737507307837830028e-01
-6.738741404334910312e-01
-6.739930898273606141e-01
-6.740870697640681808e-01
-6.741448926345027237e-01
-6.741646094654459853e-01
-6.741517374986577549e-01
-6.741165174455323594e-01
-6.740709329503536962e-01
-6.740260990049514733e-01
-6.739904168840529231e-01
-6.739686588426309077e-01
-6.739619356409322082e-01
-6.739683473147936033e-01
-6.739840374712283699e-01
-6.740043618226042588e-01
-6.740249280625315587e-01
-6.740423448763789294e-01
-6.740546098395252539e-01
-6.740611494161615758e-01
-6.740625856699581364e-01
-6.740603373777630525e-01
-6.740561685037631534e-01
-6.740517800241951907e-01
-6.740485103044825399e-01
-6.740471736248649925e-01
-6.740480337994676496e-01
-6.740508855180288306e-01
-6.740552026088973969e-01
-6.740603097883237638e-01
-6.740655405397403266e-01
-6.740703553398482706e-01
-6.740744080370636437e-01
-6.740775607669066138e-01
-6.740798572460989790e-01
-6.740814696025283492e-01
-6.740826350750612761e-01
-6.740835967372857951e-01
-6.740845580907207646e-01
-6.740856562730643819e-01
-6.740869539044465064e-01
-6.740884460687642799e-01
-6.740900769941564619e-01
-6.740917606510080651e-01
-6.740934004110230582e-01
-6.740949046069952821e-01
-6.740961967503544816e-01
-6.740972208187688830e-01
