-6.741009252253441497e-01
-6.741014084406339313e-01
-6.741017129038819888e-01
-6.741018448223374815e-01
-6.741018144408592594e-01
-6.741016354747694228e-01
-6.741013240823306996e-01
-6.741008972645881059e-01
-6.741003706899776349e-01
-6.740997561085498857e-01
-6.740990587144108925e-01
-6.740982749894574022e-01
-6.740973916642734043e-01
-6.740963864139245532e-01
-6.740952307329096671e-01
-6.740938950965151832e-01
-6.740923560419893601e-01
-6.740906042578544977e-01
-6.740886522541570391e-01
-6.740865398250142082e-01
-6.740843354351309102e-01
-6.740821319683155677e-01
-6.740800360194409979e-01
-6.740781510627170681e-01
-6.740765562616248818e-01
-6.740752841726657119e-01
-6.740743018289083732e-01
-6.740735003245049706e-01
-6.740726977374855711e-01
-6.740716588071613558e-01
-6.740701321871300777e-01
-6.740679025317344308e-01
-6.740648506224172776e-01
-6.740610109321806265e-01
-6.740566133623097089e-01
-6.740520952921724707e-01
-6.740480723184494316e-01
-6.740452614986530699e-01
-6.740443593465444971e-01
-6.740458873310513077e-01
-6.740500285517604384e-01
-6.740564883566063648e-01
-6.740644164007533190e-01
-6.740724256698316097e-01
-6.740787337006944879e-01
-6.740814323427135601e-01
-6.740788664066532654e-01
-6.740700719368249993e-01
-6.740551969516140884e-01
-6.740358079128425661e-01
-6.740149806896083007e-01
-6.739970909416179712e-01
-6.739872584166256564e-01
-6.739904611215385977e-01
-6.740104119312488873e-01
-6.740483698381540822e-01
-6.741021243026869003e-01
-6.741654256072832085e-01
-6.742281196941088961e-01
-6.742771711044330818e-01
-6.742986203304579540e-01
-6.742803329769940790e-01
-6.742151828414950643e-01
-6.741041079928900004e-01
-6.739583360757543939e-01
-6.738000420995562401e-01
-6.736608200020371973e-01
-6.735776387915128893e-01
-6.735864036560739176e-01
-6.737138013341043008e-01
-6.739686869150948167e-01
-6.743347451974066598e-01
-6.747664008977407590e-01
-6.751898390030232067e-01
-6.755104513910336061e-01
-6.756270373533468376e-01
-6.754517287050173513e-01
-6.749330563594171384e-01
-6.740780923405109704e-01
-6.729685354398081687e-01
-6.717653404763569425e-01
-6.706973554189037401e-01
-6.700316059085904552e-01
-6.700262577200912784e-01
-6.708714515638684039e-01
-6.726273735357984895e-01
-6.751721483717669781e-01
-6.781735159739662455e-01
-6.810971314034014457e-01
-6.832604408052034284e-01
-6.839344879150354162e-01
-6.824869967189938214e-01
-6.785492490030512469e-01
-6.721778690875098716e-01
-6.639730642895353974e-01
-6.551109800022481000e-01
-6.472540488855629270e-01
-6.423224324573195698e-01
-6.421404802413709367e-01
-6.480074821574804966e-01
-6.602708315814246331e-01
-6.779920443488036685e-01
-6.987886385699632052e-01
-7.189137325279414403e-01
-7.336120441369105016e-01
-7.377729666011816345e-01
-7.268794088423851107e-01
-6.981965645230857609e-01
-6.520280674923669695e-01
-5.926990348188032609e-01
-5.287954745838218118e-01
-4.722428759527677600e-01
-4.361331243105205369e-01
-4.317148141839097786e-01
-4.653809494284183446e-01
-5.365622441348282257e-01
-6.370932781729569117e-01
-7.520055227883721827e-01
-8.611261278569830591e-01
-9.407465038144943170e-01
-9.652812638796137712e-01
-9.100324805885744439e-01
-7.568303950212260656e-01
-5.028939676821586602e-01
-1.692995033900842050e-01
1.980384686696869956e-01
5.392868637955118283e-01
7.984967935291020780e-01
9.369042269419436408e-01
9.361653458592734678e-01
7.963725236788725681e-01
5.360730393252167714e-01
1.942422345570034292e-01
-1.730457354753057175e-01
-5.060124619505483867e-01
-7.589641012588728142e-01
-9.110955317104325601e-01
-9.653969679834425444e-01
-9.401474606371910125e-01
-8.600776490327965984e-01
-7.507658203790441576e-01
-6.358942927449811044e-01
-5.355934332035533485e-01
-4.647707167801687911e-01
-4.315153370683842970e-01
-4.363172421986081795e-01
-4.727174758323284265e-01
-5.294288410145238100e-01
-5.933539816755588614e-01
-6.525908893206534556e-01
-6.985945298186112540e-01
-7.270848489257232261e-01
-7.377968319672195685e-01
-7.334919223127102095e-01
-7.187007832119984840e-01
-6.985361591203738119e-01
-6.777468054183404256e-01
-6.600674480228329033e-01
-6.478657463861234866e-01
-6.420654210004529405e-01
-6.423066500214791308e-01
-6.472816139830208648e-01
-6.551619877618674037e-01
-6.640279207463093414e-01
-6.722205838784335308e-01
-6.785693456793235878e-01
-6.824800139671329813e-01
-6.839013263326628733e-01
-6.832059597189247269e-01
-6.810284243006515803e-01
-6.780982304924795256e-01
-6.750971118395459047e-01
-6.725576708514433566e-01
-6.708099976556920474e-01
-6.699738214198496244e-01
-6.699871811072635186e-01
-6.706587420198029115e-01
-6.717297923843611462e-01
-6.729333521494571535e-01
-6.740410671830079359e-01
-6.748927383779853573e-01
-6.754074968569842019e-01
-6.755790180903236131e-01
-6.754593299842275300e-01
-6.751366210346936292e-01
-6.747121754113684089e-01
-6.742804886714701684e-01
-6.739151313489379902e-01
-6.736613737269053770e-01
-6.735352306218447271e-01
-6.735276006064845333e-01
-6.736116336583092279e-01
-6.737513526883893711e-01
-6.739097991142064537e-01
-6.740554508076026519e-01
-6.741662394063945296e-01
-6.742310524141004180e-01
-6.742490537311539578e-01
-6.742274439581429357e-01
-6.741783979878115396e-01
-6.741158828759812316e-01
-6.740529150611025422e-01
-6.739996124691753909e-01
-6.739621817658387748e-01
-6.739427925161767252e-01
-6.739401533556228507e-01
-6.739505311355454831e-01
-6.739689402394812845e-01
-6.739902641962345342e-01
-6.740101382475042202e-01
-6.740255012269067425e-01
-6.740348015960984096e-01
-6.740379037175071586e-01
-6.740357797335242429e-01
-6.740300883146601585e-01
-6.740227368347503356e-01
-6.740155038184638681e-01
-6.740097705730321298e-01
-6.740063813354063571e-01
-6.740056253515032125e-01
-6.740073155197269239e-01
-6.740109280460798713e-01
-6.740157656678146258e-01
-6.740211117908087024e-01
-6.740263519997050645e-01
-6.740310503131018427e-01
-6.740349780308416694e-01
-6.740381014134164683e-01
-6.740405398316197116e-01
-6.740425082269380086e-01
-6.740442571083019585e-01
-6.740460206382415942e-01
-6.740479795561713505e-01
-6.740502416461151558e-01
-6.740528389080305827e-01
-6.740557380116274366e-01
-6.740588592027929593e-01
-6.740620985564913514e-01
-6.740653491078727466e-01
-6.740685176255909461e-01
-6.740715352737174371e-01
-6.740743618354592126e-01
-6.740769843178666676e-01
-6.740794114960293459e-01
-6.740816662592794550e-01
-6.740837775417860556e-01
-6.740857732594607299e-01
-6.740876751614471862e-01
-6.740894959614435189e-01
-6.740912386420971902e-01
-6.740928974898777737e-01
-6.740944602448426526e-01
-6.740959107314498100e-01
-6.740972314388025133e-01
-6.740984056925098944e-01
-6.740994192534373042e-01
-6.741002613456563708e-01
