-6.740873994907176092e-01
-6.740878678210138197e-01
-6.740881912114962127e-01
-6.740883804176026617e-01
-6.740884529909204614e-01
-6.740884322357464375e-01
-6.740883453068664544e-01
-6.740882202355570341e-01
-6.740880818817982512e-01
-6.740879471311711502e-01
-6.740878200233214601e-01
-6.740876878267946237e-01
-6.740875192616072598e-01
-6.740872660225172286e-01
-6.740868684088470175e-01
-6.740862652089507634e-01
-6.740854070753105054e-01
-6.740842715908074156e-01
-6.740828772658991053e-01
-6.740812930607895659e-01
-6.740796399388381266e-01
-6.740780816194055225e-01
-6.740768031940478355e-01
-6.740759785246681624e-01
-6.740757300908185590e-01
-6.740760877412361740e-01
-6.740769550299466895e-01
-6.740780928180523102e-01
-6.740791290036923789e-01
-6.740796002274300758e-01
-6.740790261780309489e-01
-6.740770101646605950e-01
-6.740733519209199942e-01
-6.740681516258196782e-01
-6.740618796179042027e-01
-6.740553859864312214e-01
-6.740498295020345143e-01
-6.740465167451782369e-01
-6.740466591750041703e-01
-6.740510762281877177e-01
-6.740598929423177177e-01
-6.740722966042352882e-01
-6.740864236788225439e-01
-6.740994414738388230e-01
-6.741078659935401118e-01
-6.741081183176381719e-01
-6.740972702543429618e-01
-6.740738734408719957e-01
-6.740387153734255232e-01
-6.739953139656889025e-01
-6.739499619368640726e-01
-6.739111733833725859e-01
-6.738884709509413984e-01
-6.738905779384674055e-01
-6.739232298890560635e-01
-6.739869691161490817e-01
-6.740754000740942775e-01
-6.741744280217029095e-01
-6.742629471948234920e-01
-6.743152694950024229e-01
-6.743052925368845374e-01
-6.742120245943588053e-01
-6.740256691273739387e-01
-6.737531034146885256e-01
-6.734213599828943186e-01
-6.730777309680421316e-01
-6.727854366840795297e-01
-6.726144556441769895e-01
-6.726280600457794634e-01
-6.728667134704513497e-01
-6.733320664724121718e-01
-6.739745825619395392e-01
-6.746885891800936674e-01
-6.753180710208884774e-01
-6.756751992233903659e-01
-6.755714478449477145e-01
-6.748583792474269760e-01
-6.734721542007068296e-01
-6.714731007817382746e-01
-6.690699818966524548e-01
-6.666187234797081862e-01
-6.645879558934614240e-01
-6.634890032679935379e-01
-6.637754462840632641e-01
-6.657257930943485391e-01
-6.693302409758749016e-01
-6.742070540489404351e-01
-6.795743247584835611e-01
-6.842983317954143274e-01
-6.870305854647602573e-01
-6.864323263709732892e-01
-6.814677519576952669e-01
-6.717257831902385679e-01
-6.577069261667491951e-01
-6.409931857919664022e-01
-6.242161772888022986e-01
-6.107632713214594666e-01
-6.042177166562459067e-01
-6.076046306779669948e-01
-6.225839246498621193e-01
-6.487639282230089899e-01
-6.832907242566005346e-01
-7.208103222041019054e-01
-7.538411576614645337e-01
-7.735741699225525680e-01
-7.711445920626406325e-01
-7.394326208445457516e-01
-6.753262554130957662e-01
-5.820262533850647513e-01
-4.704931387733204962e-01
-3.589132645320841641e-01
-2.695322519193551480e-01
-2.233542646413845811e-01
-2.343580590771161820e-01
-3.052582429278666853e-01
-4.262716823906140262e-01
-5.771816950814555591e-01
-7.316366699529666118e-01
-8.616574620207122504e-01
-9.406034983906936819e-01
-9.446190295920792179e-01
-8.546711458438291942e-01
-6.616098533338027332e-01
-3.738624271018115564e-01
-2.271159848123376762e-02
3.415766470102957753e-01
6.637513005954911449e-01
8.993923319059423660e-01
1.022270178805327667e+00
1.021799473003056624e+00
8.980149367570086083e-01
6.615966898498942816e-01
3.389104888602657017e-01
-2.549906114550484423e-02
-3.763516142993635905e-01
-6.634785694123518374e-01
-8.557670398974726034e-01
-9.449475155425125505e-01
-9.402701091133944811e-01
-8.608173724911630798e-01
-7.304724441319492279e-01
-5.758972463953595522e-01
-4.250803844700364875e-01
-3.043544481204396579e-01
-2.338790646261595385e-01
-2.233495052083017129e-01
-2.699540462439412591e-01
-3.596340076063074820e-01
-4.713433524989857348e-01
-5.828398431496787380e-01
-6.759771314466447301e-01
-7.398524781089351743e-01
-7.713215226681150449e-01
-7.735391292616546899e-01
-7.536506357877373885e-01
-7.205306622388503168e-01
-6.829860254236980177e-01
-6.484875074845092291e-01
-6.223729305543967971e-01
-6.074776756810480460e-01
-6.041755159981597734e-01
-6.107919907464915976e-01
-6.242926810875609744e-01
-6.410909730624387848e-01
-6.578014853232303505e-01
-6.717984133952699111e-01
-6.815074392307900464e-01
-6.864357938980927276e-01
-6.870009915435283387e-01
-6.842432156927640285e-01
-6.795033519746662698e-01
-6.741299757966401351e-01
-6.692553282658479930e-01
-6.656588680905201061e-01
-6.637195208569576232e-01
-6.634444464055515578e-01
-6.645530491281808061e-01
-6.665904309160196606e-01
-6.690447613731577148e-01
-6.714476120364774037e-01
-6.734437690452489411e-01
-6.748254545295818696e-01
-6.755333719395659742e-01
-6.756322585896379351e-01
-6.752712019493861684e-01
-6.746390826149825104e-01
-6.739238008018376691e-01
-6.732812144057617187e-01
-6.728166881824599876e-01
-6.725793846405420107e-01
-6.725672884183794276e-01
-6.727396368145572847e-01
-6.730329571195512450e-01
-6.733771783261629507e-01
-6.737090854099018200e-01
-6.739814656139833104e-01
-6.741674096925251991e-01
-6.742601772757714773e-01
-6.742696900076123878e-01
-6.742170353003528183e-01
-6.741283730321515621e-01
-6.740294100172820047e-01
-6.739412377601072812e-01
-6.738779135446091306e-01
-6.738457835299835885e-01
-6.738442546922730481e-01
-6.738675478424924759e-01
-6.739069084296656076e-01
-6.739527970604279883e-01
-6.739966966826533845e-01
-6.740323226378984733e-01
-6.740561721706856968e-01
-6.740674758718286919e-01
-6.740676994316282533e-01
-6.740597848876787035e-01
-6.740473199872816235e-01
-6.740337921604843130e-01
-6.740220327258217292e-01
-6.740139002674052637e-01
-6.740102005009409591e-01
-6.740108008600568246e-01
-6.740148751055521359e-01
-6.740212065566532074e-01
-6.740284853964904066e-01
-6.740355515935617658e-01
-6.740415554447468649e-01
-6.740460281226502426e-01
-6.740488714974542939e-01
-6.740502878808846132e-01
-6.740506755863092669e-01
-6.740505158691356691e-01
-6.740502722671545266e-01
-6.740503163517581608e-01
-6.740508861822012143e-01
-6.740520767888460441e-01
-6.740538567913739731e-01
-6.740561022521336376e-01
-6.740586380595339211e-01
-6.740612781514443430e-01
-6.740638581264443152e-01
-6.740662565879580459e-01
-6.740684043201133901e-01
-6.740702826500400979e-01
-6.740719138449464687e-01
-6.740733470499259417e-01
-6.740746431793133153e-01
-6.740758615235581397e-01
-6.740770498685094703e-01
-6.740782388857133878e-01
-6.740794406389304383e-01
-6.740806503943969075e-01
-6.740818505763624957e-01
-6.740830156627128922e-01
-6.740841170038716079e-01
-6.740851268777066085e-01
-6.740860214627550917e-01
-6.740867827332555073e-01
