-6.741265647589874677e-01
-6.741270470599820541e-01
-6.741272769931124786e-01
-6.741272600158635386e-01
-6.741270049219557636e-01
-6.741265231170060490e-01
-6.741258275518615672e-01
-6.741249313191568504e-01
-6.741238459881984113e-01
-6.741225798472926245e-01
-6.741211363223950093e-01
-6.741195129202622871e-01
-6.741177010737214870e-01
-6.741156872193637684e-01
-6.741134552966917548e-01
-6.741109906216141701e-01
-6.741082847771789899e-01
-6.741053408256968416e-01
-6.741021778458025082e-01
-6.740988336163726835e-01
-6.740953642872866691e-01
-6.740918401572093543e-01
-6.740883372444321786e-01
-6.740849251548080012e-01
-6.740816527192358132e-01
-6.740785338231893853e-01
-6.740755365635712204e-01
-6.740725791091631836e-01
-6.740695352086191194e-01
-6.740662510724730883e-01
-6.740625733841715261e-01
-6.740583856803589180e-01
-6.740536476789705800e-01
-6.740484298727915657e-01
-6.740429344655397559e-01
-6.740374940802595916e-01
-6.740325420005972568e-01
-6.740285520718323209e-01
-6.740259524162057758e-01
-6.740250239635362517e-01
-6.740258012090095674e-01
-6.740279970809647248e-01
-6.740309748363074727e-01
-6.740337863349886716e-01
-6.740352873786551458e-01
-6.740343274774633908e-01
-6.740299949735046869e-01
-6.740218814968874650e-01
-6.740103156518482130e-01
-6.739965083183628858e-01
-6.739825543313356926e-01
-6.739712497465465413e-01
-6.739657107275864867e-01
-6.739688171746009981e-01
-6.739825468132389918e-01
-6.740073064400109448e-01
-6.740413976516081984e-01
-6.740807656425762406e-01
-6.741191638941734787e-01
-6.741488203963936776e-01
-6.741616130247944927e-01
-6.741506596696730247e-01
-6.741121162432953673e-01
-6.740468723847078403e-01
-6.739617641881717747e-01
-6.738699098167033608e-01
-6.737898374756573494e-01
-6.737432263094411677e-01
-6.737513147942110203e-01
-6.738303248103941767e-01
-6.739865597812487730e-01
-6.742121024761353887e-01
-6.744821937474215767e-01
-6.747553516192967837e-01
-6.749770413852399509e-01
-6.750872133385215079e-01
-6.750313108357018921e-01
-6.747734955637788579e-01
-6.743099723780181520e-01
-6.736796044865769328e-01
-6.729687004287988605e-01
-6.723071265911351180e-01
-6.718538882992363126e-01
-6.717720392440352795e-01
-6.721950597993371357e-01
-6.731893397621215858e-01
-6.747196142391952423e-01
-6.766255822442351908e-01
-6.786179960981182369e-01
-6.803009145729882468e-01
-6.812234426450849423e-01
-6.809592390863753453e-01
-6.792057178831081288e-01
-6.758879177737591171e-01
-6.712457136610069375e-01
-6.658792690616962551e-01
-6.607286503085754159e-01
-6.569712467948085610e-01
-6.558354393388693415e-01
-6.583486742616218024e-01
-6.650580596782462717e-01
-6.757761075633345049e-01
-6.894091109167551634e-01
-7.039203157759202911e-01
-7.164676346567844245e-01
-7.237399872113362553e-01
-7.224971092151591945e-01
-7.102869763921697555e-01
-6.862607991207068103e-01
-6.519249105805960953e-01
-6.115860292268985310e-01
-5.722183066990552680e-01
-5.425700823249118843e-01
-5.315482929501256226e-01
-5.461919717635439486e-01
-5.897330473325967937e-01
-6.602262581242845929e-01
-7.499969270119006826e-01
-8.458220588910866367e-01
-9.295560840457530727e-01
-9.790999568258685892e-01
-9.702802834216697203e-01
-8.809589289400557854e-01
-6.984882749421799097e-01
-4.293058484930732388e-01
-1.055478937114499027e-01
2.180204592271109409e-01
4.783533437685440481e-01
6.226946588571252716e-01
6.219732642683860613e-01
4.763328283925555295e-01
2.151089773717045073e-01
-1.087664482454554771e-01
-4.322359617755408001e-01
-7.006968769300506716e-01
-8.822636982220202206e-01
-9.707237354264982576e-01
-9.788608222515919888e-01
-9.288630251403791060e-01
-8.448995677156144746e-01
-7.490398109635235668e-01
-6.593881145504153496e-01
-5.891188596040872749e-01
-5.458531212657951048e-01
-5.314828044721263689e-01
-5.427306853890520033e-01
-5.725279335487233334e-01
-6.119572438834645078e-01
-6.522782617810292116e-01
-6.865378113592449649e-01
-7.104558180179766369e-01
-7.225515452724912135e-01
-7.236938478305634526e-01
-7.163473514787731533e-01
-7.037575101986891513e-01
-6.892343988787685838e-01
-6.756146353855624342e-01
-6.649268992416478286e-01
-6.582559902566327281e-01
-6.557811839494037676e-01
-6.569489929863422395e-01
-6.607280652505658214e-01
-6.658886974400388681e-01
-6.712544089836385286e-01
-6.758876115429909293e-01
-6.791914051379066564e-01
-6.809292315299009246e-01
-6.811788602001891402e-01
-6.802448404870921062e-01
-6.785545183496415333e-01
-6.765589040170265633e-01
-6.746533581599274410e-01
-6.731261093300984211e-01
-6.721362665120536040e-01
-6.717179608824810355e-01
-6.718038956194598565e-01
-6.722600031553850330e-01
-6.729229823397311350e-01
-6.736338802425376748e-01
-6.742631034229519260e-01
-6.747247404131511139e-01
-6.749803556062483612e-01
-6.750341261830916650e-01
-6.749221765001851558e-01
-6.746992304075949409e-01
-6.744253876687001936e-01
-6.741551358702614349e-01
-6.739298433320793924e-01
-6.737741228729725584e-01
-6.736957436661517029e-01
-6.736882763287139753e-01
-6.737354097611264470e-01
-6.738158583487691144e-01
-6.739079353083996526e-01
-6.739931360971024299e-01
-6.740583863378933893e-01
-6.740969021612408518e-01
-6.741078443540808873e-01
-6.740950980966744499e-01
-6.740655729561896292e-01
-6.740274037113838101e-01
-6.739883616285770040e-01
-6.739546822401740744e-01
-6.739304031314581334e-01
-6.739172032974910520e-01
-6.739146577965789975e-01
-6.739207744830462143e-01
-6.739326640822110859e-01
-6.739472063365469223e-01
-6.739616057364095081e-01
-6.739737714133052782e-01
-6.739824983936677505e-01
-6.739874644667428472e-01
-6.739890836772907123e-01
-6.739882718143115348e-01
-6.739861815554244462e-01
-6.739839573386066096e-01
-6.739825458994225249e-01
-6.739825814296475093e-01
-6.739843478722379322e-01
-6.739878075612312225e-01
-6.739926767772336236e-01
-6.739985252576887742e-01
-6.740048777701853622e-01
-6.740113003563731331e-01
-6.740174602841150220e-01
-6.740231556007222347e-01
-6.740283162069546918e-01
-6.740329827294674336e-01
-6.740372717874154596e-01
-6.740413365874832197e-01
-6.740453305281050023e-01
-6.740493792229694803e-01
-6.740535636865424562e-01
-6.740579149079819476e-01
-6.740624180702384782e-01
-6.740670234579057007e-01
-6.740716606704023617e-01
-6.740762530033235223e-01
-6.740807295779734920e-01
-6.740850337520298829e-01
-6.740891273140363626e-01
-6.740929907823283163e-01
-6.740966206936730432e-01
-6.741000250453301756e-01
-6.741032180703546706e-01
-6.741062153425843029e-01
-6.741090299058554169e-01
-6.741116697824636184e-01
-6.741141369056592447e-01
-6.741164272850086459e-01
-6.741185320726507113e-01
-6.741204391517677807e-01
-6.741221348986049522e-01
-6.741236058491761884e-01
-6.741248401018753444e-01
-6.741258283814003383e-01
