-6.741131898676128165e-01
-6.741136850008018211e-01
-6.741139828881950180e-01
-6.741140799624150137e-01
-6.741139725639456737e-01
-6.741136594949074246e-01
-6.741131445570428538e-01
-6.741124382832512918e-01
-6.741115581570686910e-01
-6.741105268754487012e-01
-6.741093686227471737e-01
-6.741081038289629124e-01
-6.741067433917172780e-01
-6.741052837353808114e-01
-6.741037042441280214e-01
-6.741019684412865587e-01
-6.741000297466573921e-01
-6.740978417519567500e-01
-6.740953718265138006e-01
-6.740926157026803089e-01
-6.740896097596356107e-01
-6.740864373121734365e-01
-6.740832255628984582e-01
-6.740801311264914553e-01
-6.740773141444524885e-01
-6.740749037267604882e-01
-6.740729603189761221e-01
-6.740714429711019973e-01
-6.740701906853105996e-01
-6.740689264282261339e-01
-6.740672896346320275e-01
-6.740648981202203016e-01
-6.740614337752302010e-01
-6.740567392605022468e-01
-6.740509066335698130e-01
-6.740443350751100793e-01
-6.740377352486424112e-01
-6.740320634129213229e-01
-6.740283794599211120e-01
-6.740276386555427157e-01
-6.740304448152346639e-01
-6.740368095933051418e-01
-6.740459743998428177e-01
-6.740563540343403881e-01
-6.740656511531539774e-01
-6.740711667199684731e-01
-6.740702948683431339e-01
-6.740611455815439523e-01
-6.740431928793455540e-01
-6.740178098224410830e-01
-6.739885355428397729e-01
-6.739609333730908203e-01
-6.739419488718514373e-01
-6.739387617475784964e-01
-6.739572378887644932e-01
-6.740002098034554301e-01
-6.740659212619609653e-01
-6.741470362713332110e-01
-6.742306062753757878e-01
-6.742992928511576389e-01
-6.743339505722872884e-01
-6.743174002235620135e-01
-6.742389027777470067e-01
-6.740985374282908449e-01
-6.739104656516924363e-01
-6.737040045071414074e-01
-6.735216001175403644e-01
-6.734132184453388570e-01
-6.734273368575047769e-01
-6.735995464851696202e-01
-6.739406203654586536e-01
-6.744265785212357756e-01
-6.749935869182336345e-01
-6.755402884760814963e-01
-6.759392779788737649e-01
-6.760579043748479178e-01
-6.757865534112873496e-01
-6.750703165990712407e-01
-6.739379149483599729e-01
-6.725204500630490578e-01
-6.710525615275039213e-01
-6.698503303259807362e-01
-6.692639442456214116e-01
-6.696084271286403267e-01
-6.710817801973495422e-01
-6.736854023153212578e-01
-6.771652169284753109e-01
-6.809923519596277064e-01
-6.843988505355983465e-01
-6.864766807379500957e-01
-6.863376216336869451e-01
-6.833180527529859605e-01
-6.771973787329578220e-01
-6.683841355265476292e-01
-6.580141576493320210e-01
-6.479067737312752540e-01
-6.403435983327503411e-01
-6.376712734674488958e-01
-6.417775400430437704e-01
-6.535346704151532293e-01
-6.723292485720967493e-01
-6.957935343503742764e-01
-7.198258421598915380e-01
-7.389518664165382056e-01
-7.470513636146797198e-01
-7.384514715756602676e-01
-7.093352774312007281e-01
-6.592846214726993948e-01
-5.925640352820407131e-01
-5.185586046390463499e-01
-4.508001753315459270e-01
-4.044031599759332352e-01
-3.923886879173431597e-01
-4.219519677644223976e-01
-4.918665369162728007e-01
-5.918205396608674507e-01
-7.037231051086194622e-01
-8.042786044144822899e-01
-8.679041895717137800e-01
-8.696876728673724744e-01
-7.891534347442257236e-01
-6.158578072969851380e-01
-3.560403286875620243e-01
-3.634527533391915255e-02
3.004578472081755880e-01
6.083121558907846893e-01
8.524227454807219440e-01
1.015986397011168885e+00
1.096424269115075845e+00
1.096064076341197957e+00
1.014887545649457712e+00
8.505675549437238248e-01
6.057712517450362100e-01
2.974620518339037289e-01
-3.941410082071663407e-02
-3.587541148359922882e-01
-6.178809469851814784e-01
-7.903274467822329896e-01
-8.700303152372650395e-01
-8.675566510322492153e-01
-8.034485530280508492e-01
-7.026448949225557739e-01
-5.907274296595712570e-01
-4.909636129772185220e-01
-4.213873171988963273e-01
-3.922303422296099518e-01
-4.046317084599749814e-01
-4.513218132258553505e-01
-5.192352811236626842e-01
-5.932508041396096221e-01
-6.598622785761898424e-01
-7.097297220948011187e-01
-7.386377305101238244e-01
-7.470458917238772534e-01
-7.387989802036035725e-01
-7.195832390341192486e-01
-6.955197460412380073e-01
-6.720741808793342376e-01
-6.533335524752077461e-01
-6.416483074869567815e-01
-6.376151817677879752e-01
-6.403485079512583056e-01
-6.479521513042776348e-01
-6.580765941381994111e-01
-6.684422293270456672e-01
-6.772351613901117506e-01
-6.833266151765199359e-01
-6.863150578266795643e-01
-6.864267789604500125e-01
-6.843290896031416493e-01
-6.809117352948405033e-01
-6.770823607675484634e-01
-6.736071429424533852e-01
-6.710124143227987892e-01
-6.695495690468832306e-01
-6.692148842461569380e-01
-6.698087181781710031e-01
-6.710152198270001866e-01
-6.724841416811583317e-01
-6.738999367623380587e-01
-6.750288534152909525e-01
-6.757407862547557542e-01
-6.760079142510503347e-01
-6.758858136459828803e-01
-6.754844742871575214e-01
-6.749366382258484842e-01
-6.743695734171739620e-01
-6.738843538342744743e-01
-6.735444715565777063e-01
-6.733735806004982338e-01
-6.733606504364607614e-01
-6.734699275049295109e-01
-6.736528698992193531e-01
-6.738595299380721881e-01
-6.740475372003528198e-01
-6.741876793850051230e-01
-6.742659033431320781e-01
-6.742822228137005380e-01
-6.742474433213578866e-01
-6.741787805974046588e-01
-6.740953889284321265e-01
-6.740145940000982216e-01
-6.739493177251395517e-01
-6.739068631720106506e-01
-6.738889537869715562e-01
-6.738927290611009813e-01
-6.739123026242149761e-01
-6.739404828183189755e-01
-6.739703203016625954e-01
-6.739962547814953853e-01
-6.740147550574285829e-01
-6.740244587217629757e-01
-6.740259030145281383e-01
-6.740209879993023234e-01
-6.740123270290164781e-01
-6.740026232986708887e-01
-6.739941748238610364e-01
-6.739885643861540654e-01
-6.739865458878330218e-01
-6.739881017844243649e-01
-6.739926222728704897e-01
-6.739991469548481939e-01
-6.740066123166699175e-01
-6.740140602718615037e-01
-6.740207800363152701e-01
-6.740263736297934516e-01
-6.740307509490067739e-01
-6.740340714291348512e-01
-6.740366548858971463e-01
-6.740388844579683347e-01
-6.740411207641365809e-01
-6.740436400462428423e-01
-6.740466018784329050e-01
-6.740500454536162422e-01
-6.740539085437526889e-01
-6.740580604836142742e-01
-6.740623399596030740e-01
-6.740665896139137470e-01
-6.740706818777729703e-01
-6.740745333278518325e-01
-6.740781075862617433e-01
-6.740814088926594394e-01
-6.740844697179078082e-01
-6.740873361270656172e-01
-6.740900541734846652e-01
-6.740926596637835111e-01
-6.740951724641819354e-01
-6.740975953891733541e-01
-6.740999168248731355e-01
-6.741021157044777556e-01
-6.741041672956542552e-01
-6.741060484292454857e-01
-6.741077411969786937e-01
-6.741092346543396951e-01
-6.741105245696871195e-01
-6.741116116711828310e-01
-6.741124991009664891e-01
