-6.741199361915319876e-01
-6.741204205281055017e-01
-6.741206726540515115e-01
-6.741206997334946438e-01
-6.741205124829012796e-01
-6.741201233484531707e-01
-6.741195444244436619e-01
-6.741187854887733533e-01
-6.741178525184278181e-01
-6.741167469689618441e-01
-6.741154659688337603e-01
-6.741140034145923776e-01
-6.741123517875586835e-01
-6.741105043807481545e-01
-6.741084575556979264e-01
-6.741062126593745374e-01
-6.741037773193517824e-01
-6.741011659777544907e-01
-6.740983996801781508e-01
-6.740955052559545191e-01
-6.740925140683011740e-01
-6.740894604570364379e-01
-6.740863798581562261e-01
-6.740833064188659352e-01
-6.740802698209312771e-01
-6.740772910768073611e-01
-6.740743773463920840e-01
-6.740715163518193886e-01
-6.740686716669302969e-01
-6.740657808476137047e-01
-6.740627587843982527e-01
-6.740595085015722576e-01
-6.740559406499104789e-01
-6.740520010457382583e-01
-6.740477029446967361e-01
-6.740431577521480699e-01
-6.740385953011133191e-01
-6.740343636001802086e-01
-6.740308989927834560e-01
-6.740286616348574178e-01
-6.740280381974345092e-01
-6.740292230515360083e-01
-6.740320993127155713e-01
-6.740361496259806851e-01
-6.740404306117583344e-01
-6.740436417479152009e-01
-6.740443072893949061e-01
-6.740410684501831895e-01
-6.740330546086196195e-01
-6.740202714067987655e-01
-6.740039171923226657e-01
-6.739865254469838973e-01
-6.739718374503191889e-01
-6.739643417964250593e-01
-6.739684763116284838e-01
-6.739875679285642907e-01
-6.740226747066042634e-01
-6.740715728175820098e-01
-6.741281776823714322e-01
-6.741826808916411284e-01
-6.742226073965983391e-01
-6.742348466167439325e-01
-6.742084986571135197e-01
-6.741381332437514917e-01
-6.740268318404069037e-01
-6.738882316178592680e-01
-6.737467734926970708e-01
-6.736355224060932567e-01
-6.735912949896076807e-01
-6.736473742435388212e-01
-6.738247396463186156e-01
-6.741233740234405802e-01
-6.745156734629524919e-01
-6.749441264771267601e-01
-6.753251157349197120e-01
-6.755598670867776212e-01
-6.755522579824088103e-01
-6.752315461778582995e-01
-6.745763534333646394e-01
-6.736348044778907029e-01
-6.725350065822562895e-01
-6.714804701043822766e-01
-6.707268931929478706e-01
-6.705399762746963033e-01
-6.711382340573597283e-01
-6.726293855149373391e-01
-6.749528016872214931e-01
-6.778426109309576564e-01
-6.808255619319699692e-01
-6.832642007111513482e-01
-6.844493489722237589e-01
-6.837366644434490492e-01
-6.807109570463628634e-01
-6.753502444852346187e-01
-6.681516005679497550e-01
-6.601763076593609725e-01
-6.529769706470329726e-01
-6.483871487237363729e-01
-6.481839059487571886e-01
-6.536691383276846956e-01
-6.652459790534832607e-01
-6.820816096110928761e-01
-7.019428964445418861e-01
-7.212708411740784697e-01
-7.355343448432836162e-01
-7.398805553734330021e-01
-7.300710868111994767e-01
-7.036362779534096612e-01
-6.610684849278041231e-01
-6.067226961544349706e-01
-5.489814970206756684e-01
-4.993027597309881993e-01
-4.700795642426066068e-01
-4.717135877598824800e-01
-5.096908478631561046e-01
-5.825145781616981600e-01
-6.810272391536982273e-01
-7.890862105287196337e-01
-8.850694174150603999e-01
-9.436967901381025925e-01
-9.383884634681708414e-01
-8.454085519208306421e-01
-6.510672303198999922e-01
-3.608690784206425861e-01
-5.326762679108861670e-03
3.643164374203998745e-01
6.912170105251785879e-01
9.299576895392154263e-01
1.054203859508499930e+00
1.053656968703706287e+00
9.283555438749272470e-01
6.887077953792207774e-01
3.612111952707875995e-01
-8.566006972768229824e-03
-3.637455359171374858e-01
-6.532079878930179273e-01
-8.466558864392333961e-01
-9.387858398462379794e-01
-9.434140884410415762e-01
-8.843284424215807071e-01
-7.881138303911907617e-01
-6.800310077171662915e-01
-5.816664680296909085e-01
-5.091117942963387932e-01
-4.714610651812958242e-01
-4.701443273217391083e-01
-4.996185718555451460e-01
-5.494464053150689420e-01
-6.072257325452600218e-01
-6.615139069749665923e-01
-7.039592511516630235e-01
-7.302427513179905461e-01
-7.399042912719153708e-01
-7.354369605673114485e-01
-7.210922346843090525e-01
-7.017265178104696854e-01
-6.818668582533032874e-01
-6.650629581049604111e-01
-6.535358736546594827e-01
-6.481059489123841555e-01
-6.483592503739721291e-01
-6.529862442478069351e-01
-6.602060919710145415e-01
-6.681851988780653784e-01
-6.753738693134154758e-01
-6.807154990581957277e-01
-6.837182235451815249e-01
-6.844087228909205844e-01
-6.832056737399081481e-01
-6.807553743222236609e-01
-6.777674470154635422e-01
-6.748785477613248318e-01
-6.725603050913178116e-01
-6.710766070176612530e-01
-6.704861619165395359e-01
-6.706797140026570236e-01
-6.714377789813605890e-01
-6.724942964790636690e-01
-6.735937418604038829e-01
-6.745331567825361141e-01
-6.751851768466013981e-01
-6.755024327095687786e-01
-6.755069320488287232e-01
-6.752698379472710233e-01
-6.748874601471355206e-01
-6.744585496646949840e-01
-6.740665461945175574e-01
-6.737686993908371669e-01
-6.735923355464672468e-01
-6.735372328111173257e-01
-6.735822449806381229e-01
-6.736940064721804733e-01
-6.738356954232863627e-01
-6.739742995657324043e-01
-6.740854633743191826e-01
-6.741556431454680531e-01
-6.741818394260169489e-01
-6.741695410065844385e-01
-6.741296785514844236e-01
-6.740753678743534039e-01
-6.740190701573399723e-01
-6.739705690432493679e-01
-6.739359212833695434e-01
-6.739173258482907825e-01
-6.739137063586412291e-01
-6.739217252475881992e-01
-6.739369410053457354e-01
-6.739548664543922873e-01
-6.739717646284836272e-01
-6.739851072905551632e-01
-6.739937008803311702e-01
-6.739975433614580069e-01
-6.739975076187545433e-01
-6.739949535580166406e-01
-6.739913572419408139e-01
-6.739880190216591682e-01
-6.739858818125429307e-01
-6.739854622782267546e-01
-6.739868763659413453e-01
-6.739899284857256978e-01
-6.739942304722935651e-01
-6.739993204795590165e-01
-6.740047604259542524e-01
-6.740102006997988893e-01
-6.740154101704857181e-01
-6.740202765535261431e-01
-6.740247861596389001e-01
-6.740289931207722463e-01
-6.740329869807617502e-01
-6.740368649836372406e-01
-6.740407124120365578e-01
-6.740445916589336006e-01
-6.740485388084805907e-01
-6.740525655076871070e-01
-6.740566637374971748e-01
-6.740608114955425334e-01
-6.740649780875498376e-01
-6.740691284255178051e-01
-6.740732262674311581e-01
-6.740772366265017634e-01
-6.740811276392613127e-01
-6.740848720836281061e-01
-6.740884485763108946e-01
-6.740918423406574433e-01
-6.740950453772623918e-01
-6.740980559070393063e-01
-6.741008770714880249e-01
-6.741035150263453568e-01
-6.741059767045246565e-01
-6.741082676115847105e-01
-6.741103900284615147e-01
-6.741123419291716878e-01
-6.741141167917115151e-01
-6.741157043171500662e-01
-6.741170919084470414e-01
-6.741182666278032753e-01
-6.741192172720692488e-01
