-6.741142309321096482e-01
-6.741147281201183006e-01
-6.741150291680190199e-01
-6.741151304464121363e-01
-6.741150278358309933e-01
-6.741147189120738625e-01
-6.741142052308219945e-01
-6.741134940848902968e-01
-6.741125991299538045e-01
-6.741115394307234387e-01
-6.741103367687927284e-01
-6.741090114482468643e-01
-6.741075772767921581e-01
-6.741060368003778391e-01
-6.741043781214565156e-01
-6.741025746300921551e-01
-6.741005886464348507e-01
-6.740983792929581275e-01
-6.740959139460638294e-01
-6.740931815105278835e-01
-6.740902047492252080e-01
-6.740870482648079198e-01
-6.740838187422948380e-01
-6.740806549170805795e-01
-6.740777064778141758e-01
-6.740751035892534881e-01
-6.740729215415843800e-01
-6.740711476161174165e-01
-6.740696589043206899e-01
-6.740682198503006317e-01
-6.740665062184545420e-01
-6.740641578915954613e-01
-6.740608567481971569e-01
-6.740564187661831630e-01
-6.740508828577129741e-01
-6.740445744534033778e-01
-6.740381212063258909e-01
-6.740324026434899585e-01
-6.740284255994539730e-01
-6.740271321104357449e-01
-6.740291640973941067e-01
-6.740346263706328278e-01
-6.740429021712175395e-01
-6.740525794222916867e-01
-6.740615376778440471e-01
-6.740672237829796742e-01
-6.740671094927431772e-01
-6.740592808898010491e-01
-6.740430646762050060e-01
-6.740195599722733633e-01
-6.739919267553227122e-01
-6.739652929810715509e-01
-6.739461876280855579e-01
-6.739414863170483105e-01
-6.739569620323808685e-01
-6.739956498744504865e-01
-6.740563387395296369e-01
-6.741325674666528434e-01
-6.742125023009818419e-01
-6.742799873774386610e-01
-6.743168842499656090e-01
-6.743065623614296067e-01
-6.742381027305879293e-01
-6.741104849970086521e-01
-6.739358108788430224e-01
-6.737405468575661249e-01
-6.735639066664068642e-01
-6.734528728358423200e-01
-6.734539638209950940e-01
-6.736026199746001364e-01
-6.739118808572001074e-01
-6.743626864065652704e-01
-6.748984664893004082e-01
-6.754265192783451832e-01
-6.758279124506807456e-01
-6.759762641007263095e-01
-6.757638882907246458e-01
-6.751316762023537033e-01
-6.740971147187723167e-01
-6.727735124921577770e-01
-6.713733390740296292e-01
-6.701900312711351893e-01
-6.695558767629077312e-01
-6.697784229385816968e-01
-6.710635462041264487e-01
-6.734386855675960071e-01
-6.766934440871590350e-01
-6.803556165247651721e-01
-6.837180059439253998e-01
-6.859250010547539578e-01
-6.861180873413348369e-01
-6.836268320063505488e-01
-6.781774319140545515e-01
-6.700767297808167822e-01
-6.603195957794235627e-01
-6.505674205664497833e-01
-6.429607592315701448e-01
-6.397617611885754174e-01
-6.428665607240057200e-01
-6.532714708466710318e-01
-6.706041648225143925e-01
-6.928321259112517616e-01
-7.162376744249028260e-01
-7.357156430291846849e-01
-7.454215453190857765e-01
-7.397748442403840885e-01
-7.147762768655208099e-01
-6.694864285795516512e-01
-6.073213055233811497e-01
-5.366271255210671720e-01
-4.699762768491616560e-01
-4.219369038511803782e-01
-4.056647203486378195e-01
-4.292477289569741616e-01
-4.929490755604934993e-01
-5.881948777525572991e-01
-6.984712490285488462e-01
-8.015628392974376570e-01
-8.722601845146423782e-01
-8.851581448152614495e-01
-8.182169472396112475e-01
-6.582219117991787716e-01
-4.077961252981790463e-01
-9.035451166024272007e-02
2.524717285660415533e-01
5.727595252203988574e-01
8.316244379331999559e-01
1.007789050896598759e+00
1.095326257152873017e+00
1.094904051374447462e+00
1.006512185753810185e+00
8.295019265951274479e-01
5.699101285670824524e-01
2.491888206085198509e-01
-9.363237617640632338e-02
-4.106120241602426724e-01
-6.602458689694001848e-01
-8.193199646689284243e-01
-8.853947584659391801e-01
-8.718043150466899815e-01
-8.006465586428981318e-01
-6.973440374287299681e-01
-5.870953201317221648e-01
-4.920776572068925603e-01
-4.287395389025877024e-01
-4.055700866705414520e-01
-4.222189878031650800e-01
-4.705287234787763340e-01
-5.373068794326034681e-01
-6.079859690316704590e-01
-6.700246791148078973e-01
-7.151240572119789141e-01
-7.399165786792991639e-01
-7.453806902715105487e-01
-7.355404347535527965e-01
-7.159867004640769750e-01
-6.925622575838407124e-01
-6.703618279679433023e-01
-6.530874808681790267e-01
-6.427544370001045948e-01
-6.397191658997751773e-01
-6.429733459247791716e-01
-6.506140367858037621e-01
-6.603776378654059309e-01
-6.701265898523608433e-01
-6.782053620725082554e-01
-6.836260334023201990e-01
-6.860882515876429721e-01
-6.858707875176670576e-01
-6.836470134779459862e-01
-6.802763458218907822e-01
-6.766136104708457832e-01
-6.733640848552182590e-01
-6.709975310690899919e-01
-6.697219308976392060e-01
-6.695078716251713358e-01
-6.701481808785592076e-01
-6.713347519718113610e-01
-6.727353877408528415e-01
-6.740572104232019912e-01
-6.750885593183234556e-01
-6.757169781747518478e-01
-6.759257167609677985e-01
-6.757744086854940990e-01
-6.753710197364609646e-01
-6.748419849388939129e-01
-6.743061148458975307e-01
-6.738558816001216645e-01
-6.735475841190745605e-01
-6.734000245214306624e-01
-6.733999560440233623e-01
-6.735118008886151753e-01
-6.736889757633379716e-01
-6.738844968340468311e-01
-6.740591964395695745e-01
-6.741866827525865302e-01
-6.742549393163141946e-01
-6.742650674674303124e-01
-6.742280522240853280e-01
-6.741605691062373396e-01
-6.740807785099106608e-01
-6.740048367972432120e-01
-6.739445609221589306e-01
-6.739063836995358159e-01
-6.738914826868279695e-01
-6.738967900397346833e-01
-6.739165057121536684e-01
-6.739437359159594632e-01
-6.739719436929116902e-01
-6.739960027354469085e-01
-6.740127622797358331e-01
-6.740211369773437822e-01
-6.740218151570545047e-01
-6.740167240549590488e-01
-6.740084013600481372e-01
-6.739994047079701511e-01
-6.739918540751902443e-01
-6.739871570484422536e-01
-6.739859233907773417e-01
-6.739880404984589513e-01
-6.739928593965054393e-01
-6.739994328311973426e-01
-6.740067511103451370e-01
-6.740139341640905002e-01
-6.740203556169934718e-01
-6.740256923812013579e-01
-6.740299081414650173e-01
-6.740331890809114768e-01
-6.740358545935374313e-01
-6.740382650083143190e-01
-6.740407437961354331e-01
-6.740435250391146882e-01
-6.740467298173535848e-01
-6.740503690139570958e-01
-6.740543657646440590e-01
-6.740585887427352763e-01
-6.740628875375798135e-01
-6.740671230592287788e-01
-6.740711885021212213e-01
-6.740750192261337759e-01
-6.740785923826595472e-01
-6.740819188452340516e-01
-6.740850308444191752e-01
-6.740879687052553360e-01
-6.740907694405421369e-01
-6.740934589382996389e-01
-6.740960483768149158e-01
-6.740985345365897441e-01
-6.741009030046811734e-01
-6.741031329423020635e-01
-6.741052020900835107e-01
-6.741070909398635402e-01
-6.741087854022218551e-01
-6.741102777392187217e-01
-6.741115659244659719e-01
-6.741126518796856093e-01
-6.741135391912989050e-01
