-6.741157280956453501e-01
-6.741162161575084966e-01
-6.741164889011804773e-01
-6.741165500190775539e-01
-6.741164056766115742e-01
-6.741160642171379891e-01
-6.741155356329529003e-01
-6.741148307395714578e-01
-6.741139600386473196e-01
-6.741129323347296864e-01
-6.741117532712846971e-01
-6.741104240524784519e-01
-6.741089406930564909e-01
-6.741072941604202562e-01
-6.741054717148302622e-01
-6.741034595995933909e-01
-6.741012469844407384e-01
-6.740988307463200435e-01
-6.740962203321025914e-01
-6.740934416593828971e-01
-6.740905388600985093e-01
-6.740875727404344042e-01
-6.740846151801658248e-01
-6.740817393415673431e-01
-6.740790064550579164e-01
-6.740764509749785915e-01
-6.740740668629413568e-01
-6.740717984173160149e-01
-6.740695391748314780e-01
-6.740671417575199165e-01
-6.740644400249614643e-01
-6.740612825811301834e-01
-6.740575738415380824e-01
-6.740533159599447766e-01
-6.740486425788116964e-01
-6.740438343105620289e-01
-6.740393067196251975e-01
-6.740355647707256814e-01
-6.740331232552255747e-01
-6.740324001021017475e-01
-6.740335976512035199e-01
-6.740365943362719436e-01
-6.740408739075046674e-01
-6.740455194488669255e-01
-6.740492935819597520e-01
-6.740508138524765602e-01
-6.740488141021570012e-01
-6.740424608783722737e-01
-6.740316723321294612e-01
-6.740173704062792925e-01
-6.740015905926106665e-01
-6.739873816563267672e-01
-6.739784531548183022e-01
-6.739785709807293301e-01
-6.739907563708110727e-01
-6.740164036088970301e-01
-6.740544843073874581e-01
-6.741010380315064499e-01
-6.741491469542797432e-01
-6.741895464810270244e-01
-6.742119312211356519e-01
-6.742068823601284899e-01
-6.741681850578858937e-01
-6.740951498540961317e-01
-6.739944346343216264e-01
-6.738808203542830944e-01
-6.737764564020064517e-01
-6.737082786645375299e-01
-6.737036116713615019e-01
-6.737843643883649758e-01
-6.739606569423113314e-01
-6.742250882711647852e-01
-6.745490757734654563e-01
-6.748826762765214315e-01
-6.751589677793099487e-01
-6.753034138443307910e-01
-6.752476890017552469e-01
-6.749463263630688381e-01
-6.743934406390611480e-01
-6.736359219189325120e-01
-6.727791574214081471e-01
-6.719817668024321566e-01
-6.714371843419626451e-01
-6.713421693687608993e-01
-6.718552260929616660e-01
-6.730509832155607830e-01
-6.748791757045282669e-01
-6.771383094840554007e-01
-6.794738219040410421e-01
-6.814082603989487508e-01
-6.824066423350092503e-01
-6.819739341538869626e-01
-6.797739647628712190e-01
-6.757509364602805046e-01
-6.702275362412254411e-01
-6.639497934998874751e-01
-6.580510563157014881e-01
-6.539179650358418749e-01
-6.529601576831387533e-01
-6.563094089411968257e-01
-6.644967396532552861e-01
-6.771707543397720297e-01
-6.929227271144097200e-01
-7.092745107275281180e-01
-7.228694086721481060e-01
-7.298888879528927509e-01
-7.266978447121444917e-01
-7.106859161886063259e-01
-6.812052785855217119e-01
-6.404043333624334089e-01
-5.936579058418848254e-01
-5.492756251434796066e-01
-5.173068688721136343e-01
-5.075516481486075371e-01
-5.272134715634557711e-01
-5.788129738787434198e-01
-6.588976368909428283e-01
-7.577505402008014590e-01
-8.598883983092242556e-01
-9.449364252508524187e-01
-9.887762840831235689e-01
-9.657223121653339959e-01
-8.533035143545245615e-01
-6.407066802692433782e-01
-3.388963157680641713e-01
1.389384802608233105e-02
3.581049167951982359e-01
6.297188120263436106e-01
7.783984691123889688e-01
7.777242000300990110e-01
6.278129376743740719e-01
3.553125660739777092e-01
1.073912580531428268e-02
-3.418419957760384653e-01
-6.429965970116419127e-01
-8.547240630994829003e-01
-9.662872778303392973e-01
-9.886459797491198298e-01
-9.443298066243938083e-01
-8.590254416125299164e-01
-7.568250239002326518e-01
-6.580655082710599180e-01
-5.781848978593499000e-01
-5.268488977735285017e-01
-5.074572749122004955e-01
-5.174427645215080585e-01
-5.495693657253640785e-01
-5.940236344877662944e-01
-6.407616644189653154e-01
-6.814933179439262023e-01
-7.108699242887559500e-01
-7.267688501808492463e-01
-7.298584665603424781e-01
-7.227623225282622244e-01
-7.091213292778453248e-01
-6.927536477300446638e-01
-6.770111191821364116e-01
-6.643643420151270629e-01
-6.562134919658492160e-01
-6.529018876185398446e-01
-6.538920398674107348e-01
-6.580480009425342391e-01
-6.639584427061308025e-01
-6.702372503272319149e-01
-6.757532255293859924e-01
-6.797633751159800619e-01
-6.819482209234315473e-01
-6.823663758137306079e-01
-6.813560738118069615e-01
-6.794135124981601770e-01
-6.770739713213327349e-01
-6.748144908136739506e-01
-6.729887421393586644e-01
-6.717970979402374532e-01
-6.712886999380527353e-01
-6.713879713902805024e-01
-6.719357454709059541e-01
-6.727349261198853902e-01
-6.735920477482248980e-01
-6.743487001936914194e-01
-6.748998581186053114e-01
-6.751990531965166298e-01
-6.752525715868084033e-01
-6.751062012967752324e-01
-6.748284764622877185e-01
-6.744940222800650531e-01
-6.741697427501851525e-01
-6.739054832699358233e-01
-6.737296823633562859e-01
-6.736495839734919500e-01
-6.736549256844693856e-01
-6.737236903575088975e-01
-6.738284889602877969e-01
-6.739423652359066708e-01
-6.740431868756284750e-01
-6.741162162760486742e-01
-6.741548522931558596e-01
-6.741598423662058526e-01
-6.741374509121101921e-01
-6.740971317758407411e-01
-6.740492083899297659e-01
-6.740029472314513770e-01
-6.739652550924776220e-01
-6.739400730559343966e-01
-6.739284067584174753e-01
-6.739288401380016946e-01
-6.739383343931542036e-01
-6.739531121137973813e-01
-6.739694587134124060e-01
-6.739843261703701849e-01
-6.739956840097399704e-01
-6.740026177141628105e-01
-6.740052171229514721e-01
-6.740043227185036345e-01
-6.740012057010320579e-01
-6.739972511080027928e-01
-6.739936964812500708e-01
-6.739914569095178942e-01
-6.739910454855810862e-01
-6.739925800206246764e-01
-6.739958544868794865e-01
-6.740004478377260577e-01
-6.740058430282201973e-01
-6.740115337868186618e-01
-6.740171040946185688e-01
-6.740222735215585237e-01
-6.740269089715132944e-01
-6.740310089298195972e-01
-6.740346694885992473e-01
-6.740380422699144836e-01
-6.740412932909521926e-01
-6.740445694644447983e-01
-6.740479765100849674e-01
-6.740515692037772899e-01
-6.740553525808578028e-01
-6.740592912002376647e-01
-6.740633229301873364e-01
-6.740673738312101815e-01
-6.740713713792090278e-01
-6.740752542411646564e-01
-6.740789778445912539e-01
-6.740825158797866257e-01
-6.740858585197960773e-01
-6.740890084905002411e-01
-6.740919761892675277e-01
-6.740947748965652186e-01
-6.740974168345378326e-01
-6.740999104855595059e-01
-6.741022592643058919e-01
-6.741044613884633607e-01
-6.741065106398554940e-01
-6.741083976505122255e-01
-6.741101113709339065e-01
-6.741116404543928686e-01
-6.741129743926634887e-01
-6.741141043389560217e-01
-6.741150236335723411e-01
