-6.740825956910295735e-01
-6.740830449688629544e-01
-6.740833453174382983e-01
-6.740835127285930151e-01
-6.740835730976221241e-01
-6.740835604950649040e-01
-6.740835141303842537e-01
-6.740834737282834777e-01
-6.740834733570656434e-01
-6.740835342245359296e-01
-6.740836574971232897e-01
-6.740838186696456180e-01
-6.740839652664957216e-01
-6.740840195526534018e-01
-6.740838873839115619e-01
-6.740834733182440308e-01
-6.740827007354196487e-01
-6.740815341723821463e-01
-6.740799996783307657e-01
-6.740781980868031376e-01
-6.740763060513361715e-01
-6.740745607735425526e-01
-6.740732266773347137e-01
-6.740725457180537505e-01
-6.740726771417379082e-01
-6.740736366282101821e-01
-6.740752479502769567e-01
-6.740771215718862619e-01
-6.740786731199821524e-01
-6.740791898721304465e-01
-6.740779453446525959e-01
-6.740743515137734843e-01
-6.740681267095137708e-01
-6.740594470267885496e-01
-6.740490428403962397e-01
-6.740382022754692892e-01
-6.740286522171596850e-01
-6.740223053217241356e-01
-6.740208873900196407e-01
-6.740254901471698368e-01
-6.740361246578669974e-01
-6.740513735079455282e-01
-6.740682482387267971e-01
-6.740823460465492634e-01
-6.740883628201020938e-01
-6.740809587957499183e-01
-6.740558944895138627e-01
-6.740112698918846457e-01
-6.739486259227717158e-01
-6.738736234022242311e-01
-6.737960202667533371e-01
-6.737287364348919505e-01
-6.736859319138492896e-01
-6.736802180955854258e-01
-6.737193495757808348e-01
-6.738029641303743267e-01
-6.739201010779225509e-01
-6.740482800910244654e-01
-6.741548189486517018e-01
-6.742007854390258403e-01
-6.741475226192097381e-01
-6.739651039323287796e-01
-6.736414526936036484e-01
-6.731903229222155893e-01
-6.726560310433975509e-01
-6.721128931565030218e-01
-6.716578652996535448e-01
-6.713959326745310152e-01
-6.714192658873141539e-01
-6.717828500372069467e-01
-6.724808775752287859e-01
-6.734292983363560081e-01
-6.744601720616444362e-01
-6.753325925779580796e-01
-6.757628249123192044e-01
-6.754729877176676167e-01
-6.742534170931089310e-01
-6.720293150388310099e-01
-6.689182623367394553e-01
-6.652627938290168741e-01
-6.616227628115176618e-01
-6.587166982985965813e-01
-6.573100455447941082e-01
-6.580600664414341106e-01
-6.613398872877608303e-01
-6.670745358199076103e-01
-6.746269231648573950e-01
-6.827701136186962172e-01
-6.897741545547918518e-01
-6.936224046819279287e-01
-6.923541741754117851e-01
-6.845062258922168796e-01
-6.695934062511008644e-01
-6.485305023686466219e-01
-6.238650718472448231e-01
-5.996866160025869918e-01
-5.811239078197517616e-01
-5.734442561941732741e-01
-5.808979209385496389e-01
-6.055529984206780014e-01
-6.463885408177181269e-01
-6.988412320778351061e-01
-7.548735979803319340e-01
-8.035347354575306245e-01
-8.320050654994514128e-01
-8.272659537648494599e-01
-7.786669943514398229e-01
-6.814784969892676569e-01
-5.407707685976529399e-01
-3.738856479928304166e-01
-2.093023695031612508e-01
-8.085945857036103135e-02
-1.876067270534146139e-02
-4.069135621911439821e-02
-1.463094088606334553e-01
-3.169413187593146386e-01
-5.205208982968353437e-01
-7.197739251904257118e-01
-8.799325279942287192e-01
-9.727251946114842118e-01
-9.766261301035578102e-01
-8.768488832240294295e-01
-6.689229120458970446e-01
-3.657520525258644573e-01
-2.396798029691226805e-03
3.686877683368436909e-01
6.924129356147121772e-01
9.265615344157622779e-01
1.047744859680731944e+00
1.047271209957508331e+00
9.251679943839367093e-01
6.902114088935887848e-01
3.659275762118919806e-01
-5.327817635594148810e-03
-3.684176556932332591e-01
-6.709711293223763473e-01
-8.780936662922375069e-01
-9.770394651104922223e-01
-9.723798797775050629e-01
-8.789564668053362340e-01
-7.183410968611730896e-01
-5.188605506640788789e-01
-3.153304198384999646e-01
-1.450300206988156260e-01
-3.996543186391113972e-02
-1.869230486694793691e-02
-8.140924550150524519e-02
-2.103032405107302105e-01
-3.750951679223161750e-01
-5.419416663028667758e-01
-6.824204142317733535e-01
-7.792778840243614891e-01
-8.275298035534117691e-01
-8.319687020525394772e-01
-8.032798017462497997e-01
-7.544934163425852658e-01
-6.984247420700149256e-01
-6.460097452920319228e-01
-6.052642184755328003e-01
-5.807263961266526664e-01
-5.733924147785448566e-01
-5.811734075374530573e-01
-5.998053809215082577e-01
-6.240156970096659705e-01
-6.486780834613830038e-01
-6.697112233089930200e-01
-6.845785435707728572e-01
-6.923763057633507412e-01
-6.935987827026196539e-01
-6.897153459403134734e-01
-6.826896073154177236e-01
-6.745382741552259365e-01
-6.669892035850272238e-01
-6.612659121618188474e-01
-6.580015830969370150e-01
-6.572675233203782996e-01
-6.586877171434492029e-01
-6.616030871880878017e-01
-6.652475029952351626e-01
-6.689027338789684807e-01
-6.720099276071188621e-01
-6.742279186102939637e-01
-6.754405473987388220e-01
-6.757238380387152743e-01
-6.752883316518747403e-01
-6.744123795273246902e-01
-6.733798012194298632e-01
-6.724312806159449263e-01
-6.717343375035964570e-01
-6.713725178522934600e-01
-6.713511421160039960e-01
-6.716148295680164360e-01
-6.720711475960602366e-01
-6.726149932340348414e-01
-6.731494216412093889e-01
-6.736002242771024218e-01
-6.739232481429466848e-01
-6.741049186150842587e-01
-6.741574747876458717e-01
-6.741109663008821862e-01
-6.740041231852098580e-01
-6.738759006608638913e-01
-6.737589618650909884e-01
-6.736757388071079600e-01
-6.736371291338967282e-01
-6.736434307828772505e-01
-6.736868341223114509e-01
-6.737546885286742615e-01
-6.738328130477274636e-01
-6.739082840615329140e-01
-6.739713536187482701e-01
-6.740163796441978050e-01
-6.740418435458317425e-01
-6.740496667054103330e-01
-6.740441057019429527e-01
-6.740305112603997006e-01
-6.740141918838854496e-01
-6.739995489216474844e-01
-6.739895650282943240e-01
-6.739856493141336280e-01
-6.739877817349873013e-01
-6.739948624219598283e-01
-6.740051592940717873e-01
-6.740167557694624056e-01
-6.740279233906182332e-01
-6.740373744334987594e-01
-6.740443802878530732e-01
-6.740487672977740763e-01
-6.740508196078810466e-01
-6.740511272549916111e-01
-6.740504179662407669e-01
-6.740494048254374038e-01
-6.740486717412311757e-01
-6.740486071367848275e-01
-6.740493857198387451e-01
-6.740509901371606327e-01
-6.740532595353283529e-01
-6.740559505768315418e-01
-6.740587977673089259e-01
-6.740615631628010807e-01
-6.740640696551000177e-01
-6.740662161658902418e-01
-6.740679765169728110e-01
-6.740693860665795123e-01
-6.740705212793288714e-01
-6.740714773407215921e-01
-6.740723480145998092e-01
-6.740732105335354163e-01
-6.740741167692388958e-01
-6.740750905536705417e-01
-6.740761300140568624e-01
-6.740772132371505299e-01
-6.740783054775149052e-01
-6.740793663799899971e-01
-6.740803561600414717e-01
-6.740812402272452486e-01
-6.740819922140538489e-01
