-6.741261347813690685e-01
-6.741266172836462012e-01
-6.741268487486618000e-01
-6.741268345540437634e-01
-6.741265833891946224e-01
-6.741261065658874507e-01
-6.741254169864149270e-01
-6.741245277641918499e-01
-6.741234505628185270e-01
-6.741221938178600936e-01
-6.741207611118120724e-01
-6.741191500594703179e-01
-6.741173520968520849e-01
-6.741153535228905369e-01
-6.741131380001506024e-01
-6.741106904770380881e-01
-6.741080021711535197e-01
-6.741050758993445413e-01
-6.741019307258732107e-01
-6.740986047116296342e-01
-6.740951545694737757e-01
-6.740916513277175337e-01
-6.740881716970911208e-01
-6.740847856867842047e-01
-6.740815420113193124e-01
-6.740784537928871112e-01
-6.740754877661787603e-01
-6.740725603969089930e-01
-6.740695438343287105e-01
-6.740662833331758641e-01
-6.740626257522744913e-01
-6.740584561972752242e-01
-6.740537372371042668e-01
-6.740485429409420748e-01
-6.740430788644311555e-01
-6.740376796063960452e-01
-6.740327780057242535e-01
-6.740288444664058742e-01
-6.740263008788214272e-01
-6.740254202928087635e-01
-6.740262296583112711e-01
-6.740284371318581158e-01
-6.740314062350165614e-01
-6.740341954667598001e-01
-6.740356733867073347e-01
-6.740347061730984635e-01
-6.740303987238728256e-01
-6.740223540068489561e-01
-6.740109018109332606e-01
-6.739972408224179645e-01
-6.739834402229815113e-01
-6.739722608923199854e-01
-6.739667821560502148e-01
-6.739698559155749003e-01
-6.739834514756408712e-01
-6.740079946639226938e-01
-6.740418354986139615e-01
-6.740809908503805348e-01
-6.741192945743332832e-01
-6.741490427509611028e-01
-6.741621460161399959e-01
-6.741517006457510286e-01
-6.741137780011192682e-01
-6.740491273167239505e-01
-6.739644132157511791e-01
-6.738725914211156631e-01
-6.737920848518011985e-01
-6.737445693078680797e-01
-6.737514100271968509e-01
-6.738290852723219926e-01
-6.739842481803192120e-01
-6.742093533187741849e-01
-6.744799397405984998e-01
-6.747546496270299121e-01
-6.749788189138253847e-01
-6.750919829698648345e-01
-6.750389204333567816e-01
-6.747829897133111876e-01
-6.743196303546854509e-01
-6.736871903561454378e-01
-6.729719145308936668e-01
-6.723041924953844228e-01
-6.718441575415311506e-01
-6.717564621277722914e-01
-6.721763674799443589e-01
-6.731718187191839675e-01
-6.747084284657456354e-01
-6.766257003768272327e-01
-6.786328909069181403e-01
-6.803312965540567747e-01
-6.812663439246329222e-01
-6.810077589995010561e-01
-6.792496653034908460e-01
-6.759154349686148366e-01
-6.712457527394944945e-01
-6.658445445680811758e-01
-6.606584633285441654e-01
-6.568734396067454906e-01
-6.557267673663697005e-01
-6.582531128997300973e-01
-6.650029728116085836e-01
-6.757866982247084930e-01
-6.895020215291490784e-01
-7.040975380977417819e-01
-7.167119971555261371e-01
-7.240134593967436638e-01
-7.227430551249668378e-01
-7.104372458576694305e-01
-6.862479258639153645e-01
-6.516983906554035810e-01
-6.111296827468732928e-01
-5.715637628039923479e-01
-5.418007665411678220e-01
-5.307900418279083432e-01
-5.455904074689640337e-01
-5.894224303548510902e-01
-6.602973612397595726e-01
-7.504708884326105611e-01
-8.466332638638678354e-01
-9.305423972398174648e-01
-9.799977640104399201e-01
-9.707289260794608188e-01
-8.805320481061432725e-01
-6.967743281684544154e-01
-4.260354172133741235e-01
-1.007105539364681057e-01
2.241586699506621927e-01
4.853597073539547280e-01
6.301162976489156353e-01
6.293978898595128380e-01
4.833468641145712841e-01
2.212564552959455644e-01
-1.039213873593715642e-01
-4.289611133967283219e-01
-6.989819610213148238e-01
-8.818384911308779772e-01
-9.711756502549484527e-01
-9.797625495385776651e-01
-9.298531141196050287e-01
-8.457137825199892989e-01
-7.495156124460859992e-01
-6.594597561453837686e-01
-5.888076270296969117e-01
-5.452501514264215254e-01
-5.307228233588749955e-01
-5.419597550083210535e-01
-5.718722069340959058e-01
-6.115002956282010738e-01
-6.520517126058444912e-01
-6.865253606571601885e-01
-7.106067847420644013e-01
-7.227982784306934416e-01
-7.239680394109284656e-01
-7.165922549604025749e-01
-7.039350404933559791e-01
-6.893273845017655610e-01
-6.756251128276634654e-01
-6.648715838885326246e-01
-6.581601668960368468e-01
-6.556722888569117558e-01
-6.568510514718951532e-01
-6.606578542383606534e-01
-6.658540535742560884e-01
-6.712546073630187848e-01
-6.759153300077463955e-01
-6.792355581820337385e-01
-6.809779307994547892e-01
-6.812218957679817555e-01
-6.802753061568718174e-01
-6.785694524650980330e-01
-6.765590314306130226e-01
-6.746421695500287585e-01
-6.731085903373925650e-01
-6.721175938012879936e-01
-6.717024274069713918e-01
-6.717942326212515969e-01
-6.722571558568635197e-01
-6.729262941287547095e-01
-6.736415658315755284e-01
-6.742728556377286520e-01
-6.747343185077995242e-01
-6.749880372511495308e-01
-6.750389572720841835e-01
-6.749240082456060552e-01
-6.746985796317034323e-01
-6.744231858893994236e-01
-6.741524428834114735e-01
-6.739275932509821709e-01
-6.737729500652043235e-01
-6.736959094845008655e-01
-6.736896917316652633e-01
-6.737377292274953078e-01
-6.738186099874505786e-01
-6.739106512680755889e-01
-6.739954545940496367e-01
-6.740601087013857740e-01
-6.740980016254430884e-01
-6.741084347024940415e-01
-6.740953775457230179e-01
-6.740657610372045028e-01
-6.740276868209836847e-01
-6.739888577258035252e-01
-6.739554286654166892e-01
-6.739313654422560695e-01
-6.739182986574167034e-01
-6.739157844654015683e-01
-6.739218393179174926e-01
-6.739336021129666010e-01
-6.739479895622160210e-01
-6.739622413990665750e-01
-6.739742924092957388e-01
-6.739829497625990928e-01
-6.739878899853518623e-01
-6.739895157038847673e-01
-6.739887260885004672e-01
-6.739866571153654284e-01
-6.739844404624744101e-01
-6.739830162495080712e-01
-6.739830184408320823e-01
-6.739847357904830139e-01
-6.739881382091016393e-01
-6.739929498749496206e-01
-6.739987467602326365e-01
-6.740050570648008499e-01
-6.740114472593025097e-01
-6.740175826190457631e-01
-6.740232578263157803e-01
-6.740283991987312540e-01
-6.740330445120141789e-01
-6.740373088217622710e-01
-6.740413451676245948e-01
-6.740453079123716051e-01
-6.740493242756750991e-01
-6.740534769785049285e-01
-6.740577983724137523e-01
-6.740622744013113898e-01
-6.740668554625587339e-01
-6.740714707486080703e-01
-6.740760428599484877e-01
-6.740805001870227020e-01
-6.740847855247508180e-01
-6.740888603809253032e-01
-6.740927052899515770e-01
-6.740963170356026879e-01
-6.740997039815397329e-01
-6.741028807284957791e-01
-6.741058631266938495e-01
-6.741086643565705749e-01
-6.741112924359750069e-01
-6.741137491889414024e-01
-6.741160304675910542e-01
-6.741181272762357679e-01
-6.741200274034798712e-01
-6.741217172046631845e-01
-6.741231832642330390e-01
-6.741244137741775333e-01
-6.741253995630687168e-01
