-6.741006490353146363e-01
-6.741011321807139911e-01
-6.741014374398782705e-01
-6.741015710413844619e-01
-6.741015432689378972e-01
-6.741013678946836674e-01
-6.741010611491172755e-01
-6.741006401136362403e-01
-6.741001205322840750e-01
-6.740995142080857816e-01
-6.740988263448806084e-01
-6.740980533717549905e-01
-6.740971818912364633e-01
-6.740961893745969213e-01
-6.740950470531794636e-01
-6.740937251151817300e-01
-6.740921998396842696e-01
-6.740904617498765239e-01
-6.740885233471470839e-01
-6.740864246225196643e-01
-6.740842344607784753e-01
-6.740820463608767632e-01
-6.740799676455184741e-01
-6.740781024939939137e-01
-6.740765305774734095e-01
-6.740752845762676415e-01
-6.740743311038794872e-01
-6.740735602040894836e-01
-6.740727883013142296e-01
-6.740717780508463930e-01
-6.740702759167124247e-01
-6.740680647092491817e-01
-6.740650242262982150e-01
-6.740611892995812537e-01
-6.740567918609383646e-01
-6.740522730468665458e-01
-6.740482536192220486e-01
-6.740454564719469133e-01
-6.740445835066571911e-01
-6.740461597610096778e-01
-6.740503686925393145e-01
-6.740569116889645329e-01
-6.740649296399123802e-01
-6.740730223939030985e-01
-6.740793915210203657e-01
-6.740821127213471042e-01
-6.740795179752060440e-01
-6.740706376515178677e-01
-6.740556246647904093e-01
-6.740360630473356540e-01
-6.740150588255539033e-01
-6.739970274663933392e-01
-6.739871321615255040e-01
-6.739903892969817401e-01
-6.740105347781877310e-01
-6.740488252107446066e-01
-6.741030146982773807e-01
-6.741667826076381820e-01
-6.742298728790867557e-01
-6.742791296749512941e-01
-6.743004753891677083e-01
-6.742816862756965124e-01
-6.742156037142177372e-01
-6.741032144519405467e-01
-6.739558894145871726e-01
-6.737960380210857858e-01
-6.736555547873034344e-01
-6.735717279226718368e-01
-6.735807339135394534e-01
-6.737094063357407236e-01
-6.739665499727495179e-01
-6.743355506264460120e-01
-6.747702727234221598e-01
-6.751961206498625634e-01
-6.755175873274462672e-01
-6.756326140315448425e-01
-6.754527148575237838e-01
-6.749262511492754024e-01
-6.740607462040146824e-01
-6.729390584075012338e-01
-6.717239656923529312e-01
-6.706465937492174234e-01
-6.699763238311499114e-01
-6.699732451089257523e-01
-6.708284215923923099e-01
-6.726014470365593301e-01
-6.751680030213703665e-01
-6.781915032598585524e-01
-6.811317563523888730e-01
-6.832996382654881184e-01
-6.839600957568617856e-01
-6.824767037977310657e-01
-6.784800699425194148e-01
-6.720308664913232644e-01
-6.637386314459546854e-01
-6.547935974017191629e-01
-6.468751767835537736e-01
-6.419202578452610775e-01
-6.417656959941061556e-01
-6.477150910775106851e-01
-6.601089269487192546e-01
-6.779893255268085728e-01
-6.989428492697172812e-01
-7.191832460268996474e-01
-7.339126789636105652e-01
-7.379820570063969631e-01
-7.268491217815475913e-01
-6.977777799975197759e-01
-6.511037283744303128e-01
-5.912212125483452541e-01
-5.268149569457352133e-01
-4.699175859659641130e-01
-4.337058015953969559e-01
-4.294610686063800586e-01
-4.635411138348378701e-01
-5.352779804057544721e-01
-6.363688919210148676e-01
-7.517046938186526805e-01
-8.610014243930165234e-01
-9.404892843674198533e-01
-9.645803713990200867e-01
-9.086395114253933425e-01
-7.546328431109333712e-01
-4.999796146399481112e-01
-1.659643181964915726e-01
2.013859809988142457e-01
5.423040308781140739e-01
8.010648492145139299e-01
9.391668081248544242e-01
9.384342413253559112e-01
7.989579963322812617e-01
5.391144371547850200e-01
1.976148607590011708e-01
-1.696900952268161900e-01
-5.030855091320806105e-01
-7.567620534625628670e-01
-9.097043019149103626e-01
-9.647013428874748886e-01
-9.398964138985698158e-01
-8.599579448779274271e-01
-7.504674985585324531e-01
-6.351694745435024769e-01
-5.343062098577944230e-01
-4.629264670564435802e-01
-4.292570968602585912e-01
-4.338866010427053221e-01
-4.703908449549553672e-01
-5.274491525912955447e-01
-5.918788009712020459e-01
-6.516703066796989408e-01
-6.981798317493382866e-01
-7.270583028828494498e-01
-7.380088543695186853e-01
-7.337944497200824534e-01
-7.189711273814479719e-01
-6.986902793410756374e-01
-6.777433273102849709e-01
-6.599044240277565088e-01
-6.475721853105366188e-01
-6.416896764066029046e-01
-6.419038998340705904e-01
-6.469026250234524156e-01
-6.548449249719175969e-01
-6.637941485400761232e-01
-6.720744446527975313e-01
-6.785010849482754347e-01
-6.824705640071897506e-01
-6.839276070261636198e-01
-6.832456091068320747e-01
-6.810632729770531579e-01
-6.781162424945748057e-01
-6.750928465070242801e-01
-6.725315459492068326e-01
-6.707667563931944965e-01
-6.699206390351093443e-01
-6.699318072681698100e-01
-6.706079825211554990e-01
-6.716885102657572659e-01
-6.729040397010411789e-01
-6.740239298188984707e-01
-6.748861556604073275e-01
-6.754086917041287608e-01
-6.755847692389357340e-01
-6.754665950195051227e-01
-6.751429847647169025e-01
-6.747160887408220065e-01
-6.742813070024835653e-01
-6.739129931935884388e-01
-6.736569774707447111e-01
-6.735295708915284285e-01
-6.735217181281857313e-01
-6.736064176483506083e-01
-6.737474168220323190e-01
-6.739074347169171642e-01
-6.740546469284819375e-01
-6.741667504756095886e-01
-6.742324906285612762e-01
-6.742509845015149939e-01
-6.742294673589920295e-01
-6.741802055787532444e-01
-6.741172859738365775e-01
-6.740538463321438245e-01
-6.740001068125525130e-01
-6.739623445796378842e-01
-6.739427636842599822e-01
-6.739400740648393562e-01
-6.739505184829384099e-01
-6.739690720984651273e-01
-6.739905744830109180e-01
-6.740106209231723211e-01
-6.740261202731329115e-01
-6.740355038346075300e-01
-6.740386315976225617e-01
-6.740364818979945882e-01
-6.740307266529619312e-01
-6.740232896408751007e-01
-6.740159654292990909e-01
-6.740101483787599435e-01
-6.740066912939474131e-01
-6.740058871283469699e-01
-6.740075481735555707e-01
-6.740111468687915997e-01
-6.740159804447268810e-01
-6.740213264393719594e-01
-6.740265653176947813e-01
-6.740312574403334311e-01
-6.740351722001221013e-01
-6.740382756182381474e-01
-6.740406881420062390e-01
-6.740426266104124764e-01
-6.740443437332083176e-01
-6.740460757319429730e-01
-6.740480049503648763e-01
-6.740502401637704644e-01
-6.740528137364009131e-01
-6.740556921729609074e-01
-6.740587951900395280e-01
-6.740620181560419422e-01
-6.740652533933491064e-01
-6.740684070808522499e-01
-6.740714099911414570e-01
-6.740742217359304567e-01
-6.740768293486323337e-01
-6.740792417775779422e-01
-6.740814821687008962e-01
-6.740835797344332248e-01
-6.740855626410654500e-01
-6.740874528283078426e-01
-6.740892631271721003e-01
-6.740909965666922465e-01
-6.740926474220348963e-01
-6.740942033829036006e-01
-6.740956482034320407e-01
-6.740969642984155907e-01
-6.740981349262444855e-01
-6.740991457936866826e-01
-6.740999860859199222e-01
