-6.740930199099161024e-01
-6.740934977152717167e-01
-6.740938193450396465e-01
-6.740939926499230905e-01
-6.740940305308402714e-01
-6.740939502451214205e-01
-6.740937721013299244e-01
-6.740935173755758791e-01
-6.740932054328649947e-01
-6.740928502686583945e-01
-6.740924569546253853e-01
-6.740920187152098508e-01
-6.740915155053704977e-01
-6.740909149364852082e-01
-6.740901761595072816e-01
-6.740892568510544747e-01
-6.740881227968755773e-01
-6.740867588194818794e-01
-6.740851790927209208e-01
-6.740834343979245080e-01
-6.740816137796580287e-01
-6.740798384960525746e-01
-6.740782471961634936e-01
-6.740769728498836599e-01
-6.740761139239370703e-01
-6.740757043225913403e-01
-6.740756882671097294e-01
-6.740759070979281953e-01
-6.740761045127869888e-01
-6.740759547149439701e-01
-6.740751143058346662e-01
-6.740732938238074290e-01
-6.740703392888055534e-01
-6.740663089874051606e-01
-6.740615272703341931e-01
-6.740565965989336883e-01
-6.740523524770428709e-01
-6.740497536967182679e-01
-6.740497121452081464e-01
-6.740528809100799768e-01
-6.740594342259044192e-01
-6.740688847905588199e-01
-6.740799896654322554e-01
-6.740907922041012856e-01
-6.740988321755925217e-01
-6.741015292955810922e-01
-6.740967090822225227e-01
-6.740831993913199982e-01
-6.740613887170734397e-01
-6.740336125196881856e-01
-6.740042306890381418e-01
-6.739792850838202121e-01
-6.739656840878870403e-01
-6.739699483977749095e-01
-6.739966585781465014e-01
-6.740468527878590299e-01
-6.741167093542798083e-01
-6.741968881893157794e-01
-6.742728746603394718e-01
-6.743265550332701030e-01
-6.743390534320974350e-01
-6.742945939425990520e-01
-6.741848553957660029e-01
-6.740130158595610821e-01
-6.737965060696142761e-01
-6.735674739218180385e-01
-6.733701596214608509e-01
-6.732548159185521852e-01
-6.732684562329995792e-01
-6.734434957299924029e-01
-6.737861328349150636e-01
-6.742669290684369932e-01
-6.748163011962189373e-01
-6.753273857867906349e-01
-6.756678805360463169e-01
-6.757010130845210183e-01
-6.753138591478404784e-01
-6.744490820422837096e-01
-6.731341817008518191e-01
-6.715010185411611765e-01
-6.697882547675749754e-01
-6.683208902821063946e-01
-6.674644627871836322e-01
-6.675564987444384535e-01
-6.688236876847682977e-01
-6.712988117669078658e-01
-6.747553351575416025e-01
-6.786785895157528836e-01
-6.822900218091018099e-01
-6.846348729215593343e-01
-6.847341325846094673e-01
-6.817889851284322233e-01
-6.754108266251034332e-01
-6.658339939265432994e-01
-6.540554869169912244e-01
-6.418425618923474518e-01
-6.315621524900154604e-01
-6.258190937235510454e-01
-6.269384141264356947e-01
-6.363765951145654576e-01
-6.541794712877827545e-01
-6.786075055387082999e-01
-7.060237211110802491e-01
-7.311022137105936958e-01
-7.473880900848787201e-01
-7.482310378770001824e-01
-7.280989265830573043e-01
-6.841959251867281155e-01
-6.181121017923225658e-01
-5.369594752379975855e-01
-4.532884704309087520e-01
-3.832748665828033530e-01
-3.432901582215552305e-01
-3.457372551201180477e-01
-3.954792386133199611e-01
-4.880318987390114827e-01
-6.100008208359050110e-01
-7.413122840286198167e-01
-8.580612505105403853e-01
-9.348444269087285985e-01
-9.465378568743076926e-01
-8.710141186652523571e-01
-6.947560333940954180e-01
-4.212058090093970808e-01
-7.739286437163546417e-02
2.880531129108080957e-01
6.178548982781428833e-01
8.628854978808715437e-01
9.919342472477038486e-01
9.913718037659501325e-01
8.612519130546666402e-01
6.153351471135624084e-01
2.849950339888102646e-01
-8.051443509803711540e-02
-4.239140091093668850e-01
-6.967143631372937351e-01
-8.720934128686611553e-01
-9.467877537106714758e-01
-9.344206086331778849e-01
-8.571641503408198304e-01
-7.401557286783482237e-01
-6.087981543695087927e-01
-4.869809671755795377e-01
-3.947387827800750149e-01
-3.454008733646012352e-01
-3.433699095560744929e-01
-3.837034610094631759e-01
-4.539411070490736999e-01
-5.376884057827503449e-01
-6.187822774900455514e-01
-6.847107523325522971e-01
-7.284107190886226491e-01
-7.483375925864217404e-01
-7.473209531306163056e-01
-7.309124536121667237e-01
-7.057689566497057365e-01
-6.783417207904800517e-01
-6.539458935869280065e-01
-6.362035478491561147e-01
-6.268380336423260424e-01
-6.257886884450064580e-01
-6.315876838654738146e-01
-6.419033847170854123e-01
-6.541293016690458151e-01
-6.659010478127834753e-01
-6.754567235792324764e-01
-6.818058942654794397e-01
-6.847205663801160247e-01
-6.845944428632955159e-01
-6.822296537071010913e-01
-6.786066345993374549e-01
-6.746799052839538291e-01
-6.712265434488325910e-01
-6.687590247958535850e-01
-6.675014871845871278e-01
-6.674189759174431469e-01
-6.682831549108224634e-01
-6.697555266558823384e-01
-6.714702635011345899e-01
-6.731026483085019718e-01
-6.744146955554451983e-01
-6.752754126057393114e-01
-6.756581714240837977e-01
-6.756210410602840888e-01
-6.752774516523634141e-01
-6.747644251715974040e-01
-6.742142759465972190e-01
-6.737336944662364324e-01
-6.733919763191777985e-01
-6.732182302671958496e-01
-6.732059489383697137e-01
-6.733224741763955690e-01
-6.735206397572786052e-01
-6.737501344072939213e-01
-6.739667415321239918e-01
-6.741383962648621608e-01
-6.742477831376852970e-01
-6.742918453887670749e-01
-6.742790103416830272e-01
-6.742251310234325112e-01
-6.741491253700089281e-01
-6.740691151646553969e-01
-6.739995953994154521e-01
-6.739498682125051321e-01
-6.739237092481870084e-01
-6.739200354744142585e-01
-6.739342295739286781e-01
-6.739597462958250018e-01
-6.739896660764973513e-01
-6.740179479869122803e-01
-6.740402422223792378e-01
-6.740542287794502041e-01
-6.740595361797439011e-01
-6.740573519282991866e-01
-6.740498619870957109e-01
-6.740396531447659934e-01
-6.740291871230716936e-01
-6.740204178365171162e-01
-6.740145825753732778e-01
-6.740121615710210623e-01
-6.740129734915131232e-01
-6.740163592158844308e-01
-6.740214025614389426e-01
-6.740271424171249137e-01
-6.740327427962540252e-01
-6.740376021780247751e-01
-6.740413980182650144e-01
-6.740440741246275236e-01
-6.740457863598787736e-01
-6.740468255020446442e-01
-6.740475355165007620e-01
-6.740482419985320828e-01
-6.740492003937506027e-01
-6.740505680472651528e-01
-6.740523991960793992e-01
-6.740546583850133278e-01
-6.740572457592718392e-01
-6.740600272310041108e-01
-6.740628633420169269e-01
-6.740656323124655236e-01
-6.740682447986889869e-01
-6.740706498550017578e-01
-6.740728331867555934e-01
-6.740748098156965629e-01
-6.740766137099033495e-01
-6.740782868278391016e-01
-6.740798695323780843e-01
-6.740813936226172087e-01
-6.740828784814225649e-01
-6.740843301850628633e-01
-6.740857429589914851e-01
-6.740871021279782882e-01
-6.740883876878260850e-01
-6.740895777718324267e-01
-6.740906515294163848e-01
-6.740915912039762148e-01
-6.740923834287823047e-01
