-6.740851460283462382e-01
-6.740856074688900135e-01
-6.740859249966889566e-01
-6.740861113489716727e-01
-6.740861872391213927e-01
-6.740861800587257813e-01
-6.740861215515795424e-01
-6.740860442206171310e-01
-6.740859764804301157e-01
-6.740859369474389018e-01
-6.740859286934565153e-01
-6.740859346711041145e-01
-6.740859157319636363e-01
-6.740858125901615372e-01
-6.740855526612418158e-01
-6.740850619166377511e-01
-6.740842808071315639e-01
-6.740831820823549592e-01
-6.740817872043680659e-01
-6.740801773077430559e-01
-6.740784945830771147e-01
-6.740769307798737398e-01
-6.740757013322964397e-01
-6.740750063112359580e-01
-6.740749826757581609e-01
-6.740756555894775737e-01
-6.740768991637817731e-01
-6.740784181047235757e-01
-6.740797606739838965e-01
-6.740803696922285093e-01
-6.740796720226375216e-01
-6.740771986556221007e-01
-6.740727183780090837e-01
-6.740663598060713246e-01
-6.740586913792449009e-01
-6.740507288144939047e-01
-6.740438460903283024e-01
-6.740395798648268766e-01
-6.740393375212337945e-01
-6.740440432980385754e-01
-6.740537810859065226e-01
-6.740675111223671800e-01
-6.740829452193930482e-01
-6.740966562571012455e-01
-6.741044694356284062e-01
-6.741021354718255143e-01
-6.740862240901602798e-01
-6.740551088913132594e-01
-6.740098550795937671e-01
-6.739547850395247730e-01
-6.738974985134580376e-01
-6.738481755383298744e-01
-6.738180952939436530e-01
-6.738174558921345980e-01
-6.738527597481694942e-01
-6.739242054064603638e-01
-6.740236597704217791e-01
-6.741338323853754977e-01
-6.742291995444746888e-01
-6.742790098839196444e-01
-6.742523486148186418e-01
-6.741247793042656200e-01
-6.738855878915878117e-01
-6.735442202892940600e-01
-6.731342472135616317e-01
-6.727132209764937754e-01
-6.723571937839539769e-01
-6.721494722190185511e-01
-6.721643299369883806e-01
-6.724477342351611320e-01
-6.729984173560283889e-01
-6.737535411464873336e-01
-6.745834658358530467e-01
-6.752995055317502215e-01
-6.756769191170649558e-01
-6.754927899162056493e-01
-6.745751231596608388e-01
-6.728558812292370073e-01
-6.704174557104842780e-01
-6.675201216582214991e-01
-6.645983006494579071e-01
-6.622167686234278206e-01
-6.609845207096334274e-01
-6.614331758185728605e-01
-6.638768836779214144e-01
-6.682793212217650325e-01
-6.741582160851302685e-01
-6.805574330561692253e-01
-6.861107305299694037e-01
-6.892103872390247243e-01
-6.882784426356532981e-01
-6.821179247234713250e-01
-6.702957664331288257e-01
-6.534804450519479113e-01
-6.336341019652658169e-01
-6.139559709996703640e-01
-5.985068819320229494e-01
-5.915175763527340536e-01
-5.964792628444124389e-01
-6.151966755995623704e-01
-6.470138839167474121e-01
-6.883857860836753995e-01
-7.328855581795600260e-01
-7.716644639263599004e-01
-7.943719987389971093e-01
-7.906090905743184960e-01
-7.520342608794323702e-01
-6.750918169926568568e-01
-5.638460705689049002e-01
-4.317373804656328140e-01
-3.007863426547218166e-01
-1.974728043697852042e-01
-1.461000842280648915e-01
-1.618792656620818837e-01
-2.462352863389093982e-01
-3.859575279070830423e-01
-5.563681063951221306e-01
-7.270507623917185080e-01
-8.675012639497781120e-01
-9.504581654318801087e-01
-9.529572027014009405e-01
-8.576992507510800001e-01
-6.576112350964100628e-01
-3.632385272267598109e-01
-7.629478198392603862e-03
3.581138664130676941e-01
6.791987564198906924e-01
9.126666327304738813e-01
1.033941393018313448e+00
1.033481784556308014e+00
9.113178772931493921e-01
6.770778263459588109e-01
3.554706895958921753e-01
-1.041666237723913070e-02
-3.657528246087581869e-01
-6.595234699955712099e-01
-8.588439700932777310e-01
-9.533242278772153799e-01
-9.501371406485514814e-01
-8.666337760578312066e-01
-7.258127391750357482e-01
-5.549689600017299052e-01
-3.846300563563559427e-01
-2.452029426873822970e-01
-1.613091657517034261e-01
-1.460626429952537886e-01
-1.979260797681558215e-01
-3.015919951912142682e-01
-4.327030726646536873e-01
-5.647789932875852958e-01
-6.758437305668331119e-01
-7.525241391459280837e-01
-7.908219705601993166e-01
-7.943427165236837117e-01
-7.714570188215037483e-01
-7.325749666155668693e-01
-6.880445493729556716e-01
-6.467026265929514128e-01
-6.149581641087022987e-01
-5.963355728608703554e-01
-5.914705110732105808e-01
-5.985414808338941350e-01
-6.140463178161531532e-01
-6.337500830955713482e-01
-6.535939596049460398e-01
-6.703852195691883953e-01
-6.821704701092541345e-01
-6.882900898092848552e-01
-6.891845281104009846e-01
-6.860557943925745805e-01
-6.804843151659596412e-01
-6.740779553037562488e-01
-6.682013180570418598e-01
-6.638077928625590873e-01
-6.613764833741994087e-01
-6.609407190987665048e-01
-6.621839740129541463e-01
-6.645731181942134969e-01
-6.674985624723885902e-01
-6.703957407791386602e-01
-6.728310227501477225e-01
-6.745452375426667091e-01
-6.754571541113568722e-01
-6.756358230519617925e-01
-6.752539745628992618e-01
-6.745349299963927514e-01
-6.737035174043333186e-01
-6.729482527033457950e-01
-6.723984362401982384e-01
-6.721164912785507761e-01
-6.721032793550754114e-01
-6.723124988205979591e-01
-6.726696505109974744e-01
-6.730913220041231382e-01
-6.735014638867954373e-01
-6.738426092350913166e-01
-6.740813220144430407e-01
-6.742083068309111527e-01
-6.742344159451361119e-01
-6.741841921132089022e-01
-6.740886147315688914e-01
-6.739784572299254428e-01
-6.738792290456069312e-01
-6.738081806309028643e-01
-6.737733916262006462e-01
-6.737746081775412010e-01
-6.738052799260937364e-01
-6.738551740907957610e-01
-6.739129925084852424e-01
-6.739685511773397808e-01
-6.740142584787546243e-01
-6.740458080407771835e-01
-6.740621540590063798e-01
-6.740649417106984176e-01
-6.740576164421835381e-01
-6.740444373842321424e-01
-6.740295833990136432e-01
-6.740164804619516170e-01
-6.740074116974844598e-01
-6.740034095122605651e-01
-6.740043819937338032e-01
-6.740093975785189651e-01
-6.740170431951321151e-01
-6.740257785946709435e-01
-6.740342283214931784e-01
-6.740413769654047815e-01
-6.740466576338278726e-01
-6.740499438763130069e-01
-6.740514691106165301e-01
-6.740517041351814509e-01
-6.740512231763924333e-01
-6.740505836984835852e-01
-6.740502369695293705e-01
-6.740504772193423033e-01
-6.740514288999592818e-01
-6.740530652707371617e-01
-6.740552478575190243e-01
-6.740577752828161850e-01
-6.740604310938546062e-01
-6.740630228251747180e-01
-6.740654078349749279e-01
-6.740675047297832734e-01
-6.740692918934882982e-01
-6.740707964423183762e-01
-6.740720777419643150e-01
-6.740732095420263192e-01
-6.740742640318756473e-01
-6.740752999884728203e-01
-6.740763559572697794e-01
-6.740774483189472255e-01
-6.740785733052022666e-01
-6.740797116050569748e-01
-6.740808341367117151e-01
-6.740819077742625787e-01
-6.740829002030516159e-01
-6.740837835123099087e-01
-6.740845365139540579e-01
