-6.740842578439074639e-01
-6.740847157035865234e-01
-6.740850288897999310e-01
-6.740852111277716441e-01
-6.740852847048589558e-01
-6.740852790433113917e-01
-6.740852281603152418e-01
-6.740851667638941835e-01
-6.740851250051383969e-01
-6.740851223159686212e-01
-6.740851612276010929e-01
-6.740852224747112542e-01
-6.740852629152758180e-01
-6.740852177177631965e-01
-6.740850078065170337e-01
-6.740845527008048066e-01
-6.740837877089824737e-01
-6.740826831178939882e-01
-6.740812618051682525e-01
-6.740796109071389708e-01
-6.740778831064158094e-01
-6.740762840010967594e-01
-6.740750439811765693e-01
-6.740743759599232554e-01
-6.740744238372980979e-01
-6.740752101160093490e-01
-6.740765938711650307e-01
-6.740782514448073748e-01
-6.740796910449488033e-01
-6.740803084124995515e-01
-6.740794838950604495e-01
-6.740767122723377858e-01
-6.740717468243905275e-01
-6.740647303219942099e-01
-6.740562801034361007e-01
-6.740474944070327101e-01
-6.740398543459094061e-01
-6.740350109673696188e-01
-6.740344688283143038e-01
-6.740392037334357322e-01
-6.740492782587740317e-01
-6.740635386408279084e-01
-6.740794843277089221e-01
-6.740933915263955800e-01
-6.741007412166162283e-01
-6.740969507081667755e-01
-6.740783408736422677e-01
-6.740431986048459612e-01
-6.739927300176666858e-01
-6.739316611710870486e-01
-6.738682458864240221e-01
-6.738134968493121324e-01
-6.737795706256389794e-01
-6.737774020358392457e-01
-6.738138775553040860e-01
-6.738890271927779896e-01
-6.739938565544099092e-01
-6.741094899698591991e-01
-6.742082128094796234e-01
-6.742567646324942876e-01
-6.742218492997639201e-01
-6.740773317856656455e-01
-6.738120578725583787e-01
-6.734367673280376998e-01
-6.729882977821456391e-01
-6.725293175504535315e-01
-6.721422722396813709e-01
-6.719171093814819695e-01
-6.719335922867453181e-01
-6.722404571923291661e-01
-6.728350393828743670e-01
-6.736479702968982686e-01
-6.745378084643802730e-01
-6.752997637613222803e-01
-6.756908881443163262e-01
-6.754712890294073402e-01
-6.744573257461534688e-01
-6.725788535119852085e-01
-6.699291103828961536e-01
-6.667937576603119032e-01
-6.636459419122315850e-01
-6.610979139340001920e-01
-6.598069625981749509e-01
-6.603434277064709201e-01
-6.630394551327313257e-01
-6.678463375640895094e-01
-6.742332477564101367e-01
-6.811594197920278759e-01
-6.871452360808247839e-01
-6.904559637662489591e-01
-6.893955026340212733e-01
-6.826858357796248278e-01
-6.698801384803293457e-01
-6.517260087656917555e-01
-6.303694195009984513e-01
-6.092867986677399372e-01
-5.928697336992183597e-01
-5.856684703825172367e-01
-5.914061994810941858e-01
-6.119641902169901115e-01
-6.465658565480499886e-01
-6.913403521122190032e-01
-7.393504947006571681e-01
-7.810889335721907800e-01
-8.054457346127975592e-01
-8.012382155554284013e-01
-7.594629501241081382e-01
-6.762668833463382212e-01
-5.560757184569077305e-01
-4.135390698111982566e-01
-2.726189854703211513e-01
-1.619771802905627944e-01
-1.076443994255523728e-01
-1.255206239721316230e-01
-2.164433798077306792e-01
-3.655183787595527312e-01
-5.458352263791503844e-01
-7.249289433507747349e-01
-8.710285802212538453e-01
-9.565742336458652462e-01
-9.590435980637855851e-01
-8.619362956218871163e-01
-6.590575431142360330e-01
-3.617916924732168527e-01
-3.893629741842254740e-03
3.631265818985224270e-01
6.845076568175670895e-01
9.177021873184152412e-01
1.038663120453516386e+00
1.038201592098313641e+00
9.163464272352601636e-01
6.823717782830297507e-01
3.604582716894131900e-01
-6.715445852421349227e-03
-3.643458365706916391e-01
-6.610084376012896890e-01
-8.631118804619292151e-01
-9.594276232527325643e-01
-9.562507001851365818e-01
-8.701345519713684640e-01
-7.236392727387133128e-01
-5.443644680725883145e-01
-3.641114859644346002e-01
-2.153403502710009576e-01
-1.249044454615089589e-01
-1.075956434197509193e-01
-1.624552933961345424e-01
-2.734780421689821939e-01
-4.145729042477496740e-01
-5.570762157269368853e-01
-6.770737190620448320e-01
-7.599887694449509734e-01
-8.014673120868313072e-01
-8.054159744126092590e-01
-7.808691047753164582e-01
-7.390207459794247979e-01
-6.909779002298274131e-01
-6.462352374709023906e-01
-6.117110223034114558e-01
-5.912541627557065249e-01
-5.856196640137318887e-01
-5.929083230337394150e-01
-6.093851652062227675e-01
-6.304953862133643172e-01
-6.518495158047216131e-01
-6.699780852795925723e-01
-6.827444950500871634e-01
-6.894106278671516819e-01
-6.904311955140886026e-01
-6.870895801699963279e-01
-6.810844947156097229e-01
-6.741508086687982848e-01
-6.677663827597953849e-01
-6.629690528414736717e-01
-6.602862708244615630e-01
-6.597635586345900194e-01
-6.610662444921410197e-01
-6.636223854341800621e-01
-6.667740663210917074e-01
-6.699092654069231934e-01
-6.725556822091282028e-01
-6.744288319091056305e-01
-6.754367098974575212e-01
-6.756505349844852404e-01
-6.752547253424441287e-01
-6.744895993151848179e-01
-6.735981939650853567e-01
-6.727851170748680998e-01
-6.721914495625855857e-01
-6.718861208427662213e-01
-6.718713667340568962e-01
-6.720980988291005431e-01
-6.724863170158603687e-01
-6.729459633430832088e-01
-6.733945961659139057e-01
-6.737696378130497710e-01
-6.740343927707811433e-01
-6.741782796309703230e-01
-6.742125976801326415e-01
-6.741635933032036343e-01
-6.740646301102587445e-01
-6.739489913964075152e-01
-6.738443766392332446e-01
-6.737696195183164871e-01
-6.737336584714724852e-01
-6.737364056910156718e-01
-6.737709246648212469e-01
-6.738262444302406395e-01
-6.738901886538594121e-01
-6.739517405324576549e-01
-6.740026547056013895e-01
-6.740382217720922720e-01
-6.740572557863233616e-01
-6.740614893748303471e-01
-6.740546174358795772e-01
-6.740412329069481734e-01
-6.740258590563622532e-01
-6.740122185276976596e-01
-6.740028066603650503e-01
-6.739987696265288264e-01
-6.740000365624104761e-01
-6.740056240891841854e-01
-6.740140217618983964e-01
-6.740235748092663348e-01
-6.740328005774214315e-01
-6.740406011324634461e-01
-6.740463607263927903e-01
-6.740499388249387991e-01
-6.740515844325093431e-01
-6.740518046323793477e-01
-6.740512202245193540e-01
-6.740504357894767651e-01
-6.740499426633912439e-01
-6.740500634352185605e-01
-6.740509375743312104e-01
-6.740525409741119356e-01
-6.740547281906096311e-01
-6.740572849778868614e-01
-6.740599799073705434e-01
-6.740626066527154459e-01
-6.740650120755204977e-01
-6.740671087825059749e-01
-6.740688737485919235e-01
-6.740703365618746501e-01
-6.740715617399991588e-01
-6.740726294930815543e-01
-6.740736185078153309e-01
-6.740745931102529731e-01
-6.740755958402769865e-01
-6.740766452952061671e-01
-6.740777382446027088e-01
-6.740788545586217095e-01
-6.740799634156846576e-01
-6.740810294821797388e-01
-6.740820181684481494e-01
-6.740828995325950368e-01
-6.740836508131573535e-01
