-6.741244413491572773e-01
-6.741249241171551887e-01
-6.741251602264765053e-01
-6.741251550712821228e-01
-6.741249174227327279e-01
-6.741244587888264306e-01
-6.741237923999313653e-01
-6.741229317878048022e-01
-6.741218890158418020e-01
-6.741206727430473222e-01
-6.741192864364191628e-01
-6.741177271494438461e-01
-6.741159853189050422e-01
-6.741140459655243777e-01
-6.741118914992145772e-01
-6.741095060343570422e-01
-6.741068807507785143e-01
-6.741040194563829857e-01
-6.741009432029997361e-01
-6.740976926700118499e-01
-6.740943271404696846e-01
-6.740909192976197728e-01
-6.740875457589612374e-01
-6.740842741673522820e-01
-6.740811486350415382e-01
-6.740781761942580275e-01
-6.740753174295610606e-01
-6.740724844506448266e-01
-6.740695486704834094e-01
-6.740663594512437129e-01
-6.740627726790147101e-01
-6.740586859905531858e-01
-6.740540750992960461e-01
-6.740490239396278449e-01
-6.740437406638926099e-01
-6.740385522952273556e-01
-6.740338732811793632e-01
-6.740301472500395130e-01
-6.740277665506568816e-01
-6.740269799230846903e-01
-6.740278038836768904e-01
-6.740299569361913878e-01
-6.740328363861008976e-01
-6.740355544341087857e-01
-6.740370429385079687e-01
-6.740362250417727408e-01
-6.740322378649142854e-01
-6.740246756489736146e-01
-6.740138097563033170e-01
-6.740007339446323353e-01
-6.739873833473960518e-01
-6.739763860178621391e-01
-6.739707277590720746e-01
-6.739732433287567437e-01
-6.739859866298330004e-01
-6.740095733244279019e-01
-6.740426234876676359e-01
-6.740814503410690328e-01
-6.741201350242057577e-01
-6.741510903076113337e-01
-6.741661460139320994e-01
-6.741580898236206876e-01
-6.741224806469733322e-01
-6.740594368629181377e-01
-6.739750134024412587e-01
-6.738817473967314564e-01
-6.737979968376547335e-01
-6.737458363344084322e-01
-6.737475088979782978e-01
-6.738207421441604339e-01
-6.739735777184755472e-01
-6.741996699215013766e-01
-6.744752066898139775e-01
-6.747586168910628679e-01
-6.749939926002580526e-01
-6.751186476183886898e-01
-6.750744767095749888e-01
-6.748218557629768188e-01
-6.743538753935462982e-01
-6.737079277933135657e-01
-6.729712987772510369e-01
-6.722776736771346462e-01
-6.717924974982375508e-01
-6.716869510276115562e-01
-6.721027402750587854e-01
-6.731125681581101583e-01
-6.746835276631193423e-01
-6.766521308732563744e-01
-6.787197452180400159e-01
-6.804755026168012311e-01
-6.814501666812906588e-01
-6.811991167964283056e-01
-6.794059282455240378e-01
-6.759907542411636161e-01
-6.712011561421076244e-01
-6.656591450709566926e-01
-6.603393696282805481e-01
-6.564615978578232092e-01
-6.552962491538875112e-01
-6.579023982066019016e-01
-6.648384111487711801e-01
-6.759001724091125984e-01
-6.899463932372232877e-01
-7.048643650817225659e-01
-7.177162408972213026e-01
-7.250896971807971880e-01
-7.236572826015028603e-01
-7.109174009939632777e-01
-6.860337494360444488e-01
-6.506059805263868512e-01
-6.091182617950576805e-01
-5.687847125263423287e-01
-5.386071201473392467e-01
-5.276925164595807072e-01
-5.431625669975937987e-01
-5.881755589494642722e-01
-6.605558099904771385e-01
-7.522749847864036443e-01
-8.496804393487744633e-01
-9.341585496314064319e-01
-9.831285181667610562e-01
-9.719693954902941524e-01
-8.782628944240755686e-01
-6.894847390299225776e-01
-4.128102102407872898e-01
-8.164669075733017867e-02
2.479440358033678238e-01
5.122040725335793576e-01
6.583851873810783184e-01
6.576793917647034693e-01
5.102238208695899502e-01
2.450816839491287702e-01
-8.482359613035829471e-02
-4.157156677482761742e-01
-6.916868705176566490e-01
-8.795754320120667824e-01
-9.724294379499618390e-01
-9.829097726997455542e-01
-9.334854838633414031e-01
-8.487742560287028226e-01
-7.513283165452974144e-01
-6.597214483365005933e-01
-5.875590968264752245e-01
-5.428171228132762094e-01
-5.276184251742171982e-01
-5.387593640012549034e-01
-5.690879148832783674e-01
-6.094858668772064059e-01
-6.509586249308786376e-01
-6.863124553214215995e-01
-7.110895110570706334e-01
-7.237156539591900195e-01
-7.250473464274503899e-01
-7.175989915996418000e-01
-7.047034918345661536e-01
-6.897724344302469390e-01
-6.757384308863427780e-01
-6.647062790597245696e-01
-6.578084337684387828e-01
-6.552407806348579111e-01
-6.564384851324533976e-01
-6.603384374536276358e-01
-6.656687609208765677e-01
-6.712104849584585864e-01
-6.759913687907803670e-01
-6.793926411062470860e-01
-6.811700746730352529e-01
-6.814063710217916903e-01
-6.804199787056791626e-01
-6.786565829508185432e-01
-6.765855829644681352e-01
-6.746172945278776645e-01
-6.730493379822124478e-01
-6.720439974058826094e-01
-6.716330214897566764e-01
-6.717427704335685590e-01
-6.722309231518297512e-01
-6.729260309487499203e-01
-6.736626910487316655e-01
-6.743074913124961212e-01
-6.747735515623137781e-01
-6.750239206504364819e-01
-6.750659045186179208e-01
-6.749394256311467277e-01
-6.747027643463572311e-01
-6.744186596117430765e-01
-6.741429701427485988e-01
-6.739171479248132757e-01
-6.737648516473958571e-01
-6.736922721810671977e-01
-6.736912368398285667e-01
-6.737439261737351304e-01
-6.738280499703351856e-01
-6.739215279809827042e-01
-6.740060290911989993e-01
-6.740690634383357249e-01
-6.741046312462792844e-01
-6.741126664046090955e-01
-6.740976516628502946e-01
-6.740668262234442709e-01
-6.740283715628739847e-01
-6.739898724943381714e-01
-6.739572353429776896e-01
-6.739341285657985958e-01
-6.739219121830323234e-01
-6.739199524842782729e-01
-6.739261816930347537e-01
-6.739377564566051415e-01
-6.739516876659109590e-01
-6.739653484300753838e-01
-6.739768079236809761e-01
-6.739849783441500541e-01
-6.739895945316642933e-01
-6.739910675867581968e-01
-6.739902641534858407e-01
-6.739882629721363205e-01
-6.739861322393381204e-01
-6.739847583037528178e-01
-6.739847413826398626e-01
-6.739863599950177697e-01
-6.739895946308488428e-01
-6.739941939166160800e-01
-6.739997634669023796e-01
-6.740058583056885988e-01
-6.740120632918437105e-01
-6.740180512346664043e-01
-6.740236141588027419e-01
-6.740286684561577202e-01
-6.740332387130255620e-01
-6.740374274325400261e-01
-6.740413786296914900e-01
-6.740452425807891279e-01
-6.740491472721984456e-01
-6.740531798114763884e-01
-6.740573787237085224e-01
-6.740617360550515968e-01
-6.740662068059519729e-01
-6.740707225270620162e-01
-6.740752058991653639e-01
-6.740795836443916889e-01
-6.740837959770856758e-01
-6.740878017810094658e-01
-6.740915796024830042e-01
-6.740951252375444458e-01
-6.740984470928743644e-01
-6.741015606083986533e-01
-6.741044828905312647e-01
-6.741072283990066083e-01
-6.741098061494944504e-01
-6.741122185239786235e-01
-6.741144614856315886e-01
-6.741165258106766034e-01
-6.741183988837485819e-01
-6.741200666385163132e-01
-6.741215153289358275e-01
-6.741227329491330522e-01
-6.741237102448250917e-01
