-6.740954583030650538e-01
-6.740957451896573138e-01
-6.740955298750944680e-01
-6.740949289027037272e-01
-6.740941198001291212e-01
-6.740933162498859987e-01
-6.740927342486499052e-01
-6.740925517493783214e-01
-6.740928665662837549e-01
-6.740936597296033339e-01
-6.740947732049193952e-01
-6.740959110571398405e-01
-6.740966710194419287e-01
-6.740966087174962151e-01
-6.740953298211110889e-01
-6.740925971969365937e-01
-6.740884324278920703e-01
-6.740831859719871311e-01
-6.740775498691491396e-01
-6.740724928328608589e-01
-6.740691102408380431e-01
-6.740683998775451879e-01
-6.740709954670798254e-01
-6.740769097213753502e-01
-6.740853515628966175e-01
-6.740946832302054936e-01
-6.741025684148072017e-01
-6.741063314035860010e-01
-6.741035021479392375e-01
-6.740924701288126819e-01
-6.740731213822438450e-01
-6.740473008069590710e-01
-6.740189383313139881e-01
-6.739937117544657630e-01
-6.739781936750488534e-01
-6.739785384751962871e-01
-6.739988914416789045e-01
-6.740398205220796690e-01
-6.740971514125719821e-01
-6.741615987328876125e-01
-6.742195079427097948e-01
-6.742548476527243650e-01
-6.742523343804760483e-01
-6.742012693467291928e-01
-6.740993784966144986e-01
-6.739557448122751593e-01
-6.737918786602486998e-01
-6.736401430465289719e-01
-6.735391567195556650e-01
-6.735264089496625362e-01
-6.736290473161463677e-01
-6.738545027444838853e-01
-6.741831202405024204e-01
-6.745650958582007917e-01
-6.749236490406698152e-01
-6.751654354839398131e-01
-6.751977923857925834e-01
-6.749506944280379006e-01
-6.743995928029806741e-01
-6.735840068712914963e-01
-6.726162647396586314e-01
-6.716755125972382334e-01
-6.709842259910788753e-01
-6.707678579853396661e-01
-6.712024749942151480e-01
-6.723594302595151673e-01
-6.741592639513467322e-01
-6.763480895233336954e-01
-6.785080251413412311e-01
-6.801085451656325720e-01
-6.805982848980859368e-01
-6.795276395227757282e-01
-6.766827144685176876e-01
-6.722026041251172312e-01
-6.666470345441655176e-01
-6.609829774482283149e-01
-6.564693644378321036e-01
-6.544389714646345890e-01
-6.560029517068018956e-01
-6.617298281016671391e-01
-6.713688206247737655e-01
-6.836908374574846015e-01
-6.965079102570743697e-01
-7.069071895934568861e-01
-7.117045735251350536e-01
-7.080877533236235033e-01
-6.943746728023983961e-01
-6.707557122362012292e-01
-6.398236225226607843e-01
-6.066569051260941592e-01
-5.782608948697911533e-01
-5.623198232240315120e-01
-5.654446853180581378e-01
-5.913183073927374966e-01
-6.392244477843518347e-01
-7.033444029176135759e-01
-7.729618187828382059e-01
-8.334847887871411620e-01
-8.681551287108292270e-01
-8.605307081016859705e-01
-7.980686146401710923e-01
-6.768831217090521823e-01
-5.066030518626476464e-01
-3.126950193720055005e-01
-1.332950043845102239e-01
-9.855940253996251649e-03
2.543185911528200033e-02
-3.943961771190782756e-02
-1.910492792715654253e-01
-3.929110819468623617e-01
-5.946660684579809786e-01
-7.445678597935632137e-01
-8.004552627488452643e-01
-7.369571441224083141e-01
-5.503661449224418467e-01
-2.621371488529006255e-01
8.251970986017684306e-02
4.257321134549739705e-01
7.157062671828294809e-01
9.225886945872530109e-01
1.042771511408906671e+00
1.092199450861653709e+00
1.095280612152902400e+00
1.075518463270634051e+00
1.050272240514524391e+00
1.029300802465036080e+00
1.015859477263435506e+00
1.009077017978431856e+00
1.006573350489614160e+00
1.006581322364666686e+00
1.009112985963271258e+00
1.015952877875792915e+00
1.029479445371975777e+00
1.050534624316056709e+00
1.075803882730082206e+00
1.095446799915857250e+00
1.092020760837252302e+00
1.041972276866291347e+00
9.209230900920070129e-01
7.130784077363028217e-01
4.223080511093137979e-01
7.875320103971271413e-02
-2.656196904444041995e-01
-5.529783956260161393e-01
-7.383250976868660498e-01
-8.004770503228137990e-01
-7.433910854187720796e-01
-5.926427072494054871e-01
-3.905422914620579888e-01
-1.888952745941246680e-01
-3.799226114781520391e-02
2.587241538751856168e-02
-1.046082164524687538e-02
-1.347301681728431400e-01
-3.145736646304319595e-01
-5.084936480184807372e-01
-6.784324326913793168e-01
-7.990739167824861822e-01
-8.609463860482958752e-01
-8.680546180759677322e-01
-8.330099538103509227e-01
-7.722800384219311587e-01
-7.026178360202958162e-01
-6.385883787107428100e-01
-5.908659908223591328e-01
-5.652191472707133180e-01
-5.623143570531237145e-01
-5.784286139441636720e-01
-6.069270446226479043e-01
-6.401201702975979346e-01
-6.710135729836138596e-01
-6.945500029655777841e-01
-7.081614564604757911e-01
-7.116800236074696251e-01
-7.068043136432963225e-01
-6.963558138585308477e-01
-6.835206556460251548e-01
-6.712078785216183396e-01
-6.615977100620510365e-01
-6.559097021112541004e-01
-6.543853207696552765e-01
-6.564485741561979504e-01
-6.609836727860506356e-01
-6.666563048296444416e-01
-6.722087245007978273e-01
-6.766770463402866920e-01
-6.795055294474572349e-01
-6.805590233802314426e-01
-6.800546145847017332e-01
-6.784439426380075577e-01
-6.762791481624170764e-01
-6.740904193655294918e-01
-6.722944963081765035e-01
-6.711437014940644374e-01
-6.707158813419866750e-01
-6.709383201790831697e-01
-6.716340299459518937e-01
-6.725771453274415057e-01
-6.735452489759957695e-01
-6.743596075696930425e-01
-6.749085062809233593e-01
-6.751530836305396077e-01
-6.751184622619186282e-01
-6.748750728397291399e-01
-6.745157798462952936e-01
-6.741339347700290308e-01
-6.738061727410508128e-01
-6.735820595113514164e-01
-6.734809822992493533e-01
-6.734952673600972384e-01
-6.735975873003409164e-01
-6.737503543913287984e-01
-6.739149324482566206e-01
-6.740590071816366935e-01
-6.741611595560031978e-01
-6.742124144772676519e-01
-6.742151471280581898e-01
-6.741801336918824550e-01
-6.741227023996728684e-01
-6.740588956932609399e-01
-6.740023507870440689e-01
-6.739623166797041875e-01
-6.739429229952672573e-01
-6.739435587231795699e-01
-6.739600445708074927e-01
-6.739862053460503599e-01
-6.740154616326181625e-01
-6.740421408448856733e-01
-6.740623265487710736e-01
-6.740741911700600664e-01
-6.740778656580646011e-01
-6.740749740029786663e-01
-6.740679943999872137e-01
-6.740596049717050287e-01
-6.740521394483611761e-01
-6.740472295353537868e-01
-6.740456585930457711e-01
-6.740474062451344839e-01
-6.740518324697679642e-01
-6.740579353105103921e-01
-6.740646175330783363e-01
-6.740709105984186156e-01
-6.740761240759867157e-01
-6.740799098273769774e-01
-6.740822486102067135e-01
-6.740833793842566646e-01
-6.740836974732169473e-01
-6.740836473166610388e-01
-6.740836304112198807e-01
-6.740839413066130881e-01
-6.740847363159898631e-01
-6.740860326287848592e-01
-6.740877308205726059e-01
-6.740896516544310213e-01
-6.740915782521494926e-01
-6.740932964552334150e-01
-6.740946286104548824e-01
