-6.740856066440686911e-01
-6.740860697231921828e-01
-6.740863889786202767e-01
-6.740865766860690833e-01
-6.740866528233031563e-01
-6.740866438321427845e-01
-6.740865803918727472e-01
-6.740864939709277914e-01
-6.740864121659240205e-01
-6.740863532028678051e-01
-6.740863203938995962e-01
-6.740862977130136491e-01
-6.740862478606706176e-01
-6.740861141237289855e-01
-6.740858269319548457e-01
-6.740853152535130066e-01
-6.740845219255605647e-01
-6.740834208340734657e-01
-6.740820327670292711e-01
-6.740804360425526331e-01
-6.740787679350996875e-01
-6.740772137050473622e-01
-6.740759817719770286e-01
-6.740752661682187785e-01
-6.740752005577055339e-01
-6.740758112804102753e-01
-6.740769793929675124e-01
-6.740784227647722560e-01
-6.740797082804754758e-01
-6.740803006732328795e-01
-6.740796484713185155e-01
-6.740772995399350043e-01
-6.740730298965196265e-01
-6.740669615581579288e-01
-6.740596401532146231e-01
-6.740520428859994029e-01
-6.740454937110987865e-01
-6.740414758408588281e-01
-6.740413512059837409e-01
-6.740460198413427140e-01
-6.740555754296086999e-01
-6.740690312705570619e-01
-6.740841981991164689e-01
-6.740977875648788142e-01
-6.741057853655562093e-01
-6.741040982283066363e-01
-6.740894124804818199e-01
-6.740601427714627558e-01
-6.740172891751928796e-01
-6.739649862798814395e-01
-6.739105290482271249e-01
-6.738637092233284998e-01
-6.738353966406189777e-01
-6.738354456414502591e-01
-6.738701795624795210e-01
-6.739398761556205653e-01
-6.740368055557079963e-01
-6.741444193943638696e-01
-6.742382198977228125e-01
-6.742886312173219654e-01
-6.742658552173947939e-01
-6.741462535784170651e-01
-6.739193222827510876e-01
-6.735939063462604848e-01
-6.732020523465799267e-01
-6.727989227975005315e-01
-6.724575817458788851e-01
-6.722582313940704823e-01
-6.722725802697733233e-01
-6.725453058418204844e-01
-6.730758042648582462e-01
-6.738043098947950060e-01
-6.746067296104060196e-01
-6.753019439147345260e-01
-6.756737645622880040e-01
-6.755072477107955109e-01
-6.746358652844867132e-01
-6.729925632388337187e-01
-6.706546306858717221e-01
-6.678704112617537270e-01
-6.650561329988673442e-01
-6.627542750615077471e-01
-6.615511640171020113e-01
-6.619602717747486986e-01
-6.642873810153038239e-01
-6.685021412411074060e-01
-6.741453273135231683e-01
-6.803008673205398482e-01
-6.856560940763807288e-01
-6.886631639440112806e-01
-6.877995935907910141e-01
-6.819061349338831901e-01
-6.705555093128429123e-01
-6.543781475466884379e-01
-6.352489564372404418e-01
-6.162362782339729783e-01
-6.012452132549118700e-01
-5.943564424999324691e-01
-5.989527055263456079e-01
-6.168039989888173258e-01
-6.473133297740766290e-01
-6.870920979228620773e-01
-7.299574842631725291e-01
-7.673736406116770103e-01
-7.893468454164509485e-01
-7.858397433643551366e-01
-7.488078726643965233e-01
-6.748168774990294105e-01
-5.677463439951793145e-01
-4.404656997426401599e-01
-3.140959357836102805e-01
-2.141145996062645274e-01
-1.640377539797569784e-01
-1.787724817228777408e-01
-2.600313391732872459e-01
-3.953956943665413726e-01
-5.612271349165971479e-01
-7.280587611082364186e-01
-8.659735094600728988e-01
-9.478499820814992871e-01
-9.505166108127156566e-01
-8.562879084134560337e-01
-6.576484893833817180e-01
-3.647075784094799267e-01
-1.014867844263872727e-02
3.551171152344994031e-01
6.762405221213905193e-01
9.100051839438867418e-01
1.031527482199431578e+00
1.031067421338307755e+00
9.086558520249609083e-01
6.741208509142276872e-01
3.524791118811089197e-01
-1.292587608532620377e-02
-3.672080643273139544e-01
-6.595455676198835882e-01
-8.574192153615960432e-01
-9.508751104298037715e-01
-9.475283428189109625e-01
-8.651158070253924803e-01
-7.268418189267110696e-01
-5.598584299271308629e-01
-3.941028680361085557e-01
-2.590305717180997891e-01
-1.782237199085431045e-01
-1.640066310946319827e-01
-2.145582282836168142e-01
-3.148790467542006977e-01
-4.414018849826298885e-01
-5.686495011619905338e-01
-6.755441736633568395e-01
-7.492812334663265794e-01
-7.860447192591381027e-01
-7.893170930893864679e-01
-7.671711471986606412e-01
-7.296550424451963002e-01
-6.867601204833644335e-01
-6.470106746033478240e-01
-6.165721156654168089e-01
-5.988128987463527952e-01
-5.943103280518737819e-01
-6.012781737661214709e-01
-6.163231246758217319e-01
-6.353604810672119907e-01
-6.544871255541087063e-01
-6.706410329586752761e-01
-6.819557740652347766e-01
-6.878094971907731114e-01
-6.886366354380610844e-01
-6.856013220537350294e-01
-6.802284335880179889e-01
-6.740659532599406756e-01
-6.684249568973572586e-01
-6.642188488346759678e-01
-6.619037757119249354e-01
-6.615071800018281767e-01
-6.627209709725999653e-01
-6.650302093222132394e-01
-6.678479917428076229e-01
-6.706320431684031913e-01
-6.729669045144571760e-01
-6.746053055107436025e-01
-6.754710855722697582e-01
-6.756322842113892113e-01
-6.752561453119750867e-01
-6.745580068193657297e-01
-6.737541417575179103e-01
-6.730255040929249422e-01
-6.724958561771067211e-01
-6.722245591809220544e-01
-6.722118207981757632e-01
-6.724126374044091525e-01
-6.727550804413088281e-01
-6.731588444324964060e-01
-6.735508681018229638e-01
-6.738760723782143414e-01
-6.741025423027907637e-01
-6.742215799774815554e-01
-6.742438245135644603e-01
-6.741930181632439512e-01
-6.740990221934607396e-01
-6.739914339587583791e-01
-6.738947371777123108e-01
-6.738254409772733711e-01
-6.737912228193314590e-01
-6.737917507517484639e-01
-6.738206544753505556e-01
-6.738680457142518510e-01
-6.739230360879528980e-01
-6.739758300388337675e-01
-6.740191406412274766e-01
-6.740488490702885027e-01
-6.740639743210715684e-01
-6.740661201824801330e-01
-6.740586152054836022e-01
-6.740455623998368173e-01
-6.740309797145395132e-01
-6.740181546304468974e-01
-6.740092712970284783e-01
-6.740053091553592779e-01
-6.740061666202901147e-01
-6.740109364510257217e-01
-6.740182511295971235e-01
-6.740266239251971880e-01
-6.740347294461113137e-01
-6.740415908044888882e-01
-6.740466639043435348e-01
-6.740498288640842661e-01
-6.740513118333981701e-01
-6.740515666990356536e-01
-6.740511459916791459e-01
-6.740505852421253552e-01
-6.740503170852373271e-01
-6.740506225870693813e-01
-6.740516192616069491e-01
-6.740532792037713383e-01
-6.740554672482408360e-01
-6.740579880690299452e-01
-6.740606322383161375e-01
-6.740632137865706364e-01
-6.740655949911771305e-01
-6.740676972748299578e-01
-6.740694996927504290e-01
-6.740710282206389126e-01
-6.740723398332074678e-01
-6.740735052791323456e-01
-6.740745937303462831e-01
-6.740756613891100146e-01
-6.740767449512803378e-01
-6.740778597765051394e-01
-6.740790018572261344e-01
-6.740801522743211649e-01
-6.740812827654277806e-01
-6.740823612403591403e-01
-6.740833564497600294e-01
-6.740842414329318855e-01
-6.740849957372481160e-01
