-6.740819387814361852e-01
-6.740823838182672390e-01
-6.740826768710164174e-01
-6.740828350099025146e-01
-6.740828858448552063e-01
-6.740828656513425665e-01
-6.740828160946676917e-01
-6.740827792608979907e-01
-6.740827910436310022e-01
-6.740828734439319181e-01
-6.740830269161144361e-01
-6.740832243928676082e-01
-6.740834088895644172e-01
-6.740834964730295642e-01
-6.740833857883840041e-01
-6.740829742571762262e-01
-6.740821795894536006e-01
-6.740809636093318957e-01
-6.740793539001603829e-01
-6.740774578173083231e-01
-6.740754633766677939e-01
-6.740736226993011559e-01
-6.740722161914041166e-01
-6.740714993186003312e-01
-6.740716382432810905e-01
-6.740726449825931166e-01
-6.740743261369479544e-01
-6.740762605796967177e-01
-6.740778198619054029e-01
-6.740782399178222306e-01
-6.740767440097245045e-01
-6.740727055597720563e-01
-6.740658272530416495e-01
-6.740563019586878202e-01
-6.740449144267125492e-01
-6.740330431300413094e-01
-6.740225310948519954e-01
-6.740154137937878209e-01
-6.740135199295732571e-01
-6.740179937175864167e-01
-6.740288194151327072e-01
-6.740444530795715039e-01
-6.740616751233449166e-01
-6.740757635003852277e-01
-6.740810474933842666e-01
-6.740718368235543156e-01
-6.740436367089610581e-01
-6.739944692233877932e-01
-6.739260427830958688e-01
-6.738444657061601895e-01
-6.737602067299154340e-01
-6.736870799085984407e-01
-6.736401778095776338e-01
-6.736328851014701247e-01
-6.736733473317990661e-01
-6.737610038666892454e-01
-6.738839655012286434e-01
-6.740180696953889106e-01
-6.741283325389298975e-01
-6.741732111241921510e-01
-6.741116012231611609e-01
-6.739118728273483239e-01
-6.735615840030914070e-01
-6.730759439296023494e-01
-6.725027742691749300e-01
-6.719217958330623297e-01
-6.714366557839994698e-01
-6.711592375705371927e-01
-6.711873708521536308e-01
-6.715788568801857039e-01
-6.723264042492169690e-01
-6.733392256848615975e-01
-6.744372901497818207e-01
-6.753632672362123168e-01
-6.758149182694261903e-01
-6.754971603924668777e-01
-6.741885674914722681e-01
-6.718122562854791369e-01
-6.684968344886812464e-01
-6.646105715437691241e-01
-6.607525568742709243e-01
-6.576894534776158707e-01
-6.562358040248665869e-01
-6.570885794613344766e-01
-6.606401739724424571e-01
-6.668049026013419533e-01
-6.748991990552531961e-01
-6.836136874325258184e-01
-6.911065983134740964e-01
-6.952340467566318072e-01
-6.939139578177531131e-01
-6.855951617335742654e-01
-6.697688839090435442e-01
-6.474184531273969867e-01
-6.212673271359020477e-01
-5.956801699793230487e-01
-5.761222403426344840e-01
-5.681938208086356745e-01
-5.763971004753217775e-01
-6.029017415938289215e-01
-6.465950909235003152e-01
-7.026185047057565969e-01
-7.624486041716165285e-01
-8.144775643739017301e-01
-8.450784542505747066e-01
-8.403243933560541334e-01
-7.886986471721935121e-01
-6.849405883412054141e-01
-5.343282832996593124e-01
-3.554555658295417975e-01
-1.790163072686047907e-01
-4.144556607720659841e-02
2.491572603413492321e-02
1.401346576526446954e-03
-1.111638842987116294e-01
-2.923132238855428167e-01
-5.074537430083875256e-01
-7.169077789764196629e-01
-8.843913385011882289e-01
-9.812656713807583753e-01
-9.864860017490585387e-01
-8.860616649944900169e-01
-6.762515747021259349e-01
-3.705366792199496495e-01
-4.480945586116388130e-03
3.690036778592699629e-01
6.945129652320937153e-01
9.297455859474151874e-01
1.051409699738163228e+00
1.050929736176431151e+00
9.283327892003996329e-01
6.922791476640346442e-01
3.662001039451577289e-01
-7.461487261609011518e-03
-3.732510390580395798e-01
-6.783410349490620606e-01
-8.873345937015203466e-01
-9.869090774467090821e-01
-9.809055706993411450e-01
-8.833700915741208304e-01
-7.153975407573808232e-01
-5.056903266974229760e-01
-2.905897824500771609e-01
-1.097845019806121397e-01
2.193825166970461270e-03
2.500397237985147250e-02
-4.202384669329002620e-02
-1.800838890099550060e-01
-3.567514577932576203e-01
-5.355846269499051626e-01
-6.859509455056334026e-01
-7.893529174699785989e-01
-8.406061232531287786e-01
-8.450389242696957348e-01
-8.142049179026729089e-01
-7.620428454589688316e-01
-7.021745352978919774e-01
-6.461917485029402552e-01
-6.025947853343393001e-01
-5.762156002883892514e-01
-5.681403705785200708e-01
-5.761771987766046710e-01
-5.958091596470530549e-01
-6.214302547758067119e-01
-6.475779391792194639e-01
-6.698963792022057939e-01
-6.856739404582012920e-01
-6.939391501026983544e-01
-6.952105282003836484e-01
-6.910457617145859821e-01
-6.835299923436688463e-01
-6.748071217613935691e-01
-6.667166398825316032e-01
-6.605642459622687035e-01
-6.570293258249439994e-01
-6.561936536669246145e-01
-6.576617630784939994e-01
-6.607347642137854082e-01
-6.645974052288873279e-01
-6.684833629283077894e-01
-6.717946331796607051e-01
-6.741644176986031356e-01
-6.754656275321011538e-01
-6.757764494462316085e-01
-6.753192361014016543e-01
-6.743895604113174791e-01
-6.732897406102080762e-01
-6.722768618323131662e-01
-6.715305019728468050e-01
-6.711409095522011814e-01
-6.711148586156556739e-01
-6.713941302812238554e-01
-6.718806207755835258e-01
-6.724623262550747382e-01
-6.730356156910720644e-01
-6.735208856197407723e-01
-6.738704895863998345e-01
-6.740694091035261959e-01
-6.741302575560754740e-01
-6.740847938827371211e-01
-6.739741978846262027e-01
-6.738400350397319993e-01
-6.737172676256111270e-01
-6.736300061615231316e-01
-6.735900728671726512e-01
-6.735979606076212267e-01
-6.736454662423851936e-01
-6.737191644261242285e-01
-6.738039412646588122e-01
-6.738859794776130840e-01
-6.739548213387108744e-01
-6.740043785376472751e-01
-6.740329662119818321e-01
-6.740425846521710396e-01
-6.740377463862365914e-01
-6.740241529421525657e-01
-6.740074793978424461e-01
-6.739924460807265039e-01
-6.739822663795482782e-01
-6.739784755055117094e-01
-6.739810798391902003e-01
-6.739889267338359247e-01
-6.740001810353376532e-01
-6.740128032870049690e-01
-6.740249489234672042e-01
-6.740352399669513606e-01
-6.740428935543566480e-01
-6.740477193776324150e-01
-6.740500173273474838e-01
-6.740504160625844232e-01
-6.740496935968389725e-01
-6.740486143574047073e-01
-6.740478063049284430e-01
-6.740476894151835596e-01
-6.740484555258484667e-01
-6.740500909072566493e-01
-6.740524277590610458e-01
-6.740552092138621942e-01
-6.740581537863844508e-01
-6.740610086138097978e-01
-6.740635852326485322e-01
-6.740657760532828835e-01
-6.740675533746155468e-01
-6.740689552775972482e-01
-6.740700639038156305e-01
-6.740709815793014537e-01
-6.740718092796685879e-01
-6.740726304343196418e-01
-6.740735014210393894e-01
-6.740744486301829541e-01
-6.740754708973090148e-01
-6.740765455126237482e-01
-6.740776359029500009e-01
-6.740786993502989599e-01
-6.740796936138045981e-01
-6.740805818984682007e-01
-6.740813361231278167e-01
