-6.741149926877938459e-01
-6.741154809990979047e-01
-6.741157563731970948e-01
-6.741158222600736050e-01
-6.741156845171942802e-01
-6.741153512322679564e-01
-6.741148323112211571e-01
-6.741141387337575841e-01
-6.741132814330157430e-01
-6.741122698492626464e-01
-6.741111103266147486e-01
-6.741098046431701629e-01
-6.741083490581764037e-01
-6.741067342916859939e-01
-6.741049467932695993e-01
-6.741029714893015390e-01
-6.741007959252948156e-01
-6.740984153687027414e-01
-6.740958380641072223e-01
-6.740930895164833903e-01
-6.740902145123037759e-01
-6.740872756619264994e-01
-6.740843476235075515e-01
-6.740815068630356954e-01
-6.740788177630762101e-01
-6.740763169821712975e-01
-6.740739989822359668e-01
-6.740718063277595373e-01
-6.740696284561750184e-01
-6.740673119119010570e-01
-6.740646834304516721e-01
-6.740615848296490631e-01
-6.740579156982401399e-01
-6.740536768649076915e-01
-6.740490052442847935e-01
-6.740441896195666915e-01
-6.740396578862426491e-01
-6.740359296554934154e-01
-6.740335338938844290e-01
-6.740328989159034556e-01
-6.740342304246751404e-01
-6.740374007831057002e-01
-6.740418773619942794e-01
-6.740467177593271186e-01
-6.740506534887370504e-01
-6.740522708898982751e-01
-6.740502793256455405e-01
-6.740438345349659688e-01
-6.740328631194698605e-01
-6.740183174506971797e-01
-6.740022840324806364e-01
-6.739878770645740813e-01
-6.739788752433695240e-01
-6.739791032487643108e-01
-6.739916155604290804e-01
-6.740178007798562909e-01
-6.740565775948328398e-01
-6.741038851045793034e-01
-6.741526671732540610e-01
-6.741935031258897704e-01
-6.742159424854241578e-01
-6.742104659287226909e-01
-6.741708352796761394e-01
-6.740964394908066648e-01
-6.739941260423341074e-01
-6.738789651628696031e-01
-6.737734598071145609e-01
-6.737049056906667666e-01
-6.737009189813271126e-01
-6.737835524410124011e-01
-6.739628524832284029e-01
-6.742310841934274768e-01
-6.745590713127688209e-01
-6.748960718140452064e-01
-6.751742717775236491e-01
-6.753183118895752513e-01
-6.752593051584468986e-01
-6.749516755606269625e-01
-6.743900305217320756e-01
-6.736224190970881986e-01
-6.727559945703035504e-01
-6.719515435430402084e-01
-6.714047163048262323e-01
-6.713140736361368210e-01
-6.718389990952815527e-01
-6.730536231590452667e-01
-6.749055118500660866e-01
-6.771893055021634966e-01
-6.795451986493825647e-01
-6.814898151416526328e-01
-6.824826107265848929e-01
-6.820246354531204203e-01
-6.797787815692449831e-01
-6.756924082070130400e-01
-6.700960134955720182e-01
-6.637477668485340931e-01
-6.577960396970837786e-01
-6.536427995450615480e-01
-6.527098986014915338e-01
-6.561345658580156615e-01
-6.644434356178898771e-01
-6.772691460545914310e-01
-6.931755842590636707e-01
-7.096481070956908166e-01
-7.232889110925297960e-01
-7.302403911772029632e-01
-7.268390840061421665e-01
-7.104670930258611961e-01
-6.804995931206146986e-01
-6.391441674701592301e-01
-5.918677839512976879e-01
-5.470895509837910842e-01
-5.149587012367774497e-01
-5.053344079579074055e-01
-5.254145827611859110e-01
-5.776421162203084769e-01
-6.584270753688253874e-01
-7.578825925444800937e-01
-8.603536273592991002e-01
-9.453162885107870839e-01
-9.885442980352999731e-01
-9.643110222926654096e-01
-8.502172418511904084e-01
-6.356829313031858719e-01
-3.320545285581441575e-01
2.204243568225165706e-02
3.668679814291989083e-01
6.385548288063674915e-01
7.871232141693137452e-01
7.864391866331824632e-01
6.366201450914044102e-01
3.640301336917770025e-01
1.883144283291724244e-02
-3.350579940094186027e-01
-6.380226761906916400e-01
-8.516734263875417321e-01
-9.648958500071052047e-01
-9.884202318243561214e-01
-9.447062861901386333e-01
-8.594819615552594660e-01
-7.569467786473048632e-01
-6.575858908810855441e-01
-5.770080331300859733e-01
-5.250478221761115671e-01
-5.052414953829090782e-01
-5.150988068174304768e-01
-5.473889548483271694e-01
-5.922393016239346775e-01
-6.395063645077769809e-01
-6.807909835900192164e-01
-7.106528221999937056e-01
-7.269104348206577582e-01
-7.302093950794193988e-01
-7.231808235354053593e-01
-7.094939102324273605e-01
-6.930057471201520602e-01
-6.771091315610147099e-01
-6.643110316814647698e-01
-6.560389266678935405e-01
-6.526520642306039566e-01
-6.536173445916186875e-01
-6.577933960324244822e-01
-6.637567194867498577e-01
-6.701059156039436138e-01
-6.756947949251476127e-01
-6.797682410404257691e-01
-6.819989660798778663e-01
-6.824424158020556685e-01
-6.814377445092669738e-01
-6.794850493510201650e-01
-6.771251584978529303e-01
-6.748410294407033438e-01
-6.729915760631022259e-01
-6.717810416483485092e-01
-6.712607447538990746e-01
-6.713556151094154378e-01
-6.719056131040462843e-01
-6.727118448727530398e-01
-6.735786292301257916e-01
-6.743453867244133537e-01
-6.749053218534398768e-01
-6.752108026696599374e-01
-6.752676185072862269e-01
-6.751216637256545194e-01
-6.748420328864789264e-01
-6.745041745933958444e-01
-6.741758865340651274e-01
-6.739078153914083158e-01
-6.737289958309317095e-01
-6.736470076740193047e-01
-6.736516634589924113e-01
-6.737208025974640302e-01
-6.738267439601557385e-01
-6.739421704315926576e-01
-6.740445948394322428e-01
-6.741189890452038425e-01
-6.741585613226360740e-01
-6.741639801275061128e-01
-6.741415330942391870e-01
-6.741007748512378717e-01
-6.740521744613431343e-01
-6.740051551415694453e-01
-6.739667626208855067e-01
-6.739410389304208993e-01
-6.739290429026083551e-01
-6.739293642054819955e-01
-6.739389306511917033e-01
-6.739539057711682046e-01
-6.739705055167873882e-01
-6.739856161287482994e-01
-6.739971558916532102e-01
-6.740041797360106779e-01
-6.740067690366511322e-01
-6.740057751628031335e-01
-6.740024939326342279e-01
-6.739983417518295994e-01
-6.739945874205809373e-01
-6.739921716259628104e-01
-6.739916239003833631e-01
-6.739930681325077000e-01
-6.739962948934337117e-01
-6.740008726846210552e-01
-6.740062702094370417e-01
-6.740119664802926014e-01
-6.740175330970039624e-01
-6.740226814342722417e-01
-6.740272751252840422e-01
-6.740313140029927652e-01
-6.740348990217872593e-01
-6.740381886292212688e-01
-6.740413560015390271e-01
-6.740445541538920837e-01
-6.740478929171244138e-01
-6.740514288001879795e-01
-6.740551663272807970e-01
-6.740590678363946875e-01
-6.740630680255363938e-01
-6.740670896358720299e-01
-6.740710573544387296e-01
-6.740749080398042992e-01
-6.740785964666030639e-01
-6.740820967438412303e-01
-6.740854002553071656e-01
-6.740885113450519883e-01
-6.740914420417829511e-01
-6.740942069473382370e-01
-6.740968190959208961e-01
-6.740992872158316773e-01
-6.741016144737724813e-01
-6.741037985089475271e-01
-6.741058323978375011e-01
-6.741077061326616882e-01
-6.741094082293920264e-01
-6.741109271752651066e-01
-6.741122525476838101e-01
-6.741133757556406758e-01
-6.741142904481229881e-01
