-6.741003747817663205e-01
-6.741008578504744664e-01
-6.741011638903390280e-01
-6.741012991521893039e-01
-6.741012739599964165e-01
-6.741011021448367613e-01
-6.741008000123134281e-01
-6.741003847276576533e-01
-6.740998721141272521e-01
-6.740992740306879227e-01
-6.740985956923103428e-01
-6.740978334742319111e-01
-6.740969738469008155e-01
-6.740959940708242115e-01
-6.740948651050473472e-01
-6.740935568408987777e-01
-6.740920452909823224e-01
-6.740903208086459486e-01
-6.740883958879553273e-01
-6.740863107252123010e-01
-6.740841346405537227e-01
-6.740819617684769005e-01
-6.740799001816377700e-01
-6.740780547836008330e-01
-6.740765057643390845e-01
-6.740752859263765551e-01
-6.740743614464013156e-01
-6.740736212847094899e-01
-6.740728801663486980e-01
-6.740718986109790478e-01
-6.740704208452958923e-01
-6.740682278029960228e-01
-6.740651982915821794e-01
-6.740613675284800044e-01
-6.740569695392736316e-01
-6.740524493122435068e-01
-6.740484328877525133e-01
-6.740456491079861445e-01
-6.740448053474497048e-01
-6.740464302444206801e-01
-6.740507075709006868e-01
-6.740573346231325536e-01
-6.740654433087709396e-01
-6.740736200586688875e-01
-6.740800501715243920e-01
-6.740827929253222495e-01
-6.740801672932605904e-01
-6.740711979499247608e-01
-6.740560428899609047e-01
-6.740363041177366288e-01
-6.740151184081478730e-01
-6.739969417392569495e-01
-6.739869814390970770e-01
-6.739902927948796529e-01
-6.740106349236598682e-01
-6.740492617348118332e-01
-6.741038910845125187e-01
-6.741681299571611330e-01
-6.742316183762513404e-01
-6.742810780235660717e-01
-6.743023112851104228e-01
-6.742830037968802204e-01
-6.742159643437004579e-01
-6.741022296104659528e-01
-6.739533166386021401e-01
-6.737918735018834093e-01
-6.736501004244569435e-01
-6.735656099463336322e-01
-6.735748538184903600e-01
-6.737048139872084951e-01
-6.739642428960710419e-01
-6.743362210422014780e-01
-6.747740419819595603e-01
-6.752023155785860098e-01
-6.755246204750623429e-01
-6.756380260556542616e-01
-6.754534196892586495e-01
-6.749189924363069304e-01
-6.740427291152694123e-01
-6.729086699824385898e-01
-6.716814490874954968e-01
-6.705945094448944044e-01
-6.699196272321619183e-01
-6.699188451458562010e-01
-6.707841619886177886e-01
-6.725745639764577621e-01
-6.751632431121568079e-01
-6.782092101436776321e-01
-6.811663275973089959e-01
-6.833387933171554129e-01
-6.839853615163072886e-01
-6.824653996802058087e-01
-6.784088445597185046e-01
-6.718805008182123784e-01
-6.634994085955979726e-01
-6.544701326222419624e-01
-6.464893468843692093e-01
-6.415109285924026628e-01
-6.413844163003452614e-01
-6.474177539423857652e-01
-6.599443718378058543e-01
-6.779866731052995865e-01
-6.990997881405849323e-01
-7.194575207099593861e-01
-7.342188815515638955e-01
-7.381957682663691234e-01
-7.268204238858485544e-01
-6.973554857231745174e-01
-6.501692200133509791e-01
-5.897260357063017766e-01
-5.248107789683784663e-01
-4.675646138016210096e-01
-4.312499946621218827e-01
-4.271813707785364067e-01
-4.616804208241968577e-01
-5.339791293667156546e-01
-6.356358645877476787e-01
-7.513997822866700371e-01
-8.608755482815672044e-01
-9.402327443309037580e-01
-9.638821415402163417e-01
-9.072526604008888107e-01
-7.524472646937816478e-01
-4.970853976581591782e-01
-1.626583125731966839e-01
2.046966120340178719e-01
5.452795892211121931e-01
8.035894880737572965e-01
9.413856932979077774e-01
9.406594115745827711e-01
8.014999851255927288e-01
5.421141714383495014e-01
2.009506121739462747e-01
-1.663635495752070759e-01
-5.001785520514850925e-01
-7.545718279256850014e-01
-9.083190688317861472e-01
-9.640083128565477555e-01
-9.396460396825097039e-01
-8.598371153461202843e-01
-7.501651797258294119e-01
-6.344361175618855597e-01
-5.330044953557893095e-01
-4.610614302386452090e-01
-4.269729362225136993e-01
-4.314274652383556785e-01
-4.680364839035808799e-01
-5.254457289078964255e-01
-5.903861772054892487e-01
-6.507394660324810065e-01
-6.977615463094422044e-01
-7.270332879719689778e-01
-7.382254639918695016e-01
-7.341025365227432653e-01
-7.192462467667128934e-01
-6.988471583139718168e-01
-6.777399551265977928e-01
-6.597387900823457052e-01
-6.472737127864818252e-01
-6.413074601628903082e-01
-6.414940056891675901e-01
-6.465166761546486951e-01
-6.545217676173055166e-01
-6.635555676554426574e-01
-6.719249219570857523e-01
-6.784307600498671320e-01
-6.824600908193005910e-01
-6.839535412328202613e-01
-6.832852195317540289e-01
-6.810980780345650132e-01
-6.781339885686044067e-01
-6.750879827199862682e-01
-6.725044795138234166e-01
-6.707222972756052837e-01
-6.698660765078148227e-01
-6.698750212132617010e-01
-6.705558983637690540e-01
-6.716460812254568813e-01
-6.728738092903391310e-01
-6.740061150822909131e-01
-6.748791144985296642e-01
-6.754096026062924585e-01
-6.755903556916192931e-01
-6.754737595344355583e-01
-6.751492656773194767e-01
-6.747199041403011410e-01
-6.742819947821574456e-01
-6.739106884383995189e-01
-6.736523859982723739e-01
-6.735237013968035091e-01
-6.735156277470246700e-01
-6.736010107048248097e-01
-6.737433182547337696e-01
-6.739049419909497463e-01
-6.740537500083779721e-01
-6.741672003008430947e-01
-6.742338928843949475e-01
-6.742528966552545633e-01
-6.742314815917844761e-01
-6.741820067593669030e-01
-6.741186806387888808e-01
-6.740547645248475828e-01
-6.740005828154843615e-01
-6.739624847444896094e-01
-6.739427098325287968e-01
-6.739399696971163367e-01
-6.739504828600496600e-01
-6.739691847307022199e-01
-6.739908701968760907e-01
-6.740110938341964397e-01
-6.740267338694828636e-01
-6.740362039934182370e-01
-6.740393596059144343e-01
-6.740371852413571396e-01
-6.740313662459626043e-01
-6.740238430960380223e-01
-6.740164267357632299e-01
-6.740105248898868862e-01
-6.740069991726377330e-01
-6.740061463924601481e-01
-6.740077782828373110e-01
-6.740113634793951647e-01
-6.740161936088415739e-01
-6.740215402134547285e-01
-6.740267785092993735e-01
-6.740314650918300954e-01
-6.740353673764026832e-01
-6.740384511164673187e-01
-6.740408378463186301e-01
-6.740427463422722365e-01
-6.740444315712896817e-01
-6.740461318736243879e-01
-6.740480312490808590e-01
-6.740502395003662439e-01
-6.740527893732388698e-01
-6.740556472064719307e-01
-6.740587321721726033e-01
-6.740619389084711033e-01
-6.740651589988808645e-01
-6.740682980094122589e-01
-6.740712863047627623e-01
-6.740740833171734447e-01
-6.740766761066587787e-01
-6.740790738015268735e-01
-6.740812998149460222e-01
-6.740833836493345110e-01
-6.740853537317478272e-01
-6.740872321998633288e-01
-6.740890320057001395e-01
-6.740907562248263929e-01
-6.740923991185115982e-01
-6.740939483219053896e-01
-6.740953875141690865e-01
-6.740966990316094032e-01
-6.740978660622385377e-01
-6.740988742567439740e-01
-6.740997127604640982e-01
