-6.741195322229026621e-01
-6.741200178909274587e-01
-6.741202747845261856e-01
-6.741203093792288437e-01
-6.741201313429491249e-01
-6.741197518685700940e-01
-6.741191818041011308e-01
-6.741184299376740130e-01
-6.741175017646240386e-01
-6.741163989691533187e-01
-6.741151197117420946e-01
-6.741136596546325466e-01
-6.741120135161656757e-01
-6.741101768535306960e-01
-6.741081477553629853e-01
-6.741059281857544327e-01
-6.741035248430139459e-01
-6.741009495427978671e-01
-6.740982192558014896e-01
-6.740953559752982382e-01
-6.740923865267672843e-01
-6.740893422611897723e-01
-6.740862583388426144e-01
-6.740831720970260621e-01
-6.740801199149220047e-01
-6.740771321504178681e-01
-6.740742261936295554e-01
-6.740713984445788620e-01
-6.740686169524776616e-01
-6.740658173121277796e-01
-6.740629048761359599e-01
-6.740597660710943018e-01
-6.740562903441225107e-01
-6.740524019476029638e-01
-6.740480976157432469e-01
-6.740434827524784955e-01
-6.740387958959211945e-01
-6.740344099870997363e-01
-6.740308003420395488e-01
-6.740284738638170348e-01
-6.740278619564246121e-01
-6.740291899639451190e-01
-6.740323469462971007e-01
-6.740367885840410356e-01
-6.740415099234527974e-01
-6.740451206942502660e-01
-6.740460422467494661e-01
-6.740428217912672881e-01
-6.740345290629309316e-01
-6.740211679182632754e-01
-6.740040080941530620e-01
-6.739857289916965088e-01
-6.739702758841298325e-01
-6.739623646529558920e-01
-6.739666343680847937e-01
-6.739865314781753325e-01
-6.740231015960322924e-01
-6.740739451568280582e-01
-6.741326384705580432e-01
-6.741889098079109077e-01
-6.742297757034203531e-01
-6.742416825139847525e-01
-6.742134761907689899e-01
-6.741397718633908021e-01
-6.740240640503469827e-01
-6.738807689290764458e-01
-6.737353831099779367e-01
-6.736221254415809545e-01
-6.735788160580762352e-01
-6.736393128959613508e-01
-6.738244921288171208e-01
-6.741334000059245879e-01
-6.745366631547922154e-01
-6.749743634614542298e-01
-6.753602356217804914e-01
-6.755931720377124083e-01
-6.755756602513444120e-01
-6.752370876799390631e-01
-6.745581010644700060e-01
-6.735907801322972288e-01
-6.724687108884548348e-01
-6.714015351172969437e-01
-6.706504792090274281e-01
-6.704847209396492813e-01
-6.711228502709943866e-01
-6.726683407783586865e-01
-6.750518253290231918e-01
-6.779949907448299395e-01
-6.810102453878459361e-01
-6.834465729466699946e-01
-6.845852148650238833e-01
-6.837794321955222854e-01
-6.806213407330512499e-01
-6.751070386480838570e-01
-6.677613593399661651e-01
-6.596792993827272911e-01
-6.524468505206403313e-01
-6.479226174738409449e-01
-6.478922055409860326e-01
-6.536432530033353672e-01
-6.655392725226859651e-01
-6.826847404963913846e-01
-7.027679418465410111e-01
-7.221468590250916808e-01
-7.362176996894543857e-01
-7.400825834330729824e-01
-7.295045341957628882e-01
-7.020787495058460337e-01
-6.584342024946668870e-01
-6.031239013386504588e-01
-5.447530013913867153e-01
-4.949654632382718411e-01
-4.662357463574143268e-01
-4.688931938313273262e-01
-5.081904202618453548e-01
-5.822766095466527236e-01
-6.815942549976806708e-01
-7.896380855652410657e-01
-8.845306412195358403e-01
-9.409011260448347791e-01
-9.323127380240729956e-01
-8.354976561952044412e-01
-6.376058439074585582e-01
-3.452021419825822557e-01
1.036434332904638371e-02
3.777782358079968539e-01
7.010804592630237586e-01
9.362863695900525141e-01
1.058389405538074257e+00
1.057846453929433883e+00
9.346928833828963556e-01
6.985763519132139887e-01
3.746651613474132891e-01
7.099532335992718435e-03
-3.481185523053561548e-01
-6.397922673870313215e-01
-8.367873172175877006e-01
-9.327434476073925840e-01
-9.406411935891414444e-01
-8.838029270303833229e-01
-7.886714147932255559e-01
-6.805980812516072564e-01
-5.814245647449386434e-01
-5.076050135794746287e-01
-4.686334985247708196e-01
-4.662940587987657315e-01
-4.952768062439669716e-01
-5.452161716424261950e-01
-6.036280699617687651e-01
-6.588832261211144958e-01
-7.024070387931869996e-01
-7.296823271320914683e-01
-7.401123726168445938e-01
-7.361255288662866825e-01
-7.219720593555952748e-01
-7.025536516680005450e-01
-6.824703362883035584e-01
-6.653551162214471626e-01
-6.535078518453493190e-01
-6.478117099393486678e-01
-6.478923687788111785e-01
-6.524544278928722241e-01
-6.597083061453965502e-01
-6.677951381233404593e-01
-6.751316433829651631e-01
-6.806273695855983297e-01
-6.837626391512731105e-01
-6.845460756471395403e-01
-6.833891331450898665e-01
-6.809406229615080353e-01
-6.779198690919813197e-01
-6.749771915432029035e-01
-6.725986243195145597e-01
-6.710605183684712483e-01
-6.704303006036675949e-01
-6.706029106412126906e-01
-6.713587238329919993e-01
-6.724281381746807229e-01
-6.735500504063427485e-01
-6.745153422005999433e-01
-6.751911656739139067e-01
-6.755262122193665952e-01
-6.755404937780526975e-01
-6.753050780126276242e-01
-6.749176958019885708e-01
-6.744794538917386895e-01
-6.740764502792003787e-01
-6.737683396588004525e-01
-6.735842068119284320e-01
-6.735247501576906437e-01
-6.735689095997811071e-01
-6.736827303531647271e-01
-6.738283782094374175e-01
-6.739716844395745587e-01
-6.740872409132194765e-01
-6.741607319068487758e-01
-6.741887535381404506e-01
-6.741767572712834555e-01
-6.741359338011641000e-01
-6.740798448244348373e-01
-6.740214596823662641e-01
-6.739710226621419276e-01
-6.739349255990538801e-01
-6.739155389820407072e-01
-6.739117954455186021e-01
-6.739202358701767981e-01
-6.739362170404540331e-01
-6.739550253920628675e-01
-6.739727217509691171e-01
-6.739866340484262919e-01
-6.739954991881990098e-01
-6.739993181632081276e-01
-6.739990239753042012e-01
-6.739960702870360088e-01
-6.739920353037358591e-01
-6.739883081309424595e-01
-6.739858923122745704e-01
-6.739853307890816270e-01
-6.739867332439719583e-01
-6.739898731591812409e-01
-6.739943179601577405e-01
-6.739995595207217693e-01
-6.740051212559150517e-01
-6.740106289805725126e-01
-6.740158430451230753e-01
-6.740206571718352357e-01
-6.740250740547067965e-01
-6.740291691722262168e-01
-6.740330530452216529e-01
-6.740368393370040900e-01
-6.740406227715334264e-01
-6.740444676944640223e-01
-6.740484057776566784e-01
-6.740524400939493788e-01
-6.740565525040148609e-01
-6.740607117475522214e-01
-6.740648804809102890e-01
-6.740690204310045841e-01
-6.740730956014807651e-01
-6.740770739443108228e-01
-6.740809280805500903e-01
-6.740846355819110070e-01
-6.740881791170281190e-01
-6.740915465337601331e-01
-6.740947307771024688e-01
-6.740977294756831384e-01
-6.741005440701771656e-01
-6.741031784729437648e-01
-6.741056373910520039e-01
-6.741079245649621576e-01
-6.741100412353684401e-01
-6.741119851340914293e-01
-6.741137502059344477e-01
-6.741153271291582261e-01
-6.741167045451375017e-01
-6.741178707672639270e-01
-6.741188156443451707e-01
