-6.741207547309092663e-01
-6.741212379909962138e-01
-6.741214845796233979e-01
-6.741215007483550847e-01
-6.741212963440711414e-01
-6.741208837389797148e-01
-6.741202763960577604e-01
-6.741194871695442847e-01
-6.741185265059856935e-01
-6.741174007810376567e-01
-6.741161110622847508e-01
-6.741146526074803802e-01
-6.741130153717713736e-01
-6.741111856949145720e-01
-6.741091491703854466e-01
-6.741068944773531690e-01
-6.741044177134624116e-01
-6.741017265432571737e-01
-6.740988433231424048e-01
-6.740958063276004664e-01
-6.740926683221470928e-01
-6.740894920263474921e-01
-6.740863424780342283e-01
-6.740832769074659447e-01
-6.740803333823438548e-01
-6.740775200846021997e-01
-6.740748074992372052e-01
-6.740721259004465171e-01
-6.740693701950710714e-01
-6.740664133569469474e-01
-6.740631283610578617e-01
-6.740594168043354539e-01
-6.740552404938306985e-01
-6.740506505149217453e-01
-6.740458070662761481e-01
-6.740409830958491444e-01
-6.740365458716102154e-01
-6.740329132979320237e-01
-6.740304860142608545e-01
-6.740295617174034692e-01
-6.740302439820622382e-01
-6.740323630140260258e-01
-6.740354289209310457e-01
-6.740386378702631909e-01
-6.740409468386592273e-01
-6.740412230625926204e-01
-6.740384602215372389e-01
-6.740320364021955557e-01
-6.740219717608444405e-01
-6.740091302303294896e-01
-6.739953037667838487e-01
-6.739831233237646435e-01
-6.739757605014070618e-01
-6.739764178688226748e-01
-6.739876514167496557e-01
-6.740106191097788857e-01
-6.740443955484969329e-01
-6.740855227399362715e-01
-6.741279691965967880e-01
-6.741636347497865778e-01
-6.741834625148473981e-01
-6.741791060907904587e-01
-6.741449624121534923e-01
-6.740802412791877529e-01
-6.739906315973976936e-01
-6.738890751825226122e-01
-6.737952019685310434e-01
-6.737331350168591637e-01
-6.737276404560306187e-01
-6.737989520352728468e-01
-6.739569909023884753e-01
-6.741960534953116424e-01
-6.744912654439881861e-01
-6.747981104848747025e-01
-6.750560749084240086e-01
-6.751968743455054600e-01
-6.751568811245897139e-01
-6.748923434293517820e-01
-6.743949460324716316e-01
-6.737044276389005937e-01
-6.729145936599223443e-01
-6.721693816026664825e-01
-6.716468043345610317e-01
-6.715306160592638962e-01
-6.719722091447345447e-01
-6.730481291419161405e-01
-6.747210984430590530e-01
-6.768139273008764167e-01
-6.790056209293745537e-01
-6.808570279816672510e-01
-6.818694388383073068e-01
-6.815738020443830036e-01
-6.796411184231025970e-01
-6.759969063723645366e-01
-6.709158026010884068e-01
-6.650684714175453260e-01
-6.594945834386576333e-01
-6.554847727396375667e-01
-6.543714428703966135e-01
-6.572503752464378124e-01
-6.646767892485879736e-01
-6.763943665666002358e-01
-6.911593963906780269e-01
-7.067146573800491272e-01
-7.199531462990875763e-01
-7.272949698965135434e-01
-7.252809174580039375e-01
-7.113535677967360860e-01
-6.847367184688505359e-01
-6.472334080134677370e-01
-6.036713822550674458e-01
-5.616995394255871465e-01
-5.307498549429284784e-01
-5.202341216565842252e-01
-5.373469627642828428e-01
-5.850352233888606035e-01
-6.606470907263196635e-01
-7.554919049539037257e-01
-8.551657886818212484e-01
-9.402904746628840682e-01
-9.875597732691112629e-01
-9.717610240769564145e-01
-8.702483855630568366e-01
-6.709959718434640452e-01
-3.826429385639680270e-01
-4.071703473556583658e-02
2.968999953363697375e-01
5.658571833313751354e-01
7.140079032876625043e-01
7.133303391043727126e-01
5.639502062481257516e-01
2.941279072631011182e-01
-4.381661256367785917e-02
-3.855023034525243419e-01
-6.731862224723004218e-01
-8.715760610474988512e-01
-9.722528516846271618e-01
-9.873799169712691448e-01
-9.396557420450325493e-01
-8.542915989175424718e-01
-7.545670801182809972e-01
-6.598228606033872401e-01
-5.844179426214115569e-01
-5.369924369651557505e-01
-5.201464627883530811e-01
-5.308879026817489022e-01
-5.619909957232960274e-01
-6.040315132232864093e-01
-6.475833714921037654e-01
-6.850170304926961329e-01
-7.115304382326759214e-01
-7.253458189093113795e-01
-7.272595655880562671e-01
-7.198421278861382167e-01
-7.065585069221318459e-01
-6.909882560068872914e-01
-6.762335352266890531e-01
-6.645439839559885709e-01
-6.571546962472578635e-01
-6.543138423688080740e-01
-6.554596871929708746e-01
-6.594922693336368047e-01
-6.650775319525132900e-01
-6.709254388921946921e-01
-6.759985623966394686e-01
-6.796293705987295208e-01
-6.815465183745259559e-01
-6.818273584985742319e-01
-6.808029745881918338e-01
-6.789435681104578624e-01
-6.767481017229776130e-01
-6.746552522747871761e-01
-6.729850556862950750e-01
-6.719135213120863703e-01
-6.714767630271574195e-01
-6.715972704953500072e-01
-6.721229954268569395e-01
-6.728698722258986686e-01
-6.736598930300224941e-01
-6.743493685561882112e-01
-6.748448887939759722e-01
-6.751071597263469393e-01
-6.751449072850129740e-01
-6.750022015238378303e-01
-6.747428658785387112e-01
-6.744352546760244982e-01
-6.741398434582919208e-01
-6.739010332043415819e-01
-6.737435421886461828e-01
-6.736729116322751620e-01
-6.736790794600281407e-01
-6.737417102669571722e-01
-6.738359829356469488e-01
-6.739377641989001688e-01
-6.740274499651159879e-01
-6.740921477177378440e-01
-6.741262278013108178e-01
-6.741305376120009241e-01
-6.741107264683802169e-01
-6.740751710370053162e-01
-6.740329412140042553e-01
-6.739921347664650231e-01
-6.739587692925657070e-01
-6.739362822907741801e-01
-6.739255768781990952e-01
-6.739254749982801496e-01
-6.739334054416392661e-01
-6.739461565453022107e-01
-6.739605536913407802e-01
-6.739739679506008274e-01
-6.739846128178814677e-01
-6.739916314443773482e-01
-6.739950107572280080e-01
-6.739953785090483374e-01
-6.739937448732550296e-01
-6.739912442400892711e-01
-6.739889192143648788e-01
-6.739875716348397994e-01
-6.739876884368791732e-01
-6.739894361136398171e-01
-6.739927079688513567e-01
-6.739972037296892982e-01
-6.740025209141089491e-01
-6.740082405318437164e-01
-6.740139948815370152e-01
-6.740195110512698928e-01
-6.740246291350557861e-01
-6.740292983959732531e-01
-6.740335572713902490e-01
-6.740375042011685913e-01
-6.740412659944666762e-01
-6.740449692149121930e-01
-6.740487182897493268e-01
-6.740525821400789042e-01
-6.740565894080463583e-01
-6.740607310350694714e-01
-6.740649681228860768e-01
-6.740692426882010091e-01
-6.740734890304662663e-01
-6.740776438544869853e-01
-6.740816538912467459e-01
-6.740854804131662936e-01
-6.740891006373628258e-01
-6.740925064774702102e-01
-6.740957014012478599e-01
-6.740986962706965180e-01
-6.741015050041048173e-01
-6.741041407445579337e-01
-6.741066129957353770e-01
-6.741089259424594138e-01
-6.741110779524831509e-01
-6.741130620870614543e-01
-6.741148673455921170e-01
-6.741164803341529455e-01
-6.741178870672767109e-01
-6.741190746677107049e-01
-6.741200327988861041e-01
