-6.741257052789644266e-01
-6.741261884937808091e-01
-6.741264228427485961e-01
-6.741264131148869687e-01
-6.741261672073377564e-01
-6.741256956763748143e-01
-6.741250109629558507e-01
-6.741241262204631379e-01
-6.741230537436112558e-01
-6.741218031125684185e-01
-6.741203793074050932e-01
-6.741187811841640176e-01
-6.741170007940565645e-01
-6.741150240273622307e-01
-6.741128329369164840e-01
-6.741104098264718569e-01
-6.741077427929954569e-01
-6.741048319454788773e-01
-6.741016950816084430e-01
-6.740983713104128361e-01
-6.740949210901034938e-01
-6.740914215033932955e-01
-6.740879563511070760e-01
-6.740846017491689546e-01
-6.740814091975849687e-01
-6.740783892901899277e-01
-6.740755000309597289e-01
-6.740726438043901370e-01
-6.740696761902709166e-01
-6.740664279620535160e-01
-6.740627389348848864e-01
-6.740584992492575367e-01
-6.740536908070284827e-01
-6.740484196390414962e-01
-6.740429296531632586e-01
-6.740375899480406385e-01
-6.740328517702794953e-01
-6.740291768599852018e-01
-6.740269455122221975e-01
-6.740263589429096314e-01
-6.740273550780090384e-01
-6.740295583822080161e-01
-6.740322819102346763e-01
-6.740345931604139196e-01
-6.740354450977488199e-01
-6.740338612492250414e-01
-6.740291510395901575e-01
-6.740211208340456395e-01
-6.740102397234560838e-01
-6.739977187149936988e-01
-6.739854686971645803e-01
-6.739759163954567311e-01
-6.739716775772849333e-01
-6.739751111164472563e-01
-6.739878035021655833e-01
-6.740100576496977913e-01
-6.740404786226470435e-01
-6.740757579687761680e-01
-6.741107535843232634e-01
-6.741389395256198735e-01
-6.741532573216417745e-01
-6.741473367735858480e-01
-6.741169733768547223e-01
-6.740616599335513826e-01
-6.739858862048391241e-01
-6.738998628002946800e-01
-6.738193176183232547e-01
-6.737640778833743349e-01
-6.737553038412327222e-01
-6.738114826158326798e-01
-6.739436025425002974e-01
-6.741502644213905882e-01
-6.744137777813548063e-01
-6.746984525989117021e-01
-6.749522435696135858e-01
-6.751125667367573469e-01
-6.751164594411668274e-01
-6.749143287125047852e-01
-6.744854430568412162e-01
-6.738522636733830229e-01
-6.730899485330309462e-01
-6.723271927414106175e-01
-6.717352524355766352e-01
-6.715036760026039664e-01
-6.718038647718223011e-01
-6.727447708998167686e-01
-6.743282275893318634e-01
-6.764138538472246331e-01
-6.787044369371861841e-01
-6.807615807717342093e-01
-6.820578942197105254e-01
-6.820660692825880611e-01
-6.803772050662920678e-01
-6.768314791379549389e-01
-6.716352689413707111e-01
-6.654325097046934756e-01
-6.592976008127585663e-01
-6.546255004151931844e-01
-6.529128886651248687e-01
-6.554500729362138234e-01
-6.629704986453998083e-01
-6.753252498092003897e-01
-6.912574349446317656e-01
-7.083446294165252066e-01
-7.231609741534512636e-01
-7.316901442544035961e-01
-7.299965342874744634e-01
-7.151236229235671260e-01
-6.861173291510043182e-01
-6.449625702251022830e-01
-5.971080091466013373e-01
-5.512208349550806741e-01
-5.179496583195425385e-01
-5.077882435347930157e-01
-5.285015235849515047e-01
-5.827964899850816005e-01
-6.668486824959278803e-01
-7.699390763637509183e-01
-8.749993398700920411e-01
-9.596363916045308473e-01
-9.975591399089487332e-01
-9.612885479925089571e-01
-8.278580182892738559e-01
-5.883462492792201903e-01
-2.583621379530264828e-01
1.179519772229080249e-01
4.769964236934303714e-01
7.550162135279437914e-01
9.051932873208297092e-01
9.043407098988739401e-01
7.525865097206784204e-01
4.733839632984513934e-01
1.137940509109231640e-01
-2.623247562758940776e-01
-5.914968519253417378e-01
-8.298740525099397303e-01
-9.621600406910520986e-01
-9.974901561389775129e-01
-9.589231537263280813e-01
-8.739443749458741806e-01
-7.688074939830026322e-01
-6.658485032444831919e-01
-5.820678863209934883e-01
-5.281110571183585956e-01
-5.077310244678592266e-01
-5.181622282123695689e-01
-5.516035349085723904e-01
-5.975515181496033890e-01
-6.453716467689890601e-01
-6.864262278428944208e-01
-7.153011792419577963e-01
-7.300425168927616726e-01
-7.316264965187387892e-01
-7.230216338486308292e-01
-7.081664784055299311e-01
-6.910735872039643901e-01
-6.751609236541079584e-01
-6.628412256884610443e-01
-6.553618042505002794e-01
-6.528634892140011692e-01
-6.546070911191104180e-01
-6.592992102837640367e-01
-6.654425582419501994e-01
-6.716435326524340388e-01
-6.768303485803084385e-01
-6.803622188360587408e-01
-6.820358302803389838e-01
-6.820135462377570068e-01
-6.807060390636764380e-01
-6.786415456817157521e-01
-6.763476050947121454e-01
-6.742621339321934748e-01
-6.726814440591524225e-01
-6.717448162398839129e-01
-6.714493243821887392e-01
-6.716850966349323659e-01
-6.722800931047717699e-01
-6.730444513937208217e-01
-6.738069091632008512e-01
-6.744390095536877405e-01
-6.748659865148682879e-01
-6.750658267999936069e-01
-6.750596792878670316e-01
-6.748974607230534550e-01
-6.746423303375629343e-01
-6.743569368570945244e-01
-6.740932774846805087e-01
-6.738869152997454259e-01
-6.737553748146530852e-01
-6.736998875951800692e-01
-6.737093248567161963e-01
-6.737651034919769355e-01
-6.738460171523591447e-01
-6.739322378655745460e-01
-6.740080711291481785e-01
-6.740633596274576700e-01
-6.740936727796411621e-01
-6.740995714510593650e-01
-6.740853007982831047e-01
-6.740572552997065037e-01
-6.740225015759928606e-01
-6.739875604116409846e-01
-6.739575596648230693e-01
-6.739357889983664807e-01
-6.739236240536702338e-01
-6.739207451457335241e-01
-6.739255533706411949e-01
-6.739356824768858445e-01
-6.739485141056541506e-01
-6.739616228361164918e-01
-6.739731017524718260e-01
-6.739817451860533604e-01
-6.739870895737312129e-01
-6.739893333451090207e-01
-6.739891705316261028e-01
-6.739875794411827048e-01
-6.739856073275276582e-01
-6.739841855251338387e-01
-6.739839988037544805e-01
-6.739854199591897022e-01
-6.739885081987433413e-01
-6.739930596817779174e-01
-6.739986919917860808e-01
-6.740049419052909219e-01
-6.740113573415856818e-01
-6.740175689255297753e-01
-6.740233328688104431e-01
-6.740285434630237660e-01
-6.740332191436886333e-01
-6.740374699694757776e-01
-6.740414560864924631e-01
-6.740453464047919674e-01
-6.740492847654796504e-01
-6.740533679991222993e-01
-6.740576371914409615e-01
-6.740620807985004959e-01
-6.740666464052830209e-01
-6.740712570694077366e-01
-6.740758282794618861e-01
-6.740802823600328120e-01
-6.740845583600051372e-01
-6.740886167466505485e-01
-6.740924393328440178e-01
-6.740960256222066072e-01
-6.740993871079101751e-01
-6.741025410394591022e-01
-6.741055048761547264e-01
-6.741082922029030255e-01
-6.741109104165081689e-01
-6.741133600941057180e-01
-6.741156356861408572e-01
-6.741177270503676544e-01
-6.741196213443106933e-01
-6.741213048846654843e-01
-6.741227647189015348e-01
-6.741239897957373994e-01
-6.741249717362958194e-01
