-6.741287494451280171e-01
-6.741292309202847610e-01
-6.741294536241776436e-01
-6.741294230887481254e-01
-6.741291482358328091e-01
-6.741286406499826800e-01
-6.741279134927863348e-01
-6.741269800595792727e-01
-6.741258520580640790e-01
-6.741245377930041860e-01
-6.741230405488608524e-01
-6.741213575425651916e-01
-6.741194798394505305e-01
-6.741173935600849321e-01
-6.741150825409553127e-01
-6.741125323539548519e-01
-6.741097352681670873e-01
-6.741066954054032445e-01
-6.741034330688120413e-01
-6.740999870892219192e-01
-6.740964141065169946e-01
-6.740927840284272055e-01
-6.740891714908481269e-01
-6.740856439334795835e-01
-6.740822477961417869e-01
-6.740789951773644706e-01
-6.740758538872835270e-01
-6.740727439774147900e-01
-6.740695433811368931e-01
-6.740661041683601029e-01
-6.740622791395074476e-01
-6.740579562346573628e-01
-6.740530958404143957e-01
-6.740477639953758038e-01
-6.740421532545457506e-01
-6.740365830907132372e-01
-6.740314735789102452e-01
-6.740272898737654783e-01
-6.740244604369854953e-01
-6.740232784647740560e-01
-6.740238024373946812e-01
-6.740257767666275601e-01
-6.740285956175059434e-01
-6.740313307523663200e-01
-6.740328368242733958e-01
-6.740319349370867963e-01
-6.740276586370050893e-01
-6.740195281995915444e-01
-6.740078026271359990e-01
-6.739936483424410207e-01
-6.739791632694273060e-01
-6.739672079486417333e-01
-6.739610226776728830e-01
-6.739636496866410198e-01
-6.739772270573402002e-01
-6.740022683284664362e-01
-6.740370781105891052e-01
-6.740774685746552253e-01
-6.741169250113939748e-01
-6.741473155062391864e-01
-6.741601511765360488e-01
-6.741482882228447826e-01
-6.741078381611154136e-01
-6.740399416559111900e-01
-6.739519916443506009e-01
-6.738578891857031072e-01
-6.737770001620174698e-01
-6.737316592704832852e-01
-6.737433285826216478e-01
-6.738278298342310624e-01
-6.739903818580468275e-01
-6.742214227964389295e-01
-6.744943126014149026e-01
-6.747659352224025797e-01
-6.749809144538508887e-01
-6.750796198662106784e-01
-6.750094104697751396e-01
-6.747377329996635531e-01
-6.742648952351706360e-01
-6.736337462603300130e-01
-6.729333048412420304e-01
-6.722937544210150218e-01
-6.718712707502353387e-01
-6.718228474178526977e-01
-6.722734577473841178e-01
-6.732801973849160682e-01
-6.748000291800303474e-01
-6.766689053900643014e-01
-6.785999441116695730e-01
-6.802067077392313088e-01
-6.810543778261000103e-01
-6.807368451750291927e-01
-6.789717668873538337e-01
-6.756991504997398312e-01
-6.711631802625781518e-01
-6.659535646793971475e-01
-6.609837829386469021e-01
-6.573910080591326421e-01
-6.563565066449094099e-01
-6.588639225308401404e-01
-6.654316810408730243e-01
-6.758695087413327807e-01
-6.891138562534360190e-01
-7.031922882902804650e-01
-7.153554572688604063e-01
-7.224005021007019467e-01
-7.211911061013204227e-01
-7.093495625984655995e-01
-6.860438618765569707e-01
-6.527155331686856909e-01
-6.135147548737642786e-01
-5.751817973049859756e-01
-5.461976537465031978e-01
-5.352349660239938967e-01
-5.492017035691378890e-01
-5.913522404810050981e-01
-6.599312217488476628e-01
-7.475989779738495544e-01
-8.415715037628266337e-01
-9.242101089551265636e-01
-9.739659227086948645e-01
-9.672120069449219315e-01
-8.822160634559254033e-01
-7.063360193951010446e-01
-4.453467468730428203e-01
-1.300604229358113539e-01
1.862678930551052159e-01
4.416169588833859794e-01
5.835100342251858807e-01
5.827753153689300136e-01
4.395626167656253580e-01
1.833165915480630404e-01
-1.333105870610591381e-01
-4.482930376645328230e-01
-7.085456468342546943e-01
-8.835109296336997042e-01
-9.676394827873090465e-01
-9.737089238906189159e-01
-9.235007086807915933e-01
-8.406368178771066457e-01
-7.466353968949082098e-01
-6.590926167621417031e-01
-5.907425663408316652e-01
-5.488703802586230029e-01
-5.351777318982570142e-01
-5.463652468099371440e-01
-5.754958824474738499e-01
-6.138874920421634185e-01
-6.530678053609264566e-01
-6.863179907031534688e-01
-7.095146784520320882e-01
-7.212418644778152421e-01
-7.223514034019844487e-01
-7.152333140759584706e-01
-7.030288070897088293e-01
-6.889394848898834356e-01
-6.757090519083208680e-01
-6.653017957821718564e-01
-6.587723853418353537e-01
-6.563029862640484824e-01
-6.573689403281758326e-01
-6.609828453336618059e-01
-6.659622272725658210e-01
-6.711708854120986834e-01
-6.756978271415311488e-01
-6.789565710782113905e-01
-6.807061858477158056e-01
-6.810094006004340228e-01
-6.801504592905430746e-01
-6.785364343230587680e-01
-6.766022433583763762e-01
-6.747337514075851805e-01
-6.732168467268907497e-01
-6.722144189984305962e-01
-6.717684048266536756e-01
-6.718208266300178533e-01
-6.722461368244708746e-01
-6.728870946315714807e-01
-6.735875667975127490e-01
-6.742176270846963471e-01
-6.746886370097935348e-01
-6.749581613084841836e-01
-6.750262659981763891e-01
-6.749257884322414913e-01
-6.747095402818575893e-01
-6.744372090087896732e-01
-6.741641318347332268e-01
-6.739333183239198943e-01
-6.737712669369129159e-01
-6.736873931954371342e-01
-6.736763512481253047e-01
-6.737222271430802767e-01
-6.738035078562157887e-01
-6.738978474950133579e-01
-6.739859013232041285e-01
-6.740538109558827928e-01
-6.740942359241156590e-01
-6.741060872247283120e-01
-6.740932961407937185e-01
-6.740630355885562919e-01
-6.740238083264874502e-01
-6.739837461127067275e-01
-6.739493526256020717e-01
-6.739247979539615407e-01
-6.739117573203114997e-01
-6.739096982845305117e-01
-6.739164677753444188e-01
-6.739290139003034641e-01
-6.739440922640409504e-01
-6.739588430828310495e-01
-6.739711727174189093e-01
-6.739799209685750636e-01
-6.739848354612170134e-01
-6.739864017037091592e-01
-6.739855902660860654e-01
-6.739835821260663495e-01
-6.739815227211082282e-01
-6.739803387403312529e-01
-6.739806333634466018e-01
-6.739826590022771624e-01
-6.739863540117895235e-01
-6.739914224498404494e-01
-6.739974337735668009e-01
-6.740039214950621638e-01
-6.740104648988212155e-01
-6.740167444120332974e-01
-6.740225677172567709e-01
-6.740278691415576562e-01
-6.740326886107588233e-01
-6.740371383130646654e-01
-6.740413653209251788e-01
-6.740455171679737845e-01
-6.740497152876645526e-01
-6.740540388220869206e-01
-6.740585190588096465e-01
-6.740631429769298189e-01
-6.740678632567964623e-01
-6.740726116638506848e-01
-6.740773128723070995e-01
-6.740818963889054771e-01
-6.740863050760607100e-01
-6.740904996668073412e-01
-6.740944594537887635e-01
-6.740981799153858978e-01
-6.741016683655994823e-01
-6.741049387850828190e-01
-6.741080068543056081e-01
-6.741108859362716643e-01
-6.741135844232819530e-01
-6.741161045404088226e-01
-6.741184424404733644e-01
-6.741205892609721806e-01
-6.741225327487545549e-01
-6.741242590797368317e-01
-6.741257545818082342e-01
-6.741270071771645611e-01
-6.741280074651216925e-01
