-6.741079514521318705e-01
-6.741084283622488238e-01
-6.741086906474351714e-01
-6.741087431650985007e-01
-6.741085953119394514e-01
-6.741082621220610971e-01
-6.741077647612440105e-01
-6.741071297127738671e-01
-6.741063861623491915e-01
-6.741055614995014045e-01
-6.741046753963515492e-01
-6.741037334957185045e-01
-6.741027222057022206e-01
-6.741016063167369898e-01
-6.741003310113103941e-01
-6.740988292605792909e-01
-6.740970346111669897e-01
-6.740948980740595342e-01
-6.740924064511082392e-01
-6.740895982695618294e-01
-6.740865728743359320e-01
-6.740834884562572071e-01
-6.740805460710098673e-01
-6.740779590444918590e-01
-6.740759103428380916e-01
-6.740745040282041245e-01
-6.740737201191878691e-01
-6.740733841936467075e-01
-6.740731631018844761e-01
-6.740725956052185941e-01
-6.740711614372413285e-01
-6.740683845950277142e-01
-6.740639576492171159e-01
-6.740578651646953467e-01
-6.740504780062590573e-01
-6.740425884908434195e-01
-6.740353607728295504e-01
-6.740301823521779312e-01
-6.740284206773226039e-01
-6.740311113590133907e-01
-6.740386277841199369e-01
-6.740504009296358623e-01
-6.740647674210259455e-01
-6.740790184026812515e-01
-6.740896984467830144e-01
-6.740931624069282924e-01
-6.740863426613749043e-01
-6.740676177043972706e-01
-6.740376174251497821e-01
-6.739997648472112468e-01
-6.739603526254601684e-01
-6.739279959259213415e-01
-6.739123954132902883e-01
-6.739224791614200072e-01
-6.739641531435284216e-01
-6.740380482131356210e-01
-6.741377707300953981e-01
-6.742492054637889698e-01
-6.743513500076899758e-01
-6.744189612525226529e-01
-6.744269712683863549e-01
-6.743562162640344138e-01
-6.741995830870223250e-01
-6.739673045008535146e-01
-6.736899334752659563e-01
-6.734175994580886560e-01
-6.732145670599402054e-01
-6.731488923568745841e-01
-6.732780352355249853e-01
-6.736324781855347332e-01
-6.742004840396855769e-01
-6.749178154732160539e-01
-6.756662671349060734e-01
-6.762840303289269217e-01
-6.765891538637275326e-01
-6.764147895975723968e-01
-6.756518230667298841e-01
-6.742914027963102797e-01
-6.724575017960044976e-01
-6.704187941976752496e-01
-6.685705844898897077e-01
-6.673817487769526657e-01
-6.673084797320119055e-01
-6.686850858571491418e-01
-6.716104302344876320e-01
-6.758546851584936732e-01
-6.808130619286424379e-01
-6.855299802589794878e-01
-6.888086363223281383e-01
-6.894075795448459942e-01
-6.863083228281811055e-01
-6.790170403933430965e-01
-6.678413312636568566e-01
-6.540653701470419135e-01
-6.399429386952085741e-01
-6.284482555720850572e-01
-6.227738595033603941e-01
-6.256348080830596015e-01
-6.385069502021597510e-01
-6.609667927307673052e-01
-6.902947030518092886e-01
-7.214577863667539503e-01
-7.475317834419816787e-01
-7.605845162981508256e-01
-7.530302574432629070e-01
-7.194241906544375231e-01
-6.585106018372799408e-01
-5.750297146274730986e-01
-4.804606836414823667e-01
-3.918526556909987524e-01
-3.284417722281156027e-01
-3.067330369564276182e-01
-3.355701980715500299e-01
-4.128844151466030676e-01
-5.252179276219871573e-01
-6.500489839381016210e-01
-7.598694847312393863e-01
-8.265455264030867610e-01
-8.252023622664019786e-01
-7.382021042003681366e-01
-5.601326692833652476e-01
-3.028759426142660915e-01
3.067166795483979979e-03
3.150219914524899356e-01
5.915275590775098680e-01
8.056621116111057912e-01
9.503352596809137021e-01
1.033979811346052546e+00
1.070735093571948404e+00
1.070578662179037188e+00
1.033459056799318931e+00
9.493239964196149572e-01
8.040363331084495746e-01
5.892636395588862763e-01
3.122713577434037546e-01
1.568164679475365117e-04
-3.055347982484396541e-01
-5.621823957167459973e-01
-7.394377746203962820e-01
-8.255925930956493630e-01
-8.261968655104315884e-01
-7.589780126618604905e-01
-6.488617532410072553e-01
-5.240002089464405044e-01
-4.118820319671279706e-01
-3.349671118599664710e-01
-3.066164631194420731e-01
-3.287890550212261842e-01
-3.925463961376705058e-01
-4.813275286062815850e-01
-5.758892309716185931e-01
-6.592176485841807487e-01
-7.198929056614713495e-01
-7.532372879773417962e-01
-7.605572519895458239e-01
-7.473300430421974117e-01
-7.211554588036408475e-01
-6.899645346279812408e-01
-6.606692464889797334e-01
-6.382832467198625848e-01
-6.255041419336601072e-01
-6.227346110255668199e-01
-6.284825373363962520e-01
-6.400232304209563239e-01
-6.541616417188642618e-01
-6.679271378457707353e-01
-6.790735653501317470e-01
-6.863260258532556390e-01
-6.893857193743948564e-01
-6.887533117418509487e-01
-6.854514417953089245e-01
-6.807229614784267024e-01
-6.757637504074399670e-01
-6.715268492508131848e-01
-6.686137028238394731e-01
-6.672507505047463594e-01
-6.673362925505047505e-01
-6.685341021860913280e-01
-6.703871089998055810e-01
-6.724265085697007649e-01
-6.742577777834548591e-01
-6.756134240647272415e-01
-6.763707506160195893e-01
-6.765397330311100355e-01
-6.762302994528478495e-01
-6.756097368529355718e-01
-6.748600770974123586e-01
-6.741429255291211398e-01
-6.735761043482615396e-01
-6.732233969009266961e-01
-6.730961095757979074e-01
-6.731634191913847820e-01
-6.733676504431734822e-01
-6.736406625516911939e-01
-6.739182191214035944e-01
-6.741502996096228051e-01
-6.743065029775022756e-01
-6.743767559160518399e-01
-6.743683104970217279e-01
-6.743004309826622356e-01
-6.741982399326383879e-01
-6.740869909818369976e-01
-6.739876613546983419e-01
-6.739143175541034703e-01
-6.738732940974085928e-01
-6.738639024728879656e-01
-6.738801895159488575e-01
-6.739131957859475497e-01
-6.739532067262863357e-01
-6.739916092152931082e-01
-6.740221247567238505e-01
-6.740413515759352547e-01
-6.740486829564498183e-01
-6.740457610693774138e-01
-6.740356685907815670e-01
-6.740220585955629673e-01
-6.740083873355650068e-01
-6.739973586395757721e-01
-6.739906270307283176e-01
-6.739887511459432545e-01
-6.739913477707883960e-01
-6.739973735838911129e-01
-6.740054563903234985e-01
-6.740142070320181977e-01
-6.740224623111027435e-01
-6.740294326223511545e-01
-6.740347505656085758e-01
-6.740384348691065286e-01
-6.740407953972328281e-01
-6.740423093615572903e-01
-6.740434969618078753e-01
-6.740448183031418905e-01
-6.740466047015100104e-01
-6.740490284612616900e-01
-6.740521075337757573e-01
-6.740557361787595791e-01
-6.740597302335455954e-01
-6.740638756596001313e-01
-6.740679710787200740e-01
-6.740718582211705501e-01
-6.740754377508607620e-01
-6.740786711060710035e-01
-6.740815713211014693e-01
-6.740841870559680649e-01
-6.740865842777160610e-01
-6.740888294088537291e-01
-6.740909765910211293e-01
-6.740930603375425711e-01
-6.740950935617159301e-01
-6.740970699821914325e-01
-6.740989693355969870e-01
-6.741007636840072870e-01
-6.741024233250946240e-01
-6.741039212776919198e-01
-6.741052358854484616e-01
-6.741063516230626496e-01
-6.741072585980497633e-01
