-6.740987697293358005e-01
-6.740992521776253410e-01
-6.740995625293436655e-01
-6.740997072054886186e-01
-6.740996968244105103e-01
-6.740995456376183137e-01
-6.740992704778190348e-01
-6.740988890911697728e-01
-6.740984178434685781e-01
-6.740978689708518878e-01
-6.740972477555579045e-01
-6.740965501974498508e-01
-6.740957618655888384e-01
-6.740948585978866481e-01
-6.740938095331894253e-01
-6.740925825996602061e-01
-6.740911520743496643e-01
-6.740895072416365208e-01
-6.740876606214055711e-01
-6.740856538457766778e-01
-6.740835591740397259e-01
-6.740814749622039415e-01
-6.740795142018504160e-01
-6.740777864818173759e-01
-6.740763752687933819e-01
-6.740753140043517222e-01
-6.740745658442847121e-01
-6.740740125480229050e-01
-6.740734577156547447e-01
-6.740726480330179182e-01
-6.740713133828345471e-01
-6.740692228371666372e-01
-6.740662491837602355e-01
-6.740624305478120082e-01
-6.740580148245350900e-01
-6.740534720348885234e-01
-6.740494621702445288e-01
-6.740467519965585019e-01
-6.740460834080159724e-01
-6.740480072451319193e-01
-6.740527082269666126e-01
-6.740598563613771077e-01
-6.740685251636899800e-01
-6.740772147121560920e-01
-6.740840062946056310e-01
-6.740868548861612686e-01
-6.740839976014713075e-01
-6.740744243972606187e-01
-6.740583274509094336e-01
-6.740374249198564094e-01
-6.740150504846691426e-01
-6.739959181270192001e-01
-6.739855148510902616e-01
-6.739891407412923474e-01
-6.740106984136591262e-01
-6.740514193678025512e-01
-6.741087851989931989e-01
-6.741759372316854515e-01
-6.742418506593893524e-01
-6.742924665362404202e-01
-6.743128252169319214e-01
-6.742900402494171885e-01
-6.742167199589547133e-01
-6.740942270385583690e-01
-6.739350161883361778e-01
-6.737632596579644639e-01
-6.736131041862256641e-01
-6.735242213381852361e-01
-6.735348028091453498e-01
-6.736727564434911164e-01
-6.739464784888071769e-01
-6.743370817099803016e-01
-6.747942044204868761e-01
-6.752373852315763925e-01
-6.755643812711189522e-01
-6.756667254576141923e-01
-6.754513456434045882e-01
-6.748653935283713823e-01
-6.739198459884256920e-01
-6.727063219631632673e-01
-6.714013160912107869e-01
-6.702530453151426260e-01
-6.695485204050947159e-01
-6.695621701897147560e-01
-6.704918597754734311e-01
-6.723926036978107312e-01
-6.751216468395405679e-01
-6.783099083131470808e-01
-6.813734004755021001e-01
-6.835738956876314942e-01
-6.841309053075199653e-01
-6.823772734099601278e-01
-6.779389846153158761e-01
-6.709074782870309006e-01
-6.619625489961078468e-01
-6.524000984159877836e-01
-6.440265141953270822e-01
-6.389033180021305158e-01
-6.389600006612288219e-01
-6.455313086073849460e-01
-6.589052250218822016e-01
-6.779788061122100640e-01
-7.001082887460861048e-01
-7.212154052673453997e-01
-7.361872890972742667e-01
-7.395902607101153547e-01
-7.266962111080175202e-01
-6.947603047755960270e-01
-6.443569995402421702e-01
-5.803940279022268278e-01
-5.122875031263980361e-01
-4.528604638761338230e-01
-4.159104220804385466e-01
-4.129524939447129506e-01
-4.500756586895636180e-01
-5.258817750288996562e-01
-6.310638308878426805e-01
-7.494978925642825640e-01
-8.601145622720516304e-01
-9.387318371575213982e-01
-9.597768782050261072e-01
-8.990899919384266470e-01
-7.396125456038412649e-01
-4.801613374714032711e-01
-1.434380305975682113e-01
2.238022524125705126e-01
5.622942861103139567e-01
8.178747588018214776e-01
9.538377724965657611e-01
9.531483744985039808e-01
8.158873186636557140e-01
5.592717825794117914e-01
2.202058923360014631e-01
-1.470194860107716939e-01
-4.831761570563138375e-01
-7.417067652316673421e-01
-9.001638852237454635e-01
-9.599327948467796245e-01
-9.381816530920756847e-01
-8.591068642231477481e-01
-7.482799974172401614e-01
-6.298636088746919492e-01
-5.248914407161746620e-01
-4.494317387261593244e-01
-4.127178554763233365e-01
-4.160678579581854608e-01
-4.533233603389047461e-01
-5.129259047369528757e-01
-5.810681661687109312e-01
-6.449478726530305517e-01
-6.951891539346319870e-01
-7.269301635765632597e-01
-7.396366866686968633e-01
-7.360819770702222709e-01
-7.210092929199889422e-01
-6.998556840399110524e-01
-6.777283352109313430e-01
-6.586937938685570870e-01
-6.453810224350148284e-01
-6.388778487182311672e-01
-6.388832354939248948e-01
-6.440531564874444337e-01
-6.524534295170176801e-01
-6.620222910331118316e-01
-6.709566374621389606e-01
-6.779660022565994204e-01
-6.823767269450129458e-01
-6.841029880638920257e-01
-6.835230750876458705e-01
-6.813066919778643094e-01
-6.782351463960661908e-01
-6.750460313432875559e-01
-6.723216853838775986e-01
-6.704290229500583509e-01
-6.695085821830903949e-01
-6.695034527291031656e-01
-6.702144329359656094e-01
-6.713664107666108549e-01
-6.726723105752346887e-01
-6.738843386304496086e-01
-6.748267293049541315e-01
-6.754087068924586879e-01
-6.756200856417997613e-01
-6.755143337999601760e-01
-6.751849091753283627e-01
-6.747404203458893246e-01
-6.742830400608720298e-01
-6.738930078106258881e-01
-6.736203827468910665e-01
-6.734837371973090292e-01
-6.734744024957242114e-01
-6.735642763145371914e-01
-6.737150649355566623e-01
-6.738870831128694894e-01
-6.740462408765862667e-01
-6.741684676115200503e-01
-6.742414278476525080e-01
-6.742638716979407754e-01
-6.742432797270633271e-01
-6.741925938419872644e-01
-6.741267939490752648e-01
-6.740599286030932724e-01
-6.740029902272601792e-01
-6.739627935196913500e-01
-6.739418113113511133e-01
-6.739387729365501345e-01
-6.739497481280278812e-01
-6.739694226619620254e-01
-6.739923081535287297e-01
-6.740136992424629048e-01
-6.740302770317908587e-01
-6.740403402865007276e-01
-6.740437124135513214e-01
-6.740414152451111862e-01
-6.740352184145060876e-01
-6.740271685609829921e-01
-6.740191816930718449e-01
-6.740127520881544765e-01
-6.740087992186116761e-01
-6.740076461467274793e-01
-6.740091024086757310e-01
-6.740126132453094776e-01
-6.740174348419352146e-01
-6.740228002898189796e-01
-6.740280507482754313e-01
-6.740327180385085049e-01
-6.740365562131851451e-01
-6.740395287318872164e-01
-6.740417637336454382e-01
-6.740434923070811601e-01
-6.740449840191514719e-01
-6.740464910933393616e-01
-6.740482085270479429e-01
-6.740502530779620693e-01
-6.740526602185028526e-01
-6.740553953721613034e-01
-6.740583742264314449e-01
-6.740614866221242840e-01
-6.740646192112095259e-01
-6.740676734083977939e-01
-6.740705767625767564e-01
-6.740732874121783125e-01
-6.740757925205839163e-01
-6.740781023786545090e-01
-6.740802421819048762e-01
-6.740822433963653548e-01
-6.740841362330803888e-01
-6.740859441945826758e-01
-6.740876810713153366e-01
-6.740893502598244158e-01
-6.740909459171021689e-01
-6.740924552844433926e-01
-6.740938614997605827e-01
-6.740951463317802483e-01
-6.740962924595786943e-01
-6.740972851300643942e-01
-6.740981132054916225e-01
