-6.740917427947693552e-01
-6.740922190464230246e-01
-6.740925422403972744e-01
-6.740927207186830916e-01
-6.740927681676961436e-01
-6.740927028679157829e-01
-6.740925462908640142e-01
-6.740923208676550260e-01
-6.740920469141703508e-01
-6.740917389447482755e-01
-6.740914018922818940e-01
-6.740910280102285768e-01
-6.740905953836136000e-01
-6.740900689491112763e-01
-6.740894046683311158e-01
-6.740885570023051887e-01
-6.740874891395507440e-01
-6.740861846330471474e-01
-6.740846583529157554e-01
-6.740829641454167964e-01
-6.740811964923483224e-01
-6.740794839387792559e-01
-6.740779731714924283e-01
-6.740768043358449368e-01
-6.740760802802147067e-01
-6.740758345738311341e-01
-6.740760048988388986e-01
-6.740764192632504592e-01
-6.740768019549766565e-01
-6.740768039547588852e-01
-6.740760586181553382e-01
-6.740742581584817650e-01
-6.740712405501598781e-01
-6.740670710250462605e-01
-6.740620986861781683e-01
-6.740569682607121527e-01
-6.740525707259683585e-01
-6.740499249430419448e-01
-6.740499951133155365e-01
-6.740534643652437152e-01
-6.740605005498495617e-01
-6.740705630093191125e-01
-6.740823049708138948e-01
-6.740936219508274485e-01
-6.741018799756478552e-01
-6.741043284043535255e-01
-6.740986632327330419e-01
-6.740836634464962840e-01
-6.740597834042733050e-01
-6.740295581619444309e-01
-6.739976759397517947e-01
-6.739706003188167260e-01
-6.739556875132308722e-01
-6.739598379210064438e-01
-6.739878349923192902e-01
-6.740406393755907777e-01
-6.741139974725127715e-01
-6.741977638437124387e-01
-6.742763022147447716e-01
-6.743302050478579002e-01
-6.743393566279251017e-01
-6.742870786404154826e-01
-6.741647807739049592e-01
-6.739762515771329232e-01
-6.737405386330752588e-01
-6.734923546669501215e-01
-6.732791645421470905e-01
-6.731545804491829710e-01
-6.731683917799056172e-01
-6.733543949692536446e-01
-6.737180220877223569e-01
-6.742264099519237330e-01
-6.748038095006294590e-01
-6.753349437093052465e-01
-6.756779866031997761e-01
-6.756872640463742474e-01
-6.752437035602905091e-01
-6.742887605470688772e-01
-6.728554385353040512e-01
-6.710886353534777360e-01
-6.692469655465009826e-01
-6.676799211781385690e-01
-6.667779431781003519e-01
-6.668984110095121931e-01
-6.682768777510821323e-01
-6.709387724037065848e-01
-6.746307991797292347e-01
-6.787921789636126579e-01
-6.825830530787327932e-01
-6.849807283753024389e-01
-6.849442209775000734e-01
-6.816340499545451292e-01
-6.746580146918181864e-01
-6.642965590260361264e-01
-6.516475759482658336e-01
-6.386272423032801626e-01
-6.277784434416256998e-01
-6.218751118817272827e-01
-6.233636686306620600e-01
-6.337358286254509698e-01
-6.529602145698827353e-01
-6.791001451688180035e-01
-7.082143917734710081e-01
-7.345963856630418620e-01
-7.513804336596685562e-01
-7.515391262894115521e-01
-7.292835317385895078e-01
-6.817887555221806561e-01
-6.109465715212736292e-01
-5.245445234977188509e-01
-4.361014438299355978e-01
-3.628272006289268159e-01
-3.218790223438900422e-01
-3.259204577662895286e-01
-3.794310790309436965e-01
-4.769925164135253581e-01
-6.040013804900319361e-01
-7.392534513974456933e-01
-8.580812981201293432e-01
-9.348134925201442291e-01
-9.445260679918963120e-01
-8.656797033445210454e-01
-6.856632511113527340e-01
-4.090121566144423459e-01
-6.371485731192080837e-02
3.012338921950342141e-01
6.290485923883697428e-01
8.717279690758478194e-01
9.992508624217537605e-01
9.987138740909984325e-01
8.701656765857882503e-01
6.266310979846360096e-01
2.982868341766730658e-01
-6.673978514499025183e-02
-4.116541914199583485e-01
-6.875906054654121746e-01
-8.667579346140511509e-01
-9.447940126503356906e-01
-9.344146173772109876e-01
-8.572050998579544556e-01
-7.381059455765517363e-01
-6.027926090360390399e-01
-4.759220622414705448e-01
-3.786636144438375040e-01
-3.255575798895308792e-01
-3.219401972855241989e-01
-3.632497161949973519e-01
-4.367611772026676609e-01
-5.252908902320331253e-01
-6.116396841432186759e-01
-6.823269999525268803e-01
-7.296153471688107128e-01
-7.516600910103855560e-01
-7.513214058620125702e-01
-7.344088832810836687e-01
-7.079572225963600696e-01
-6.788288991254201044e-01
-6.527198673502139226e-01
-6.335563362932490339e-01
-6.232584520592586719e-01
-6.218422514889740960e-01
-6.278041047190303647e-01
-6.386904802977160234e-01
-6.517254439252466724e-01
-6.643685056177420778e-01
-6.747088753177462594e-01
-6.816553847794570853e-01
-6.849341578759939875e-01
-6.849427257739886254e-01
-6.825240819502261802e-01
-6.787207783718894882e-01
-6.745553486188701209e-01
-6.708661963503427250e-01
-6.682118795416394086e-01
-6.668432338041915264e-01
-6.667325786769601192e-01
-6.676426350521187381e-01
-6.692149853252946645e-01
-6.710588520102351850e-01
-6.728250025080916297e-01
-6.742554971855845292e-01
-6.752063208101213299e-01
-6.756453667214805670e-01
-6.756319405831442415e-01
-6.752856477768119925e-01
-6.747524336788308652e-01
-6.741741504788592021e-01
-6.736659085974181504e-01
-6.733031687936686938e-01
-6.731184585840005452e-01
-6.731060278113482065e-01
-6.732318268187205135e-01
-6.734459038704748712e-01
-6.736945806711359674e-01
-6.739304110242628765e-01
-6.741187630517678775e-01
-6.742407047019061128e-01
-6.742925708344675861e-01
-6.742830611196389823e-01
-6.742289345616903073e-01
-6.741503522684335614e-01
-6.740667324731223209e-01
-6.739936935258044048e-01
-6.739413436467668328e-01
-6.739138902507593176e-01
-6.739103269811687058e-01
-6.739258323809965701e-01
-6.739534800908165701e-01
-6.739859013901406959e-01
-6.740166325552338078e-01
-6.740409947354886189e-01
-6.740564680038919620e-01
-6.740626150469086753e-01
-6.740606725506587127e-01
-6.740529564911442728e-01
-6.740422245784171151e-01
-6.740311128173749333e-01
-6.740217233998645474e-01
-6.740153977434026888e-01
-6.740126695639151455e-01
-6.740133638879948208e-01
-6.740167914061866439e-01
-6.740219833954972373e-01
-6.740279184192842221e-01
-6.740337047749268562e-01
-6.740386984822828165e-01
-6.740425521217976446e-01
-6.740452025104015643e-01
-6.740468135826169771e-01
-6.740476945233679906e-01
-6.740482126593271284e-01
-6.740487169335539486e-01
-6.740494823151805814e-01
-6.740506795677763119e-01
-6.740523695167973672e-01
-6.740545170530571895e-01
-6.740570179175092713e-01
-6.740597308002256316e-01
-6.740625081466041779e-01
-6.740652208311355142e-01
-6.740677740242355664e-01
-6.740701136833711082e-01
-6.740722248052398724e-01
-6.740741236871939934e-01
-6.740758469149140675e-01
-6.740774396910711452e-01
-6.740789455981791578e-01
-6.740803991361646874e-01
-6.740818215756362308e-01
-6.740832199714261730e-01
-6.740845886854758273e-01
-6.740859125137982355e-01
-6.740871704873252490e-01
-6.740883395700757452e-01
-6.740893977373032531e-01
-6.740903262033141052e-01
-6.740911108158655907e-01
