-6.741314467088579399e-01
-6.741319272907591031e-01
-6.741321416187207038e-01
-6.741320952437321878e-01
-6.741317971131913778e-01
-6.741312588387022853e-01
-6.741304936081976562e-01
-6.741295147457332382e-01
-6.741283339990427059e-01
-6.741269597369000666e-01
-6.741253953435040192e-01
-6.741236381760711271e-01
-6.741216794734697926e-01
-6.741195055417769089e-01
-6.741171003832906461e-01
-6.741144496835096422e-01
-6.741115457533728428e-01
-6.741083926919809732e-01
-6.741050107569364069e-01
-6.741014387830777110e-01
-6.740977335483315791e-01
-6.740939652979339725e-01
-6.740902092158447267e-01
-6.740865334311677559e-01
-6.740829850630034592e-01
-6.740795766774574371e-01
-6.740762761542326009e-01
-6.740730031286727986e-01
-6.740696347155897827e-01
-6.740660220456058394e-01
-6.740620172936943044e-01
-6.740575085513633713e-01
-6.740524574466771890e-01
-6.740469323364298715e-01
-6.740411287292393805e-01
-6.740353688559399536e-01
-6.740300743388139004e-01
-6.740257098088608956e-01
-6.740227008050111435e-01
-6.740213356814052093e-01
-6.740216674877813618e-01
-6.740234365342413492e-01
-6.740260361730454619e-01
-6.740285419623296415e-01
-6.740298170339561468e-01
-6.740286941809231491e-01
-6.740242189785338178e-01
-6.740159204138868043e-01
-6.740040593712220973e-01
-6.739897949747577499e-01
-6.739752083261602023e-01
-6.739631357820036195e-01
-6.739567908315607925e-01
-6.739591932141287822e-01
-6.739724711335397522e-01
-6.739971490548539723e-01
-6.740315691750037308e-01
-6.740716084187020618e-01
-6.741108358316910687e-01
-6.741412029759690228e-01
-6.741542741075883249e-01
-6.741428925327770383e-01
-6.741030605783771001e-01
-6.740357044717544266e-01
-6.739479261867006299e-01
-6.738533351910137581e-01
-6.737711222981552783e-01
-6.737236945030568025e-01
-6.737329293727070123e-01
-6.738154089354353449e-01
-6.739773158241376683e-01
-6.742099602494493471e-01
-6.744870833433482815e-01
-6.747650750056163327e-01
-6.749869885155392879e-01
-6.750906965412770688e-01
-6.750207322748698058e-01
-6.747423835117233315e-01
-6.742556230041759635e-01
-6.736057006099622768e-01
-6.728869612676137146e-01
-6.722369292779583061e-01
-6.718190442342610869e-01
-6.717945839950493214e-01
-6.722869596082393651e-01
-6.733441866626409533e-01
-6.749072759920592413e-01
-6.767929365667419983e-01
-6.786979545679951986e-01
-6.802298442661092182e-01
-6.809641343801439151e-01
-6.805234880875604686e-01
-6.786684389715369470e-01
-6.753846574850153051e-01
-6.709482968821586235e-01
-6.659502320087590244e-01
-6.612630260407992289e-01
-6.579418966577362804e-01
-6.570623673454041302e-01
-6.595107772718437067e-01
-6.657563461157114393e-01
-6.756420313119642085e-01
-6.882344700468673304e-01
-7.017717396117041373e-01
-7.137440401499415277e-01
-7.211383251400522720e-01
-7.208704543037717238e-01
-7.104078894333895056e-01
-6.885385761722389031e-01
-6.561607396295552341e-01
-6.168710288911253281e-01
-5.770657887441370537e-01
-5.453104685759863068e-01
-5.309115635718931747e-01
-5.418978689916986724e-01
-5.828572969508395429e-01
-6.531475014671452861e-01
-7.458470928587396243e-01
-8.475115368175711872e-01
-9.385562639194402479e-01
-9.942138393224536630e-01
-9.866874308724767895e-01
-8.899954470929913874e-01
-6.888362949924433654e-01
-3.900349638170051980e-01
-3.026113960750614548e-02
3.281854436632102856e-01
6.149489449329385016e-01
7.731474129325988098e-01
7.724376412687807836e-01
6.129496445726207998e-01
3.252772627774527248e-01
-3.350936549394931130e-02
-3.930183325848284892e-01
-6.911005187469805300e-01
-8.913413275937974722e-01
-9.871511644284668430e-01
-9.939758318570500739e-01
-9.378506599082383488e-01
-8.465696636508119877e-01
-7.448706398778260906e-01
-6.522957269982816442e-01
-5.822383610892517547e-01
-5.415632080034082918e-01
-5.308565356620635889e-01
-5.454836885030992510e-01
-5.773861892158804743e-01
-6.172485085509240577e-01
-6.565150182725830730e-01
-6.888119803399511687e-01
-7.105703891712120690e-01
-7.209178935740745420e-01
-7.210863043208578516e-01
-7.136200954437060817e-01
-7.016078102400832295e-01
-6.880607868497102819e-01
-6.754828869737213859e-01
-6.656277988278206381e-01
-6.594201123452466673e-01
-6.570089956146660803e-01
-6.579192598427368033e-01
-6.612610152612415915e-01
-6.659576313021658978e-01
-6.709548485142486918e-01
-6.753824916711150816e-01
-6.786527783249960422e-01
-6.804926849549721712e-01
-6.809191990431990860e-01
-6.801736657937935693e-01
-6.786344125135410632e-01
-6.767260671676540440e-01
-6.748406072342960638e-01
-6.732803043440926949e-01
-6.722273186366494180e-01
-6.717395398675699569e-01
-6.717680517342392577e-01
-6.721888405443322556e-01
-6.728403537156347758e-01
-6.735591749790906801e-01
-6.742080295664719669e-01
-6.746929556573246778e-01
-6.749691268421935675e-01
-6.750369559776071560e-01
-6.749314494327366409e-01
-6.747082507421772180e-01
-6.744295458053898296e-01
-6.741522403264520458e-01
-6.739198339853796904e-01
-6.737584399201037577e-01
-6.736765984537991248e-01
-6.736679983613445000e-01
-6.737159653063485854e-01
-6.737985716863031938e-01
-6.738934006343658689e-01
-6.739812836980350053e-01
-6.740486548833261038e-01
-6.740884649854732569e-01
-6.740998393278545553e-01
-6.740868180326256009e-01
-6.740565864988944389e-01
-6.740175940054456971e-01
-6.739778886297771443e-01
-6.739438902352000715e-01
-6.739197042082495370e-01
-6.739069682987444132e-01
-6.739051392674608731e-01
-6.739120740249955333e-01
-6.739247432289927620e-01
-6.739399293009917802e-01
-6.739547966054147965e-01
-6.739672682595564401e-01
-6.739761912855738446e-01
-6.739813113556605284e-01
-6.739831052160333291e-01
-6.739825313842160437e-01
-6.739807591521590480e-01
-6.739789255018201475e-01
-6.739779533590466443e-01
-6.739784467468238338e-01
-6.739806621983223112e-01
-6.739845435034578225e-01
-6.739897995517202256e-01
-6.739960027019546995e-01
-6.740026869643378493e-01
-6.740094300521330961e-01
-6.740159096163704788e-01
-6.740219303755595748e-01
-6.740274243352365469e-01
-6.740324301813475083e-01
-6.740370599544184271e-01
-6.740414613558909362e-01
-6.740457828605674884e-01
-6.740501467203114938e-01
-6.740546324916281140e-01
-6.740592713900261934e-01
-6.740640499246458583e-01
-6.740689200948387638e-01
-6.740738129757520847e-01
-6.740786526933151279e-01
-6.740833684168947570e-01
-6.740879028710574650e-01
-6.740922167849380253e-01
-6.740962894967879038e-01
-6.741001165079056889e-01
-6.741037050910443362e-01
-6.741070691144921412e-01
-6.741102240949101709e-01
-6.741131832125607515e-01
-6.741159546896189347e-01
-6.741185406147203185e-01
-6.741209370449997573e-01
-6.741231350579792725e-01
-6.741251223643391910e-01
-6.741268851148694008e-01
-6.741284096144143367e-01
-6.741296837611394643e-01
-6.741306981316020908e-01
