-6.740948205536504423e-01
-6.740953001923807308e-01
-6.740956189700100243e-01
-6.740957841545146545e-01
-6.740958077199790122e-01
-6.740957057169999489e-01
-6.740954970798941348e-01
-6.740952017148434949e-01
-6.740948378517084283e-01
-6.740944188556289296e-01
-6.740939499424912773e-01
-6.740934254667394487e-01
-6.740928275838881101e-01
-6.740921270706281554e-01
-6.740912868686171899e-01
-6.740902684934582112e-01
-6.740890408520310295e-01
-6.740875903227543375e-01
-6.740859303029540506e-01
-6.740841079734652963e-01
-6.740822059348370310e-01
-6.740803367633977361e-01
-6.740786294820531044e-01
-6.740772084005500764e-01
-6.740761665889671850e-01
-6.740755381160460358e-01
-6.740752747192439998e-01
-6.740752333386220707e-01
-6.740751805397695584e-01
-6.740748180037070547e-01
-6.740738299388377985e-01
-6.740719487477012661e-01
-6.740690301814711294e-01
-6.740651244750426319e-01
-6.740605267192310013e-01
-6.740557891581036021e-01
-6.740516811350685256e-01
-6.740490894854090920e-01
-6.740488629703644818e-01
-6.740516176444464325e-01
-6.740575337013164914e-01
-6.740661854831007105e-01
-6.740764517689946667e-01
-6.740865502624600047e-01
-6.740942264485088042e-01
-6.740971024852004945e-01
-6.740931585994406339e-01
-6.740812821724849746e-01
-6.740617852132815280e-01
-6.740367676076662873e-01
-6.740101998977501285e-01
-6.739876221832903358e-01
-6.739754081192441681e-01
-6.739796224439790207e-01
-6.740045978512105851e-01
-6.740514564479742621e-01
-6.741168814134167464e-01
-6.741924825000712440e-01
-6.742650736529910427e-01
-6.743180786641514990e-01
-6.743341003923870591e-01
-6.742984461395017393e-01
-6.742031299601553007e-01
-6.740506222974133044e-01
-6.738564497053014524e-01
-6.736497250341521026e-01
-6.734708613999482729e-01
-6.733661137289386200e-01
-6.733791797372530308e-01
-6.735408071218278447e-01
-6.738580750176558221e-01
-6.743055887075214416e-01
-6.748210796306566284e-01
-6.753076928076257035e-01
-6.756444828410519410e-01
-6.757053267957428000e-01
-6.753847057314433799e-01
-6.746268360784404283e-01
-6.734527981800750851e-01
-6.719790622297910909e-01
-6.704206416293011506e-01
-6.690734304870673554e-01
-6.682733003405255667e-01
-6.683340528700968397e-01
-6.694716935545261816e-01
-6.717276430645501284e-01
-6.749072008758560948e-01
-6.785507321540491521e-01
-6.819529971627259490e-01
-6.842406027035666805e-01
-6.845088882332636127e-01
-6.820079933024101315e-01
-6.763540122133032684e-01
-6.677265936398671942e-01
-6.570025075764491795e-01
-6.457711312000588011e-01
-6.361887005203136214e-01
-6.306568558057508156e-01
-6.313539279219639866e-01
-6.396928693429938528e-01
-6.558117409344323967e-01
-6.782090849157353940e-01
-7.036168981429660185e-01
-7.271713593453634772e-01
-7.429147971589207256e-01
-7.446496491949189389e-01
-7.271464028348150199e-01
-6.876339587362609862e-01
-6.273295381413307448e-01
-5.525270294960101802e-01
-4.746110863847033401e-01
-4.085135510193458330e-01
-3.696580441153875518e-01
-3.701300669069451099e-01
-4.152553540956567257e-01
-5.016871700192101491e-01
-6.175163583163998382e-01
-7.440776536099323879e-01
-8.584427363058724225e-01
-9.355859695545091226e-01
-9.501694080759335304e-01
-8.793274165209735704e-01
-7.083412999536833343e-01
-4.391512443860544623e-01
-9.743382247978590871e-02
2.687198519877116998e-01
6.013558581247980817e-01
8.497495041419163009e-01
9.809839311492380975e-01
9.803833341986701866e-01
8.480092231686378046e-01
5.986835152445557640e-01
2.654967861192254475e-01
-1.006982807872905533e-01
-4.419566701384499141e-01
-7.103447147582244714e-01
-8.804077748468948084e-01
-9.503922129054508394e-01
-9.351244329907744124e-01
-8.575127132428594923e-01
-7.429039177719043430e-01
-6.163170726551945311e-01
-5.006582987649711436e-01
-4.145481784520822499e-01
-3.698278689486673709e-01
-3.697631181098003927e-01
-4.089522945313503466e-01
-4.752572760919322459e-01
-5.532359903718184757e-01
-6.279719773935454885e-01
-6.881194921758873040e-01
-7.274323350557915235e-01
-7.447368357747965462e-01
-7.428359669662853992e-01
-7.269772957157184523e-01
-7.033639204322981175e-01
-6.779492607286713435e-01
-6.555861228544260788e-01
-6.395276937028149256e-01
-6.312596446203621037e-01
-6.306297118537433910e-01
-6.362143061974167013e-01
-6.458291336422488094e-01
-6.570713581108107437e-01
-6.677875095883064605e-01
-6.763935602466440988e-01
-6.820191305002584192e-01
-6.844906498154769148e-01
-6.841968379179721449e-01
-6.818906166984725070e-01
-6.784778820475926286e-01
-6.748316731805743540e-01
-6.716557143273378383e-01
-6.694074711266690958e-01
-6.682793157870993150e-01
-6.682277503252068707e-01
-6.690352230554575952e-01
-6.703870496472591478e-01
-6.719471336084830160e-01
-6.734199001731284717e-01
-6.745910216288886208e-01
-6.753448821304554039e-01
-6.756612448094971857e-01
-6.755965901353415681e-01
-6.752569074553644857e-01
-6.747685392387759995e-01
-6.742524214884819678e-01
-6.738052247452805954e-01
-6.734889278830975545e-01
-6.733286015698264348e-01
-6.733168686068222719e-01
-6.734227516813990899e-01
-6.736024136380492910e-01
-6.738095524178282503e-01
-6.740037866825784318e-01
-6.741560910446865451e-01
-6.742510550640693490e-01
-6.742863274993332601e-01
-6.742699963265759155e-01
-6.742168262438710258e-01
-6.741442513127402503e-01
-6.740688513960324535e-01
-6.740037897694058922e-01
-6.739574170748524606e-01
-6.739330038989376215e-01
-6.739293842650875277e-01
-6.739421905666169721e-01
-6.739653357581082416e-01
-6.739924372492757110e-01
-6.740179577756275631e-01
-6.740379382218772975e-01
-6.740502948360258539e-01
-6.740547326546273421e-01
-6.740523791515922181e-01
-6.740452647129968611e-01
-6.740357726554644380e-01
-6.740261579823656479e-01
-6.740181994360667783e-01
-6.740130120456830909e-01
-6.740110141720900838e-01
-6.740120185967195532e-01
-6.740154035400610644e-01
-6.740203163996967284e-01
-6.740258685229322255e-01
-6.740312905425064338e-01
-6.740360315031345140e-01
-6.740397983191594999e-01
-6.740425428908980443e-01
-6.740444112525254550e-01
-6.740456721211741664e-01
-6.740466416083406020e-01
-6.740476175839115180e-01
-6.740488324188176339e-01
-6.740504277203932526e-01
-6.740524501516937939e-01
-6.740548641118330186e-01
-6.740575752216363403e-01
-6.740604581685782914e-01
-6.740633832456337515e-01
-6.740662374658180633e-01
-6.740689380090657545e-01
-6.740714375691271298e-01
-6.740737226256963144e-01
-6.740758066082661593e-01
-6.740777203053192057e-01
-6.740795017699897640e-01
-6.740811875137960874e-01
-6.740828061261088244e-01
-6.740843747670944852e-01
-6.740858983841611085e-01
-6.740873710794075269e-01
-6.740887788415954596e-01
-6.740901028395502870e-01
-6.740913226101031830e-01
-6.740924186994950995e-01
-6.740933745655361964e-01
-6.740941777606793694e-01
