-6.740897496762912056e-01
-6.740902229165430803e-01
-6.740905474501955874e-01
-6.740907325543907813e-01
-6.740907934145812241e-01
-6.740907502634545523e-01
-6.740906267874969826e-01
-6.740904476100004761e-01
-6.740902348396287103e-01
-6.740900039493165075e-01
-6.740897595687331822e-01
-6.740894920590319028e-01
-6.740891759044523868e-01
-6.740887709206265788e-01
-6.740882269884714839e-01
-6.740874924636994781e-01
-6.740865256318798737e-01
-6.740853076884881778e-01
-6.740838548911213257e-01
-6.740822269630971642e-01
-6.740805287330642326e-01
-6.740789025411020319e-01
-6.740775102040155176e-01
-6.740765052519347433e-01
-6.740759985029791679e-01
-6.740760224474062756e-01
-6.740765018538836806e-01
-6.740772389200683223e-01
-6.740779206525430167e-01
-6.740781536442510546e-01
-6.740775269981793549e-01
-6.740756982111489881e-01
-6.740724902182376743e-01
-6.740679817476457059e-01
-6.740625691447381662e-01
-6.740569773957415523e-01
-6.740522023982421507e-01
-6.740493760908673471e-01
-6.740495603756684329e-01
-6.740534931583330724e-01
-6.740613274210279782e-01
-6.740724182387837216e-01
-6.740852188933091904e-01
-6.740973419986447945e-01
-6.741058224780108743e-01
-6.741075862750657288e-01
-6.741000848195161099e-01
-6.740820067622161904e-01
-6.740539345462333021e-01
-6.740187850086495347e-01
-6.739818714041885261e-01
-6.739504575412598175e-01
-6.739327465580040588e-01
-6.739363532367957932e-01
-6.739664368199438371e-01
-6.740237995228174350e-01
-6.741033562750656793e-01
-6.741934232624221535e-01
-6.742762298108295749e-01
-6.743299137258804699e-01
-6.743320150640487176e-01
-6.742641600798159329e-01
-6.741172721504502530e-01
-6.738963275161296007e-01
-6.736234719078241229e-01
-6.733383108821031637e-01
-6.730944449895654991e-01
-6.729518647779326734e-01
-6.729656163961184046e-01
-6.731720944426413666e-01
-6.735752484603259038e-01
-6.741356932350139886e-01
-6.747659733629191026e-01
-6.753348688884769357e-01
-6.756825411945073245e-01
-6.756465227474596213e-01
-6.750962077731925692e-01
-6.739709170451309017e-01
-6.723142618114209546e-01
-6.702960268361276563e-01
-6.682127906388493077e-01
-6.664605533985863417e-01
-6.654769619618960963e-01
-6.656569555989487741e-01
-6.672527944042043746e-01
-6.702759472530761542e-01
-6.744225552077183217e-01
-6.790448578193423179e-01
-6.831874678763584230e-01
-6.856997370491353383e-01
-6.854239625214888498e-01
-6.814440694156379541e-01
-6.733611355491903039e-01
-6.615426737892891040e-01
-6.472770573354381662e-01
-6.327614433029080665e-01
-6.208702262360814572e-01
-6.146951527040332985e-01
-6.169099324361162484e-01
-6.290716373415805585e-01
-6.510046187577720467e-01
-6.804059359741616575e-01
-7.127705141187098414e-01
-7.416856281817729712e-01
-7.595188641978070088e-01
-7.585294754200094802e-01
-7.324284369886004953e-01
-6.783098889000852560e-01
-5.986079202197062132e-01
-5.023673636236323237e-01
-4.049298353467991607e-01
-3.254591125613113256e-01
-2.825981628397185585e-01
-2.895068081946600147e-01
-3.499547773281601049e-01
-4.567924891051019509e-01
-5.931893458516832585e-01
-7.358847164292444676e-01
-8.588627602359318880e-01
-9.360252172808463111e-01
-9.428540227656529993e-01
-8.588508285005288512e-01
-6.729144978492995754e-01
-3.913325670630578013e-01
-4.359441143260776169e-02
3.207428564558672535e-01
6.456476663873182975e-01
8.848314619677520865e-01
1.010075292756120069e+00
1.009573800879880023e+00
8.833685574803771257e-01
6.433726155539443159e-01
3.179501452231673908e-01
-4.648562225166969625e-02
-3.938841432384425634e-01
-6.748011398379129000e-01
-8.599302477619984453e-01
-9.431490598545173576e-01
-9.356610025497162919e-01
-8.580121668885297703e-01
-7.347419968248294353e-01
-5.919602131103259834e-01
-4.556806739758241243e-01
-3.491360632295137378e-01
-2.890970223565326735e-01
-2.826293963312699886e-01
-3.258758093113978127e-01
-4.056078548857020016e-01
-5.031498666313468648e-01
-5.993454829265634221e-01
-6.788915155623139741e-01
-7.327957359665455694e-01
-7.586745191708137437e-01
-7.594718920016924057e-01
-7.414995368804918607e-01
-7.125066713991106138e-01
-6.801230664249378055e-01
-6.507509335400085693e-01
-6.288800005277299654e-01
-6.167959645206986252e-01
-6.146581636723407183e-01
-6.208965727494989428e-01
-6.328294774063615291e-01
-6.473625404124846439e-01
-6.616235420661810140e-01
-6.734208220304437331e-01
-6.814730674628775020e-01
-6.854197697310420168e-01
-6.856656121832604978e-01
-6.831305357098724773e-01
-6.789740523155848306e-01
-6.743467721955805905e-01
-6.702026408278410896e-01
-6.671871259216612948e-01
-6.656014995658202649e-01
-6.654318913885318709e-01
-6.664241708673921405e-01
-6.681822440435257748e-01
-6.702680516609668127e-01
-6.722858208747746200e-01
-6.739396544846140147e-01
-6.750606847885586292e-01
-6.756062473895448894e-01
-6.756378362076458366e-01
-6.752866377984417801e-01
-6.747154269805333282e-01
-6.740840900767499644e-01
-6.735236875519199362e-01
-6.731213815631903463e-01
-6.729162082557750280e-01
-6.729038821833923656e-01
-6.730477370641069212e-01
-6.732925482822109675e-01
-6.735782473158152817e-01
-6.738512454658732720e-01
-6.740720160872494260e-01
-6.742185310391912711e-01
-6.742859422593382446e-01
-6.742834418213349279e-01
-6.742294903223462477e-01
-6.741465983683033736e-01
-6.740566426295110380e-01
-6.739773779154379918e-01
-6.739204512418716098e-01
-6.738909005846435152e-01
-6.738878762124791422e-01
-6.739061786394319187e-01
-6.739381648793522084e-01
-6.739756173669748662e-01
-6.740112707572540884e-01
-6.740398203791091447e-01
-6.740583643207960218e-01
-6.740663374592777979e-01
-6.740650674195740599e-01
-6.740571155140152593e-01
-6.740455636543758455e-01
-6.740333796320209236e-01
-6.740229490437835702e-01
-6.740158135392315675e-01
-6.740126111754390914e-01
-6.740131817421980420e-01
-6.740167809191595083e-01
-6.740223419802091609e-01
-6.740287300969098894e-01
-6.740349483676111308e-01
-6.740402723428465803e-01
-6.740443072359619814e-01
-6.740469763299274941e-01
-6.740484586372007536e-01
-6.740490981542902604e-01
-6.740493065879147316e-01
-6.740494774044242243e-01
-6.740499229766525602e-01
-6.740508399722981991e-01
-6.740523021868841669e-01
-6.740542756079809239e-01
-6.740566479902064811e-01
-6.740592645966927421e-01
-6.740619626862452973e-01
-6.740645992788328877e-01
-6.740670691455268315e-01
-6.740693123284219324e-01
-6.740713124162939218e-01
-6.740730880616028209e-01
-6.740746807658413164e-01
-6.740761418602962962e-01
-6.740775210361611425e-01
-6.740788579415663007e-01
-6.740801774698607085e-01
-6.740814885822807856e-01
-6.740827859495092111e-01
-6.740840534069119094e-01
-6.740852681852916861e-01
-6.740864050466834900e-01
-6.740874397418341601e-01
-6.740883515255694514e-01
-6.740891247425380151e-01
