-6.740852982947388439e-01
-6.740857602921772607e-01
-6.740860784270427120e-01
-6.740862652803903954e-01
-6.740863413167066387e-01
-6.740863336062843381e-01
-6.740862735329044009e-01
-6.740861932497909104e-01
-6.740861208952729777e-01
-6.740860749543849950e-01
-6.740860585811768724e-01
-6.740860550749659952e-01
-6.740860259141643329e-01
-6.740859126847245086e-01
-6.740856438234041903e-01
-6.740851463168670010e-01
-6.740843614244944604e-01
-6.740832622814351138e-01
-6.740818701226086729e-01
-6.740802651305775051e-01
-6.740785878336572612e-01
-6.740770277872254468e-01
-6.740757980541488559e-01
-6.740750966651108955e-01
-6.740750594682347607e-01
-6.740757120302098837e-01
-6.740769308183959252e-01
-6.740784249994259403e-01
-6.740797491430785549e-01
-6.740803534907746641e-01
-6.740796722417312647e-01
-6.740772420999832093e-01
-6.740728343008600687e-01
-6.740665752277575917e-01
-6.740590256002625402e-01
-6.740511881020400109e-01
-6.740444197839101648e-01
-6.740402392204314364e-01
-6.740400384191840288e-01
-6.740447334369128463e-01
-6.740544114894825301e-01
-6.740680507837043534e-01
-6.740833966530710430e-01
-6.740970688440888203e-01
-6.741049469720948872e-01
-6.741028345054880244e-01
-6.740873406071118401e-01
-6.740568527368195895e-01
-6.740124140171964706e-01
-6.739582832344960250e-01
-6.739019569438449153e-01
-6.738534837364151819e-01
-6.738240042281128384e-01
-6.738236001617040616e-01
-6.738587133143034702e-01
-6.739295689850223203e-01
-6.740281704565693754e-01
-6.741374782824905987e-01
-6.742323157676659573e-01
-6.742823291262118879e-01
-6.742569811852096029e-01
-6.741321053129614160e-01
-6.738970582579422164e-01
-6.735610823659859969e-01
-6.731572324365310278e-01
-6.727422520107191328e-01
-6.723911821005270628e-01
-6.721862787592597366e-01
-6.722009474664510931e-01
-6.724807186042368601e-01
-6.730245481531283991e-01
-6.737706361175845871e-01
-6.745912174395209959e-01
-6.753001638729522194e-01
-6.756756256023873641e-01
-6.754973813910558622e-01
-6.745952849497222070e-01
-6.729016318107099437e-01
-6.704970893539263788e-01
-6.676378997019760675e-01
-6.647523341339627301e-01
-6.623976304781731272e-01
-6.611751189611705382e-01
-6.616102802370421587e-01
-6.640144287497753428e-01
-6.683532489739117954e-01
-6.741522425680807062e-01
-6.804687961232970261e-01
-6.859547571491171336e-01
-6.890226318938129646e-01
-6.881132164103890281e-01
-6.820423168442057982e-01
-6.703788710607532231e-01
-6.537785565364054863e-01
-6.341740858902547018e-01
-6.147204912106939423e-01
-5.994259813411139115e-01
-5.924705671180120481e-01
-5.973087537520294088e-01
-6.157334474049173112e-01
-6.471084816881974566e-01
-6.879414122566678280e-01
-7.318875951998066176e-01
-7.702038121422548622e-01
-7.926601592792495987e-01
-7.889802871816131713e-01
-7.509241008717678634e-01
-6.749782149993557301e-01
-5.651455512872256559e-01
-4.346736843948592055e-01
-3.052782578991189433e-01
-2.030987378896014217e-01
-1.521706461779370467e-01
-1.676009528042315677e-01
-2.509110231996884433e-01
-3.891578765777378712e-01
-5.580155949848915053e-01
-7.273896354414107757e-01
-8.669746730645891963e-01
-9.495565234821463640e-01
-9.521008139358050348e-01
-8.571786893691233367e-01
-6.575698419113914506e-01
-3.636754243115046803e-01
-8.423000261432004449e-03
3.571499181682519231e-01
6.782345733019213840e-01
9.117901386002120745e-01
1.033141045959079518e+00
1.032681397515688548e+00
9.104415112167618673e-01
6.761145514205211260e-01
3.545090483388226854e-01
-1.120627599863491426e-02
-3.661846318751952878e-01
-6.594766895438968213e-01
-8.583187710724978770e-01
-9.524649893130416878e-01
-9.492354263659942282e-01
-8.661106990716428422e-01
-7.261589815681271931e-01
-5.566269808734322089e-01
-3.878423154200823508e-01
-2.498894732779834149e-01
-1.670380865836466611e-01
-1.521352643318954201e-01
-2.035486015732075327e-01
-3.060761024967028066e-01
-4.356292185432437680e-01
-5.660682680993540661e-01
-6.757217218509016243e-01
-7.514083706660283912e-01
-7.891905182891567616e-01
-7.926307710344804303e-01
-7.699981060245956188e-01
-7.315798219760991650e-01
-6.876033578277334080e-01
-6.468001682351836035e-01
-6.154971947234425533e-01
-5.971663784239347184e-01
-5.924238127941793275e-01
-5.994600086380433845e-01
-6.148096350991408832e-01
-6.342885436327053705e-01
-6.538905265491171681e-01
-6.704669921339938554e-01
-6.820938830303616696e-01
-6.881242828701729097e-01
-6.889965584731693182e-01
-6.858998895295052023e-01
-6.803959216790939069e-01
-6.740722914863633841e-01
-6.682755296310421977e-01
-6.639455308011116275e-01
-6.615536556172375571e-01
-6.611312552782671048e-01
-6.623646622414524066e-01
-6.647268995401626190e-01
-6.676160485804453204e-01
-6.704750792069140708e-01
-6.728765035673682782e-01
-6.745651731008281971e-01
-6.754615699903838699e-01
-6.756344023061684467e-01
-6.752545451326175119e-01
-6.745426208651326139e-01
-6.737205656154887645e-01
-6.729743392574737415e-01
-6.724313704420776805e-01
-6.721530478646230433e-01
-6.721400127659006296e-01
-6.723464031911258187e-01
-6.726985899878153985e-01
-6.731142120984676680e-01
-6.735182312571962315e-01
-6.738539886156831304e-01
-6.740885629906950838e-01
-6.742128613864529774e-01
-6.742376641972782636e-01
-6.741872435731135482e-01
-6.740922008057602666e-01
-6.739829115718714014e-01
-6.738845383838885095e-01
-6.738140809552167765e-01
-6.737794829110578254e-01
-6.737804640214648533e-01
-6.738105348970225839e-01
-6.738595793706442239e-01
-6.739164379860138610e-01
-6.739710582322406829e-01
-6.740159516436050602e-01
-6.740468753585092676e-01
-6.740628055404057628e-01
-6.740653733921613266e-01
-6.740579848237502336e-01
-6.740448461448790285e-01
-6.740300817654755194e-01
-6.740170707880189793e-01
-6.740080628331603929e-01
-6.740040723718819793e-01
-6.740050042071423775e-01
-6.740099349973526222e-01
-6.740174670803085188e-01
-6.740260783143975365e-01
-6.740344101844868430e-01
-6.740414603163680241e-01
-6.740466695320150858e-01
-6.740499136034107108e-01
-6.740514234871445298e-01
-6.740516642557069504e-01
-6.740512027893293956e-01
-6.740505891246701964e-01
-6.740502682184859040e-01
-6.740505298400581990e-01
-6.740514960880077400e-01
-6.740531398227039839e-01
-6.740553236855654218e-01
-6.740578483436465707e-01
-6.740604997189122427e-01
-6.740630875422605195e-01
-6.740654708351385693e-01
-6.740675691559413485e-01
-6.740693611147373643e-01
-6.740708734408089597e-01
-6.740721646896931096e-01
-6.740733075943553532e-01
-6.740743733218882427e-01
-6.740754197767853118e-01
-6.740764848774526419e-01
-6.740775846580150388e-01
-6.740787152683143102e-01
-6.740798575292621386e-01
-6.740809826358252765e-01
-6.740820578122257434e-01
-6.740830511040855066e-01
-6.740839349220262289e-01
-6.740846883267946898e-01
