-6.741231961768356928e-01
-6.741236787321576163e-01
-6.741239172557595971e-01
-6.741239175782205439e-01
-6.741236890867892129e-01
-6.741232439369526652e-01
-6.741225958663433770e-01
-6.741217586129248929e-01
-6.741207440340586388e-01
-6.741195601454161856e-01
-6.741182094190368845e-01
-6.741166877608427699e-01
-6.741149845930248796e-01
-6.741130843691618413e-01
-6.741109696415871211e-01
-6.741086254981040193e-01
-6.741060448320019827e-01
-6.741032335718760704e-01
-6.741002147559831403e-01
-6.740970302689226479e-01
-6.740937392272023931e-01
-6.740904124302387057e-01
-6.740871229608307313e-01
-6.740839338450281826e-01
-6.740808845343406741e-01
-6.740779786848803967e-01
-6.740751760976009255e-01
-6.740723915915807218e-01
-6.740695029055872034e-01
-6.740663684494083707e-01
-6.740628539565213240e-01
-6.740588650454580888e-01
-6.740543807083761996e-01
-6.740494812138633218e-01
-6.740443632541470720e-01
-6.740393357438742017e-01
-6.740347917083560070e-01
-6.740311551870182827e-01
-6.740288067505437741e-01
-6.740279965145102858e-01
-6.740287585751918442e-01
-6.740308445411467009e-01
-6.740336951731165094e-01
-6.740364670944176684e-01
-6.740381254786242948e-01
-6.740376035445024838e-01
-6.740340163680277330e-01
-6.740269016336076779e-01
-6.740164460223123655e-01
-6.740036461281315727e-01
-6.739903504401357770e-01
-6.739791369126766352e-01
-6.739730006387334438e-01
-6.739748578365166720e-01
-6.739869128679246701e-01
-6.740099786101307888e-01
-6.740428789333630100e-01
-6.740820854271615259e-01
-6.741217389901642543e-01
-6.741541727147796204e-01
-6.741709824289183750e-01
-6.741645887676086524e-01
-6.741301113576149140e-01
-6.740672515628264305e-01
-6.739817819665743226e-01
-6.738861982008794715e-01
-6.737991292514005082e-01
-6.737432438940119672e-01
-6.737416346940465761e-01
-6.738129858157384522e-01
-6.739661907432302757e-01
-6.741954128379704647e-01
-6.744767939333826678e-01
-6.747680328894458679e-01
-6.750118141084361367e-01
-6.751435383271247037e-01
-6.751030190641909012e-01
-6.748488445614481135e-01
-6.743731182697390025e-01
-6.737134882234442346e-01
-6.729589960140273108e-01
-6.722465467258996741e-01
-6.717458760560741649e-01
-6.716327814368148186e-01
-6.720529045495873266e-01
-6.730811069308012540e-01
-6.746839103621249389e-01
-6.766939668620522985e-01
-6.788055459289384919e-01
-6.805982355679300877e-01
-6.815923468937030716e-01
-6.813340342825989771e-01
-6.795013035598018725e-01
-6.760146591049354114e-01
-6.711294749214020694e-01
-6.654832748365273609e-01
-6.600724077553304925e-01
-6.561411286811581478e-01
-6.549821695997189996e-01
-6.576690546473944465e-01
-6.647615146602676717e-01
-6.760402167904403514e-01
-6.903312809987405263e-01
-7.054744435939046543e-01
-7.184749975691895330e-01
-7.258631735973387622e-01
-7.242649734540649309e-01
-7.111567043116614473e-01
-6.857180930089686877e-01
-6.496127038037098345e-01
-6.074364546109656260e-01
-5.665479148162334555e-01
-5.360950609399144362e-01
-5.252927699381650939e-01
-5.412958156622628136e-01
-5.872013611122860466e-01
-6.606824777776272306e-01
-7.534933357292228351e-01
-8.517282447053440286e-01
-9.365088160955086227e-01
-9.849938949603445071e-01
-9.723367859187217466e-01
-8.760063336692668345e-01
-6.836079307802612748e-01
-4.027882755083235233e-01
-6.768646418393653441e-02
2.649586480563041468e-01
5.311003226706210167e-01
6.781155757517024485e-01
6.774195753311774704e-01
5.291455139407426067e-01
2.621277321773421987e-01
-7.083619568674144606e-02
-4.056770982872621722e-01
-6.858050671188955505e-01
-8.773231988284797556e-01
-9.728070522702872980e-01
-9.847880369180802562e-01
-9.358486243942942817e-01
-8.508328462492169564e-01
-7.525539722553301614e-01
-6.598513590911337934e-01
-5.865843385941723609e-01
-5.409469584905303163e-01
-5.252137512180281576e-01
-5.362422247938065656e-01
-5.668469636780241183e-01
-6.078014602510636299e-01
-6.499644649552218656e-01
-6.859974275982193559e-01
-7.113305295980640874e-01
-7.243256371589602560e-01
-7.258232037370221379e-01
-7.183598203746208721e-01
-7.053150692893351836e-01
-6.901581332627326759e-01
-6.758786260875884189e-01
-6.646290138171399020e-01
-6.575744104851135585e-01
-6.549259358861796443e-01
-6.561173618313907996e-01
-6.600710682256518691e-01
-6.654927912544953417e-01
-6.711390025324531772e-01
-6.760157067397541963e-01
-6.794885889921676858e-01
-6.813056027143231663e-01
-6.815491119203382908e-01
-6.805431619691205691e-01
-6.787426964065202961e-01
-6.766275988994745472e-01
-6.746177540269416850e-01
-6.730178944581007849e-01
-6.719941674146633348e-01
-6.715788860471618715e-01
-6.716962385199909402e-01
-6.721999518915153793e-01
-6.729139456050783341e-01
-6.736685147907592874e-01
-6.743270215098664533e-01
-6.748008292946318099e-01
-6.750527352125972325e-01
-6.750910393070905791e-01
-6.749574595615382977e-01
-6.747123646207492387e-01
-6.744204114400411676e-01
-6.741388686471631031e-01
-6.739099178258284306e-01
-6.737572612956177487e-01
-6.736865772294553523e-01
-6.736888372745215570e-01
-6.737452622433948157e-01
-6.738327103617757219e-01
-6.739285065826521315e-01
-6.740140494119731818e-01
-6.740768919798800773e-01
-6.741113187490216374e-01
-6.741176824383569022e-01
-6.741009064505586457e-01
-6.740685977546118091e-01
-6.740291718671359567e-01
-6.739902927710444969e-01
-6.739578061871158710e-01
-6.739352212697022892e-01
-6.739236934391854561e-01
-6.739223912442625641e-01
-6.739290962624325809e-01
-6.739408838072241670e-01
-6.739547558316213438e-01
-6.739681360006827271e-01
-6.739791805756891740e-01
-6.739868992524666869e-01
-6.739911117284416164e-01
-6.739922856720348410e-01
-6.739913096504150936e-01
-6.739892521271955150e-01
-6.739871477660518417e-01
-6.739858383107966144e-01
-6.739858804107936585e-01
-6.739875194488913479e-01
-6.739907183760365239e-01
-6.739952245329083880e-01
-6.740006554210646872e-01
-6.740065857532595572e-01
-6.740126218813633496e-01
-6.740184547553206285e-01
-6.740238878547213375e-01
-6.740288412042916288e-01
-6.740333360647171590e-01
-6.740374669107092043e-01
-6.740413678745509340e-01
-6.740451801670268583e-01
-6.740490254489369670e-01
-6.740529881331093209e-01
-6.740571075509813603e-01
-6.740613791487378714e-01
-6.740657626068778940e-01
-6.740701941040915246e-01
-6.740745998581478826e-01
-6.740789084697634825e-01
-6.740830603099291496e-01
-6.740870130459906129e-01
-6.740907432282519096e-01
-6.740942445259645588e-01
-6.740975236303492490e-01
-6.741005950094597354e-01
-6.741034756310515519e-01
-6.741061805263470763e-01
-6.741087197290553945e-01
-6.741110967702889090e-01
-6.741133086075131731e-01
-6.741153466576546016e-01
-6.741171985075018469e-01
-6.741188498802931361e-01
-6.741202865190151217e-01
-6.741214957677154063e-01
-6.741224677547731359e-01
