-6.740823308658806523e-01
-6.740827784994706251e-01
-6.740830760822558165e-01
-6.740832400268628177e-01
-6.740832968978395234e-01
-6.740832816267553484e-01
-6.740832343827675155e-01
-6.740831958144023472e-01
-6.740832007057062647e-01
-6.740832705785115841e-01
-6.740834063264944387e-01
-6.740835824498379036e-01
-6.740837447178055220e-01
-6.740838129794650690e-01
-6.740836902772178174e-01
-6.740832783818991869e-01
-6.740824984560351840e-01
-6.740813139717980462e-01
-6.740797515714075372e-01
-6.740779146308312209e-01
-6.740759842408747815e-01
-6.740742034369506808e-01
-6.740728429013715939e-01
-6.740721498925678068e-01
-6.740722863927769426e-01
-6.740732666901456671e-01
-6.740749078859697985e-01
-6.740768081287064062e-01
-6.740783658310504078e-01
-6.740788481876895943e-01
-6.740775090241051259e-01
-6.740737451658190826e-01
-6.740672687228101978e-01
-6.740582622361742660e-01
-6.740474772445042007e-01
-6.740362371473573866e-01
-6.740263142625548820e-01
-6.740196693797301242e-01
-6.740180687359323963e-01
-6.740226248440156498e-01
-6.740333385582667480e-01
-6.740487431906795335e-01
-6.740657599449743076e-01
-6.740798609766612826e-01
-6.740855983093404502e-01
-6.740774943038195799e-01
-6.740512086091382526e-01
-6.740048096487717411e-01
-6.739399029130390684e-01
-6.738623237258833942e-01
-6.737821081784102217e-01
-6.737125268713433091e-01
-6.736681063251028778e-01
-6.736617626939811476e-01
-6.737014058377202019e-01
-6.737865975929393514e-01
-6.739060142527433239e-01
-6.740365154088894251e-01
-6.741445137668014009e-01
-6.741900486030161233e-01
-6.741334966485394986e-01
-6.739442558429300512e-01
-6.736100995315968953e-01
-6.731453483856061348e-01
-6.725956940841404386e-01
-6.720375787846262217e-01
-6.715705949608550274e-01
-6.713024495952306658e-01
-6.713275494972699153e-01
-6.717019961020015417e-01
-6.724194008154125157e-01
-6.733930559413739969e-01
-6.744502452549648863e-01
-6.753435702373383753e-01
-6.757819787789282051e-01
-6.754807869979708723e-01
-6.742256824722754338e-01
-6.719410517497755864e-01
-6.687488530431676681e-01
-6.650018200758567311e-01
-6.612753423875639136e-01
-6.583069901646608768e-01
-6.568816016559045901e-01
-6.576720738414408851e-01
-6.610590274691460211e-01
-6.669630712040416354e-01
-6.747285159061118254e-01
-6.830956137644428328e-01
-6.902900702364971330e-01
-6.942449853947840754e-01
-6.929519987817958082e-01
-6.849137362054807943e-01
-6.696365758395105283e-01
-6.480633238631983151e-01
-6.228117542629415526e-01
-5.980802582878975704e-01
-5.791299377153356076e-01
-5.713581858187440909e-01
-5.791126201182499322e-01
-6.044989234666142686e-01
-6.464574894476822209e-01
-7.003065924786670005e-01
-7.578164864168757120e-01
-8.077788478409082540e-01
-8.370608722176694494e-01
-8.322953817937591703e-01
-7.825038860825191955e-01
-6.827612430939822286e-01
-5.382272067845692565e-01
-3.667314684161727678e-01
-1.976055443445865201e-01
-6.568174310496700807e-02
-1.977681282665095554e-03
-2.454678769709416411e-02
-1.328542829280102422e-01
-3.075336645996637475e-01
-5.155481142772307956e-01
-7.187033571293156564e-01
-8.816522321608556423e-01
-9.759829497994462200e-01
-9.803541492480637443e-01
-8.802869578281871110e-01
-6.715977398304462387e-01
-3.674226525365703599e-01
-3.025062815296819443e-03
3.689626320829398343e-01
6.933389235182738641e-01
9.278690130391120672e-01
1.049215442520762709e+00
1.048739236506801342e+00
9.264676721356484013e-01
6.911243019849938607e-01
3.661848248370320191e-01
-5.976206606175872918e-03
-3.701080491109795534e-01
-6.736626299319043998e-01
-8.815430268575878969e-01
-9.807713559716582097e-01
-9.756318916503891048e-01
-8.806588086180259234e-01
-7.172411278207966312e-01
-5.138490676924241107e-01
-3.058810646902495045e-01
-1.315385597510152216e-01
-2.379767798068332593e-02
-1.904029742272479167e-03
-6.624448161307172622e-02
-1.986334891581348905e-01
-3.679749990927447256e-01
-5.394312297064440820e-01
-6.837293876886043620e-01
-7.831311831768396070e-01
-8.325657855281458630e-01
-8.370230092407531242e-01
-8.075169051300628009e-01
-7.574263669940293209e-01
-6.998795167165849929e-01
-6.460692945729451520e-01
-6.042032242876942405e-01
-5.789373356500969736e-01
-5.713057920167379233e-01
-5.791815861269808963e-01
-5.982029888194050349e-01
-6.229671333090506247e-01
-6.482155013468562377e-01
-6.697581330792083953e-01
-6.849885592856855832e-01
-6.929753306066256391e-01
-6.942214274322061618e-01
-6.902305050119647012e-01
-6.830139017046499283e-01
-6.746385652272556266e-01
-6.668766247495522270e-01
-6.609843107141400997e-01
-6.576133014592290271e-01
-6.568392288027387060e-01
-6.582785121682606100e-01
-6.612563989530665376e-01
-6.649873560057929511e-01
-6.687341269487581119e-01
-6.719223553361962642e-01
-6.742007156979590299e-01
-6.754487085597883356e-01
-6.757432033092646284e-01
-6.752994087382505617e-01
-6.744024866160659437e-01
-6.733435718980281814e-01
-6.723698321283766433e-01
-6.716535505889464908e-01
-6.712809175247533844e-01
-6.712578227806748066e-01
-6.715277607826063422e-01
-6.719960579901438358e-01
-6.725548885721724934e-01
-6.731046730854920446e-01
-6.735690806453201729e-01
-6.739025874972098817e-01
-6.740910566957637462e-01
-6.741468807842787569e-01
-6.741007871694766340e-01
-6.739924731858779605e-01
-6.738619224222442972e-01
-6.737427021335500310e-01
-6.736579030061885520e-01
-6.736187842071540421e-01
-6.736257182806366650e-01
-6.736707393469796301e-01
-6.737408914580327313e-01
-6.738216269896412092e-01
-6.738996718110974449e-01
-6.739650001986476902e-01
-6.740117960486039506e-01
-6.740384766629580193e-01
-6.740469953687521221e-01
-6.740417098627574655e-01
-6.740281088595067027e-01
-6.740116447203312600e-01
-6.739968437394390222e-01
-6.739867787625045681e-01
-6.739829080132105910e-01
-6.739852215128366852e-01
-6.739925984945165371e-01
-6.740032663739933261e-01
-6.740152604112330526e-01
-6.740268067259782558e-01
-6.740365823531683231e-01
-6.740438375635637858e-01
-6.740483923005833322e-01
-6.740505369671756508e-01
-6.740508767773421006e-01
-6.740501591623409006e-01
-6.740491172901104111e-01
-6.740483522756101076e-01
-6.740482648439595215e-01
-6.740490363588297340e-01
-6.740506508439828570e-01
-6.740529446980287887e-01
-6.740556692725273580e-01
-6.740585528109217517e-01
-6.740613515351546736e-01
-6.740638839019978956e-01
-6.740660462944124687e-01
-6.740678119453268335e-01
-6.740692172815325733e-01
-6.740703409877927266e-01
-6.740712810385242060e-01
-6.740721340116101468e-01
-6.740729795552359294e-01
-6.740738712952664136e-01
-6.740748340569528985e-01
-6.740758662388440792e-01
-6.740769456123705261e-01
-6.740780367153482722e-01
-6.740790982681570398e-01
-6.740800895263185932e-01
-6.740809750384745280e-01
-6.740817277682092934e-01
