-6.741046916996058513e-01
-6.741051756315481480e-01
-6.741054693620872618e-01
-6.741055786734272415e-01
-6.741055131225108799e-01
-6.741052855487636997e-01
-6.741049111561869811e-01
-6.741044060551446560e-01
-6.741037852536547748e-01
-6.741030602481221656e-01
-6.741022365486311063e-01
-6.741013116402022609e-01
-6.741002739789053733e-01
-6.740991036040554496e-01
-6.740977747834119294e-01
-6.740962607908898008e-01
-6.740945404725562362e-01
-6.740926057492628853e-01
-6.740904687280541152e-01
-6.740881667649979425e-01
-6.740857637562889249e-01
-6.740833462261156539e-01
-6.740810134724052327e-01
-6.740788620945955545e-01
-6.740769665412341682e-01
-6.740753586699056443e-01
-6.740740104269774546e-01
-6.740728243171635325e-01
-6.740716360559073639e-01
-6.740702324891323372e-01
-6.740683854977495004e-01
-6.740658993711742264e-01
-6.740626654719408251e-01
-6.740587145830705396e-01
-6.740542549405024175e-01
-6.740496834332945220e-01
-6.740455594793398619e-01
-6.740425359835170438e-01
-6.740412493670219218e-01
-6.740421800927819396e-01
-6.740455049238356366e-01
-6.740509703338000147e-01
-6.740578207826432022e-01
-6.740648138771868636e-01
-6.740703453138576773e-01
-6.740726896801049195e-01
-6.740703399799168327e-01
-6.740624022329307907e-01
-6.740489764086478042e-01
-6.740314371562000639e-01
-6.740125233361153878e-01
-6.739961592620903330e-01
-6.739869653648391523e-01
-6.739894704759841204e-01
-6.740071062290579063e-01
-6.740411355429232199e-01
-6.740897272528473261e-01
-6.741474212505129682e-01
-6.742052176448622980e-01
-6.742514588388114349e-01
-6.742735527992479438e-01
-6.742604183035278975e-01
-6.742053405258057186e-01
-6.741087419907685341e-01
-6.739802421880707328e-01
-6.738393435022428379e-01
-6.737141788929404962e-01
-6.736380074770350612e-01
-6.736435394276241162e-01
-6.737556682760127424e-01
-6.739837081709330047e-01
-6.743146692862913572e-01
-6.747093376253391339e-01
-6.751028474368802046e-01
-6.754109720897693014e-01
-6.755424978583676188e-01
-6.754168464997296617e-01
-6.749847252798162334e-01
-6.742482421291469130e-01
-6.732759345290955100e-01
-6.722078613863790020e-01
-6.712465993013330134e-01
-6.706318384954960132e-01
-6.705992260030227969e-01
-6.713277895069595935e-01
-6.728840380609343308e-01
-6.751738407663684383e-01
-6.779146076693925993e-01
-6.806395212944917894e-01
-6.827422940575187393e-01
-6.835651715304844611e-01
-6.825249318868426007e-01
-6.792620021002004904e-01
-6.737876215612407238e-01
-6.665952982071978727e-01
-6.586988481733495604e-01
-6.515638817666459248e-01
-6.469153621121068731e-01
-6.464300872439141532e-01
-6.513541296233409383e-01
-6.621122367197117553e-01
-6.779899820328552096e-01
-6.969661422611537205e-01
-7.157561451502588712e-01
-7.301065987305594973e-01
-7.353624662139777168e-01
-7.273065788918146035e-01
-7.032240325777104895e-01
-6.630467604890690758e-01
-6.102910464736757135e-01
-5.523803538712734884e-01
-4.999673106196448336e-01
-4.651202705633723511e-01
-4.586684461836771920e-01
-4.873946341652198866e-01
-5.518899563470682779e-01
-6.456427326468111572e-01
-7.554190657334751702e-01
-8.624685240447924617e-01
-9.439339599922800250e-01
-9.743766395038503392e-01
-9.284176877788926641e-01
-7.862247007344289607e-01
-5.424237237523519273e-01
-2.152597621430385744e-01
1.510388143737396438e-01
4.959735096898322815e-01
7.607211186432244476e-01
9.030042996543324874e-01
9.021848111140171600e-01
7.583762965627612873e-01
4.924579778402798924e-01
1.469384608631878475e-01
-2.192426116633054423e-01
-5.456753695162519513e-01
-7.883910900645640929e-01
-9.294415194776213252e-01
-9.744179545948252752e-01
-9.432587716139202438e-01
-8.613670029007102213e-01
-7.541634511861834422e-01
-6.444671578735037265e-01
-5.509749676192755574e-01
-4.868518173643205382e-01
-4.585304905932503505e-01
-4.653435502372433308e-01
-5.004495371668680193e-01
-5.529894717015005901e-01
-6.108970154853613499e-01
-6.635472437575772320e-01
-7.035582611328446978e-01
-7.274567115474628309e-01
-7.353457862975926185e-01
-7.299633235755577099e-01
-7.155368343621667515e-01
-6.967210441542156518e-01
-6.777612711849801963e-01
-6.619293268999283386e-01
-6.512319123378272900e-01
-6.463697473177476560e-01
-6.469072023052162557e-01
-6.515913692648748201e-01
-6.587429801588994271e-01
-6.666384495488434370e-01
-6.738162805992977678e-01
-6.792681402398429436e-01
-6.825060808169262083e-01
-6.835235142471060010e-01
-6.826831804376778390e-01
-6.805698113679080619e-01
-6.778411659457225236e-01
-6.751023938717072292e-01
-6.728184949759669076e-01
-6.712700257793376979e-01
-6.705492589545236637e-01
-6.705882737182402575e-01
-6.712072106539540561e-01
-6.721701749259020309e-01
-6.732377153587854046e-01
-6.742078232082541200e-01
-6.749411591877075844e-01
-6.753698967526146069e-01
-6.754925104590344676e-01
-6.753586788987684386e-01
-6.750491520264768619e-01
-6.746551247284084951e-01
-6.742606646845570317e-01
-6.739304005500789119e-01
-6.737032910831082244e-01
-6.735921009332382914e-01
-6.735873518476498401e-01
-6.736640599722915068e-01
-6.737894953452709945e-01
-6.739304349492878377e-01
-6.740588172004200462e-01
-6.741552249129247887e-01
-6.742101193042662199e-01
-6.742231412958872294e-01
-6.742010454769680194e-01
-6.741549285420334048e-01
-6.740973774810676833e-01
-6.740400306630840443e-01
-6.739918616502429405e-01
-6.739583035068904548e-01
-6.739411643901103144e-01
-6.739391651377686365e-01
-6.739488654228372733e-01
-6.739657345202961780e-01
-6.739851551913081940e-01
-6.740032093017811476e-01
-6.740171651622250959e-01
-6.740256547149939825e-01
-6.740285830070784634e-01
-6.740268470400739842e-01
-6.740219548851624776e-01
-6.740156314438497942e-01
-6.740094794278490564e-01
-6.740047390709735797e-01
-6.740021636151285467e-01
-6.740020044496801699e-01
-6.740040830027173024e-01
-6.740079173875501706e-01
-6.740128701260921229e-01
-6.740182875648633720e-01
-6.740236097738722121e-01
-6.740284395199244161e-01
-6.740325683322240247e-01
-6.740359652532674772e-01
-6.740387387643441697e-01
-6.740410844003205115e-01
-6.740432300508861774e-01
-6.740453885585420135e-01
-6.740477237946328470e-01
-6.740503327325745309e-01
-6.740532428027437017e-01
-6.740564214438906632e-01
-6.740597934548113734e-01
-6.740632614709652914e-01
-6.740667254523016183e-01
-6.740700981839502504e-01
-6.740733151477216190e-01
-6.740763384383534618e-01
-6.740791554640249705e-01
-6.740817738654796276e-01
-6.740842143811809350e-01
-6.740865033206118184e-01
-6.740886659778756451e-01
-6.740907218403615619e-01
-6.740926819382169199e-01
-6.740945482349670614e-01
-6.740963146408347484e-01
-6.740979690650340528e-01
-6.740994959052788449e-01
-6.741008784703605983e-01
-6.741021009985047607e-01
-6.741031501202099374e-01
-6.741040157753421802e-01
