-6.741014834213707729e-01
-6.741019667586376496e-01
-6.741022695908422957e-01
-6.741023980835861851e-01
-6.741023624059727659e-01
-6.741021761636616372e-01
-6.741018553772836208e-01
-6.741014168968337827e-01
-6.741008762508337027e-01
-6.741002450940115631e-01
-6.740995286078631521e-01
-6.740987233798306777e-01
-6.740978163872954898e-01
-6.740967856937670755e-01
-6.740956032928845376e-01
-6.740942402032669145e-01
-6.740926734504590900e-01
-6.740908940359292556e-01
-6.740889144866162308e-01
-6.740867742242986349e-01
-6.740845409174358593e-01
-6.740823062812596467e-01
-6.740801755245070526e-01
-6.740782507742538732e-01
-6.740766102187365494e-01
-6.740752861688532604e-01
-6.740742464503576281e-01
-6.740733841612547295e-01
-6.740725205482976934e-01
-6.740714243589625010e-01
-6.740698484746852071e-01
-6.740675811304488452e-01
-6.740645050458204945e-01
-6.740606540512024125e-01
-6.740562541747009417e-01
-6.740517355690869294e-01
-6.740477038494476769e-01
-6.740448647482548683e-01
-6.740439042722878860e-01
-6.740453368608174678e-01
-6.740493447752018419e-01
-6.740556408925445497e-01
-6.740633917465067571e-01
-6.740712357475354688e-01
-6.740774214425806488e-01
-6.740800721529039974e-01
-6.740775578160452808e-01
-6.740689257720876570e-01
-6.740543148066171497e-01
-6.740352574558354792e-01
-6.740147710577879536e-01
-6.739971537742286412e-01
-6.739874405390374745e-01
-6.739905341548713125e-01
-6.740101019612780853e-01
-6.740474067804139713e-01
-6.741003061112467165e-01
-6.741626876868213047e-01
-6.742245957596096906e-01
-6.742732294071219767e-01
-6.742948596956436225e-01
-6.742775272406291709e-01
-6.742141702289343730e-01
-6.741056331777847133e-01
-6.739628656114505789e-01
-6.738075862898400548e-01
-6.736708031183441525e-01
-6.735888617589542715e-01
-6.735971363668323830e-01
-6.737220243510503304e-01
-6.739724752330671365e-01
-6.743327530552494231e-01
-6.747583718461247493e-01
-6.751770367774422299e-01
-6.754958926065469660e-01
-6.756154139841068496e-01
-6.754489418827671621e-01
-6.749453444853136252e-01
-6.741108215956945759e-01
-6.730248184085872998e-01
-6.718447404958100000e-01
-6.707949965875174003e-01
-6.701380162909824634e-01
-6.701282066554242745e-01
-6.709538949989456436e-01
-6.726764068202049085e-01
-6.751786161290825872e-01
-6.781366890031883532e-01
-6.810276801967973803e-01
-6.831818586524706083e-01
-6.838821810881249297e-01
-6.825044978189523937e-01
-6.786814495650387302e-01
-6.724618133113553498e-01
-6.644276397401412959e-01
-6.557276207768063525e-01
-6.479910591246939022e-01
-6.431054350806737485e-01
-6.428706087409939984e-01
-6.485773508066496884e-01
-6.605864483782758478e-01
-6.779972449505984322e-01
-6.984877612103909117e-01
-7.183881602677981704e-01
-7.330265047183717186e-01
-7.373676050173749719e-01
-7.269437375892598974e-01
-6.990227371886230667e-01
-6.538456221825227344e-01
-5.956023153605161102e-01
-5.326855401701861004e-01
-4.768106527898275937e-01
-4.409026548407957158e-01
-4.361447198567396377e-01
-4.689981068296152356e-01
-5.390867499117135697e-01
-6.385154920663730360e-01
-7.525939016473235377e-01
-8.613705895425142200e-01
-9.412611767120825368e-01
-9.666889219434688929e-01
-9.128345178294458018e-01
-7.612593489264600777e-01
-5.087816696614542167e-01
-1.760571556273612670e-01
1.912315890680321151e-01
5.331250540285423778e-01
7.932266964271309506e-01
9.322436845399268979e-01
9.314921089745455962e-01
7.910674549667855437e-01
5.298627020993309511e-01
1.873852660761034516e-01
-1.798439228196201389e-01
-5.119248418426411984e-01
-7.634015252937393914e-01
-9.138936948727044429e-01
-9.667938914827326480e-01
-9.406497974804329809e-01
-8.603123025244421296e-01
-7.513494992456685173e-01
-6.373177341063547274e-01
-5.381241927800239910e-01
-4.683969413476201660e-01
-4.359543331081564554e-01
-4.410933618937547540e-01
-4.772877563436169202e-01
-5.333169789154983409e-01
-5.962516671813460345e-01
-6.544006240926796281e-01
-6.994122673790473810e-01
-7.271415063734637529e-01
-7.373855045490933513e-01
-7.329025837315132907e-01
-7.181736111096717057e-01
-6.982355777212592152e-01
-6.777536658823404281e-01
-6.603854436486442658e-01
-6.484380707580555958e-01
-6.427975459778397793e-01
-6.430908332900849844e-01
-6.480188438402433304e-01
-6.557779412296342869e-01
-6.644811081865509284e-01
-6.725027314755347430e-01
-6.786996508319785848e-01
-6.824957919025879116e-01
-6.838476632145582546e-01
-6.831264894624409223e-01
-6.809585627142632491e-01
-6.780614042710223499e-01
-6.751038733192458174e-01
-6.726071493224464737e-01
-6.708928998447484249e-01
-6.700761301162611039e-01
-6.700937788668667183e-01
-6.707563688961748483e-01
-6.718089879475778181e-01
-6.729892832039144901e-01
-6.740733578476222343e-01
-6.749045663143791174e-01
-6.754042856504776093e-01
-6.755670474156033611e-01
-6.754445219572292602e-01
-6.751236683850520004e-01
-6.747040787909215354e-01
-6.742784848838513367e-01
-6.739189326595971252e-01
-6.736696049304852218e-01
-6.735459438866910897e-01
-6.735387630612460486e-01
-6.736215117884383208e-01
-6.737587527973482038e-01
-6.739141570657528613e-01
-6.740567915024774370e-01
-6.741650438364500397e-01
-6.742280769729526169e-01
-6.742451440394963136e-01
-6.742233763884900588e-01
-6.741747694852127104e-01
-6.741130565575046418e-01
-6.740510177969056826e-01
-6.739985726823587431e-01
-6.739617916033397993e-01
-6.739427781159883502e-01
-6.739402393794878821e-01
-6.739504899630353041e-01
-6.739686210924558107e-01
-6.739896019998127263e-01
-6.740091455382025698e-01
-6.740242485326791710e-01
-6.740333924006832733e-01
-6.740364496001473027e-01
-6.740343799187987761e-01
-6.740288161054021066e-01
-6.740216336318938239e-01
-6.740145799606152011e-01
-6.740090112378889220e-01
-6.740057552916145500e-01
-6.740050943842014197e-01
-6.740068427544513296e-01
-6.740104840078690041e-01
-6.740153315796987288e-01
-6.740206802099451000e-01
-6.740259253248329641e-01
-6.740306379360770928e-01
-6.740345929530512370e-01
-6.740377570421823838e-01
-6.740402474674358491e-01
-6.740422755087219775e-01
-6.740440874527143800e-01
-6.740459135278171754e-01
-6.740479314190958027e-01
-6.740502470307428995e-01
-6.740528916770222034e-01
-6.740558323450773770e-01
-6.740589902851166215e-01
-6.740622629080017525e-01
-6.740655445935523904e-01
-6.740687432215324293e-01
-6.740717906935280723e-01
-6.740746471172474052e-01
-6.740772994535236817e-01
-6.740797561560661899e-01
-6.740820396360042155e-01
-6.740841783070563586e-01
-6.740861996143500123e-01
-6.740881249453153368e-01
-6.740899667865216660e-01
-6.740917280247443744e-01
-6.740934029585174958e-01
-6.740949794145488783e-01
-6.740964413440049263e-01
-6.740977713734050969e-01
-6.740989529555564408e-01
-6.740999719561509007e-01
-6.741008176765171944e-01
