-6.741081306427124664e-01
-6.741086159745893758e-01
-6.741089026882143287e-01
-6.741089955796321087e-01
-6.741089027451668825e-01
-6.741086353394030173e-01
-6.741082069587766012e-01
-6.741076324938926057e-01
-6.741069263939832856e-01
-6.741061004482078456e-01
-6.741051613807901299e-01
-6.741041087363751627e-01
-6.741029336477950551e-01
-6.741016190828054144e-01
-6.741001420252930032e-01
-6.740984777505658609e-01
-6.740966059269002386e-01
-6.740945177759144480e-01
-6.740922230446785290e-01
-6.740897551965008283e-01
-6.740871731317605864e-01
-6.740845580001281201e-01
-6.740820043080431034e-01
-6.740796055352500371e-01
-6.740774357390567628e-01
-6.740755299439414872e-01
-6.740738672159556355e-01
-6.740723609022619689e-01
-6.740708602960058249e-01
-6.740691667762979122e-01
-6.740670652415817754e-01
-6.740643685826832598e-01
-6.740609694448437272e-01
-6.740568902359838077e-01
-6.740523200234128653e-01
-6.740476264132166939e-01
-6.740433323687801126e-01
-6.740400525114458308e-01
-6.740383905772325823e-01
-6.740388085967362608e-01
-6.740414876265231614e-01
-6.740462076014874793e-01
-6.740522779770392603e-01
-6.740585493193407274e-01
-6.740635275350101985e-01
-6.740655967589925801e-01
-6.740633352668413680e-01
-6.740558840243089378e-01
-6.740433040399033127e-01
-6.740268419908217457e-01
-6.740090192740699759e-01
-6.739934723366742819e-01
-6.739845042252903262e-01
-6.739863576490723318e-01
-6.740022830665783893e-01
-6.740335415833468291e-01
-6.740785383885505855e-01
-6.741323129156571170e-01
-6.741866027176648402e-01
-6.742306393462580427e-01
-6.742527241368529989e-01
-6.742424779542153246e-01
-6.741934816380279472e-01
-6.741058541798080617e-01
-6.739881924999611140e-01
-6.738582609441251536e-01
-6.737419047633554925e-01
-6.736698883029096363e-01
-6.736727185258482020e-01
-6.737739693335361713e-01
-6.739831009070874623e-01
-6.742891739660904493e-01
-6.746570825967007634e-01
-6.750278707362652453e-01
-6.753242874556372177e-01
-6.754619587596560892e-01
-6.753654624860763178e-01
-6.749873212565364877e-01
-6.743266888800845127e-01
-6.734435758454799803e-01
-6.724641477751507335e-01
-6.715732148100728161e-01
-6.709916723799814742e-01
-6.709393103074059450e-01
-6.715867625869833546e-01
-6.730038424434499067e-01
-6.751143412328324267e-01
-6.776688031331662421e-01
-6.802462283958768952e-01
-6.822927979545516664e-01
-6.832005391574592634e-01
-6.824216070748583274e-01
-6.796050569190758006e-01
-6.747336334001926561e-01
-6.682300339575150128e-01
-6.609981522143711929e-01
-6.543683456484900018e-01
-6.499292868164375792e-01
-6.492520956154790301e-01
-6.535406999125636940e-01
-6.632677965185492797e-01
-6.778701956231153458e-01
-6.955765368571277252e-01
-7.134267800002438431e-01
-7.275239495650261956e-01
-7.335404146045668705e-01
-7.274796333301768447e-01
-7.066521231348386056e-01
-6.707398464620727419e-01
-6.226976369954557722e-01
-5.691275328016548452e-01
-5.197643263045068629e-01
-4.859132733244188596e-01
-4.780545651497342119e-01
-5.032014607192401012e-01
-5.627534981483593990e-01
-6.514107405559489417e-01
-7.572721254003738078e-01
-8.627569859958856835e-01
-9.458104028181354428e-01
-9.812963808173666980e-01
-9.434911405723983568e-01
-8.113667393566259545e-01
-5.774396677949108492e-01
-2.574148340255476564e-01
1.062685334910961482e-01
4.529406671353169433e-01
7.215348119517676073e-01
8.667516530203416281e-01
8.658971422359178494e-01
7.191004636438489417e-01
4.493212224708237890e-01
1.020961594151218732e-01
-2.614082430961623404e-01
-5.806407025803147492e-01
-8.134453605328502146e-01
-9.444217314307543631e-01
-9.812657358554023324e-01
-9.451014600652676290e-01
-8.616665143350449307e-01
-7.560690486225768447e-01
-6.503167633982266382e-01
-5.619299441625190683e-01
-5.027382828911410861e-01
-4.779659148484954323e-01
-4.861448395980557668e-01
-5.202133071091330496e-01
-5.696707120101813793e-01
-6.232197721194564499e-01
-6.711548718153453885e-01
-7.069130784868361550e-01
-7.275776619900575781e-01
-7.334963205722256907e-01
-7.273766354595455619e-01
-7.132219538152649863e-01
-6.953575763220354311e-01
-6.776718639632399732e-01
-6.631128415341742688e-01
-6.534390641207550310e-01
-6.492022837018094350e-01
-6.499212687932836019e-01
-6.543872422963159519e-01
-6.610279251649281429e-01
-6.682565265737074878e-01
-6.747465554594765935e-01
-6.795988002934203465e-01
-6.823950356674888251e-01
-6.831560572068319237e-01
-6.822350531630336778e-01
-6.801807721096311266e-01
-6.776009458501427440e-01
-6.750483420730277739e-01
-6.729424787950182285e-01
-6.715312528427095362e-01
-6.708895129829178794e-01
-6.709464594492198231e-01
-6.715309137549623220e-01
-6.724229613916066217e-01
-6.734019151800517688e-01
-6.742833857430475808e-01
-6.749417159566126756e-01
-6.753173848959804770e-01
-6.754116341559089909e-01
-6.752722028015942790e-01
-6.749746339774669313e-01
-6.746032997623042649e-01
-6.742353591274514724e-01
-6.739296245615202796e-01
-6.737210430588445043e-01
-6.736204085444764678e-01
-6.736181480265645005e-01
-6.736906161236193569e-01
-6.738072757431594617e-01
-6.739373674289579341e-01
-6.740550758839005674e-01
-6.741426807270420873e-01
-6.741916328297449246e-01
-6.742018567797484208e-01
-6.741798057955913359e-01
-6.741358809902758820e-01
-6.740817907342606663e-01
-6.740283024819935243e-01
-6.739836696464687193e-01
-6.739528388313111851e-01
-6.739373889932807060e-01
-6.739360438653182461e-01
-6.739455404200174193e-01
-6.739616270977324408e-01
-6.739799960953877234e-01
-6.739970100401871944e-01
-6.740101497039401313e-01
-6.740181726564227205e-01
-6.740210231086081194e-01
-6.740195652593725661e-01
-6.740152251212020440e-01
-6.740096214319963863e-01
-6.740042495126262745e-01
-6.740002584350662795e-01
-6.739983370753362957e-01
-6.739987029499265869e-01
-6.740011720541847495e-01
-6.740052794614443954e-01
-6.740104189496302078e-01
-6.740159740470264005e-01
-6.740214206575712019e-01
-6.740263907119737885e-01
-6.740306952026160481e-01
-6.740343121012620786e-01
-6.740373492466951166e-01
-6.740399941457170252e-01
-6.740424620719035476e-01
-6.740449515179829376e-01
-6.740476127524135386e-01
-6.740505317230026661e-01
-6.740537284715164557e-01
-6.740571669891287643e-01
-6.740607722335079099e-01
-6.740644498125222261e-01
-6.740681044264412725e-01
-6.740716542686064905e-01
-6.740750399089810996e-01
-6.740782274536568641e-01
-6.740812067852074430e-01
-6.740839863312713121e-01
-6.740865860572186063e-01
-6.740890302807271972e-01
-6.740913415573962508e-01
-6.740935364043781908e-01
-6.740956231275283539e-01
-6.740976015891030348e-01
-6.740994644568969463e-01
-6.741011993350954912e-01
-6.741027911823210816e-01
-6.741042245391737353e-01
-6.741054852679014830e-01
-6.741065616998421772e-01
-6.741074452480160240e-01
