-6.740977378489388938e-01
-6.740982197316445212e-01
-6.740985325825518126e-01
-6.740986829825279525e-01
-6.740986818122451929e-01
-6.740985436821861354e-01
-6.740982858585387039e-01
-6.740979265488876715e-01
-6.740974825342261889e-01
-6.740969663223932429e-01
-6.740963832172498504e-01
-6.740957288965626626e-01
-6.740949882105539137e-01
-6.740941358968207675e-01
-6.740931397166727290e-01
-6.740919661431188370e-01
-6.740905882012844241e-01
-6.740889944512180598e-01
-6.740871975239803859e-01
-6.740852402145430800e-01
-6.740831970430666287e-01
-6.740811695370060308e-01
-6.740792743177711488e-01
-6.740776243646272592e-01
-6.740763054322560510e-01
-6.740753512617152499e-01
-6.740747226017882454e-01
-6.740742957607438468e-01
-6.740738660784133529e-01
-6.740731701025588496e-01
-6.740719273335606943e-01
-6.740698984040061070e-01
-6.740669520280541116e-01
-6.740631288143084099e-01
-6.740586870976947864e-01
-6.740541153468740943e-01
-6.740500982857932089e-01
-6.740474300356834592e-01
-6.740468770830728706e-01
-6.740490056528098961e-01
-6.740540002384050045e-01
-6.740615100848484920e-01
-6.740705654977393602e-01
-6.740796033552349797e-01
-6.740866293715732649e-01
-6.740895232465049514e-01
-6.740864635853133224e-01
-6.740764163766949091e-01
-6.740595999078247136e-01
-6.740378176762377160e-01
-6.740145466911399152e-01
-6.739946876709655976e-01
-6.739839289494098384e-01
-6.739877454653927513e-01
-6.740101402028835231e-01
-6.740523240678359951e-01
-6.741116029095095552e-01
-6.741807765804955777e-01
-6.742483357151921597e-01
-6.742996547790115480e-01
-6.743192233058579177e-01
-6.742937440041751884e-01
-6.742156855916376923e-01
-6.740866536964149613e-01
-6.739197888940002823e-01
-6.737403724126411753e-01
-6.735839624224929656e-01
-6.734917184449540350e-01
-6.735030831272651453e-01
-6.736466197870702999e-01
-6.739304469157363364e-01
-6.743342302429800039e-01
-6.748049404401654794e-01
-6.752584289035028497e-01
-6.755882325593112192e-01
-6.756818845693103315e-01
-6.754434710354467741e-01
-6.748194320810076974e-01
-6.738229641113442359e-01
-6.725512313213551918e-01
-6.711893679079201647e-01
-6.699963209752193283e-01
-6.692701342139424359e-01
-6.692941689150829765e-01
-6.702704654684104035e-01
-6.722510667915789773e-01
-6.750815749802584476e-01
-6.783725022772780777e-01
-6.815124463336250660e-01
-6.837325307572487132e-01
-6.842240098294235517e-01
-6.823007619524673606e-01
-6.775862097557552310e-01
-6.701913965302199738e-01
-6.608403750219067341e-01
-6.508952987427456538e-01
-6.422418540703135337e-01
-6.370190371642050486e-01
-6.372134832003529814e-01
-6.441785341302713741e-01
-6.581687586876855400e-01
-6.779906637666213154e-01
-7.008576800995847123e-01
-7.225111866898324964e-01
-7.376441514621479012e-01
-7.406475930239699856e-01
-7.266789076503393785e-01
-6.929880721635515162e-01
-6.402974329104567097e-01
-5.738324064759594556e-01
-5.034604890798540788e-01
-4.424901310833240231e-01
-4.050964158407263094e-01
-4.029314186874002890e-01
-4.419130667951768343e-01
-5.201938547185923634e-01
-6.278579874849561371e-01
-7.481766603642705515e-01
-8.596249872135783843e-01
-9.377977420117930007e-01
-9.571554525252152779e-01
-8.938366031049009841e-01
-7.313556739089477343e-01
-4.693218530467992977e-01
-1.312149088767559646e-01
2.358369938107231500e-01
5.728811508377472661e-01
8.266361614027490923e-01
9.613869536004530092e-01
9.607211699963432716e-01
8.247142634610767908e-01
5.699509836964903320e-01
2.323382293496150108e-01
-1.347145055806149849e-01
-4.722836581233663678e-01
-7.334280172575594614e-01
-8.949136925892384742e-01
-9.573297837586282055e-01
-9.372711280742495044e-01
-8.586376742422332509e-01
-7.469703422727522746e-01
-6.266582092536298054e-01
-5.191938879346692515e-01
-4.412532208990492810e-01
-4.026797210898797053e-01
-4.052405644234334803e-01
-4.429467894915024573e-01
-5.041006736936209931e-01
-5.745151770726547591e-01
-6.409012654430703559e-01
-6.934313192326567732e-01
-7.269262120363572111e-01
-7.407046310579962212e-01
-7.375458702894084340e-01
-7.223084218755696506e-01
-7.006052052084409398e-01
-6.777379559961719258e-01
-6.579537737245596540e-01
-6.440244376920827296e-01
-6.371281647178973495e-01
-6.369970459168969867e-01
-6.422681160109673382e-01
-6.509497216502521111e-01
-6.609023741196724533e-01
-6.702435282218891510e-01
-6.776164322730111600e-01
-6.823032253652968615e-01
-6.841985933207572756e-01
-6.836835257750035755e-01
-6.814468281615847500e-01
-6.782981789290419838e-01
-6.750058995413449336e-01
-6.721797842118573119e-01
-6.702071578754991155e-01
-6.692401742765735628e-01
-6.692248466076643476e-01
-6.699577403763941064e-01
-6.711547548854236434e-01
-6.725177353351177167e-01
-6.737881269137923068e-01
-6.747815106801215990e-01
-6.754015678424284408e-01
-6.756359077341941299e-01
-6.755387325195855164e-01
-6.752063668390667628e-01
-6.747514423948713924e-01
-6.742803704273651055e-01
-6.738770888849032747e-01
-6.735943282362625295e-01
-6.734521047097562496e-01
-6.734420191570619219e-01
-6.735353026602423077e-01
-6.736923988562819599e-01
-6.738721242711713799e-01
-6.740389700724995770e-01
-6.741677527855967078e-01
-6.742454507396994368e-01
-6.742705737633472030e-01
-6.742507466861554777e-01
-6.741993277847833088e-01
-6.741318531062652220e-01
-6.740629420423001061e-01
-6.740040742185345879e-01
-6.739624066727991636e-01
-6.739405872347086213e-01
-6.739373638782729659e-01
-6.739487033534838911e-01
-6.739691138726253694e-01
-6.739929034031799659e-01
-6.740151782558090332e-01
-6.740324754892826897e-01
-6.740430086612317906e-01
-6.740465758776632565e-01
-6.740442241621887876e-01
-6.740377830059549602e-01
-6.740293755355565297e-01
-6.740209942167881829e-01
-6.740141969826694002e-01
-6.740099465370464893e-01
-6.740085863663455301e-01
-6.740099256586962184e-01
-6.740133936082826072e-01
-6.740182211936178724e-01
-6.740236136880085605e-01
-6.740288872651419849e-01
-6.740335552643397232e-01
-6.740373614506349753e-01
-6.740402670773959493e-01
-6.740424046861539509e-01
-6.740440141157314491e-01
-6.740453755539188574e-01
-6.740467514975825303e-01
-6.740483452303470679e-01
-6.740502788930434752e-01
-6.740525902332700214e-01
-6.740552442160221425e-01
-6.740581540896544155e-01
-6.740612061883899386e-01
-6.740642834687008422e-01
-6.740672841617615374e-01
-6.740701335894405677e-01
-6.740727887922127737e-01
-6.740752369002587230e-01
-6.740774890028078392e-01
-6.740795716044040153e-01
-6.740815176591236080e-01
-6.740833587629155854e-01
-6.740851195041597244e-01
-6.740868143627680720e-01
-6.740884470212645807e-01
-6.740900115796962799e-01
-6.740914949787827348e-01
-6.740928799219889633e-01
-6.740941477077606603e-01
-6.740952805821911475e-01
-6.740962634409916054e-01
-6.740970848968292906e-01
