-6.740921616155741702e-01
-6.740926384039331865e-01
-6.740929611347584727e-01
-6.740931379809389501e-01
-6.740931823582096971e-01
-6.740931121944047089e-01
-6.740929485603286420e-01
-6.740927134894010297e-01
-6.740924269705566019e-01
-6.740921033404774221e-01
-6.740917475813397175e-01
-6.740913522827303161e-01
-6.740908961753044881e-01
-6.740903451180377814e-01
-6.740896561712155233e-01
-6.740887849024563838e-01
-6.740876953927450455e-01
-6.740863716293782337e-01
-6.740848282395003332e-01
-6.740831180112933918e-01
-6.740813335532814810e-01
-6.740796009032529179e-01
-6.740780639861916335e-01
-6.740768604872389158e-01
-6.740760917612405034e-01
-6.740757915118419374e-01
-6.740758996939610892e-01
-6.740762489271229230e-01
-6.740765702000645065e-01
-6.740765225010713069e-01
-6.740757471932140588e-01
-6.740739427944050233e-01
-6.740709500372648044e-01
-6.740668317472787718e-01
-6.740619284931571586e-01
-6.740568704487361895e-01
-6.740525295098833691e-01
-6.740499039004317350e-01
-6.740499398850715584e-01
-6.740533103541462845e-01
-6.740601854848128349e-01
-6.740700431285113758e-01
-6.740815723943250903e-01
-6.740927198035657764e-01
-6.741009112604299247e-01
-6.741034547766134866e-01
-6.740980908788090087e-01
-6.740836152630940159e-01
-6.740604594688842655e-01
-6.740310897015940883e-01
-6.740000810674992016e-01
-6.739737519865848236e-01
-6.739593046683863831e-01
-6.739635091250687493e-01
-6.739910794461833055e-01
-6.740430035564120015e-01
-6.741151771691558103e-01
-6.741977326249750657e-01
-6.742754201043513751e-01
-6.743292774683156132e-01
-6.743396154209414517e-01
-6.742900654816534889e-01
-6.741721288100707143e-01
-6.739893823941821571e-01
-6.737603158107789980e-01
-6.735187576978838297e-01
-6.733110622132857381e-01
-6.731896851727290354e-01
-6.732034612488576597e-01
-6.733857129507272443e-01
-6.737421380559923678e-01
-6.742410539854987173e-01
-6.748088350088532472e-01
-6.753330996780547713e-01
-6.756752977210118694e-01
-6.756928144279744641e-01
-6.752686868413448895e-01
-6.743447778183090380e-01
-6.729521875427031397e-01
-6.712313179929759732e-01
-6.694339100058820380e-01
-6.679010231823498955e-01
-6.670145292819336102e-01
-6.671249811075301572e-01
-6.684648891510831525e-01
-6.710622182727862262e-01
-6.746728792091751803e-01
-6.787519462193459807e-01
-6.824806295567376058e-01
-6.848595762560336642e-01
-6.848690893517752620e-01
-6.816836486757182900e-01
-6.749122715800972561e-01
-6.648195333759615577e-01
-6.524686277885313190e-01
-6.397245361821336518e-01
-6.290696882809517776e-01
-6.232199623907264119e-01
-6.245801565578217307e-01
-6.346299579952462411e-01
-6.533645032875000647e-01
-6.789146545336881555e-01
-7.074433280161331883e-01
-7.333742525022098890e-01
-7.499825072045583907e-01
-7.503702623685202244e-01
-7.288373723033766405e-01
-6.825699074636650820e-01
-6.133570179726173244e-01
-5.287548584537055119e-01
-4.419498208670776251e-01
-3.697965857494726616e-01
-3.291825829170515472e-01
-3.326819090750864349e-01
-3.849054824669330133e-01
-4.807544924522075824e-01
-6.060382936098290818e-01
-7.399372519411079319e-01
-8.580413744350466887e-01
-9.347673721981140105e-01
-9.451209348238969188e-01
-8.673635785371055507e-01
-6.885819483706347999e-01
-4.129504449251228948e-01
-6.814294267733586596e-02
2.969644835342852285e-01
6.254248356077095616e-01
8.688691694135876054e-01
9.968886448661938848e-01
9.963434929251185901e-01
8.672840077187317087e-01
6.229745251073677270e-01
2.939817781075279024e-01
-7.119891456326921109e-02
-4.156137320002371016e-01
-6.905192317416338765e-01
-8.684421110072843009e-01
-9.453830505072412516e-01
-9.343605148961900975e-01
-8.571586168127495187e-01
-7.387871638284391196e-01
-6.048319747624051335e-01
-4.796909016231305500e-01
-3.841472696957316524e-01
-3.323279713507974464e-01
-3.292499065742026110e-01
-3.702209513337765823e-01
-4.426069254892730509e-01
-5.294951250690539402e-01
-6.140422323743212063e-01
-6.831001709784475517e-01
-7.291624312395811325e-01
-7.504864265965420778e-01
-7.499208422462299017e-01
-7.331861002190355192e-01
-7.071870757497282778e-01
-6.786453378043840745e-01
-6.531265015243878924e-01
-6.344526751197866465e-01
-6.244765826827585187e-01
-6.231879229120678154e-01
-6.290952869386988722e-01
-6.397869366117358014e-01
-6.525451081638238282e-01
-6.648898163783456550e-01
-6.749614540911179628e-01
-6.817034961081070987e-01
-6.848578573037233941e-01
-6.848207717299991115e-01
-6.824212050096952753e-01
-6.786803745048803904e-01
-6.745974475395012382e-01
-6.709897530022514989e-01
-6.684000060854047298e-01
-6.670698576467842811e-01
-6.669691184978372434e-01
-6.678635791278892953e-01
-6.694016711406761688e-01
-6.712012016373055667e-01
-6.729213779083771385e-01
-6.743111341638515777e-01
-6.752309456190654924e-01
-6.756506002481454942e-01
-6.756289864366805675e-01
-6.752835909210610499e-01
-6.747572924696692009e-01
-6.741886629684959997e-01
-6.736899153343639535e-01
-6.733343874113445482e-01
-6.731534282649492829e-01
-6.731410251953979795e-01
-6.732636059358044767e-01
-6.734721766418099165e-01
-6.737142178630363132e-01
-6.739433956702285400e-01
-6.741259629048335089e-01
-6.742435453489147301e-01
-6.742926886616945614e-01
-6.742819999446857393e-01
-6.742279271773802263e-01
-6.741502039645184130e-01
-6.740678023018233933e-01
-6.739959535614616915e-01
-6.739444879851778092e-01
-6.739174637611122787e-01
-6.739138475523099858e-01
-6.739288876816289520e-01
-6.739557886316802637e-01
-6.739873361065344959e-01
-6.740172118750032970e-01
-6.740408504145579682e-01
-6.740558007394404916e-01
-6.740616483355159616e-01
-6.740596130739009428e-01
-6.740519662427910674e-01
-6.740414067238754692e-01
-6.740305104790226265e-01
-6.740213285629301776e-01
-6.740151664248437147e-01
-6.740125392351232758e-01
-6.740132697040219778e-01
-6.740166788061896508e-01
-6.740218158241289004e-01
-6.740276800357368758e-01
-6.740333988925318875e-01
-6.740383430256734476e-01
-6.740421735870115727e-01
-6.740448298139930516e-01
-6.740464728759110180e-01
-6.740474056295372440e-01
-6.740479873603442140e-01
-6.740485589669084066e-01
-6.740493886835947634e-01
-6.740506426362805614e-01
-6.740523793619993542e-01
-6.740545636126858975e-01
-6.740570926283259157e-01
-6.740598275720428578e-01
-6.740626236678211036e-01
-6.740653543146913895e-01
-6.740679265710871615e-01
-6.740702874626994801e-01
-6.740724222337919347e-01
-6.740743467465722949e-01
-6.740760966890784189e-01
-6.740777161495218328e-01
-6.740792476030381675e-01
-6.740807246194280289e-01
-6.740821678179954590e-01
-6.740835839145743469e-01
-6.740849672217636979e-01
-6.740863027154335718e-01
-6.740875697570073433e-01
-6.740887457120333659e-01
-6.740898089596644160e-01
-6.740907410687370094e-01
-6.740915281580532881e-01
