-6.741199554594097254e-01
-6.741204394532899213e-01
-6.741206900977382288e-01
-6.741207134189388661e-01
-6.741205188966865602e-01
-6.741201184174734351e-01
-6.741195248907186910e-01
-6.741187506340420299e-01
-6.741178056881612646e-01
-6.741166962776083960e-01
-6.741154236760258378e-01
-6.741139837480486507e-01
-6.741123674084521511e-01
-6.741105621531318093e-01
-6.741085546738216916e-01
-6.741063343787211393e-01
-6.741038974260659122e-01
-6.741012506703596419e-01
-6.740984147631131629e-01
-6.740954255863637057e-01
-6.740923332689191527e-01
-6.740891982704970697e-01
-6.740860844243575789e-01
-6.740830493812757229e-01
-6.740801335377628600e-01
-6.740773491636539161e-01
-6.740746719419149491e-01
-6.740720373533827248e-01
-6.740693441435432476e-01
-6.740664663963067404e-01
-6.740632744805827858e-01
-6.740596634021457367e-01
-6.740555850842625540e-01
-6.740510791433577120e-01
-6.740462952531312002e-01
-6.740414996830881300e-01
-6.740370594964608664e-01
-6.740334004869675821e-01
-6.740309392419167045e-01
-6.740299953880535266e-01
-6.740306963309563582e-01
-6.740328924671644684e-01
-6.740361044884987107e-01
-6.740395245285868420e-01
-6.740420883206831304e-01
-6.740426256864230359e-01
-6.740400819870613347e-01
-6.740337852927228424e-01
-6.740237158686661623e-01
-6.740107200683402855e-01
-6.739966042636098553e-01
-6.739840500767348974e-01
-6.739763125654333331e-01
-6.739766983779174048e-01
-6.739878681976807506e-01
-6.740110603655071753e-01
-6.740453804381799641e-01
-6.740873325613692124e-01
-6.741307707694116358e-01
-6.741674121405262232e-01
-6.741879750879641309e-01
-6.741838889839963933e-01
-6.741493795122401878e-01
-6.740835910514013651e-01
-6.739922940633003012e-01
-6.738886761442779427e-01
-6.737927609659910555e-01
-6.737291592412202323e-01
-6.737231301211844547e-01
-6.737952945189520371e-01
-6.739557406169989218e-01
-6.741986193348479262e-01
-6.744985534616400047e-01
-6.748101907533032850e-01
-6.750719526985643482e-01
-6.752144421786372419e-01
-6.751731073019943130e-01
-6.749037146643681595e-01
-6.743981306616052551e-01
-6.736970690990704558e-01
-6.728960922371036713e-01
-6.721414885830384600e-01
-6.716138489858582972e-01
-6.714992211733036287e-01
-6.719504270711619265e-01
-6.730440398520753931e-01
-6.747410371990372191e-01
-6.768606282902611682e-01
-6.790766493705594486e-01
-6.809439047427721103e-01
-6.819578230840512845e-01
-6.816449801931890873e-01
-6.796748495352712416e-01
-6.759754020835783139e-01
-6.708282992810813417e-01
-6.649155392685358601e-01
-6.592911024868718384e-01
-6.552604972646322024e-01
-6.541683552863856166e-01
-6.571165981406509315e-01
-6.646575693598185675e-01
-6.765213721601407437e-01
-6.914400870956821654e-01
-7.071237053798419270e-01
-7.204278753636471633e-01
-7.277366832367647698e-01
-7.255638448357961678e-01
-7.113426866356313827e-01
-6.843142613922453821e-01
-6.463309176501660369e-01
-6.023000898695701766e-01
-5.599685241667505808e-01
-5.288616897498366054e-01
-5.184531893941173308e-01
-5.359448802073027984e-01
-5.842265403190810558e-01
-6.605320435350938713e-01
-7.560192951424840047e-01
-8.561196994800984728e-01
-9.412956039378074236e-01
-9.881003485140413822e-01
-9.712221982724128511e-01
-8.680069493204787268e-01
-6.665806022073328396e-01
-3.759251725612331452e-01
-3.200942382074756926e-02
3.069614365929647093e-01
5.766068621195701294e-01
7.249961521486786298e-01
7.243236570868997193e-01
5.747128612974230499e-01
3.042047792907389692e-01
-3.509681404079460082e-02
-3.787788060516363853e-01
-6.687716557775335025e-01
-8.693400998751872333e-01
-9.717219132235571655e-01
-9.879289554257412176e-01
-9.406686186379994430e-01
-8.552516750063737794e-01
-7.550985450349436690e-01
-6.597096583451411700e-01
-5.836091100430585987e-01
-5.355887518553973381e-01
-5.183631776595061247e-01
-5.289973238515568443e-01
-5.602580373661035784e-01
-6.026590474334094782e-01
-6.466805487747906422e-01
-6.845949832702270532e-01
-7.115205134739186477e-01
-7.256300183394166492e-01
-7.277026417022912641e-01
-7.203181169613634971e-01
-7.069685669305222353e-01
-6.912696248778135155e-01
-6.763608630394867260e-01
-6.645247673280039180e-01
-6.570206856547211594e-01
-6.541103915421553339e-01
-6.552350281220307160e-01
-6.592884768161513254e-01
-6.649244226494409604e-01
-6.708379200557378352e-01
-6.759771983663855899e-01
-6.796633661726552145e-01
-6.816180381970481372e-01
-6.819161101210129416e-01
-6.808901980446842028e-01
-6.790148883732003426e-01
-6.767950214357444372e-01
-6.746753347793211786e-01
-6.729810470845339898e-01
-6.718917779844295612e-01
-6.714453897984261621e-01
-6.715643431001974140e-01
-6.720951545555184925e-01
-6.728514572692496643e-01
-6.736526571835603772e-01
-6.743527069611190417e-01
-6.748564349395953510e-01
-6.751235699243804955e-01
-6.751626567559502190e-01
-6.750182496390967346e-01
-6.747550999739015953e-01
-6.744426788463712130e-01
-6.741425300731559433e-01
-6.738998929926166559e-01
-6.737399897533609128e-01
-6.736685068316732306e-01
-6.736752138454695782e-01
-6.737393863738053712e-01
-6.738357083075264820e-01
-6.739395570438343475e-01
-6.740309336275892571e-01
-6.740966993097952109e-01
-6.741311430645363645e-01
-6.741351783793391172e-01
-6.741146267574692486e-01
-6.740780900585910951e-01
-6.740348636844591956e-01
-6.739932286683146812e-01
-6.739593172621201056e-01
-6.739366046922901088e-01
-6.739259627617979476e-01
-6.739261325691159321e-01
-6.739344377473915904e-01
-6.739475621867971888e-01
-6.739622475973340299e-01
-6.739758143349721120e-01
-6.739864615792301450e-01
-6.739933502604489313e-01
-6.739965074371653264e-01
-6.739966111035645691e-01
-6.739947199184399551e-01
-6.739920057734675174e-01
-6.739895325208860033e-01
-6.739881059701051669e-01
-6.739882023680996426e-01
-6.739899679018189760e-01
-6.739932719438554987e-01
-6.739977922246581654e-01
-6.740031102888457415e-01
-6.740087992703762687e-01
-6.740144917152378623e-01
-6.740199214474074108e-01
-6.740249391435372273e-01
-6.740295055816722947e-01
-6.740336691101531663e-01
-6.740375347665280570e-01
-6.740412319547677278e-01
-6.740448861054356700e-01
-6.740485977797692208e-01
-6.740524306673333355e-01
-6.740564081948265951e-01
-6.740605172080919028e-01
-6.740647164819798531e-01
-6.740689476219566822e-01
-6.740731461452752482e-01
-6.740772510301590303e-01
-6.740812116552246103e-01
-6.740849916917615037e-01
-6.740885700631630284e-01
-6.740919394900803940e-01
-6.740951033736892750e-01
-6.740980718397849847e-01
-6.741008577017163494e-01
-6.741034729414842053e-01
-6.741059261005556413e-01
-6.741082207566496676e-01
-6.741103550730996874e-01
-6.741123222649714197e-01
-6.741141117403255389e-01
-6.741157106440460733e-01
-6.741171055452012117e-01
-6.741182840517638830e-01
-6.741192361923422638e-01
