-6.741026090996418141e-01
-6.741030694121515898e-01
-6.741033030266473380e-01
-6.741033223115696638e-01
-6.741031484858251988e-01
-6.741028116224979660e-01
-6.741023494519716719e-01
-6.741018042289174117e-01
-6.741012172793826585e-01
-6.741006214456862766e-01
-6.741000323930539384e-01
-6.740994404720376254e-01
-6.740988053510610367e-01
-6.740980557517292082e-01
-6.740970961872999601e-01
-6.740958215606975834e-01
-6.740941388857488725e-01
-6.740919934620374088e-01
-6.740893949083053283e-01
-6.740864369937433764e-01
-6.740833046858232258e-01
-6.740802626760269423e-01
-6.740776220873565538e-01
-6.740756860532273187e-01
-6.740746799569540260e-01
-6.740746775120783907e-01
-6.740755383936276601e-01
-6.740768754754684622e-01
-6.740780686452017001e-01
-6.740783368049562130e-01
-6.740768698922837698e-01
-6.740730094220669377e-01
-6.740664511156797545e-01
-6.740574296142827215e-01
-6.740468366787129018e-01
-6.740362242726232189e-01
-6.740276552753209360e-01
-6.740233882657749032e-01
-6.740254172586703785e-01
-6.740349278046905424e-01
-6.740517699044450417e-01
-6.740740760664819531e-01
-6.740981594532511334e-01
-6.741188040949855909e-01
-6.741300026370271592e-01
-6.741261096934200170e-01
-6.741032713997259229e-01
-6.740608831335164197e-01
-6.740027428236307072e-01
-6.739375343435748400e-01
-6.738783182536606242e-01
-6.738408393666328600e-01
-6.738406790836227733e-01
-6.738895604685297691e-01
-6.739914085478202477e-01
-6.741390123450800020e-01
-6.743122557908395320e-01
-6.744788158891146246e-01
-6.745979265743022868e-01
-6.746272745442459806e-01
-6.745323810419698862e-01
-6.742970406124605409e-01
-6.739326948640906867e-01
-6.734842079753671218e-01
-6.730295694971405451e-01
-6.726717164627588064e-01
-6.725219743720504129e-01
-6.726764492987170607e-01
-6.731887769431273982e-01
-6.740445201528885155e-01
-6.751437021571247143e-01
-6.762979987363739731e-01
-6.772476639882984983e-01
-6.777002425411617903e-01
-6.773887303211373334e-01
-6.761416156236295105e-01
-6.739520381069493693e-01
-6.710293631580013241e-01
-6.678152404269456222e-01
-6.649490936014327280e-01
-6.631757661639055002e-01
-6.632002761299139459e-01
-6.655092322293959528e-01
-6.701919717747256700e-01
-6.768030514303379208e-01
-6.843085011849662225e-01
-6.911503297769485687e-01
-6.954480110659203573e-01
-6.953334279724734390e-01
-6.893875097692987453e-01
-6.771127476152780655e-01
-6.593392258596588729e-01
-6.384339743027671599e-01
-6.181842892026312430e-01
-6.032753029014777946e-01
-5.983838753653483167e-01
-6.070381489015754806e-01
-6.304935486157038360e-01
-6.669026391538755982e-01
-7.109939672099849783e-01
-7.543608032018208620e-01
-7.863678543248217023e-01
-7.956716759957014329e-01
-7.723907226690249761e-01
-7.108990016479219687e-01
-6.128569616812894472e-01
-4.894452480781524839e-01
-3.612836449675716488e-01
-2.549061980502214664e-01
-1.961288099315953715e-01
-2.023471578585576414e-01
-2.765386342522210827e-01
-4.051485872077461581e-01
-5.605804238105838166e-01
-7.072099300661591759e-01
-8.084923618293566872e-01
-8.330267728935571991e-01
-7.594546634708886357e-01
-5.815665491563872802e-01
-3.134510564033486935e-01
9.209924140072708182e-03
3.365692866823729035e-01
6.201707704075906102e-01
8.285777595784914462e-01
9.541167072549209260e-01
1.009382151311276621e+00
1.018243243030470646e+00
1.006531656968318700e+00
9.950204529473124504e-01
9.950847243432007216e-01
1.006669592287861681e+00
1.018299219528859600e+00
1.009128264136436304e+00
9.533047865190792391e-01
8.270176410986009863e-01
6.178233433737688740e-01
3.336165817588678251e-01
6.046628989783151345e-03
-3.163299431206424983e-01
-5.837315092483159606e-01
-7.606590585013762729e-01
-8.332312625520689187e-01
-8.078269286431609686e-01
-7.059245112626496566e-01
-5.590026297660254384e-01
-4.036358395943392963e-01
-2.754139234382078083e-01
-2.018300601618534806e-01
-1.962875535635318358e-01
-2.556507763826027513e-01
-3.624032990536046328e-01
-4.906767777016021737e-01
-6.139586385907963573e-01
-7.117041112222405319e-01
-7.728272968266541865e-01
-7.957523845301864851e-01
-7.861641130432936997e-01
-7.539743050934163415e-01
-7.105325401013750097e-01
-6.664620761569620688e-01
-6.301451434422280506e-01
-6.068218662539150987e-01
-5.983074250655608939e-01
-6.033188956475857845e-01
-6.183097277120188640e-01
-6.385957066674661231e-01
-6.594946756771861152e-01
-6.772297984069720611e-01
-6.894481532335565710e-01
-6.953337601878711860e-01
-6.953955546705808954e-01
-6.910599395618004515e-01
-6.841979937722832972e-01
-6.766893940113315464e-01
-6.700885291437322921e-01
-6.654242760798587675e-01
-6.631367192822273937e-01
-6.631318978377859219e-01
-6.649199690348852609e-01
-6.677943319560961655e-01
-6.710101130249237489e-01
-6.739290499549459579e-01
-6.761113507361877772e-01
-6.773497010390294726e-01
-6.776527917765929887e-01
-6.771934735725099186e-01
-6.762394815872543319e-01
-6.750834138832546572e-01
-6.739846877192557928e-01
-6.731309973986385753e-01
-6.726215694749008156e-01
-6.724701289631349610e-01
-6.726224802193114805e-01
-6.729821701644338461e-01
-6.734377487431600917e-01
-6.738863455644833467e-01
-6.742501719820622741e-01
-6.744846323303954616e-01
-6.745785585832237974e-01
-6.745483862179775247e-01
-6.744287507888783173e-01
-6.742620390761075999e-01
-6.740890139223136845e-01
-6.739419367109020786e-01
-6.738408276750608161e-01
-6.737927922527053859e-01
-6.737938107375505137e-01
-6.738320901783970696e-01
-6.738920104633704389e-01
-6.739578186801752357e-01
-6.740164709520385378e-01
-6.740593160187865474e-01
-6.740825948853099714e-01
-6.740869489499445866e-01
-6.740762605994674583e-01
-6.740561923082980522e-01
-6.740327567029350542e-01
-6.740111650262676779e-01
-6.739950925539542892e-01
-6.739863919950657145e-01
-6.739851986507621184e-01
-6.739903148325598892e-01
-6.739997383566690425e-01
-6.740112067983079491e-01
-6.740226572584574471e-01
-6.740325405352898258e-01
-6.740399691439592500e-01
-6.740447130233980788e-01
-6.740470803803038091e-01
-6.740477323737666948e-01
-6.740474802499912821e-01
-6.740471048759019146e-01
-6.740472250124399656e-01
-6.740482257215729689e-01
-6.740502449765966020e-01
-6.740532067934298377e-01
-6.740568838656921802e-01
-6.740609716305239196e-01
-6.740651580605646620e-01
-6.740691780239324027e-01
-6.740728464542592446e-01
-6.740760696747595260e-01
-6.740788382028077841e-01
-6.740812067969218502e-01
-6.740832683416440041e-01
-6.740851276356507604e-01
-6.740868796745360658e-01
-6.740885950881785327e-01
-6.740903134560594090e-01
-6.740920436308360797e-01
-6.740937691585433544e-01
-6.740954564552698036e-01
-6.740970635227978569e-01
-6.740985475099826596e-01
-6.740998701596141451e-01
-6.741010009280304915e-01
-6.741019181659867465e-01
