-6.741111791249145835e-01
-6.741116663713767609e-01
-6.741119482138067109e-01
-6.741120243617130248e-01
-6.741118963185013246e-01
-6.741115694921826496e-01
-6.741110550172350058e-01
-6.741103704782261952e-01
-6.741095388924625009e-01
-6.741085856711170887e-01
-6.741075337814997903e-01
-6.741063978855695860e-01
-6.741051787138463425e-01
-6.741038592242809546e-01
-6.741024040830331243e-01
-6.741007636205060827e-01
-6.740988826582904325e-01
-6.740967135486672923e-01
-6.740942315800828588e-01
-6.740914498127844601e-01
-6.740884296912929008e-01
-6.740852836982383911e-01
-6.740821670621903738e-01
-6.740792571749932849e-01
-6.740767217958094637e-01
-6.740746799976231607e-01
-6.740731626319714787e-01
-6.740720811987723771e-01
-6.740712147297234225e-01
-6.740702230571330444e-01
-6.740686913472352382e-01
-6.740662051465251547e-01
-6.740624480531007823e-01
-6.740573066389033974e-01
-6.740509609928303503e-01
-6.740439360055321405e-01
-6.740370899091178147e-01
-6.740315237022035388e-01
-6.740284080540693834e-01
-6.740287419312972483e-01
-6.740330769577482783e-01
-6.740412595789113670e-01
-6.740522548548065762e-01
-6.740641165815397517e-01
-6.740741549409409172e-01
-6.740793236873713346e-01
-6.740768058351798153e-01
-6.740647254357932106e-01
-6.740428624280822012e-01
-6.740132094156481291e-01
-6.739801960322168162e-01
-6.739504289171673879e-01
-6.739318590119317554e-01
-6.739323910190818667e-01
-6.739580809699824426e-01
-6.740112055779989841e-01
-6.740886021005126905e-01
-6.741807368331380612e-01
-6.742719339096833187e-01
-6.743420639501764846e-01
-6.743697522970963920e-01
-6.743368406565046769e-01
-6.742334712778429440e-01
-6.740628299351070218e-01
-6.738443682048469441e-01
-6.736143122615515511e-01
-6.734225203667262294e-01
-6.733252984704467536e-01
-6.733745858554475161e-01
-6.736048721057749100e-01
-6.740201278686631658e-01
-6.745837064965694019e-01
-6.752143794535061527e-01
-6.757912277759022812e-01
-6.761689393163429207e-01
-6.762032007414324752e-01
-6.757835206202575939e-01
-6.748683322394393169e-01
-6.735151077568455324e-01
-6.718970785144178226e-01
-6.702986124785711430e-01
-6.690837954111608088e-01
-6.686373629638625582e-01
-6.692833369591331127e-01
-6.711934251268142360e-01
-6.743029232155089980e-01
-6.782549549621036400e-01
-6.823932500821668912e-01
-6.858188129200478711e-01
-6.875169045357473196e-01
-6.865482121341277555e-01
-6.822825832829956250e-01
-6.746365881412682564e-01
-6.642604859102310133e-01
-6.526115545662163342e-01
-6.418566869662765129e-01
-6.345735810372409302e-01
-6.332659859183855655e-01
-6.397635087090025596e-01
-6.546219396948816938e-01
-6.766583624597097835e-01
-7.027404193133381938e-01
-7.279117081326705874e-01
-7.458970611627920855e-01
-7.500072718980089759e-01
-7.344387018131651734e-01
-6.958891906565985996e-01
-6.352348261529060514e-01
-5.587531465999326930e-01
-4.781970556902717107e-01
-4.091635829313693962e-01
-3.677717399235956308e-01
-3.664393010719599331e-01
-4.100724353181559589e-01
-4.939267053797375961e-01
-6.037782228683175045e-01
-7.181408098575348120e-01
-8.115409162743949523e-01
-8.578625973298633633e-01
-8.336715174395251671e-01
-7.224541442944719671e-01
-5.203918079187013213e-01
-2.418702911690871482e-01
7.985016097366386123e-02
4.005530335701126821e-01
6.793371038940589912e-01
8.906425705162100970e-01
1.026940770810246040e+00
1.092204434056426754e+00
1.091883728881388071e+00
1.025940653572303685e+00
8.888894612273230411e-01
6.768232114300095636e-01
3.974375121001059163e-01
7.648809528813967085e-02
-2.450115330507025568e-01
-5.228918642538457062e-01
-7.240650684318332697e-01
-8.343503383909217641e-01
-8.577275417912023636e-01
-8.108049776536498943e-01
-7.170587536123173011e-01
-6.026104359933519561e-01
-4.929084370758640143e-01
-4.093824008577741647e-01
-3.661730085441642912e-01
-3.679298453788892864e-01
-4.096617097725266388e-01
-4.788952572458827217e-01
-5.594956117611304958e-01
-6.358869982272812305e-01
-6.963618148783685680e-01
-7.346950076425251552e-01
-7.500563563143086698e-01
-7.457799238998391589e-01
-7.276858475560769035e-01
-7.024664614873168400e-01
-6.763899961850386999e-01
-6.543993124657601079e-01
-6.396099389157712256e-01
-6.331877770677937223e-01
-6.345625250393993610e-01
-6.418945025963568307e-01
-6.526752088186703604e-01
-6.643272741992790609e-01
-6.746880625480715654e-01
-6.823068317681171280e-01
-6.865404453078085556e-01
-6.874786569823941873e-01
-6.857562472676611565e-01
-6.823150772219882532e-01
-6.781704077960997168e-01
-6.742200995185492207e-01
-6.711181835170452192e-01
-6.692188060630689384e-01
-6.685840167499205178e-01
-6.690399656183604327e-01
-6.702612603543879333e-01
-6.718626373779968963e-01
-6.734802327877137396e-01
-6.748304443909869388e-01
-6.757410931351576222e-01
-6.761557948375020999e-01
-6.761170394685687146e-01
-6.757359514914803578e-01
-6.751571416308326246e-01
-6.745259081494252573e-01
-6.739629187538180854e-01
-6.735490124651496435e-01
-6.733204091940635516e-01
-6.732727588428593091e-01
-6.733712962307702998e-01
-6.735639351136495367e-01
-6.737943470109223343e-01
-6.740127498546067963e-01
-6.741830549121539118e-01
-6.742859697004491837e-01
-6.743184552367709195e-01
-6.742904803133392688e-01
-6.742202673156242332e-01
-6.741292081360197308e-01
-6.740374111089281195e-01
-6.739605061455746782e-01
-6.739079705928348041e-01
-6.738829131234163050e-01
-6.738830142465193074e-01
-6.739021910600081489e-01
-6.739325284165303964e-01
-6.739660787646021278e-01
-6.739962482944128475e-01
-6.740186247375851147e-01
-6.740312330179852873e-01
-6.740343076961438085e-01
-6.740297344340017149e-01
-6.740203347289164260e-01
-6.740091547489096557e-01
-6.739988808726460334e-01
-6.739914539425353457e-01
-6.739879029494439955e-01
-6.739883759411918751e-01
-6.739923168758563676e-01
-6.739987237352571547e-01
-6.740064241494854169e-01
-6.740143165606621301e-01
-6.740215430108249528e-01
-6.740275793864393128e-01
-6.740322465761398041e-01
-6.740356589384788322e-01
-6.740381335769209947e-01
-6.740400853018928551e-01
-6.740419289058848795e-01
-6.740440041195310261e-01
-6.740465311286633066e-01
-6.740495973932035811e-01
-6.740531708750672202e-01
-6.740571312867401632e-01
-6.740613097346912497e-01
-6.740655278551915819e-01
-6.740696296559101075e-01
-6.740735021035028085e-01
-6.740770833834849318e-01
-6.740803601869652661e-01
-6.740833570259104901e-01
-6.740861213276833075e-01
-6.740887079751930466e-01
-6.740911662367209400e-01
-6.740935309342851456e-01
-6.740958185054607421e-01
-6.740980275553498657e-01
-6.741001427358078724e-01
-6.741021404059763800e-01
-6.741039945180877790e-01
-6.741056814665558061e-01
-6.741071831260843084e-01
-6.741084878597363161e-01
-6.741095897823936589e-01
-6.741104869268663702e-01
