-6.740905269706222169e-01
-6.740910014856740240e-01
-6.740913256896986505e-01
-6.740915084667855606e-01
-6.740915643721985262e-01
-6.740915128182864979e-01
-6.740913765616355358e-01
-6.740911793065820223e-01
-6.740909424123363580e-01
-6.740906809545237355e-01
-6.740903996968433676e-01
-6.740900898024011489e-01
-6.740897272742498725e-01
-6.740892740833016594e-01
-6.740886826656136144e-01
-6.740879039385830884e-01
-6.740868982409533583e-01
-6.740856477501810939e-01
-6.740841681334229785e-01
-6.740825166419360803e-01
-6.740807937630129976e-01
-6.740791360589196701e-01
-6.740776990223290577e-01
-6.740766306072368819e-01
-6.740760383428764380e-01
-6.740759552390550580e-01
-6.740763115549637252e-01
-6.740769203869615422e-01
-6.740774844408384814e-01
-6.740776289696792656e-01
-6.740769616540663867e-01
-6.740751545418609547e-01
-6.740720368449093503e-01
-6.740676815915609410e-01
-6.740624652851888721e-01
-6.740570792577940118e-01
-6.740524754693208997e-01
-6.740497385789483431e-01
-6.740498897475020179e-01
-6.740536442258380223e-01
-6.740611616129419392e-01
-6.740718411171815472e-01
-6.740842202518383397e-01
-6.740960305682768272e-01
-6.741044460045553244e-01
-6.741065281236883200e-01
-6.740998307298274872e-01
-6.740830800210051432e-01
-6.740568043113579488e-01
-6.740237599419968140e-01
-6.739889978073623222e-01
-6.739594461547016024e-01
-6.739429533392639060e-01
-6.739468353399783451e-01
-6.739760949424167258e-01
-6.740316021583501183e-01
-6.741086219594634166e-01
-6.741961167382062303e-01
-6.742772113932782307e-01
-6.743310727590706710e-01
-6.743362225957258982e-01
-6.742749957420919316e-01
-6.741385162172216505e-01
-6.739312583428829218e-01
-6.736740647019960893e-01
-6.734044856007538327e-01
-6.731735462055047359e-01
-6.730385613688725233e-01
-6.730523734093235566e-01
-6.732502891082305929e-01
-6.736368816725605280e-01
-6.741755018274505629e-01
-6.747836016896703315e-01
-6.753366417800452659e-01
-6.756823275950182284e-01
-6.756652202427728682e-01
-6.751595334556613759e-01
-6.741054643745618691e-01
-6.725421573293035582e-01
-6.706289448969507960e-01
-6.686464750854809180e-01
-6.669712425228183639e-01
-6.660211042603224607e-01
-6.661752594822457629e-01
-6.676789677928480771e-01
-6.705495380355253054e-01
-6.745042655099615647e-01
-6.789317726288301991e-01
-6.829249901466506456e-01
-6.853867882415627388e-01
-6.852082982247774678e-01
-6.815055169612532771e-01
-6.738823771348777525e-01
-6.626699987133544134e-01
-6.490770695950841551e-01
-6.351831816471101844e-01
-6.237240541478045186e-01
-6.176585648267376438e-01
-6.195654804320149811e-01
-6.309745775486073072e-01
-6.517702531522185927e-01
-6.798018857565110151e-01
-7.107987861025970577e-01
-7.386419915598925190e-01
-7.560189076199352876e-01
-7.554879910260580145e-01
-7.309724055216179073e-01
-6.796046860213255103e-01
-6.035963608114517376e-01
-5.114685249004417011e-01
-4.177998321058313258e-01
-3.409346572393299746e-01
-2.988923056563380642e-01
-3.046231365224212895e-01
-3.621914738386192156e-01
-4.651680797867411288e-01
-5.976478277620366208e-01
-7.372212496893638667e-01
-8.584254005538844989e-01
-9.353304890369843472e-01
-9.432453199784200937e-01
-8.612462332079026117e-01
-6.776286197736093309e-01
-3.979900052180094239e-01
-5.123324466157520157e-02
3.133047022879775212e-01
6.393031185393559523e-01
8.798146511228758238e-01
1.005927060288038577e+00
1.005412487760109386e+00
8.783151471032063506e-01
6.369756940146783508e-01
3.104554018249531255e-01
-5.417322234011012760e-02
-4.005742043160694932e-01
-6.795294406285076194e-01
-8.623244343023138692e-01
-9.435298482938802023e-01
-9.349534875277363266e-01
-8.575661186578552586e-01
-7.360784152773733879e-01
-5.964286590123952791e-01
-4.640744043447532774e-01
-3.613943946276282349e-01
-3.042326179912317463e-01
-2.989353363120151874e-01
-3.413529057940555278e-01
-4.184693744354165967e-01
-5.122352995384775731e-01
-6.043150221323464466e-01
-6.801681713583666022e-01
-7.313251212318987449e-01
-7.556233773640104179e-01
-7.559673576139649409e-01
-7.384557387532996175e-01
-7.105380717435253457e-01
-6.795240994998784645e-01
-6.515222553856558907e-01
-6.307880366883740209e-01
-6.194551274705977217e-01
-6.176232285929279531e-01
-6.237500413175512959e-01
-6.352491610661944454e-01
-6.491593563095625630e-01
-6.627471650374404666e-01
-6.739384376825363621e-01
-6.815314004533041814e-01
-6.852017523316683567e-01
-6.853511420031944690e-01
-6.828672933785736587e-01
-6.788607873891514544e-01
-6.744286691269093525e-01
-6.704765642580793328e-01
-6.676135903026798601e-01
-6.661199196198019923e-01
-6.659759049746275528e-01
-6.669344761054905035e-01
-6.686153265885332875e-01
-6.706002170637272997e-01
-6.725128920504147567e-01
-6.740733808158921869e-01
-6.751232524948472813e-01
-6.756242882607461642e-01
-6.756370832551398253e-01
-6.752879848815008801e-01
-6.747327248426324697e-01
-6.741236370377031717e-01
-6.735850991084741946e-01
-6.731993682458463635e-01
-6.730027505546625211e-01
-6.729903444675615631e-01
-6.731265791540531618e-01
-6.733584403541923447e-01
-6.736285399151178410e-01
-6.738858670687795094e-01
-6.740929509626043536e-01
-6.742290655464741045e-01
-6.742898625738649176e-01
-6.742843309095313264e-01
-6.742302200452453542e-01
-6.741490567879561135e-01
-6.740616873325770975e-01
-6.739849701887226097e-01
-6.739299061024791593e-01
-6.739011834658514832e-01
-6.738978855425060699e-01
-6.739149702335591741e-01
-6.739450942560543112e-01
-6.739803955714893657e-01
-6.740139449112610981e-01
-6.740407002295242256e-01
-6.740579201455182412e-01
-6.740650935196815796e-01
-6.740635101682888042e-01
-6.740556287178105510e-01
-6.740443951574369708e-01
-6.740326380119557870e-01
-6.740226237663913267e-01
-6.740158097501085521e-01
-6.740127898782557470e-01
-6.740133973791894162e-01
-6.740169106850507630e-01
-6.740223039279079620e-01
-6.740284896743047316e-01
-6.740345150582578437e-01
-6.740396893548403767e-01
-6.740436376577975119e-01
-6.740462889575689065e-01
-6.740478159718286122e-01
-6.740485481100590981e-01
-6.740488784560393354e-01
-6.740491817694882482e-01
-6.740497546831609732e-01
-6.740507829354832614e-01
-6.740523348135341042e-01
-6.740543757801876756e-01
-6.740567968848686364e-01
-6.740594489808481304e-01
-6.740621756695469591e-01
-6.740648397680939485e-01
-6.740673404060347762e-01
-6.740696201101999963e-01
-6.740716630668902587e-01
-6.740734869479830804e-01
-6.740751311983154137e-01
-6.740766445805491669e-01
-6.740780742220602306e-01
-6.740794576069607524e-01
-6.740808181023629775e-01
-6.740821638623260004e-01
-6.740834894208144190e-01
-6.740847790101697212e-01
-6.740860106121091544e-01
-6.740871599101219136e-01
-6.740882035876281098e-01
-6.740891217222498843e-01
-6.740898992906517728e-01
