-6.741139080882155854e-01
-6.741143964410220013e-01
-6.741146748394938326e-01
-6.741147465646526449e-01
-6.741146172953250693e-01
-6.741142950529732669e-01
-6.741137899009888024e-01
-6.741131132593789488e-01
-6.741122767598509702e-01
-6.741112906792504633e-01
-6.741101621336452743e-01
-6.741088933623070600e-01
-6.741074805436400030e-01
-6.741059136249769601e-01
-6.741041775819821558e-01
-6.741022553329811817e-01
-6.741001322238504567e-01
-6.740978016044194554e-01
-6.740952706022327323e-01
-6.740925648538371728e-01
-6.740897307796935856e-01
-6.740868340817852689e-01
-6.740839535673975869e-01
-6.740811701676004963e-01
-6.740785520592196267e-01
-6.740761379658573027e-01
-6.740739217830096219e-01
-6.740718423725372555e-01
-6.740697824293659934e-01
-6.740675795246804380e-01
-6.740650506875734971e-01
-6.740620292981726047e-01
-6.740584099459870915e-01
-6.740541937894984903e-01
-6.740495245312140282e-01
-6.740447041483019763e-01
-6.740401786518350757e-01
-6.740364877802206278e-01
-6.740341786226737852e-01
-6.740336911185517144e-01
-6.740352319982823026e-01
-6.740386613250500814e-01
-6.740434203817873282e-01
-6.740485293091119656e-01
-6.740526762257819104e-01
-6.740544061083665328e-01
-6.740523983761838034e-01
-6.740457993821984406e-01
-6.740345537954679500e-01
-6.740196621883319805e-01
-6.740032863182870981e-01
-6.739886331510912543e-01
-6.739795761405120711e-01
-6.739800170424985470e-01
-6.739930490198756674e-01
-6.740200432721289436e-01
-6.740598347248160094e-01
-6.741082134227794898e-01
-6.741579238451509415e-01
-6.741993247910201825e-01
-6.742217650548114616e-01
-6.742155915873787597e-01
-6.741745448326993406e-01
-6.740981383811228689e-01
-6.739935024160915722e-01
-6.738761302346469861e-01
-6.737690366076222181e-01
-6.737000339625778267e-01
-6.736971527411674820e-01
-6.737826426404724955e-01
-6.739664289286281251e-01
-6.742402755213141585e-01
-6.745741251413260864e-01
-6.749160541482001063e-01
-6.751969302520197669e-01
-6.753401772738875097e-01
-6.752760773337231903e-01
-6.749588942749003007e-01
-6.743839715656039235e-01
-6.736010911728310679e-01
-6.727200531953954066e-01
-6.719049009423939678e-01
-6.713546258569323966e-01
-6.712705157971862180e-01
-6.718132963122963597e-01
-6.730563558945716895e-01
-6.749439760830940882e-01
-6.772649144914368868e-01
-6.796513555011255425e-01
-6.816108370806256422e-01
-6.825942450652349169e-01
-6.820965500513415103e-01
-6.797791239729824575e-01
-6.755941071902733519e-01
-6.698839783158531125e-01
-6.634256151484555497e-01
-6.573906122084823833e-01
-6.532046888982159238e-01
-6.523086742615661349e-01
-6.558483193865329852e-01
-6.643435117799988410e-01
-6.774021397728617888e-01
-6.935455582817994236e-01
-7.102023923718276954e-01
-7.239109150330553799e-01
-7.307527895689718278e-01
-7.270205911053951864e-01
-7.100850527810400603e-01
-6.793577081355900438e-01
-6.371389147823666166e-01
-5.890395102670987759e-01
-5.436487983551619996e-01
-5.112701742995560128e-01
-5.018525177363190037e-01
-5.225819619658329529e-01
-5.757775054062074238e-01
-6.576337047931585245e-01
-7.579998231342216508e-01
-8.609572384896192476e-01
-9.457575108140759967e-01
-9.880182299994044737e-01
-9.619650804173415226e-01
-8.453282564759860840e-01
-6.279028121397759454e-01
-3.216255878549533209e-01
3.429461799117585613e-02
3.798774038072467718e-01
6.515279739393143865e-01
7.998422273941133698e-01
7.991359900118080173e-01
6.495285736847882241e-01
3.769395205398968218e-01
3.096283682464286841e-02
-3.247502549518983539e-01
-6.303446841641119347e-01
-8.468554214220570531e-01
-9.625873493397841818e-01
-9.879031421966600890e-01
-9.451367073548326836e-01
-8.600641769076883270e-01
-7.570400000372170535e-01
-6.567719413993139410e-01
-5.751300922186090014e-01
-5.222106570355897759e-01
-5.017632993979647127e-01
-5.114200797146162270e-01
-5.439611302354285804e-01
-5.894240784265522004e-01
-6.375119312144925665e-01
-6.796563676799218801e-01
-7.102742518544167272e-01
-7.270921976397664022e-01
-7.307198863732927707e-01
-7.237999139202702104e-01
-7.100452677905971788e-01
-6.933734593027290893e-01
-6.772408585488264299e-01
-6.642108563033487512e-01
-6.557532435224388001e-01
-6.522519031951682367e-01
-6.531804665353766470e-01
-6.573890986874761921e-01
-6.634354248046340219e-01
-6.698944037398839590e-01
-6.755967155745301600e-01
-6.797685948566236647e-01
-6.820707950610189751e-01
-6.825539703788788826e-01
-6.815587641002638364e-01
-6.795913134178217518e-01
-6.772009801650904492e-01
-6.748797821380654316e-01
-6.729946315828033709e-01
-6.717556556897884557e-01
-6.712174681300248080e-01
-6.713057559056835322e-01
-6.718591526930832725e-01
-6.726760492688979021e-01
-6.735574295415568402e-01
-6.743394578861754418e-01
-6.749126879031150938e-01
-6.752277479221528989e-01
-6.752896837827960796e-01
-6.751445436718032100e-01
-6.748622490442471866e-01
-6.745194641072714825e-01
-6.741853061361711141e-01
-6.739116063882059082e-01
-6.737282842902402313e-01
-6.736434244200137922e-01
-6.736469631691857085e-01
-6.737165444451492791e-01
-6.738240729422195763e-01
-6.739417138259766737e-01
-6.740464664074968804e-01
-6.741228775590621947e-01
-6.741638711371060744e-01
-6.741699897563343535e-01
-6.741475418828475341e-01
-6.741062159644606311e-01
-6.740566823898526128e-01
-6.740085857924019708e-01
-6.739691722412597397e-01
-6.739426336441064480e-01
-6.739301131505154308e-01
-6.739302180613626625e-01
-6.739398374292888683e-01
-6.739550573993304816e-01
-6.739719987257390965e-01
-6.739874544237957066e-01
-6.739992671381180855e-01
-6.740064433463188731e-01
-6.740090462616864508e-01
-6.740079366923268367e-01
-6.740044405625714719e-01
-6.740000158624533944e-01
-6.739959750141018002e-01
-6.739932963508812325e-01
-6.739925356154569114e-01
-6.739938290417466504e-01
-6.739969661485326613e-01
-6.740015037354659677e-01
-6.740068922794409945e-01
-6.740125905604033019e-01
-6.740181519768533303e-01
-6.740232746565222310e-01
-6.740278154288845691e-01
-6.740317738148391413e-01
-6.740352558099397262e-01
-6.740384283532292464e-01
-6.740414743807087161e-01
-6.740445559236983852e-01
-6.740477895819815268e-01
-6.740512355752780183e-01
-6.740548989861084861e-01
-6.740587400678627050e-01
-6.740626896993735517e-01
-6.740666661323839737e-01
-6.740705898857188849e-01
-6.740743947152506577e-01
-6.740780337592288118e-01
-6.740814810001929391e-01
-6.740847289491608274e-01
-6.740877838801324629e-01
-6.740906600330898168e-01
-6.740933740267061047e-01
-6.740959403737996070e-01
-6.740983685757825361e-01
-6.741006618768681236e-01
-6.741028174491712210e-01
-6.741048275900892728e-01
-6.741066814482181702e-01
-6.741083668350210667e-01
-6.741098717932398898e-01
-6.741111857406156815e-01
-6.741123001521008851e-01
-6.741132088566220704e-01
