-6.741098696809042501e-01
-6.741103521179682145e-01
-6.741106243948611354e-01
-6.741106886908251328e-01
-6.741105502239866931e-01
-6.741102188242722448e-01
-6.741097100859430036e-01
-6.741090453653758585e-01
-6.741082500708586167e-01
-6.741073500615076819e-01
-6.741063664745534645e-01
-6.741053098397434828e-01
-6.741041747968445907e-01
-6.741029369815429995e-01
-6.741015535786505364e-01
-6.740999685955922915e-01
-6.740981230875381369e-01
-6.740959694556432069e-01
-6.740934877157246374e-01
-6.740907005425517129e-01
-6.740876832197254531e-01
-6.740845646391052659e-01
-6.740815163932236675e-01
-6.740787288442914305e-01
-6.740763756950116647e-01
-6.740745716697615908e-01
-6.740733308742232754e-01
-6.740725355313335054e-01
-6.740719253610490957e-01
-6.740711162828020298e-01
-6.740696530814064280e-01
-6.740670943636717372e-01
-6.740631202855675852e-01
-6.740576454625195613e-01
-6.740509129519490772e-01
-6.740435421684942696e-01
-6.740365058109085705e-01
-6.740310194400846999e-01
-6.740283422357179477e-01
-6.740295072150167544e-01
-6.740350208059657788e-01
-6.740445907733102482e-01
-6.740569529848301489e-01
-6.740698664461201028e-01
-6.740803288516989955e-01
-6.740850306131708214e-01
-6.740810165407264964e-01
-6.740664677741389221e-01
-6.740414626962325517e-01
-6.740085375066070528e-01
-6.739728583562107911e-01
-6.739418483282759720e-01
-6.739241891082906610e-01
-6.739282351065596366e-01
-6.739600226563481344e-01
-6.740212037970353398e-01
-6.741073502719979738e-01
-6.742071232278988857e-01
-6.743027567508452780e-01
-6.743721406676644881e-01
-6.743925123171138347e-01
-6.743454064741030152e-01
-6.742221227934647176e-01
-6.740286298458776360e-01
-6.737886259403700340e-01
-6.735435078916096607e-01
-6.733483231558823334e-01
-6.732634137024749998e-01
-6.733423496779260553e-01
-6.736177696844016793e-01
-6.740876973523312055e-01
-6.747055563430273128e-01
-6.753772277536500557e-01
-6.759679102584114085e-01
-6.763201822895907878e-01
-6.762825942677813673e-01
-6.757455655724864396e-01
-6.746787229243430550e-01
-6.731616487301260721e-01
-6.713989716229559201e-01
-6.697114810343689495e-01
-6.684979358165575869e-01
-6.681674744835918167e-01
-6.690493972337444584e-01
-6.712942995182125117e-01
-6.747864014646215436e-01
-6.790897829533572017e-01
-6.834499527418697040e-01
-6.868663402066018664e-01
-6.882410902835414124e-01
-6.865954282405282161e-01
-6.813275149876207859e-01
-6.724666972289919942e-01
-6.608621467387193471e-01
-6.482359690002228447e-01
-6.370406411302416139e-01
-6.300941287424381976e-01
-6.300205670656806589e-01
-6.385856006438463961e-01
-6.560614509370641390e-01
-6.807691029926454807e-01
-7.089204849000406705e-01
-7.348382681588614407e-01
-7.515908667932320597e-01
-7.520584166000500170e-01
-7.304173925920137700e-01
-6.839331339595178250e-01
-6.147273109903153010e-01
-5.308936593912366719e-01
-4.461867627022821359e-01
-3.777766212039463944e-01
-3.422927166885872396e-01
-3.512245305752281221e-01
-4.071791507455833070e-01
-5.022531427998521147e-01
-6.189744469146809536e-01
-7.332692447941835390e-01
-8.182463143893295987e-01
-8.478271400982079209e-01
-8.003545279751537178e-01
-6.631857358640624867e-01
-4.383983902028431578e-01
-1.469557972661177658e-01
1.733579511128913175e-01
4.784302753248368956e-01
7.323711228110595384e-01
9.170793471457804324e-01
1.031899355975683052e+00
1.085393434362658782e+00
1.085126748759059456e+00
1.031055845378952895e+00
9.155642738799918412e-01
7.301307842996296316e-01
4.755537470982835191e-01
1.701264348405433224e-01
-1.501188349631440710e-01
-4.410605923883427204e-01
-6.650421208776624571e-01
-8.012911483767807264e-01
-8.479032049742892818e-01
-8.176383716801293167e-01
-7.322187989546407039e-01
-6.177496575948654423e-01
-5.011148896287198617e-01
-4.063436467179332157e-01
-3.508272466942219947e-01
-3.423662676329733978e-01
-3.782527234082309064e-01
-4.469231941487302184e-01
-5.317174036104519441e-01
-6.154792446711513376e-01
-6.845004034436014129e-01
-7.307465412525789850e-01
-7.521509683268953195e-01
-7.514883939374060740e-01
-7.346043554437966527e-01
-7.086244224618497567e-01
-6.804733590831840706e-01
-6.558133649985219416e-01
-6.384131838048199281e-01
-6.299321216925617417e-01
-6.300811326307532712e-01
-6.370829365515148224e-01
-6.483079587832988322e-01
-6.609386427074975812e-01
-6.725273536749145631e-01
-6.813593011897266516e-01
-6.865931480417670763e-01
-6.882063665970782340e-01
-6.868056710083390026e-01
-6.833724375806737861e-01
-6.790049935025607164e-01
-6.747027037343251710e-01
-6.712177778842044473e-01
-6.689834013304748472e-01
-6.681127132942015212e-01
-6.684529788690043439e-01
-6.696734946814971723e-01
-6.713645181747837087e-01
-6.731274033103440413e-01
-6.746420085004182221e-01
-6.757046591897277743e-01
-6.762368061469716807e-01
-6.762697463687740163e-01
-6.759137465086630936e-01
-6.753206434946833481e-01
-6.746479485578689150e-01
-6.740303044102453622e-01
-6.735615027881551864e-01
-6.732877152632815720e-01
-6.732105208861621781e-01
-6.732969573857071621e-01
-6.734932445294032899e-01
-6.737389559018195362e-01
-6.739790729157104643e-01
-6.741723113250428501e-01
-6.742951309533450344e-01
-6.743417288243133134e-01
-6.743209470936972760e-01
-6.742513488106242070e-01
-6.741557426240287754e-01
-6.740562361375359579e-01
-6.739705555331659825e-01
-6.739099784080347932e-01
-6.738788662900311310e-01
-6.738755083301710691e-01
-6.738938261389961770e-01
-6.739254436677026838e-01
-6.739616770119668532e-01
-6.739951159092809618e-01
-6.740206159364057203e-01
-6.740356652250069081e-01
-6.740402070893785069e-01
-6.740360760127451778e-01
-6.740262352975213700e-01
-6.740139954699426728e-01
-6.740023541904374138e-01
-6.739935444465470216e-01
-6.739888212651642396e-01
-6.739884685416800414e-01
-6.739919734908392801e-01
-6.739982992354592861e-01
-6.740061851411238703e-01
-6.740144160855811029e-01
-6.740220209862938239e-01
-6.740283824966865067e-01
-6.740332594832929569e-01
-6.740367387177180758e-01
-6.740391407163770499e-01
-6.740409068342554377e-01
-6.740424916655678444e-01
-6.740442782754898499e-01
-6.740465257290725321e-01
-6.740493505531631735e-01
-6.740527374723979115e-01
-6.740565707380407057e-01
-6.740606757902867230e-01
-6.740648615689587286e-01
-6.740689559173700385e-01
-6.740728294809131826e-01
-6.740764065815542105e-01
-6.740796641878195050e-01
-6.740826219379587592e-01
-6.740853270726568924e-01
-6.740878381477182213e-01
-6.740902107223200046e-01
-6.740924871264962759e-01
-6.740946911871201763e-01
-6.740968276810529458e-01
-6.740988854615345138e-01
-6.741008427570424066e-01
-6.741026730747867735e-01
-6.741043503901721357e-01
-6.741058527611015760e-01
-6.741071640461756553e-01
-6.741082739088776199e-01
-6.741091766610517455e-01
