-6.741121755895971290e-01
-6.741126670272499233e-01
-6.741129575166947552e-01
-6.741130448026761979e-01
-6.741129273951226297e-01
-6.741126070509900758e-01
-6.741120910948438238e-01
-6.741113937337044337e-01
-6.741105356603944720e-01
-6.741095415736556573e-01
-6.741084357278414041e-01
-6.741072361777539212e-01
-6.741059488939733502e-01
-6.741045632664141030e-01
-6.741030505736124168e-01
-6.741013666923706404e-01
-6.740994596376027603e-01
-6.740972815162907805e-01
-6.740948033002797102e-01
-6.740920296952591650e-01
-6.740890105803369892e-01
-6.740858452862567018e-01
-6.740826765814857957e-01
-6.740796727301084923e-01
-6.740769982816647854e-01
-6.740747770526005489e-01
-6.740730535673248314e-01
-6.740717614093955090e-01
-6.740707078177519129e-01
-6.740695828784563082e-01
-6.740679984953767967e-01
-6.740655570592838375e-01
-6.740619429531621298e-01
-6.740570228174325162e-01
-6.740509343479125226e-01
-6.740441400043766240e-01
-6.740374229396149941e-01
-6.740318087826223659e-01
-6.740284087979105943e-01
-6.740281963754485295e-01
-6.740317474427383049e-01
-6.740389927035230766e-01
-6.740490413130589831e-01
-6.740601373907995075e-01
-6.740697992724274945e-01
-6.740751652040340991e-01
-6.740735297425135553e-01
-6.740630073195593708e-01
-6.740432114791692353e-01
-6.740158009710577325e-01
-6.739847288258339342e-01
-6.739560479374843149e-01
-6.739371824929423216e-01
-6.739356678866913475e-01
-6.739574828095549197e-01
-6.740052270004506241e-01
-6.740765099416329287e-01
-6.741629788142036173e-01
-6.742503993480485347e-01
-6.743200906624891022e-01
-6.743518005916346869e-01
-6.743278086974944241e-01
-6.742377018012847278e-01
-6.740829454662935483e-01
-6.738801537086543947e-01
-6.736619197089833699e-01
-6.734742779157757431e-01
-6.733703514973869986e-01
-6.734004718864126104e-01
-6.735999456507971717e-01
-6.739765301326334779e-01
-6.745003601487689071e-01
-6.750993307995081238e-01
-6.756626089176360761e-01
-6.760539221397919851e-01
-6.761345833264472693e-01
-6.757940161910054311e-01
-6.749831762214447695e-01
-6.737441748442534184e-01
-6.722281855404933504e-01
-6.706939262087225906e-01
-6.694811247557297396e-01
-6.689575023191970393e-01
-6.694435529330357015e-01
-6.711257853524354999e-01
-6.739747135561017233e-01
-6.776872374823871281e-01
-6.816729695562117053e-01
-6.850999674248217097e-01
-6.870072690250992320e-01
-6.864800147649405826e-01
-6.828684410485769130e-01
-6.760158594340210936e-01
-6.664455708176357795e-01
-6.554474861908475836e-01
-6.450088678176354451e-01
-6.375559280581962751e-01
-6.355143156077078803e-01
-6.407480168096565398e-01
-6.539813902768004672e-01
-6.743309223759113014e-01
-6.990641297335375981e-01
-7.236703516913659540e-01
-7.422909749930726164e-01
-7.485304841847654211e-01
-7.366464700888410988e-01
-7.030550009745726303e-01
-6.479370281661216424e-01
-5.764973792953204113e-01
-4.992377045269209002e-01
-4.306786934765521879e-01
-3.864388382091188401e-01
-3.792934299991387870e-01
-4.153942462415590731e-01
-4.918797936872085219e-01
-5.966015402662977474e-01
-7.098625615835717495e-01
-8.073275750870093637e-01
-8.631408031444746110e-01
-8.530420556947407862e-01
-7.583389082453981800e-01
-5.715976051923554735e-01
-3.028159354179337792e-01
1.822066589976448908e-02
3.479235098235876067e-01
6.424777122838960519e-01
8.713519805943554797e-01
1.022146872711454879e+00
1.095455101388651098e+00
1.095135963319445960e+00
1.021162415472214313e+00
8.696578956911401592e-01
6.401023444718035860e-01
3.450503594894173687e-01
1.519805860908097356e-02
-3.055645650545459335e-01
-5.737158494906432482e-01
-7.596360099211688643e-01
-8.535064304046938721e-01
-8.628938161338520763e-01
-8.065660441775940326e-01
-7.088164291003186124e-01
-5.955048980589739971e-01
-4.909438436047409149e-01
-4.147780625512112462e-01
-3.790789548911615015e-01
-3.866202800937434403e-01
-4.311722511168777916e-01
-4.999095686565716012e-01
-5.772008829357585524e-01
-6.485468823313906839e-01
-7.034891108116472225e-01
-7.368721811228848839e-01
-7.485582682239094732e-01
-7.421614139035288549e-01
-7.234396753518630430e-01
-6.987914231656993103e-01
-6.740682620943876380e-01
-6.537672453318124077e-01
-6.406039645549714834e-01
-6.354449610882687560e-01
-6.375516078379755980e-01
-6.450503084623732120e-01
-6.555112769782394100e-01
-6.665092706937775224e-01
-6.760618206571907818e-01
-6.828858865090691177e-01
-6.864653797294065773e-01
-6.869631689060509139e-01
-6.850333228915697070e-01
-6.815928291442733267e-01
-6.776027441738785573e-01
-6.738935226867670547e-01
-6.710530945066888187e-01
-6.693817705258291451e-01
-6.689064720333517400e-01
-6.694387469231271037e-01
-6.706569810177630542e-01
-6.721931674654422206e-01
-6.737079861669499348e-01
-6.749435867213956497e-01
-6.757498601603796340e-01
-6.760857200746204221e-01
-6.760010232361916005e-01
-6.756068517437950893e-01
-6.750420756942617784e-01
-6.744428727102729226e-01
-6.739197873234132885e-01
-6.735445400830324392e-01
-6.733466076387623067e-01
-6.733179099736016360e-01
-6.734229248067575835e-01
-6.736112237036304684e-01
-6.738296926606626158e-01
-6.740323840363272589e-01
-6.741868338178297337e-01
-6.742765656485173453e-01
-6.743002334864838243e-01
-6.742683354789782424e-01
-6.741986365782289825e-01
-6.741113958922478888e-01
-6.740252724468729362e-01
-6.739544613364053527e-01
-6.739072702492769906e-01
-6.738860478688942779e-01
-6.738881620034019582e-01
-6.739076136408610473e-01
-6.739368591003536135e-01
-6.739684758560260391e-01
-6.739964194996322933e-01
-6.740167489945581014e-01
-6.740278181920212885e-01
-6.740300246089613312e-01
-6.740252620415418949e-01
-6.740162408147272188e-01
-6.740058243152896589e-01
-6.739964930976641844e-01
-6.739899999190971380e-01
-6.739872312906332041e-01
-6.739882517328085187e-01
-6.739924807610051527e-01
-6.739989411530065144e-01
-6.740065188621696679e-01
-6.740141866624201894e-01
-6.740211609419520800e-01
-6.740269797181334122e-01
-6.740315063961166420e-01
-6.740348756948705278e-01
-6.740374044927792685e-01
-6.740394912715225173e-01
-6.740415244267619066e-01
-6.740438135411237486e-01
-6.740465504763504256e-01
-6.740498003380982484e-01
-6.740535170882683280e-01
-6.740575754077754445e-01
-6.740618094330788068e-01
-6.740660498869646133e-01
-6.740701533236815868e-01
-6.740740200341750477e-01
-6.740775999704957666e-01
-6.740808883525100104e-01
-6.740839141157259906e-01
-6.740867249551359963e-01
-6.740893725044143636e-01
-6.740919003761625117e-01
-6.740943366518772351e-01
-6.740966912244980014e-01
-6.740989573878191088e-01
-6.741011163836132525e-01
-6.741031433188370281e-01
-6.741050129310550698e-01
-6.741067040286463641e-01
-6.741082019467778963e-01
-6.741094989152948136e-01
-6.741105927190820246e-01
-6.741114843631428322e-01
