-6.740928027382495635e-01
-6.740932802960769576e-01
-6.740936022222694390e-01
-6.740937764461296666e-01
-6.740938159940362828e-01
-6.740937382866877270e-01
-6.740935638184087919e-01
-6.740933140499754117e-01
-6.740930084987044602e-01
-6.740926612436245469e-01
-6.740922773351114561e-01
-6.740918498434147477e-01
-6.740913584255231461e-01
-6.740907702658793799e-01
-6.740900440056886156e-01
-6.740891368069263923e-01
-6.740880140388375574e-01
-6.740866603191336681e-01
-6.740850899309566158e-01
-6.740833541439940069e-01
-6.740815428715171143e-01
-6.740797785378971341e-01
-6.740782010809053260e-01
-6.740769446241041685e-01
-6.740761083439864576e-01
-6.740757261027106040e-01
-6.740757410886683010e-01
-6.740759925229337091e-01
-6.740762210101064467e-01
-6.740760970469673596e-01
-6.740752735198477508e-01
-6.740734580336528170e-01
-6.740704953143761280e-01
-6.740664447499092882e-01
-6.740616346416883342e-01
-6.740566742090177144e-01
-6.740524078374888761e-01
-6.740498039519094986e-01
-6.740497828508422717e-01
-6.740530024897383177e-01
-6.740596361607296139e-01
-6.740691881145358666e-01
-6.740803988891757026e-01
-6.740912882618187441e-01
-6.740993682543463539e-01
-6.741020313404392228e-01
-6.740970822877744295e-01
-6.740833410668682912e-01
-6.740612066175144523e-01
-6.740330462380937915e-01
-6.740032722795563647e-01
-6.739779940626494659e-01
-6.739641916984708825e-01
-6.739684468172069121e-01
-6.739953727348785284e-01
-6.740459955847938334e-01
-6.741164250022251281e-01
-6.741971924307345043e-01
-6.742736040538021003e-01
-6.743273392181146075e-01
-6.743393235098906757e-01
-6.742936361848603788e-01
-6.741819123010435177e-01
-6.740074267032386546e-01
-6.737878678617064132e-01
-6.735557931937428133e-01
-6.733559582932322485e-01
-6.732391533180691612e-01
-6.732528362818486212e-01
-6.734296443011548172e-01
-6.737756544675191916e-01
-6.742608816504837010e-01
-6.748147569886815411e-01
-6.753290709460295638e-01
-6.756699962941657978e-01
-6.756993338238896918e-01
-6.753031715391429879e-01
-6.744239743051221314e-01
-6.730901167975664734e-01
-6.714355397668301251e-01
-6.697020933753297101e-01
-6.682186941772361166e-01
-6.673548653453124091e-01
-6.674513136627118204e-01
-6.687361520701066153e-01
-6.712409900263492935e-01
-6.747350089450968591e-01
-6.786961537252070853e-01
-6.823360447074895418e-01
-6.846890290604229490e-01
-6.847661545834415886e-01
-6.817620766590205550e-01
-6.752876016443353224e-01
-6.655844408128555045e-01
-6.536657493588310386e-01
-6.413226441395160071e-01
-6.309502717625626866e-01
-6.251806109614153062e-01
-6.263582107609355631e-01
-6.359452542464072433e-01
-6.539751915106486457e-01
-6.786767619660371009e-01
-7.063639680563366108e-01
-7.316495661003534767e-01
-7.480125576107611307e-01
-7.487421552112908385e-01
-7.282653613777283486e-01
-6.837822523527037344e-01
-6.169318869660205262e-01
-5.349350394236315198e-01
-4.504976248834557384e-01
-3.799613573129481670e-01
-3.398238850534240907e-01
-3.425300213228634760e-01
-3.928811182837538274e-01
-4.862423047851073266e-01
-6.090236472645194077e-01
-7.409677367697592443e-01
-8.580444578943516865e-01
-9.348050204350455417e-01
-9.461564881309221242e-01
-8.700674800796682762e-01
-6.931716613942301430e-01
-4.190955241475414761e-01
-7.503154978497506011e-02
2.903277397689317252e-01
6.197884409360603364e-01
8.644158115383978602e-01
9.932029171123930578e-01
9.926449135687286374e-01
8.627946573287722520e-01
6.172865076780634785e-01
2.872889892318092886e-01
-7.813631005038397526e-02
-4.217922216223795595e-01
-6.951246021130361719e-01
-8.711465771827493487e-01
-9.464095148909066335e-01
-9.343855649165374588e-01
-8.571510886801239071e-01
-7.398129497151642031e-01
-6.078202114827774283e-01
-4.851883299152343065e-01
-3.921363077295731969e-01
-3.421892868831397649e-01
-3.399005139887715798e-01
-3.803888336040285312e-01
-4.511512878413155292e-01
-5.356667049124153035e-01
-6.176057357048811980e-01
-6.843008789178588458e-01
-7.285804431478136722e-01
-7.488511144829825827e-01
-7.479468126682626838e-01
-7.314602446194850005e-01
-7.061088725458616322e-01
-6.784101327009375293e-01
-6.537405391608211991e-01
-6.357711695845242872e-01
-6.262570426888655062e-01
-6.251497979766281743e-01
-6.309758131078735399e-01
-6.413838498914122832e-01
-6.537402176643039020e-01
-6.656522905227676423e-01
-6.753343117886305702e-01
-6.817797162071479455e-01
-6.847531715953391052e-01
-6.846490080084958185e-01
-6.822759168141462327e-01
-6.786242993378073241e-01
-6.746595826723350564e-01
-6.711686750992205130e-01
-6.686714350014483221e-01
-6.673962732581373292e-01
-6.673093952180046973e-01
-6.681810284505903530e-01
-6.696694840448952357e-01
-6.714049410275559904e-01
-6.730587615073029273e-01
-6.743897714226464446e-01
-6.752648999858661405e-01
-6.756566483438837256e-01
-6.756232886274499139e-01
-6.752792431346671398e-01
-6.747629643158914448e-01
-6.742082938757218979e-01
-6.737232695841292029e-01
-6.733781726721541627e-01
-6.732026576668184159e-01
-6.731903370776415318e-01
-6.733083291214180255e-01
-6.735090213810025483e-01
-6.737415638713770694e-01
-6.739612237281279450e-01
-6.741355261378622066e-01
-6.742468978886474451e-01
-6.742921857553497711e-01
-6.742798613521766571e-01
-6.742259231360457905e-01
-6.741494881559626506e-01
-6.740688855850819339e-01
-6.739987899178220276e-01
-6.739486319114524893e-01
-6.739222558971401655e-01
-6.739185907392051256e-01
-6.739329861591725201e-01
-6.739588357282220166e-01
-6.739891479189076273e-01
-6.740178141439671089e-01
-6.740404320024812046e-01
-6.740546495865697985e-01
-6.740600849713440645e-01
-6.740579335992151755e-01
-6.740504022699785880e-01
-6.740401051172193458e-01
-6.740295317100695183e-01
-6.740206596222828583e-01
-6.740147427235051447e-01
-6.740122697176614830e-01
-6.740130602115064207e-01
-6.740164501889858162e-01
-6.740215150136865674e-01
-6.740272838934163735e-01
-6.740329119139488734e-01
-6.740377907601039498e-01
-6.740415939141387591e-01
-6.740442640744574998e-01
-6.740459584035642937e-01
-6.740469706292518959e-01
-6.740476484545141478e-01
-6.740483212051783246e-01
-6.740492474414748747e-01
-6.740505866437150884e-01
-6.740523940903452305e-01
-6.740546343694159281e-01
-6.740572069111231412e-01
-6.740599764643188108e-01
-6.740628022704699962e-01
-6.740655613722171813e-01
-6.740681635481773348e-01
-6.740705573587612021e-01
-6.740727283983632967e-01
-6.740746918954074740e-01
-6.740764822389800903e-01
-6.740781419080686954e-01
-6.740797117812472594e-01
-6.740812240894462626e-01
-6.740826985165930818e-01
-6.740841412941374067e-01
-6.740855466678631336e-01
-6.740868998765796594e-01
-6.740881807606960985e-01
-6.740893672658581082e-01
-6.740904383534994659e-01
-6.740913761026128270e-01
-6.740921670212594030e-01
