-6.741009988871471403e-01
-6.741014509999488924e-01
-6.741016670829675927e-01
-6.741016624445540506e-01
-6.741014632663239192e-01
-6.741011065320131612e-01
-6.741006384322675293e-01
-6.741001103363244429e-01
-6.740995718691898952e-01
-6.740990613966387768e-01
-6.740985951672746612e-01
-6.740981572850928139e-01
-6.740976933370892432e-01
-6.740971106284526781e-01
-6.740962873890863349e-01
-6.740950919316346379e-01
-6.740934106511973223e-01
-6.740911812435924633e-01
-6.740884250529803889e-01
-6.740852706467514999e-01
-6.740819601972436459e-01
-6.740788315643232442e-01
-6.740762723964883740e-01
-6.740746479679379233e-01
-6.740742112039267431e-01
-6.740750102563228818e-01
-6.740768145029898406e-01
-6.740790822113312819e-01
-6.740809907614944141e-01
-6.740815423088053482e-01
-6.740797441463141082e-01
-6.740748452182235839e-01
-6.740665910881172840e-01
-6.740554432732480672e-01
-6.740426999775187555e-01
-6.740304584084606532e-01
-6.740213771695909850e-01
-6.740182312079908700e-01
-6.740232984343017542e-01
-6.740376693924787777e-01
-6.740606186116981924e-01
-6.740892056785549036e-01
-6.741182729271436580e-01
-6.741409654922058126e-01
-6.741498153640711477e-01
-6.741383103886364747e-01
-6.741027289999608207e-01
-6.740438891136099064e-01
-6.739683691670690369e-01
-6.738887457689288762e-01
-6.738224834988898460e-01
-6.737893193362552990e-01
-6.738072937270468410e-01
-6.738879500922319021e-01
-6.740315844979019033e-01
-6.742236879472462974e-01
-6.744337927196794036e-01
-6.746177366122843022e-01
-6.747238605495581298e-01
-6.747028815508848698e-01
-6.745202319801907320e-01
-6.741686964254500758e-01
-6.736784344463546681e-01
-6.731211978330614576e-01
-6.726059516467340904e-01
-6.722643094052637158e-01
-6.722261515923640962e-01
-6.725882626914787554e-01
-6.733813387638233339e-01
-6.745426870527759800e-01
-6.759027416984503267e-01
-6.771926602448067323e-01
-6.780775017470204169e-01
-6.782149102413925768e-01
-6.773332991118664603e-01
-6.753171071210242182e-01
-6.722810440024094003e-01
-6.686120106229405113e-01
-6.649583708768066481e-01
-6.621528941825969294e-01
-6.610682187039542690e-01
-6.624204373992600425e-01
-6.665537063220094982e-01
-6.732518434890804038e-01
-6.816275625080037148e-01
-6.901343331736063957e-01
-6.967305948988525843e-01
-6.992032315349744342e-01
-6.956280742969865871e-01
-6.849092682140131005e-01
-6.672972858430761267e-01
-6.447453313471803726e-01
-6.209462115553106010e-01
-6.009239459737686362e-01
-5.901524905517893105e-01
-5.933206924201686050e-01
-6.130030995914156344e-01
-6.485634229378977045e-01
-6.955740750010807050e-01
-7.459045132218663499e-01
-7.884943248905460500e-01
-8.107780926441973124e-01
-8.007892743967047755e-01
-7.500059504007134947e-01
-6.567520712846260933e-01
-5.292878297687584332e-01
-3.869431987179720034e-01
-2.576178760609672547e-01
-1.713104049149004049e-01
-1.514485456477451808e-01
-2.071393765557862365e-01
-3.291994585623745362e-01
-4.913967776293801659e-01
-6.563642914118685834e-01
-7.837366676511655639e-01
-8.375765398872218048e-01
-7.919986040845596875e-01
-6.362638743157945642e-01
-3.801400930963431124e-01
-5.650797093540353699e-02
2.842670705115297736e-01
5.894041975261437027e-01
8.210403931623080354e-01
9.654486115180598294e-01
1.031076973113575601e+00
1.039889723166709690e+00
1.018013973858626686e+00
9.890150042241907524e-01
9.700869913523892940e-01
9.701840877607214031e-01
9.892629077949171013e-01
1.018285911701721558e+00
1.039987155342030567e+00
1.030754905972521840e+00
9.644644937162490939e-01
8.192329243794947979e-01
5.867868394748386729e-01
2.810892183337441175e-01
-5.979208041406460644e-02
-3.830077082492904239e-01
-6.382936052269659877e-01
-7.929751182200396320e-01
-8.374996335719583351e-01
-7.827782534423511906e-01
-6.548212175175879279e-01
-4.896460954351263828e-01
-3.276379730090694387e-01
-2.061033144448844723e-01
-1.511362480445184175e-01
-1.717393094622162997e-01
-2.586333121442757621e-01
-3.882758562837283489e-01
-5.306386825637927629e-01
-6.578729088442212269e-01
-7.507479983145038949e-01
-8.011113398088851589e-01
-8.107252217864400201e-01
-7.881650210177767457e-01
-7.454196025297599171e-01
-6.950521713382913358e-01
-6.481031537165566903e-01
-6.126714858625617044e-01
-5.931478781006073175e-01
-5.901332142295432348e-01
-6.010251820068625017e-01
-6.211189347401903094e-01
-6.449373419347799175e-01
-6.674640532709308349e-01
-6.850207682369796602e-01
-6.956710638507676014e-01
-6.991796743339181441e-01
-6.966536268151566347e-01
-6.900232330995574870e-01
-6.815029055243172484e-01
-6.731316109000680115e-01
-6.664507555241537817e-01
-6.623414313431666978e-01
-6.610138730419934383e-01
-6.621192183906804418e-01
-6.649384723376436934e-01
-6.685980133308381257e-01
-6.722657439860482143e-01
-6.752951191203332426e-01
-6.773016030032263934e-01
-6.781728417515445750e-01
-6.780263245669061467e-01
-6.771348982477336520e-01
-6.758414473639885456e-01
-6.744807892405604299e-01
-6.733211643399772406e-01
-6.725312743868901988e-01
-6.721728977806957772e-01
-6.722145461079306328e-01
-6.725588761372230939e-01
-6.730757272142520176e-01
-6.736334695396078986e-01
-6.741233273657708525e-01
-6.744738622432541186e-01
-6.746552670933972928e-01
-6.746750767448843611e-01
-6.745680956877054824e-01
-6.743837380165098594e-01
-6.741736893729315394e-01
-6.739820536642000537e-01
-6.738391857915931871e-01
-6.737594604451880853e-01
-6.737424548903571120e-01
-6.737765275216562877e-01
-6.738435789191976610e-01
-6.739238533975430157e-01
-6.739999014511793840e-01
-6.740591843031514818e-01
-6.740951716648942993e-01
-6.741070928455618061e-01
-6.740987074160710302e-01
-6.740765517351109404e-01
-6.740481032456598909e-01
-6.740202133776150850e-01
-6.739980272001239170e-01
-6.739844677613040513e-01
-6.739802425239673767e-01
-6.739842454940722094e-01
-6.739941878205115700e-01
-6.740072888072369262e-01
-6.740208889103727063e-01
-6.740328936782453706e-01
-6.740420098904458257e-01
-6.740477817541064010e-01
-6.740504689213184797e-01
-6.740508262940959616e-01
-6.740498486339404627e-01
-6.740485340299198214e-01
-6.740477038284066191e-01
-6.740478974516409538e-01
-6.740493427195276555e-01
-6.740519886885273371e-01
-6.740555800369051331e-01
-6.740597497174651842e-01
-6.740641090006438407e-01
-6.740683195705585717e-01
-6.740721392640147691e-01
-6.740754397840592604e-01
-6.740782001161866877e-01
-6.740804827883265515e-01
-6.740824014156312494e-01
-6.740840874377306280e-01
-6.740856621305031382e-01
-6.740872174999010813e-01
-6.740888071484285593e-01
-6.740904461157425365e-01
-6.740921173154347246e-01
-6.740937816071382871e-01
-6.740953886771160475e-01
-6.740968865565077905e-01
-6.740982285336434288e-01
-6.740993771646960342e-01
-6.741003058497742062e-01
