-6.741203540888158763e-01
-6.741208376921149492e-01
-6.741210862451962882e-01
-6.741211059090239655e-01
-6.741209063769949550e-01
-6.741204998080285726e-01
-6.741198994085237928e-01
-6.741191177681845614e-01
-6.741181651147231113e-01
-6.741170477143753059e-01
-6.741157666928857539e-01
-6.741143175665409437e-01
-6.741126907380883271e-01
-6.741108731172609225e-01
-6.741088508695927128e-01
-6.741066130925056354e-01
-6.741041559899374480e-01
-6.741014869035162338e-01
-6.740986274044584725e-01
-6.740956146022841766e-01
-6.740924999235747839e-01
-6.740893448802143251e-01
-6.740862137814666033e-01
-6.740831639162013778e-01
-6.740802343740481817e-01
-6.740774352867890951e-01
-6.740747397273102459e-01
-6.740720806652106267e-01
-6.740693551195098276e-01
-6.740664368838223952e-01
-6.740631979134762419e-01
-6.740595367430224361e-01
-6.740554103507290229e-01
-6.740508640271204444e-01
-6.740460524544693577e-01
-6.740412448190031824e-01
-6.740368077676855973e-01
-6.740331626457993774e-01
-6.740307177070187228e-01
-6.740297815160292139e-01
-6.740304698047985266e-01
-6.740326234622229240e-01
-6.740357587443995824e-01
-6.740390707684749128e-01
-6.740415067503443547e-01
-6.740419157432432362e-01
-6.740392672622175230e-01
-6.740329137506033685e-01
-6.740228541879266233e-01
-6.740099420737736269e-01
-6.739959748333824718e-01
-6.739836073190162979e-01
-6.739760521258126857e-01
-6.739765641346135983e-01
-6.739877530811071438e-01
-6.740108195188357909e-01
-6.740448565475521958e-01
-6.740863902899382198e-01
-6.741293343858144604e-01
-6.741654983065342721e-01
-6.741857120100304135e-01
-6.741815142185697551e-01
-6.741472118131751623e-01
-6.740819765127330498e-01
-6.739915327453142035e-01
-6.738889412833014569e-01
-6.737940274247211647e-01
-6.737311597218896830e-01
-6.737253558009238530e-01
-6.737970507357422534e-01
-6.739562584272074108e-01
-6.741972114954121187e-01
-6.744947908028823269e-01
-6.748040646667455844e-01
-6.750639842908713328e-01
-6.752057007735067229e-01
-6.751651116255071861e-01
-6.748982089984723043e-01
-6.743967535468876617e-01
-6.737009600769042761e-01
-6.729055073425741496e-01
-6.721555115958535165e-01
-6.716302867685952638e-01
-6.715147534876010349e-01
-6.719610432154792257e-01
-6.730457400843175009e-01
-6.747307146294062585e-01
-6.768369884506298950e-01
-6.790409824828688157e-01
-6.809005106033819699e-01
-6.819139080452456536e-01
-6.816099042368151117e-01
-6.796587000683872448e-01
-6.759870064100258480e-01
-6.708729471081644746e-01
-6.649928422037187925e-01
-6.593935239388361014e-01
-6.553730895087179764e-01
-6.542701001342624556e-01
-6.571834637807002499e-01
-6.646670241184946537e-01
-6.764577334642624118e-01
-6.912998266144917414e-01
-7.069197222991474572e-01
-7.201917556187414915e-01
-7.275180088664416900e-01
-7.254256866341600718e-01
-7.113526522694026966e-01
-6.845311978900696648e-01
-6.467888524726748134e-01
-6.029930452336994540e-01
-5.608414976798237195e-01
-5.298129525334228651e-01
-5.193502855639988702e-01
-5.366520597622870259e-01
-5.846369865747421679e-01
-6.605964659450481724e-01
-7.557643404495966166e-01
-8.556543353436849575e-01
-9.408081000757684276e-01
-9.878483765641720149e-01
-9.715116282439115736e-01
-8.691460800597907710e-01
-6.688000990015413594e-01
-3.792835952051769044e-01
-3.634614544696512101e-02
3.019654031334031985e-01
5.712811541198420384e-01
7.195592208573440285e-01
7.188842961801368281e-01
5.693809568708926294e-01
2.992014461919984547e-01
-3.943917402421106416e-02
-3.821396817205774399e-01
-6.709904395320571702e-01
-8.704763070189940333e-01
-9.720073320111556336e-01
-9.876727750409821649e-01
-9.401773183893585850e-01
-8.547833239882659528e-01
-7.548416386199710004e-01
-6.597732151821440461e-01
-5.840196512924702432e-01
-5.362967180225067798e-01
-5.192614095835992316e-01
-5.299497393711107840e-01
-5.611319277437780695e-01
-6.033525443532018473e-01
-6.471386200115970544e-01
-6.848117017369890203e-01
-7.115300019980116408e-01
-7.254912346613299201e-01
-7.274833005267860031e-01
-7.200813810277454374e-01
-7.067640875714877868e-01
-6.911290294203847884e-01
-6.762970618666080957e-01
-6.645342149957115252e-01
-6.570876605075479659e-01
-6.542123104818189372e-01
-6.553478062828296258e-01
-6.593910507656760567e-01
-6.650018136574395999e-01
-6.708825774568464295e-01
-6.759887358232358201e-01
-6.796470881583842605e-01
-6.815827945928663034e-01
-6.818720134469630212e-01
-6.808466311934331383e-01
-6.789790748655967212e-01
-6.767712705283669417e-01
-6.746649381358320596e-01
-6.729827048072833939e-01
-6.719023730629090085e-01
-6.714609103371654841e-01
-6.715807667841403594e-01
-6.721091520970011723e-01
-6.728608302392671270e-01
-6.736564881145298278e-01
-6.743512541740562805e-01
-6.748508427256760811e-01
-6.751154827096681466e-01
-6.751538245487544998e-01
-6.750101957042369261e-01
-6.747488963660099870e-01
-6.744388474251455934e-01
-6.741410612365396071e-01
-6.739003553486221376e-01
-6.737416932638125022e-01
-6.736706798302265486e-01
-6.736771595334845042e-01
-6.737405946855588024e-01
-6.738359116759874423e-01
-6.739387309138521465e-01
-6.740292524050675027e-01
-6.740944644829530707e-01
-6.741287020950675890e-01
-6.741328510801459784e-01
-6.741126512928319325e-01
-6.740765947631779387e-01
-6.740338649391469650e-01
-6.739926501892613553e-01
-6.739590230536955939e-01
-6.739364368309169739e-01
-6.739257759465557829e-01
-6.739258195137010077e-01
-6.739339423454040467e-01
-6.739468802885436594e-01
-6.739614176320877226e-01
-6.739749015354397077e-01
-6.739855400837518884e-01
-6.739924869677460517e-01
-6.739957504141936839e-01
-6.739959839306143285e-01
-6.739942219346213292e-01
-6.739916170375953586e-01
-6.739892216015214155e-01
-6.739878384793084320e-01
-6.739879484029770440e-01
-6.739897071241536253e-01
-6.739929957403609784e-01
-6.739975030800037237e-01
-6.740028190371389893e-01
-6.740085211902557827e-01
-6.740142424824210332e-01
-6.740197137931940308e-01
-6.740247807617256726e-01
-6.740293984679551764e-01
-6.740336101900931132e-01
-6.740375174320009100e-01
-6.740412480154807096e-01
-6.740449276720240634e-01
-6.740486587027647580e-01
-6.740525073212626506e-01
-6.740564995737371445e-01
-6.740606244487911125e-01
-6.740648420280134223e-01
-6.740690942747312731e-01
-6.740733162238583542e-01
-6.740774457946255849e-01
-6.740814310621225935e-01
-6.740852344665104745e-01
-6.740888340103364795e-01
-6.740922219282764472e-01
-6.740954015785892706e-01
-6.740983834013978271e-01
-6.741011807396972699e-01
-6.741038061643197521e-01
-6.741062687302733503e-01
-6.741085723639237415e-01
-6.741107153757975867e-01
-6.741126909379402399e-01
-6.741144882699577900e-01
-6.741160942434687442e-01
-6.741174951299773177e-01
-6.741186782652041076e-01
-6.741196334650799704e-01
