-6.741049052301995026e-01
-6.741053721308598590e-01
-6.741056166837069430e-01
-6.741056490254894173e-01
-6.741054865092370729e-01
-6.741051536579305559e-01
-6.741046811954424234e-01
-6.741041035987348495e-01
-6.741034548768556345e-01
-6.741027627310754999e-01
-6.741020418094024746e-01
-6.741012873197281818e-01
-6.741004706670745694e-01
-6.740995388902477625e-01
-6.740984193802278535e-01
-6.740970306163019954e-01
-6.740952984935119074e-01
-6.740931763776665253e-01
-6.740906655566721861e-01
-6.740878315849910818e-01
-6.740848115016311315e-01
-6.740818073664498478e-01
-6.740790632116403502e-01
-6.740768253490528883e-01
-6.740752897438272440e-01
-6.740745442976477930e-01
-6.740745175516745791e-01
-6.740749475278832170e-01
-6.740753841988087469e-01
-6.740752356741387397e-01
-6.740738613781609434e-01
-6.740707057387715917e-01
-6.740654545280617693e-01
-6.740581851021406612e-01
-6.740494740697864362e-01
-6.740404241865955992e-01
-6.740325788388511485e-01
-6.740277084650448947e-01
-6.740274779314833209e-01
-6.740330342364952987e-01
-6.740445846930174234e-01
-6.740610599026961580e-01
-6.740799656976543819e-01
-6.740975170321579224e-01
-6.741091105937889738e-01
-6.741101322880826974e-01
-6.740970171935148914e-01
-6.740683957021241790e-01
-6.740260881152786432e-01
-6.739756713472925265e-01
-6.739263547213486527e-01
-6.738899801250390897e-01
-6.738791069681123735e-01
-6.739043414370767815e-01
-6.739712929286818532e-01
-6.740777440631301465e-01
-6.742117513303980125e-01
-6.743513990255908253e-01
-6.744667704380143958e-01
-6.745243635705564511e-01
-6.744936863724275700e-01
-6.743551829428734434e-01
-6.741080725505236293e-01
-6.737762631629362620e-01
-6.734103756266919261e-01
-6.730842074399091546e-01
-6.728847408807009378e-01
-6.728960278159089592e-01
-6.731788112229512011e-01
-6.737493000806198395e-01
-6.745617426352774615e-01
-6.754999646695820648e-01
-6.763825367629554552e-01
-6.769845310169942953e-01
-6.770759495044057497e-01
-6.764731226871572023e-01
-6.750952213676898461e-01
-6.730143074068682951e-01
-6.704851041080804874e-01
-6.679410177605566989e-01
-6.659467862683530193e-01
-6.651057095345319636e-01
-6.659299050522613506e-01
-6.686934272297052617e-01
-6.732975911625893595e-01
-6.791826936391436309e-01
-6.853187232873955148e-01
-6.902991913903263610e-01
-6.925475247779262489e-01
-6.906253216192920208e-01
-6.836066632459425474e-01
-6.714539219294141104e-01
-6.553031059662325353e-01
-6.375519077069676799e-01
-6.216568713803615198e-01
-6.115990424952911786e-01
-6.110656695820123607e-01
-6.224926661706664532e-01
-6.461791586203837756e-01
-6.796906846590904383e-01
-7.177106679246220144e-01
-7.524159236265433037e-01
-7.743936712828458635e-01
-7.741112695671142907e-01
-7.439471587064853120e-01
-6.806641008409038962e-01
-5.878444331063396033e-01
-4.773118789389275141e-01
-3.683490875101612660e-01
-2.840571106459260919e-01
-2.454619847053941539e-01
-2.652101502023908042e-01
-3.430811490574137146e-01
-4.649090879452772995e-01
-6.052079097878643177e-01
-7.323432514000002280e-01
-8.142609492968860829e-01
-8.233854388529091572e-01
-7.409902758766294673e-01
-5.621636964480869469e-01
-3.007136047989989458e-01
9.857194888418114795e-03
3.235513933045501833e-01
5.963243813005977279e-01
8.003254459150310751e-01
9.297993448316574927e-01
9.973082437424931612e-01
1.024430194067567301e+00
1.031847371550251191e+00
1.031825216166682990e+00
1.024303012309283334e+00
9.969120852092182572e-01
9.289207962709056243e-01
7.987857009849057555e-01
5.940757380495562678e-01
3.207482542826196603e-01
6.851768827097854016e-03
-3.034717529427267135e-01
-5.642788581060171893e-01
-7.422304598185812674e-01
-8.237078995908305723e-01
-8.137774081541384597e-01
-7.312715582477102849e-01
-6.038317996428185230e-01
-4.635385763908409507e-01
-3.420023758959886417e-01
-2.646295379226537015e-01
-2.454634376366879311e-01
-2.845900024361974201e-01
-3.692527812251378827e-01
-4.783683371488965386e-01
-5.888398957218978769e-01
-6.814384162233827480e-01
-7.444173310799945265e-01
-7.742691457645386466e-01
-7.742873625797271897e-01
-7.521260824381049703e-01
-7.173287774977908926e-01
-6.793020406072052264e-01
-6.458508835013453409e-01
-6.222666778584367009e-01
-6.109566620439295104e-01
-6.115972822854156554e-01
-6.217348645057371170e-01
-6.376731871909873117e-01
-6.554310187729072146e-01
-6.715585683815812335e-01
-6.836689234700757956e-01
-6.906378331631536360e-01
-6.925132036005320346e-01
-6.902282441571000460e-01
-6.852251121677351842e-01
-6.790808224642472801e-01
-6.731997190131333575e-01
-6.686080620827119514e-01
-6.658612152502378922e-01
-6.650538216917093459e-01
-6.659087207432091704e-01
-6.679119552150454275e-01
-6.704596822249848653e-01
-6.729877069539997869e-01
-6.750638948087610558e-01
-6.764351201134901626e-01
-6.770308824948462201e-01
-6.769332710727901103e-01
-6.763267679207077832e-01
-6.754417047719630807e-01
-6.745029237176567438e-01
-6.736914651615544258e-01
-6.731229506474728508e-01
-6.728425490154338329e-01
-6.728335444278950028e-01
-6.730348309182395683e-01
-6.733621646519980519e-01
-6.737285340841410175e-01
-6.740602412990234216e-01
-6.743068463631873843e-01
-6.744446536562570538e-01
-6.744746443535117875e-01
-6.744165317840800089e-01
-6.743009057948797791e-01
-6.741613037716946977e-01
-6.740276237139991578e-01
-6.739217239853093622e-01
-6.738554705654352661e-01
-6.738310007930564671e-01
-6.738426368496541752e-01
-6.738797247385702738e-01
-6.739296813157498178e-01
-6.739806635946550273e-01
-6.740234787652370496e-01
-6.740525770843632802e-01
-6.740661688262733486e-01
-6.740656513585451259e-01
-6.740546102233652137e-01
-6.740376709133898414e-01
-6.740194389420341992e-01
-6.740036940136437948e-01
-6.739929200301829626e-01
-6.739881740886732864e-01
-6.739892371150011385e-01
-6.739949527582030919e-01
-6.740036501965336324e-01
-6.740135565722263911e-01
-6.740231290850168255e-01
-6.740312676302308015e-01
-6.740373992373460688e-01
-6.740414501911131673e-01
-6.740437376258694435e-01
-6.740448188660174145e-01
-6.740453349764413682e-01
-6.740458772136334042e-01
-6.740468941472358422e-01
-6.740486458368192269e-01
-6.740512017097519681e-01
-6.740544719964087772e-01
-6.740582592050710087e-01
-6.740623159146569288e-01
-6.740663973899805317e-01
-6.740703012011233231e-01
-6.740738901643702485e-01
-6.740770986896769124e-01
-6.740799254578382360e-01
-6.740824169956333156e-01
-6.740846471746659851e-01
-6.740866971372847516e-01
-6.740886389765344822e-01
-6.740905250267813509e-01
-6.740923831831006074e-01
-6.740942175053181717e-01
-6.740960126176266387e-01
-6.740977401238394950e-01
-6.740993653706069955e-01
-6.741008532944005038e-01
-6.741021726407986359e-01
-6.741032984044279530e-01
-6.741042127867959977e-01
