-6.740969686830498020e-01
-6.740973400958653050e-01
-6.740973468986840578e-01
-6.740970435198728739e-01
-6.740965176996348562e-01
-6.740958842253328420e-01
-6.740952734270845292e-01
-6.740948133454891522e-01
-6.740946060469595880e-01
-6.740947007717622563e-01
-6.740950689357694259e-01
-6.740955877805159258e-01
-6.740960399587500040e-01
-6.740961349809537762e-01
-6.740955549876191943e-01
-6.740940219875863892e-01
-6.740913773054878488e-01
-6.740876578202477099e-01
-6.740831493032334309e-01
-6.740783964624567082e-01
-6.740741534729225437e-01
-6.740712683087418666e-01
-6.740705083869373837e-01
-6.740723518065648845e-01
-6.740767844610298098e-01
-6.740831543218986921e-01
-6.740901359937165882e-01
-6.740958479592266128e-01
-6.740981405954595829e-01
-6.740950368688009009e-01
-6.740852648934246849e-01
-6.740687807424322608e-01
-6.740471515918948775e-01
-6.740236641239627513e-01
-6.740030493150610535e-01
-6.739907752681869590e-01
-6.739919500871177638e-01
-6.740099837840467512e-01
-6.740452607663688367e-01
-6.740941463597825978e-01
-6.741486656847482939e-01
-6.741971307420543402e-01
-6.742258442917355987e-01
-6.742217877571352602e-01
-6.741759365454317310e-01
-6.740865907957230840e-01
-6.739619264663280207e-01
-6.738209261029405317e-01
-6.736919919807747847e-01
-6.736088974330043389e-01
-6.736042710049013893e-01
-6.737014561663126067e-01
-6.739062215218031282e-01
-6.742002561199235133e-01
-6.745385131888562702e-01
-6.748521407970019537e-01
-6.750579102601295123e-01
-6.750737758948258671e-01
-6.748386430848586359e-01
-6.743328672388095857e-01
-6.735948189901516114e-01
-6.727284242349911292e-01
-6.718972592813927669e-01
-6.713027270132764235e-01
-6.711469638943594607e-01
-6.715849930861955697e-01
-6.726744839755592897e-01
-6.743343448274106144e-01
-6.763243310386153340e-01
-6.782562352696379637e-01
-6.796428240868643833e-01
-6.799837915490877238e-01
-6.788793849053089691e-01
-6.761532542969554971e-01
-6.719582406735327140e-01
-6.668345614177677572e-01
-6.616918100576755224e-01
-6.576964579051702842e-01
-6.560653481390563702e-01
-6.577901161669353902e-01
-6.633415162441995694e-01
-6.724188890216860059e-01
-6.838128086646607651e-01
-6.954370148466115786e-01
-7.045623287884420494e-01
-7.082551542388095811e-01
-7.039881244993685394e-01
-6.903473066688540216e-01
-6.677061699715910459e-01
-6.386804734335363998e-01
-6.081510944444420419e-01
-5.826875287362125455e-01
-5.693481900311013755e-01
-5.740441862000080775e-01
-5.998421165764251661e-01
-6.456483126307704934e-01
-7.056167869714928820e-01
-7.694063251792511160e-01
-8.232145136616146885e-01
-8.514893455523644406e-01
-8.393943539587178648e-01
-7.762569708527852219e-01
-6.599199395893643461e-01
-5.008745211284949539e-01
-3.238076854002959748e-01
-1.641442505902754589e-01
-5.927056637729254812e-02
-3.720980268421818227e-02
-1.070718852952035199e-01
-2.547935263836482167e-01
-4.457162803234796522e-01
-6.331158724916418068e-01
-7.692765850368493696e-01
-8.150094798557337983e-01
-7.461126127419671628e-01
-5.583383229420109117e-01
-2.714685517243184409e-01
7.132461750232722830e-02
4.137648229544138578e-01
7.046331630804492097e-01
9.136145851257602146e-01
1.036008221119571804e+00
1.086526755426359125e+00
1.088583322596860192e+00
1.065167017523407145e+00
1.033824355943269824e+00
1.005393721281023778e+00
9.851425835423566202e-01
9.748782908639322953e-01
9.749280751504419973e-01
9.852933009655989727e-01
1.005642590008445580e+00
1.034145685337000797e+00
1.065487202032648684e+00
1.088759357443293663e+00
1.086342436378437748e+00
1.035204070790123776e+00
9.119633926405058544e-01
7.020544416691448797e-01
4.104298864941987590e-01
6.767664584052074384e-02
-2.748297684085165837e-01
-5.608625625970453665e-01
-7.474599262910537334e-01
-8.150995270934717762e-01
-7.682581739457522430e-01
-6.313171352885776910e-01
-4.435916344550221990e-01
-2.528460414955700508e-01
-1.057447056715439676e-01
-3.677838628639838736e-02
-5.977927768284969218e-02
-1.654108780696680325e-01
-3.254933827400957602e-01
-5.025941890513312416e-01
-6.613511935971465583e-01
-7.772071726650520151e-01
-8.398111638227646614e-01
-8.514305404115888321e-01
-8.228040135013988676e-01
-7.687949747361346731e-01
-7.049532402717019197e-01
-6.450582329446957752e-01
-5.994136551708767469e-01
-5.738200133488331467e-01
-5.693254680888517605e-01
-5.828261196861431737e-01
-6.083880103315719712e-01
-6.389466898233274739e-01
-6.679415038739695554e-01
-6.905102364934545545e-01
-7.040594737633165678e-01
-7.082364426270694180e-01
-7.044706318484437180e-01
-6.952983125393862318e-01
-6.836554080205184958e-01
-6.722679762068249909e-01
-6.632154344857348338e-01
-6.576985995646579264e-01
-6.560096243558757312e-01
-6.576708527755297240e-01
-6.616862811368857678e-01
-6.668375058741091710e-01
-6.719589865002436602e-01
-6.761438250285044527e-01
-6.788553633268847864e-01
-6.799443276161937222e-01
-6.795899876024538155e-01
-6.781939877078224654e-01
-6.762573923624245475e-01
-6.742671823520548502e-01
-6.726105749255638644e-01
-6.715264299678659343e-01
-6.710943965321574112e-01
-6.712555770926340593e-01
-6.718541084758735682e-01
-6.726874670794088518e-01
-6.735542836926591281e-01
-6.742913350162312858e-01
-6.747952308999958237e-01
-6.750281805373301580e-01
-6.750103374941197609e-01
-6.748031586715338426e-01
-6.744888732574502166e-01
-6.741507220139885126e-01
-6.738574339937258850e-01
-6.736538505978353353e-01
-6.735580503952062204e-01
-6.735640532706249628e-01
-6.736483585013858244e-01
-6.737782506535325844e-01
-6.739199396373699580e-01
-6.740450636676685869e-01
-6.741347175571926753e-01
-6.741808170787846333e-01
-6.741851481462831641e-01
-6.741568012217971084e-01
-6.741088330080917679e-01
-6.740549503382742280e-01
-6.740068268806918006e-01
-6.739724072153274737e-01
-6.739552888404355402e-01
-6.739550515974016553e-01
-6.739682573044497582e-01
-6.739897806265533475e-01
-6.740141477347511012e-01
-6.740366317364202553e-01
-6.740539567157515233e-01
-6.740645692971884984e-01
-6.740685268739138314e-01
-6.740671119406688172e-01
-6.740623078811104341e-01
-6.740562661307845094e-01
-6.740508661157605941e-01
-6.740474284490570733e-01
-6.740465991124652279e-01
-6.740483862246449132e-01
-6.740523067529231582e-01
-6.740575899612899491e-01
-6.740633862964671152e-01
-6.740689415163150233e-01
-6.740737119055527637e-01
-6.740774132080620262e-01
-6.740800100809323236e-01
-6.740816623741464619e-01
-6.740826486700458586e-01
-6.740832867743652423e-01
-6.740838665473015689e-01
-6.740846042853712028e-01
-6.740856214640695843e-01
-6.740869453337702266e-01
-6.740885254138881955e-01
-6.740902585838974836e-01
-6.740920159760984687e-01
-6.740936666583157155e-01
-6.740950954352727953e-01
-6.740962143070255985e-01
