-6.741089025767982301e-01
-6.741093821200186964e-01
-6.741096490524022267e-01
-6.741097070152632931e-01
-6.741095634701742556e-01
-6.741092309799991966e-01
-6.741087279826926126e-01
-6.741080783554492806e-01
-6.741073092584796145e-01
-6.741064471286319915e-01
-6.741055122042667325e-01
-6.741045125069967670e-01
-6.741034386598393491e-01
-6.741022611551242827e-01
-6.741009315879189501e-01
-6.740993888767147224e-01
-6.740975706090538422e-01
-6.740954284709245181e-01
-6.740929454325346182e-01
-6.740901512339145807e-01
-6.740871320465079419e-01
-6.740840302708647203e-01
-6.740810314702794237e-01
-6.740783374843527520e-01
-6.740761276499823706e-01
-6.740745133744258100e-01
-6.740734944287820607e-01
-6.740729274874879273e-01
-6.740725178435423848e-01
-6.740718432552541550e-01
-6.740704142575754121e-01
-6.740677682527578263e-01
-6.740635861596712131e-01
-6.740578118412132724e-01
-6.740507478954501641e-01
-6.740430987885924763e-01
-6.740359355397997909e-01
-6.740305662626482341e-01
-6.740283135875129172e-01
-6.740302215084472692e-01
-6.740367370501705313e-01
-6.740474315289701757e-01
-6.740608366394678086e-01
-6.740744671016061229e-01
-6.740850807870198969e-01
-6.740891886746214201e-01
-6.740837741067822186e-01
-6.740671213209392665e-01
-6.740395985762969167e-01
-6.740042051512012966e-01
-6.739666877271088818e-01
-6.739350706731416230e-01
-6.739185304581637448e-01
-6.739256714476752341e-01
-6.739624123764003105e-01
-6.740298430537121632e-01
-6.741225250983720052e-01
-6.742277524602933170e-01
-6.743262263994510564e-01
-6.743944184916359497e-01
-6.744085986137852151e-01
-6.743501239629660082e-01
-6.742111792069869214e-01
-6.739998098628855461e-01
-6.737428971015041457e-01
-6.734857743848758904e-01
-6.732875498727377561e-01
-6.732118872813995791e-01
-6.733139539317029021e-01
-6.736253293975272838e-01
-6.741396712044754880e-01
-6.748026036072169997e-01
-6.755093853686282568e-01
-6.761132369510557405e-01
-6.764456927012517662e-01
-6.763480670304309328e-01
-6.757103399263970633e-01
-6.745109191529967685e-01
-6.728484431515565634e-01
-6.709557870161199089e-01
-6.691874432264196537e-01
-6.679749441009544819e-01
-6.677509310441533952e-01
-6.688500884441156424e-01
-6.714029611474545689e-01
-6.752447641872518780e-01
-6.798638889972868915e-01
-6.844127579325679500e-01
-6.877966602940157603e-01
-6.888445219809252729e-01
-6.865497527837466363e-01
-6.803501462412793188e-01
-6.703951646836542322e-01
-6.577313972864242686e-01
-6.443306114299653942e-01
-6.328992541488869250e-01
-6.264491162309038241e-01
-6.276710950924603294e-01
-6.382195440861438973e-01
-6.580588263564453033e-01
-6.850281733127139283e-01
-7.147464222060248007e-01
-7.409263866924100661e-01
-7.561287898480413272e-01
-7.529675067909482600e-01
-7.257452670984904097e-01
-6.723758863816878817e-01
-5.961864537095438177e-01
-5.068784629016810372e-01
-4.198274267425791129e-01
-3.532953248762964460e-01
-3.239881699378648339e-01
-3.422522496064621111e-01
-4.085212687047911628e-01
-5.122141704319642663e-01
-6.333445684167594569e-01
-7.460525902523559294e-01
-8.227054040674097735e-01
-8.376715810903387904e-01
-7.711112951688372519e-01
-6.137838467401082188e-01
-3.725217409495448218e-01
-7.310505741696154969e-02
2.439573175025254725e-01
5.355126165205943423e-01
7.699406945659444945e-01
9.346715258571955953e-01
1.033769837336702579e+00
1.078774514044115396e+00
1.078566776121330451e+00
1.033099633196059353e+00
9.334291734017466924e-01
7.680370339032643878e-01
5.329779705445994997e-01
2.410037480628655082e-01
-7.610720293055021901e-02
-3.751547849269289414e-01
-6.157181848629211807e-01
-7.721868182870111896e-01
-8.378997510928071213e-01
-8.222245381280872678e-01
-7.450787450725221417e-01
-6.321341405994795881e-01
-5.110308157680147900e-01
-4.075977895583572375e-01
-3.417503023496442083e-01
-3.239688004708338176e-01
-3.537128889493444395e-01
-4.205507364384126756e-01
-5.077323297392974943e-01
-5.969991954515275756e-01
-6.730172341070151942e-01
-7.261451127654324766e-01
-7.531152317698250886e-01
-7.560597145006546782e-01
-7.407033616966686163e-01
-7.144422506787554417e-01
-6.847114961322745552e-01
-6.577841909701722667e-01
-6.380217086302626406e-01
-6.275634586439046148e-01
-6.264259046798494879e-01
-6.329406054009285576e-01
-6.444092181140943509e-01
-6.578191639228481158e-01
-6.704685488234833901e-01
-6.803933943850231092e-01
-6.865558880605365788e-01
-6.888144656423472734e-01
-6.877371508249255916e-01
-6.843337732162844134e-01
-6.797761585437887000e-01
-6.751577715105226973e-01
-6.713236447829340481e-01
-6.687822847575477514e-01
-6.676954739970295538e-01
-6.679302508653985893e-01
-6.691503725601295471e-01
-6.709225587968001836e-01
-6.728154453807624336e-01
-6.744752896830946698e-01
-6.756702776596181792e-01
-6.763028865120873645e-01
-6.763956772908656934e-01
-6.760593660135414407e-01
-6.754530124549841252e-01
-6.747451506910815411e-01
-6.740823847513880418e-01
-6.735691226473383697e-01
-6.732593401482288575e-01
-6.731589932904491480e-01
-6.732361891398648268e-01
-6.734355543389503040e-01
-6.736933357735442884e-01
-6.739504410232519671e-01
-6.741616316021856736e-01
-6.743001675016001562e-01
-6.743581571492321958e-01
-6.743435542599353072e-01
-6.742751046633734813e-01
-6.741765963453827393e-01
-6.740715701719017794e-01
-6.739792993176177971e-01
-6.739124385818419105e-01
-6.738763635914877259e-01
-6.738699235364078444e-01
-6.738871506620709440e-01
-6.739194095764281522e-01
-6.739575123526143630e-01
-6.739934404796842360e-01
-6.740214655512654085e-01
-6.740386128666753240e-01
-6.740445390893660127e-01
-6.740409805161812207e-01
-6.740309670628431560e-01
-6.740179928354381733e-01
-6.740052977053416772e-01
-6.739953593755834138e-01
-6.739896358169783497e-01
-6.739885451116476300e-01
-6.739916313222624744e-01
-6.739978443989178558e-01
-6.740058588508553994e-01
-6.740143665414062291e-01
-6.740222984495235492e-01
-6.740289531269462175e-01
-6.740340310698477166e-01
-6.740375908713842623e-01
-6.740399530272505046e-01
-6.740415804145256651e-01
-6.740429617944129204e-01
-6.740445180227687683e-01
-6.740465420881300851e-01
-6.740491755794595363e-01
-6.740524171978304890e-01
-6.740561543365721775e-01
-6.740602068082846010e-01
-6.740643722193369047e-01
-6.740684646568834149e-01
-6.740723414749327791e-01
-6.740759162748896083e-01
-6.740791590487986706e-01
-6.740820864877158369e-01
-6.740847464902326447e-01
-6.740872009865710446e-01
-6.740895105261186515e-01
-6.740917229490790419e-01
-6.740938671796641302e-01
-6.740959520022319351e-01
-6.740979687996445646e-01
-6.740998967398648123e-01
-6.741017087989912282e-01
-6.741033772418136838e-01
-6.741048776338667281e-01
-6.741061910023864456e-01
-6.741073042745141519e-01
-6.741082095023346321e-01
