-6.741269972521733989e-01
-6.741274793379610220e-01
-6.741277076952101321e-01
-6.741276878534500083e-01
-6.741274287067231530e-01
-6.741269417634543348e-01
-6.741262400505675378e-01
-6.741253366841128969e-01
-6.741242431891171227e-01
-6.741229677445635948e-01
-6.741215136260529928e-01
-6.741198781926419636e-01
-6.741180527870831440e-01
-6.741160238651785486e-01
-6.741137755252998298e-01
-6.741112933745783131e-01
-6.741085693659355504e-01
-6.741056069143847029e-01
-6.741024253160378121e-01
-6.740990623251345015e-01
-6.740955737687505112e-01
-6.740920293536248886e-01
-6.740885043667504961e-01
-6.740850677599004026e-01
-6.740817680431994141e-01
-6.740786193355917666e-01
-6.740755906227018368e-01
-6.740726015289351114e-01
-6.740695275213738347e-01
-6.740662163098082305e-01
-6.740625153059033314e-01
-6.740583075441377581e-01
-6.740535508218339356e-01
-6.740483125168635903e-01
-6.740427912062889604e-01
-6.740373164253589122e-01
-6.740323200914932755e-01
-6.740282773743166977e-01
-6.740256207916062170e-01
-6.740246382411763104e-01
-6.740253722898077449e-01
-6.740275427957714838e-01
-6.740305162775279690e-01
-6.740333421019902849e-01
-6.740348669606475163e-01
-6.740339256124354694e-01
-6.740295890303124038e-01
-6.740214335547979330e-01
-6.740097799569152448e-01
-6.739958433195367693e-01
-6.739817368670276698e-01
-6.739702876234334727e-01
-6.739646493940252281e-01
-6.739677368138324853e-01
-6.739815480840323225e-01
-6.740064860366651311e-01
-6.740408182300605677e-01
-6.740804275692841019e-01
-6.741189877349365034e-01
-6.741486482685116188e-01
-6.741612335429253422e-01
-6.741498555513925073e-01
-6.741107267744421705e-01
-6.740448565607620734e-01
-6.739592464098057567e-01
-6.738671902754587162e-01
-6.737873548048651795e-01
-6.737414704497078910e-01
-6.737507016247007430e-01
-6.738310578900440495e-01
-6.739885147032576018e-01
-6.742147721421447581e-01
-6.744847257556949582e-01
-6.747566915037976898e-01
-6.749761699205686361e-01
-6.750834375034973078e-01
-6.750245432230707054e-01
-6.747644435403230556e-01
-6.743001624482485301e-01
-6.736711923299505411e-01
-6.729640615473500009e-01
-6.723082795192801830e-01
-6.718618598764284355e-01
-6.717863243185697719e-01
-6.722133409259448689e-01
-6.732076055347095966e-01
-6.747327459638760017e-01
-6.766283765099020409e-01
-6.786064742012317685e-01
-6.802736637994714064e-01
-6.811826653579884372e-01
-6.809111759143998688e-01
-6.791601762888712646e-01
-6.758567821188535829e-01
-6.712405288449945218e-01
-6.659082482144347281e-01
-6.607937042314835363e-01
-6.570657937702476525e-01
-6.559437511318599867e-01
-6.584473013538005848e-01
-6.651194736320797940e-01
-6.757741914521973037e-01
-6.893256536177509997e-01
-7.037513389580888346e-01
-7.162282444028110762e-01
-7.234664540040259828e-01
-7.222449837724059796e-01
-7.101242936966306596e-01
-6.862560398027649500e-01
-6.521306784988701866e-01
-6.120213829453103882e-01
-5.728546927155425683e-01
-5.433265720838330592e-01
-5.323001872288084524e-01
-5.467928865034765717e-01
-5.900459692118011912e-01
-6.601560998790226842e-01
-7.495175343656704792e-01
-8.449944246246232638e-01
-9.285392722263354770e-01
-9.781572328769438940e-01
-9.697759000807211205e-01
-8.813278634543989520e-01
-7.001558462059613852e-01
-4.325582491539324281e-01
-1.104101745750731278e-01
2.118082975173045390e-01
4.712305363608472741e-01
6.151321204208748394e-01
6.144078292173217326e-01
4.692026041388419055e-01
2.088879177957999322e-01
-1.136360521456653699e-01
-4.354924439251319224e-01
-7.023652026054530984e-01
-8.826308757537636440e-01
-9.702161053401721080e-01
-9.779142786676657817e-01
-9.278425819947472286e-01
-8.440690860701304254e-01
-7.485587358065461938e-01
-6.593175498853574013e-01
-5.894324872649050473e-01
-5.464554808378162543e-01
-5.322364176297469385e-01
-5.434887379765959148e-01
-5.731654260696836811e-01
-6.123931171910615978e-01
-6.524839874168493203e-01
-6.865325804876964977e-01
-7.102924174428036919e-01
-7.222986402166822195e-01
-7.234196260139221790e-01
-7.161074656203223476e-01
-7.035882752245585792e-01
-6.891509110323993381e-01
-6.756128639563537819e-01
-6.649885559119501632e-01
-6.583548760238593367e-01
-6.558897012094515588e-01
-6.570436479858744461e-01
-6.607931148930790144e-01
-6.659175717272464157e-01
-6.712490490489868566e-01
-6.758562691797492805e-01
-6.791456623844046581e-01
-6.808810009192923784e-01
-6.811379643737288658e-01
-6.802175217349427649e-01
-6.785429695431068886e-01
-6.765616960066732632e-01
-6.746664937139726925e-01
-6.731443687881029092e-01
-6.721545202700023314e-01
-6.717321932952837749e-01
-6.718117913042115363e-01
-6.722610636481483048e-01
-6.729182434253826450e-01
-6.736253692543299199e-01
-6.742532026139143042e-01
-6.747156090910095827e-01
-6.749735206091279638e-01
-6.750302925090345685e-01
-6.749212527464805156e-01
-6.747005191565524918e-01
-6.744278659708679013e-01
-6.741577469190858096e-01
-6.739317340284386448e-01
-6.737747869017604030e-01
-6.736950584190015690e-01
-6.736864475748556291e-01
-6.737328554254122803e-01
-6.738130698298865351e-01
-6.739053519071523946e-01
-6.739910579015672143e-01
-6.740569370672735428e-01
-6.740960398379670648e-01
-6.741074072937397466e-01
-6.740948682815477433e-01
-6.740653386291174387e-01
-6.740270069974922951e-01
-6.739877234044705512e-01
-6.739538033540272144e-01
-6.739293467472299293e-01
-6.739160665236439973e-01
-6.739135415399373219e-01
-6.739197589915527642e-01
-6.739317947157041910e-01
-6.739464907200272137e-01
-6.739610205024438860e-01
-6.739732748400499851e-01
-6.739820446285731403e-01
-6.739870155734706270e-01
-6.739886170797111387e-01
-6.739877823486727371e-01
-6.739856788201914473e-01
-6.739834600254079877e-01
-6.739820751582550340e-01
-6.739821551090736662e-01
-6.739839768567914557e-01
-6.739874946426084312e-01
-6.739924177729674781e-01
-6.739983115965675342e-01
-6.740046995714531475e-01
-6.740111491224307638e-01
-6.740173306191309388e-01
-6.740230457433820099e-01
-6.740282275117690514e-01
-6.740329184667078755e-01
-6.740372357213405552e-01
-6.740413317454062581e-01
-6.740453584311152380e-01
-6.740494396698586410e-01
-6.740536550199400789e-01
-6.740580345838994569e-01
-6.740625633147474538e-01
-6.740671918215025427e-01
-6.740718503604001821e-01
-6.740764629596176505e-01
-6.740809593322005799e-01
-6.740852831573637127e-01
-6.740893962465444034e-01
-6.740932788989836277e-01
-6.740969272977049842e-01
-6.741003490698331824e-01
-6.741035581576766411e-01
-6.741065699772074149e-01
-6.741093975542818972e-01
-6.741120490024504752e-01
-6.741145264035952600e-01
-6.741168259182421796e-01
-6.741189388081606504e-01
-6.741208530009302757e-01
-6.741225548494534925e-01
-6.741240308138261028e-01
-6.741252688899646017e-01
-6.741262597027801728e-01
