-6.740835484537752720e-01
-6.740840029870586170e-01
-6.740843115542387576e-01
-6.740844887746789693e-01
-6.740845583594974322e-01
-6.740845515663520526e-01
-6.740845044646338602e-01
-6.740844537485092269e-01
-6.740844311255850263e-01
-6.740844567442166868e-01
-6.740845326177414831e-01
-6.740846374382032380e-01
-6.740847244084414713e-01
-6.740847236337735859e-01
-6.740845501190847466e-01
-6.740841175019833820e-01
-6.740833563995856093e-01
-6.740822348390865804e-01
-6.740807769542837002e-01
-6.740790752908768502e-01
-6.740772920012318981e-01
-6.740756451793167292e-01
-6.740743786919982661e-01
-6.740737169869326362e-01
-6.740738101220826728e-01
-6.740746780326352106e-01
-6.740761659974909836e-01
-6.740779244868312370e-01
-6.740794252655690766e-01
-6.740800213068487423e-01
-6.740790507602779646e-01
-6.740759756109613310e-01
-6.740705351638519582e-01
-6.740628851271817101e-01
-6.740536872559887982e-01
-6.740441146185752741e-01
-6.740357453580743119e-01
-6.740303339867619314e-01
-6.740294727817116582e-01
-6.740341838322724266e-01
-6.740445099360304892e-01
-6.740591936731196165e-01
-6.740755419744590693e-01
-6.740895625625210608e-01
-6.740964253934670358e-01
-6.740912471285218643e-01
-6.740701250975509318e-01
-6.740312698357525667e-01
-6.739760172764429624e-01
-6.739094609073084108e-01
-6.738404480164118526e-01
-6.737807454825109899e-01
-6.737433035870145082e-01
-6.737397228340438193e-01
-6.737772361617911931e-01
-6.738557208880751048e-01
-6.739654051747142605e-01
-6.740859841692894427e-01
-6.741877701174318060e-01
-6.742352457820911527e-01
-6.741929770412281586e-01
-6.740333097934246842e-01
-6.737447074466341723e-01
-6.733390908283165555e-01
-6.728562550991596947e-01
-6.723634885175235887e-01
-6.719490023932974676e-01
-6.717087280443569952e-01
-6.717273731469968201e-01
-6.720561706601857477e-01
-6.726912109926255212e-01
-6.735572758645415048e-01
-6.745023508011818159e-01
-6.753072216690532148e-01
-6.757126379288185269e-01
-6.754635108329665183e-01
-6.743657775845803837e-01
-6.723474106149101015e-01
-6.695113599272063398e-01
-6.661660128735404918e-01
-6.628191816005183368e-01
-6.601256179046379735e-01
-6.587858607880561213e-01
-6.594049790257584531e-01
-6.623313992244385107e-01
-6.675056718216247909e-01
-6.743540684902517013e-01
-6.817608214532271393e-01
-6.881456235807560384e-01
-6.916606137011720445e-01
-6.905039365627858583e-01
-6.833242032858491966e-01
-6.696606104550515415e-01
-6.503293718513833976e-01
-6.276387796254067064e-01
-6.053116537038569778e-01
-5.880347688147511409e-01
-5.806445119910503827e-01
-5.870731309304539902e-01
-6.092735828193756031e-01
-6.463669635244438938e-01
-6.941993698674019386e-01
-7.453869925984720757e-01
-7.898409970901146826e-01
-8.157708638306337967e-01
-8.112754215315750583e-01
-7.667226041141527171e-01
-6.779461298248031786e-01
-5.496575206640057498e-01
-3.975832706910763514e-01
-2.474580586821998884e-01
-1.299581467659388367e-01
-7.272570401062551648e-02
-9.233001536701307410e-02
-1.891137462373480294e-01
-3.466764552809443733e-01
-5.360795631434098762e-01
-7.229811848055780477e-01
-8.744464223984700357e-01
-9.626415616295572741e-01
-9.654405841413652434e-01
-8.670364937354194668e-01
-6.619581131544484132e-01
-3.622505259583166382e-01
-2.231427450403176797e-03
3.662182011668322357e-01
6.882694302988058288e-01
9.215988207152054912e-01
1.042503507704070742e+00
1.042037950329351315e+00
9.202302281468932588e-01
6.861105004260136253e-01
3.635164738162489639e-01
-5.094276839559441945e-03
-3.648477961325778951e-01
-6.639477356991925205e-01
-8.682405981650458404e-01
-9.658380050028498864e-01
-9.623117850146261087e-01
-8.735229312452651440e-01
-7.216384529057443542e-01
-5.345376593521166120e-01
-3.451924237656772698e-01
-1.879435760924098864e-01
-9.167164187066539904e-02
-7.266885994960045614e-02
-1.304629332135337494e-01
-2.483706764458619987e-01
-3.986838740582849816e-01
-5.507231462088383322e-01
-6.788049724517393191e-01
-7.672815698952606400e-01
-8.115185056313950485e-01
-8.157391977627058699e-01
-7.896081900509640539e-01
-7.450382051192480093e-01
-6.938163235849396093e-01
-6.460178608594517868e-01
-6.090066591877293378e-01
-5.869134795620262190e-01
-5.805944026118593504e-01
-5.880774415418074108e-01
-6.054178055732621910e-01
-6.277742398320640405e-01
-6.504622198329305105e-01
-6.697663431722674643e-01
-6.833883018291315725e-01
-6.905219621590992229e-01
-6.916364897170792503e-01
-6.880889390069994116e-01
-6.816839030766753682e-01
-6.742693589273740518e-01
-6.674237321555271940e-01
-6.622596766631666521e-01
-6.593473442550285002e-01
-6.587428157206790535e-01
-6.600949984752638722e-01
-6.627971374207691779e-01
-6.661480422899658249e-01
-6.694932143018765824e-01
-6.723257444528096816e-01
-6.743384939933370070e-01
-6.754298173419689411e-01
-6.756728741230831892e-01
-6.752625432827100704e-01
-6.744543571702695806e-01
-6.735076548010828779e-01
-6.726414538385179220e-01
-6.720073862535126397e-01
-6.716802069644651763e-01
-6.716633747181189884e-01
-6.719052877341321617e-01
-6.723209915884289511e-01
-6.728144412495569160e-01
-6.732974315843117674e-01
-6.737027709299163725e-01
-6.739908139872026194e-01
-6.741498060863095887e-01
-6.741914354409190846e-01
-6.741434720646688472e-01
-6.740414198748216901e-01
-6.739208192540158127e-01
-6.738113415385129645e-01
-6.737332473711997727e-01
-6.736962500642280638e-01
-6.737004120815169861e-01
-6.737384485266143530e-01
-6.737987215060072810e-01
-6.738682604198267256e-01
-6.739352943211425195e-01
-6.739909848651967073e-01
-6.740302559445614516e-01
-6.740517925780273867e-01
-6.740574044472958937e-01
-6.740510105169348343e-01
-6.740375046819206961e-01
-6.740217213333695723e-01
-6.740076515258242029e-01
-6.739979829242320752e-01
-6.739939651064199566e-01
-6.739955467303615499e-01
-6.740016979101695060e-01
-6.740108203172102685e-01
-6.740211556197855947e-01
-6.740311241030093603e-01
-6.740395530238522115e-01
-6.740457822730658854e-01
-6.740496584510369260e-01
-6.740514446101334434e-01
-6.740516806899746749e-01
-6.740510297320857491e-01
-6.740501391077172721e-01
-6.740495365997902777e-01
-6.740495706575420076e-01
-6.740503945250619910e-01
-6.740519866374072855e-01
-6.740541953672855024e-01
-6.740567949131495151e-01
-6.740595403545731612e-01
-6.740622128612769881e-01
-6.740646498234360573e-01
-6.740667584417832092e-01
-6.740685144417151164e-01
-6.740699496790463208e-01
-6.740711333705401431e-01
-6.740721516144601022e-01
-6.740730890213523230e-01
-6.740740149825029670e-01
-6.740749756928879899e-01
-6.740759917907651610e-01
-6.740770605608626953e-01
-6.740781611538250173e-01
-6.740792611887055363e-01
-6.740803233435640474e-01
-6.740813109752858967e-01
-6.740821923063285981e-01
-6.740829431521534465e-01
