-6.740829987709194837e-01
-6.740834503925710042e-01
-6.740837545312159396e-01
-6.740839265721388918e-01
-6.740839914455717397e-01
-6.740839819796756727e-01
-6.740839359978639811e-01
-6.740838918885093678e-01
-6.740838826812227680e-01
-6.740839291219146157e-01
-6.740840327591849368e-01
-6.740841705098280512e-01
-6.740842924171006612e-01
-6.740843242196238316e-01
-6.740841758235570635e-01
-6.740837558040755351e-01
-6.740829907412098088e-01
-6.740818467139138015e-01
-6.740803489236212309e-01
-6.740785945414793368e-01
-6.740767538174200491e-01
-6.740750555216029616e-01
-6.740737550164465075e-01
-6.740730865549123818e-01
-6.740732053674061142e-01
-6.740741290647307427e-01
-6.740756909722628309e-01
-6.740775192703746255e-01
-6.740790544090704550e-01
-6.740796126815159495e-01
-6.740784961147401333e-01
-6.740751387004128015e-01
-6.740692679329718384e-01
-6.740610507941608986e-01
-6.740511872595550402e-01
-6.740409145927721557e-01
-6.740318940150409333e-01
-6.740259684578063792e-01
-6.740248049588798418e-01
-6.740294647545367335e-01
-6.740399731886409507e-01
-6.740549836870642908e-01
-6.740716382462240697e-01
-6.740857150971317768e-01
-6.740921189014993375e-01
-6.740857105579868280e-01
-6.740623981853597346e-01
-6.740203293827756736e-01
-6.739609535039643440e-01
-6.738896802261196139e-01
-6.738158654142877291e-01
-6.737519206960178586e-01
-6.737114735335015814e-01
-6.737066910738852554e-01
-6.737450996584781748e-01
-6.738264441363636115e-01
-6.739402884309534381e-01
-6.740651100698821230e-01
-6.741695434750919480e-01
-6.742161560357505801e-01
-6.741677037034123909e-01
-6.739952529569774864e-01
-6.736869572691492891e-01
-6.732557574845116077e-01
-6.727439767809771931e-01
-6.722228393374098943e-01
-6.717854588306053643e-01
-6.715328465114170919e-01
-6.715539012370643768e-01
-6.719019672971174861e-01
-6.725720753591601930e-01
-6.734840520985551082e-01
-6.744769393959194614e-01
-6.753193340292237279e-01
-6.757382207633375604e-01
-6.754656913933504425e-01
-6.742989025722803120e-01
-6.721642585715736917e-01
-6.691729267570588613e-01
-6.656524896920034129e-01
-6.621400214144506080e-01
-6.593261386641293686e-01
-6.579478781834539047e-01
-6.586396432389330924e-01
-6.617637015457991101e-01
-6.672517728754604471e-01
-6.744943328920481873e-01
-6.823128832086029494e-01
-6.890427491539831140e-01
-6.927410308016779261e-01
-6.915166191529844575e-01
-6.839555600361917342e-01
-6.695839490709579733e-01
-6.492741724086531496e-01
-6.254697625960017326e-01
-6.021001676702443239e-01
-5.841007243776390467e-01
-5.765496664652511871e-01
-5.835571004257968930e-01
-6.071392632946527312e-01
-6.463354153693614546e-01
-6.967590983617415468e-01
-7.506567186665669134e-01
-7.974537331162452336e-01
-8.247831326201808810e-01
-8.201226092725150130e-01
-7.732802084794344610e-01
-6.797880546288453951e-01
-5.445701753771068354e-01
-3.842600824597159348e-01
-2.261199387759772750e-01
-1.025792497493007160e-01
-4.269540417209554545e-02
-6.364638571146571944e-02
-1.653814447490496997e-01
-3.302265076848037162e-01
-5.275011089193762936e-01
-7.212363703312887342e-01
-8.774829395817798083e-01
-9.681660967724544653e-01
-9.714956136842786139e-01
-8.722392129903526747e-01
-6.654985545852629691e-01
-3.638190045504720582e-01
-1.949367309662424419e-03
3.679097072181904404e-01
6.908059056581207225e-01
9.245078929030893233e-01
1.045517628967691515e+00
1.045047686943425536e+00
9.231257168578399508e-01
6.886235970541702001e-01
3.651755991350082997e-01
-4.850315744098310754e-03
-3.664547913582856808e-01
-6.675214847712960253e-01
-8.734667135871938548e-01
-9.719026231678916661e-01
-9.678284006658453009e-01
-8.765310060816831061e-01
-7.198444741399475655e-01
-5.258944132717801034e-01
-3.286730247362829593e-01
-1.641515016500679491e-01
-6.295113422021954286e-02
-4.263248304053306181e-02
-1.031090335543994596e-01
-2.270813262782036546e-01
-3.854208117048234516e-01
-5.456939293912019817e-01
-6.806928270690806304e-01
-7.738679608815690614e-01
-8.203773009494027546e-01
-8.247490037928046913e-01
-7.972088063668202329e-01
-7.502906547887838729e-01
-6.963576087787861635e-01
-6.459699140951306040e-01
-6.068602514436544082e-01
-5.833908658481006260e-01
-5.764985754281630737e-01
-5.841471513062029830e-01
-6.022132846198408052e-01
-6.256136162125801592e-01
-6.494151943479768985e-01
-6.696964086784615855e-01
-6.840242610169545712e-01
-6.915369793476953131e-01
-6.927172487889744490e-01
-6.889849494241393479e-01
-6.822340315738669725e-01
-6.744074852679206034e-01
-6.671679869892304104e-01
-6.616907537951666196e-01
-6.585815524453780823e-01
-6.579051309102713629e-01
-6.592964320115556331e-01
-6.621192943900473526e-01
-6.656360106260144072e-01
-6.691562412499417745e-01
-6.721438687075218521e-01
-6.742726250868886773e-01
-6.754327116088081340e-01
-6.756989078347656053e-01
-6.752749070636592243e-01
-6.744290758897966143e-01
-6.734345162127339801e-01
-6.725224208953979321e-01
-6.718533449191681495e-01
-6.715069759507285019e-01
-6.714878126060005448e-01
-6.717421270057404303e-01
-6.721807650552111824e-01
-6.727025994179857138e-01
-6.732145251945224063e-01
-6.736454206814102008e-01
-6.739531199054650257e-01
-6.741248553883154582e-01
-6.741726311885630762e-01
-6.741255007036995872e-01
-6.740207796405018881e-01
-6.738959237500647959e-01
-6.737822807991024066e-01
-6.737013268536025112e-01
-6.736634370286065376e-01
-6.736688040403915334e-01
-6.737098478954332004e-01
-6.737743630246237903e-01
-6.738487012705228762e-01
-6.739204471047520739e-01
-6.739802541454056328e-01
-6.740227308202336731e-01
-6.740464494686050356e-01
-6.740532833387777867e-01
-6.740473410511896857e-01
-6.740337724973110012e-01
-6.740176774016511940e-01
-6.740032761975186526e-01
-6.739934212765312793e-01
-6.739894511248135656e-01
-6.739913316181357361e-01
-6.739979935317179649e-01
-6.740077636461950794e-01
-6.740187951461201754e-01
-6.740294252315510715e-01
-6.740384169999993347e-01
-6.740450721827755398e-01
-6.740492261762540682e-01
-6.740511539075865199e-01
-6.740514233597246774e-01
-6.740507337278837108e-01
-6.740497690753509685e-01
-6.740490884957733853e-01
-6.740490627124031686e-01
-6.740498569006949658e-01
-6.740514517964479868e-01
-6.740536905786701505e-01
-6.740563376241506255e-01
-6.740591365065942142e-01
-6.740618577151942237e-01
-6.740643305432713062e-01
-6.740664575704210515e-01
-6.740682134607008935e-01
-6.740696320249522921e-01
-6.740707865231090334e-01
-6.740717681204668743e-01
-6.740726665290394104e-01
-6.740735555076949881e-01
-6.740744844103025990e-01
-6.740754756485530796e-01
-6.740765269694894979e-01
-6.740776169236765147e-01
-6.740787118059476946e-01
-6.740797725985451239e-01
-6.740807609034845660e-01
-6.740816433726594115e-01
-6.740823946030560787e-01
