-6.741052999321622829e-01
-6.741057840329721662e-01
-6.741060762606512213e-01
-6.741061822684963900e-01
-6.741061114218654948e-01
-6.741058763392561159e-01
-6.741054920143019213e-01
-6.741049743983998921e-01
-6.741043384278544437e-01
-6.741035956399601403e-01
-6.741027517086478626e-01
-6.741018043981796826e-01
-6.741007425328018332e-01
-6.740995465648267349e-01
-6.740981911616198419e-01
-6.740966499168904447e-01
-6.740949018501345424e-01
-6.740929388524379284e-01
-6.740907727618089540e-01
-6.740884404217464265e-01
-6.740860050094278355e-01
-6.740835522079225983e-01
-6.740811804834102583e-01
-6.740789857829787568e-01
-6.740770422719993826e-01
-6.740753820740832403e-01
-6.740739780826244809e-01
-6.740727344708712376e-01
-6.740714892532662095e-01
-6.740700319549816077e-01
-6.740681371031167490e-01
-6.740656110536354939e-01
-6.740623460460229976e-01
-6.740583719867117019e-01
-6.740538941026047448e-01
-6.740493040953858817e-01
-6.740451544309382648e-01
-6.740420902392119107e-01
-6.740407407869437595e-01
-6.740415817993137271e-01
-6.740447895869330353e-01
-6.740501160034145789e-01
-6.740568174905060550e-01
-6.740636697948150236e-01
-6.740690909461749536e-01
-6.740713785085987730e-01
-6.740690442426321427e-01
-6.740612031921203728e-01
-6.740479494890418977e-01
-6.740306336238812701e-01
-6.740119515196251188e-01
-6.739957694036101676e-01
-6.739866427012394245e-01
-6.739890407830585461e-01
-6.740063566163625453e-01
-6.740398507429475883e-01
-6.740877382335715984e-01
-6.741446591920902121e-01
-6.742017628987302391e-01
-6.742475723209442329e-01
-6.742696772456648890e-01
-6.742571396205692125e-01
-6.742033053659378661e-01
-6.741085363302615763e-01
-6.739822459967875767e-01
-6.738435867723595596e-01
-6.737202319766789627e-01
-6.736449413344511861e-01
-6.736499868184898654e-01
-6.737600039383394579e-01
-6.739843449669717934e-01
-6.743104404541938601e-01
-6.746999068985650716e-01
-6.750890646854056376e-01
-6.753950788399868399e-01
-6.755280907199079365e-01
-6.754085316220864721e-01
-6.749874448335930754e-01
-6.742663213569877190e-01
-6.733119765297008730e-01
-6.722616920830529752e-01
-6.713145180214180607e-01
-6.707064399684520284e-01
-6.706700111087268157e-01
-6.713826686617131445e-01
-6.729116614448483746e-01
-6.751664880742953567e-01
-6.778711727760651229e-01
-6.805679745857541318e-01
-6.826609350408435750e-01
-6.835020288836458624e-01
-6.825148544690656793e-01
-6.793413332861181209e-01
-6.739868622527964703e-01
-6.669307961274929530e-01
-6.591651794617826576e-01
-6.521290080742471185e-01
-6.475206121802881132e-01
-6.469963656228210347e-01
-6.517945376052991513e-01
-6.623497883910677286e-01
-6.779777468870658019e-01
-6.967063132960018557e-01
-7.153143033395603645e-01
-7.296175729337361915e-01
-7.350243285508492042e-01
-7.273595304799554961e-01
-7.039121353660795499e-01
-6.645642093395429661e-01
-6.127217746996422854e-01
-5.556482801299039709e-01
-5.038190951911553084e-01
-4.691572078904528431e-01
-4.624282056534260166e-01
-4.904636384588866305e-01
-5.540134572149820746e-01
-6.467991667362699149e-01
-7.558386185703988014e-01
-8.625966702098188943e-01
-9.443565955038513149e-01
-9.757220728942940235e-01
-9.312342221642901929e-01
-7.908260271764591121e-01
-5.487306681407594366e-01
-2.227387108010288053e-01
1.432211094637138304e-01
4.885874778794669360e-01
7.541098183932816168e-01
8.969593049656415795e-01
8.961291022465712741e-01
7.517361736350198775e-01
4.850339553197077769e-01
1.390849581321829120e-01
-2.267460071167906321e-01
-5.519919103360568791e-01
-7.929893048266533073e-01
-9.322474579303865472e-01
-9.757509493422167335e-01
-9.436716911515545814e-01
-8.614910913296814909e-01
-7.545857149398241814e-01
-6.456323219158295323e-01
-5.531108627559434554e-01
-4.899335729801602146e-01
-4.623000323031304926e-01
-4.693848741923213330e-01
-5.042993784078653174e-01
-5.562497715148841948e-01
-6.133162749325159480e-01
-6.650517602595532596e-01
-7.042342317506796734e-01
-7.275000276530739773e-01
-7.350014454570956701e-01
-7.294717154292844619e-01
-7.150956078598541543e-01
-6.964641828660287359e-01
-6.777532947640882988e-01
-6.621713520563013988e-01
-6.516760932540427431e-01
-6.469384722336963822e-01
-6.475132986355853770e-01
-6.521558098199000675e-01
-6.592074317791641880e-01
-6.669713704224803363e-01
-6.740127804850412074e-01
-6.793450324803411711e-01
-6.824941923823829582e-01
-6.834593434190829875e-01
-6.826015653048045362e-01
-6.804986378622697174e-01
-6.777985091393784467e-01
-6.750959730404180181e-01
-6.728469756533086432e-01
-6.713255184060716863e-01
-6.706203226515881077e-01
-6.706628075137577305e-01
-6.712747703834648361e-01
-6.722234535910116549e-01
-6.732731272055768601e-01
-6.742253010866808838e-01
-6.749433867655336705e-01
-6.753612436358240600e-01
-6.754779258402201503e-01
-6.753427446969237913e-01
-6.750354201262326326e-01
-6.746457839312498539e-01
-6.742565156774635859e-01
-6.739310700220796368e-01
-6.737075919624874176e-01
-6.735984430064523298e-01
-6.735941211172397081e-01
-6.736699097349791998e-01
-6.737935205320607635e-01
-6.739322279895144652e-01
-6.740584243844993662e-01
-6.741530347558488678e-01
-6.742067185130825591e-01
-6.742191709183699144e-01
-6.741970818975767665e-01
-6.741514037501422640e-01
-6.740945428019357033e-01
-6.740379596757242187e-01
-6.739904823420829194e-01
-6.739574471262735900e-01
-6.739406186472353122e-01
-6.739387216643710765e-01
-6.739483548393909729e-01
-6.739650461988910823e-01
-6.739842421258969152e-01
-6.740020809346493058e-01
-6.740158723641836991e-01
-6.740242714130729729e-01
-6.740271884072481789e-01
-6.740255113075205307e-01
-6.740207298422843385e-01
-6.740145466047332556e-01
-6.740085427051372147e-01
-6.740039408696305578e-01
-6.740014827820302035e-01
-6.740014146241447568e-01
-6.740035582155432525e-01
-6.740074361750453269e-01
-6.740124178596901272e-01
-6.740178570687377357e-01
-6.740232005660312664e-01
-6.740280561509460755e-01
-6.740322183198240724e-01
-6.740356570468675201e-01
-6.740384800559534595e-01
-6.740408809604043761e-01
-6.740430851383608646e-01
-6.740453028514094003e-01
-6.740476957211761766e-01
-6.740503590530085853e-01
-6.740533192922918415e-01
-6.740565435515019077e-01
-6.740599568473826242e-01
-6.740634624121055740e-01
-6.740669610007198331e-01
-6.740703662251988915e-01
-6.740736142924522722e-01
-6.740766678304250803e-01
-6.740795145439993918e-01
-6.740821621310909562e-01
-6.740846311783096345e-01
-6.740869476880100297e-01
-6.740891365579494421e-01
-6.740912168579422659e-01
-6.740931992403691453e-01
-6.740950853780779406e-01
-6.740968690069073510e-01
-6.740985379873815075e-01
-6.741000767846436759e-01
-6.741014688655336817e-01
-6.741026986803321241e-01
-6.741037530837826752e-01
-6.741046222114225328e-01
