-6.741274320776388107e-01
-6.741279139638763906e-01
-6.741281407819084137e-01
-6.741281181042587667e-01
-6.741278548907637669e-01
-6.741273627285251369e-01
-6.741266547206401505e-01
-6.741257440372542264e-01
-6.741246422156922380e-01
-6.741233573920841771e-01
-6.741218927442964581e-01
-6.741202454979392522e-01
-6.741184068649612726e-01
-6.741163632238325043e-01
-6.741140986986136063e-01
-6.741115990553678827e-01
-6.741088565329308446e-01
-6.741058749068081779e-01
-6.741026738133493179e-01
-6.740992912095452594e-01
-6.740957828823701536e-01
-6.740922182028683540e-01
-6.740886718614873541e-01
-6.740852120897294908e-01
-6.740818867769545752e-01
-6.740787097790092997e-01
-6.740756503904431485e-01
-6.740726291998587749e-01
-6.740695231776013818e-01
-6.740661817397481936e-01
-6.740624537000635685e-01
-6.740582226338972527e-01
-6.740534455854322315e-01
-6.740481877601928185e-01
-6.740426444596117062e-01
-6.740371416216569544e-01
-6.740321083682242476e-01
-6.740280190666043669e-01
-6.740253083093412645e-01
-6.740242691402372754e-01
-6.740249515825671445e-01
-6.740270835182297082e-01
-6.740300376156794782e-01
-6.740328649733585697e-01
-6.740344077422297797e-01
-6.740334895031896423e-01
-6.740291650792119560e-01
-6.740209934304988160e-01
-6.740092819308283190e-01
-6.739952416942591729e-01
-6.739809954247563129e-01
-6.739693940020375917e-01
-6.739636261415384855e-01
-6.739666447238363833e-01
-6.739804785918781516e-01
-6.740055419504298317e-01
-6.740400854637553785e-01
-6.740799440384446228e-01
-6.741187181282397578e-01
-6.741484740026572053e-01
-6.741609651497241229e-01
-6.741492699620194040e-01
-6.741096251761748981e-01
-6.740431312041306189e-01
-6.739569389664249455e-01
-6.738645221823847953e-01
-6.737847130432339515e-01
-6.737393408386456173e-01
-6.737495548869129047e-01
-6.738312087999841493e-01
-6.739899877026533925e-01
-6.742172136710160579e-01
-6.744874007213869094e-01
-6.747585872230070780e-01
-6.749762067157776269e-01
-6.750807551599873335e-01
-6.750188035285323851e-01
-6.747560692730460996e-01
-6.742904300761501935e-01
-6.736621143299476033e-01
-6.729580350663466604e-01
-6.723075356098823230e-01
-6.718678103330842921e-01
-6.717989554272836283e-01
-6.722308284263838196e-01
-6.732263095737337499e-01
-6.747476838060979532e-01
-6.766341704991011285e-01
-6.785986504553283005e-01
-6.802500590239041189e-01
-6.811446135082624975e-01
-6.808641191646477298e-01
-6.791133948969502176e-01
-6.758220739784807085e-01
-6.712298856980828399e-01
-6.659308445056615344e-01
-6.608527826444140496e-01
-6.571562208048895570e-01
-6.560510433840126554e-01
-6.585487336908736333e-01
-6.651874832432455031e-01
-6.757817724113863722e-01
-6.892529308330130888e-01
-7.035921438580255982e-01
-7.159953421690951059e-01
-7.231940620966323952e-01
-7.219873184177113545e-01
-7.099491261683317234e-01
-6.862328587079412623e-01
-6.523143390990941981e-01
-6.124341140082419921e-01
-5.734713942324060065e-01
-5.440691944408286851e-01
-5.330454628272882633e-01
-5.473938012798215125e-01
-5.903626934772431278e-01
-6.600889931800056898e-01
-7.490350778646442942e-01
-8.441526157763373783e-01
-9.274937785510657395e-01
-9.771707332438716032e-01
-9.692160984090286702e-01
-8.816383054497631822e-01
-7.017756882967770560e-01
-4.357906655916584659e-01
-1.152951954843177002e-01
2.055242451317341734e-01
4.639929783606843161e-01
6.074300804031996792e-01
6.067029948201365652e-01
4.619579175940184967e-01
2.025953824975193496e-01
-1.185279504032694664e-01
-4.387285660390569664e-01
-7.039855572630104863e-01
-8.829394650877108175e-01
-9.696530832242576947e-01
-9.769240709918238785e-01
-9.267936189075758335e-01
-8.432246118164051785e-01
-7.480747717959165266e-01
-6.592501807949490145e-01
-5.897500119181813272e-01
-5.470578762822042584e-01
-5.329833910691176291e-01
-5.442328576559900544e-01
-5.737831435049720596e-01
-6.128062735566917052e-01
-6.526675263962267159e-01
-6.865088761786207749e-01
-7.101165135854633492e-01
-7.220402086595958391e-01
-7.231465838841550919e-01
-7.158741206784898781e-01
-7.034288775717436604e-01
-6.890782051428464561e-01
-6.756206208962257653e-01
-6.650568195676042071e-01
-6.584565590519393385e-01
-6.559971761267318069e-01
-6.571341523393912087e-01
-6.608521579730095574e-01
-6.659400382616320613e-01
-6.712382162903630656e-01
-6.758213516461186732e-01
-6.790986876703453134e-01
-6.808337917885861623e-01
-6.810998119472989609e-01
-6.801938655838880576e-01
-6.785351308160595396e-01
-6.765674931746145093e-01
-6.746814342433997691e-01
-6.731630600995451852e-01
-6.721719709818332333e-01
-6.717447618733674020e-01
-6.718176577897073676e-01
-6.722602224869219656e-01
-6.729121158563448057e-01
-6.736161947011312101e-01
-6.742433838685829572e-01
-6.747071608373295115e-01
-6.749677182870310599e-01
-6.750275555264466654e-01
-6.749212384222862404e-01
-6.747023629535244815e-01
-6.744304849984696926e-01
-6.741601269085001347e-01
-6.739331399712807924e-01
-6.737748666428545752e-01
-6.736938385425769171e-01
-6.736842451003308696e-01
-6.737301428931706804e-01
-6.738103341272917435e-01
-6.739029802527853885e-01
-6.739892712685295884e-01
-6.740557762282917142e-01
-6.740953960221561791e-01
-6.741070808193747599e-01
-6.740946355432907433e-01
-6.740650100170265668e-01
-6.740264641357329722e-01
-6.739869314188200455e-01
-6.739528006776747127e-01
-6.739282197561266008e-01
-6.739149183389083753e-01
-6.739124637243091298e-01
-6.739188122967214589e-01
-6.739310015323873859e-01
-6.739458384831750193e-01
-6.739604728107125853e-01
-6.739727858769383184e-01
-6.739815726291776832e-01
-6.739865322459233088e-01
-6.739881115633852282e-01
-6.739872599514392659e-01
-6.739851560164745736e-01
-6.739829577982132669e-01
-6.739816127192914674e-01
-6.739817454842570443e-01
-6.739836250246740157e-01
-6.739871981167046000e-01
-6.739921689259136262e-01
-6.739981007402440216e-01
-6.740045178369931111e-01
-6.740109904509373751e-01
-6.740171925574736100e-01
-6.740229291154925528e-01
-6.740281353093564576e-01
-6.740328544264749810e-01
-6.740372030302483886e-01
-6.740413321811319358e-01
-6.740453920609763561e-01
-6.740495050572307134e-01
-6.740537497660317179e-01
-6.740581559844917026e-01
-6.740627089323436572e-01
-6.740673598420704460e-01
-6.740720396914061663e-01
-6.740766731048232208e-01
-6.740811901297386610e-01
-6.740855344836883534e-01
-6.740896677737270304e-01
-6.740935699578156637e-01
-6.740972368582149876e-01
-6.741006758165812851e-01
-6.741039006172344639e-01
-6.741069266516025449e-01
-6.741097670239631912e-01
-6.741124299795282493e-01
-6.741149177342011800e-01
-6.741172265465681379e-01
-6.741193477214293406e-01
-6.741212691742115570e-01
-6.741229772039306622e-01
-6.741244581948379055e-01
-6.741257000646410091e-01
-6.741266933730462041e-01
