-6.741171706914599326e-01
-6.741176644796987860e-01
-6.741179496577041075e-01
-6.741180273105826792e-01
-6.741178993588282653e-01
-6.741175685617117885e-01
-6.741170385953735300e-01
-6.741163142060555558e-01
-6.741154013737515882e-01
-6.741143073541977504e-01
-6.741130404296956646e-01
-6.741116092224268552e-01
-6.741100215255112493e-01
-6.741082827817542755e-01
-6.741063945541807545e-01
-6.741043535259062525e-01
-6.741021516638497912e-01
-6.740997781085350526e-01
-6.740972230644782792e-01
-6.740944834658284535e-01
-6.740915695489192450e-01
-6.740885108139992310e-01
-6.740853593911341202e-01
-6.740821887445453964e-01
-6.740790861238578069e-01
-6.740761382732706197e-01
-6.740734115666157100e-01
-6.740709296964330077e-01
-6.740686538879852030e-01
-6.740664717997530975e-01
-6.740642012646209658e-01
-6.740616134033861062e-01
-6.740584762668258012e-01
-6.740546153042284994e-01
-6.740499813565498100e-01
-6.740447117091145079e-01
-6.740391664687470641e-01
-6.740339226113304383e-01
-6.740297125710074111e-01
-6.740273035492132525e-01
-6.740273270677625828e-01
-6.740300836933663664e-01
-6.740353621977281939e-01
-6.740423218313936760e-01
-6.740494870056236154e-01
-6.740548925386882217e-01
-6.740563936956365243e-01
-6.740521202621012620e-01
-6.740410127702965992e-01
-6.740233396672676847e-01
-6.740010666357586500e-01
-6.739779436726212047e-01
-6.739592000427696572e-01
-6.739507953475204483e-01
-6.739582632652550975e-01
-6.739852914569168796e-01
-6.740322872149837607e-01
-6.740952585750219495e-01
-6.741653682980180973e-01
-6.742294712084271335e-01
-6.742718123851103584e-01
-6.742768496085101981e-01
-6.742328932530209373e-01
-6.741359756888772869e-01
-6.739931314351977898e-01
-6.738241569252877428e-01
-6.736609863714208002e-01
-6.735441064893402663e-01
-6.735159372557979474e-01
-6.736117768849693155e-01
-6.738496413461046997e-01
-6.742209722751638656e-01
-6.746845711499341869e-01
-6.751660834779230624e-01
-6.755647956539105881e-01
-6.757683940597801753e-01
-6.756747542358052527e-01
-6.752179809912303154e-01
-6.743941284250526413e-01
-6.732807058492332741e-01
-6.720436758727870163e-01
-6.709265760582233673e-01
-6.702188633285440789e-01
-6.702044839648525487e-01
-6.710964889847753634e-01
-6.729683307898793876e-01
-6.756961590776119353e-01
-6.789279096404167158e-01
-6.820935093116534675e-01
-6.844658335101055924e-01
-6.852743015418438777e-01
-6.838626328327157555e-01
-6.798701099342686627e-01
-6.734032213370095832e-01
-6.651546239589827270e-01
-6.564233156396298563e-01
-6.489985694778173109e-01
-6.448933285260168846e-01
-6.459480880887608079e-01
-6.533651562178299788e-01
-6.672630509268655530e-01
-6.863511569946660895e-01
-7.078133187418141903e-01
-7.274636458164426278e-01
-7.402110638170601442e-01
-7.408462766262319255e-01
-7.251315552868047298e-01
-6.910974673732869222e-01
-6.403075527173102133e-01
-5.786756825929686432e-01
-5.163308320874734347e-01
-4.661719538764998449e-01
-4.411854353846210719e-01
-4.511394356716625920e-01
-4.996177292075741350e-01
-5.822888272237525253e-01
-6.868300942509777407e-01
-7.942667498582783869e-01
-8.810372245095504651e-01
-9.212886173215791841e-01
-8.898093506974662503e-01
-7.668764199768415279e-01
-5.456834722234026325e-01
-2.400392087845230893e-01
1.134643100639339541e-01
4.637475740139415659e-01
7.614156463820936915e-01
9.721951207394773364e-01
1.079675486078435220e+00
1.079064299082973966e+00
9.703836910677378080e-01
7.585149520439963267e-01
4.600448628849377330e-01
1.094506532450213454e-01
-2.437704145299199321e-01
-5.486259550075022196e-01
-7.687577056377528084e-01
-8.906158889800356304e-01
-9.211942912536033035e-01
-8.803083959532830294e-01
-7.931916598335706503e-01
-6.856778839638298928e-01
-5.812838782371723134e-01
-4.989189201108401028e-01
-4.508249273523621814e-01
-4.412493091622498032e-01
-4.665369365835626003e-01
-5.168751796763674244e-01
-5.792666186926678229e-01
-6.408314208274774604e-01
-6.914788749305271764e-01
-7.253388848280613033e-01
-7.408860273904604998e-01
-7.401160941291605733e-01
-7.272801463626249463e-01
-7.075895762037278658e-01
-6.861293673101859225e-01
-6.670743330721868869e-01
-6.532274571840670507e-01
-6.458665179258887834e-01
-6.448623616515961610e-01
-6.490054283915439592e-01
-6.564517759021387677e-01
-6.651885211402961406e-01
-6.734291212992922215e-01
-6.798788737277262628e-01
-6.838498810816692197e-01
-6.852399861045856966e-01
-6.844132239555115182e-01
-6.820279091925519621e-01
-6.788553669708141669e-01
-6.756223616624674744e-01
-6.728978024604577168e-01
-6.710321364486205864e-01
-6.701474877010762388e-01
-6.701688604271811567e-01
-6.708820503600377849e-01
-6.720024542429378078e-01
-6.732404604614559140e-01
-6.743528019246612937e-01
-6.751740795063472245e-01
-6.756274857373083531e-01
-6.757176599297015640e-01
-6.755110665310857243e-01
-6.751102038723395538e-01
-6.746275406019652809e-01
-6.741637454067189728e-01
-6.737929775624161843e-01
-6.735561558117929559e-01
-6.734615412903852683e-01
-6.734908596720884377e-01
-6.736086308683221224e-01
-6.737723454227909636e-01
-6.739415153303047745e-01
-6.740842739407666429e-01
-6.741809335379007617e-01
-6.742245803383722924e-01
-6.742192898677875634e-01
-6.741768299069660353e-01
-6.741127835282854086e-01
-6.740429102977451015e-01
-6.739803314132065681e-01
-6.739338426809298177e-01
-6.739073889944139362e-01
-6.739005204288707196e-01
-6.739095179574500216e-01
-6.739288308448709852e-01
-6.739524963181569017e-01
-6.739752928508906393e-01
-6.739934847624583503e-01
-6.740051227474308515e-01
-6.740099530220898805e-01
-6.740090455242998546e-01
-6.740042757234482318e-01
-6.739977886619166192e-01
-6.739915460541882064e-01
-6.739870178562822334e-01
-6.739850386268221305e-01
-6.739858141252086376e-01
-6.739890398163896901e-01
-6.739940819629661739e-01
-6.740001727179006918e-01
-6.740065801124323075e-01
-6.740127281867902553e-01
-6.740182578889104548e-01
-6.740230326611401646e-01
-6.740271018825844118e-01
-6.740306398077333672e-01
-6.740338776877741189e-01
-6.740370434761203677e-01
-6.740403183602724502e-01
-6.740438137792053030e-01
-6.740475677497194118e-01
-6.740515559713292637e-01
-6.740557115722690673e-01
-6.740599473592170376e-01
-6.740641756232853554e-01
-6.740683223910622912e-01
-6.740723349602393277e-01
-6.740761832071127113e-01
-6.740798562491028267e-01
-6.740833565166174379e-01
-6.740866932085136654e-01
-6.740898766415289733e-01
-6.740929143593841211e-01
-6.740958092288267256e-01
-6.740985592533759174e-01
-6.741011585492334701e-01
-6.741035988551148384e-01
-6.741058710427921818e-01
-6.741079662859174038e-01
-6.741098767561258809e-01
-6.741115958880309345e-01
-6.741131183551534178e-01
-6.741144399219465289e-01
-6.741155573005115365e-01
-6.741164680747685489e-01
