-6.740864006509861284e-01
-6.740868662568462177e-01
-6.740871877973515502e-01
-6.740873768245774222e-01
-6.740874521621337268e-01
-6.740874387604417484e-01
-6.740873656252073243e-01
-6.740872625953653330e-01
-6.740871559741277164e-01
-6.740870633610387408e-01
-6.740869884277082003e-01
-6.740869167300134190e-01
-6.740868138466725723e-01
-6.740866270778521629e-01
-6.740862915599706851e-01
-6.740857409420973889e-01
-6.740849217868264409e-01
-6.740838097461089307e-01
-6.740824245338146170e-01
-6.740808400306687043e-01
-6.740791857740634496e-01
-6.740776368101796256e-01
-6.740763905069218076e-01
-6.740756313600346772e-01
-6.740754877831726111e-01
-6.740759878639641656e-01
-6.740770234431633368e-01
-6.740783329212313157e-01
-6.740795122788905136e-01
-6.740800605150745195e-01
-6.740794600537586279e-01
-6.740772851657546028e-01
-6.740733231722363383e-01
-6.740676857232571484e-01
-6.740608826634891804e-01
-6.740538307824801567e-01
-6.740477755433367246e-01
-6.740441162602911485e-01
-6.740441434496482476e-01
-6.740487190018985553e-01
-6.740579517261104936e-01
-6.740709378892044690e-01
-6.740856433917564727e-01
-6.740989965791965854e-01
-6.741072355789515802e-01
-6.741065116438853533e-01
-6.740936942698607659e-01
-6.740672629758498458e-01
-6.740281163538298648e-01
-6.739800952530631273e-01
-6.739300174876706739e-01
-6.738870666693277389e-01
-6.738614714429882468e-01
-6.738625477647542938e-01
-6.738963389162953010e-01
-6.739632478567839646e-01
-6.740561784852834304e-01
-6.741597482177180689e-01
-6.742510709625761933e-01
-6.743024179128102036e-01
-6.742857462950102576e-01
-6.741786739213864177e-01
-6.739710305544542868e-01
-6.736707226767477685e-01
-6.733074095770599232e-01
-6.729325079982255708e-01
-6.726143973819544986e-01
-6.724284137332268152e-01
-6.724422476482362354e-01
-6.726985638374667342e-01
-6.731978176915734968e-01
-6.738850903480578802e-01
-6.746450261588549102e-01
-6.753084184605459006e-01
-6.756725403370610339e-01
-6.755349914477637441e-01
-6.747378377895620893e-01
-6.732155599781576294e-01
-6.710374032200880912e-01
-6.684329245451300361e-01
-6.657897200014979422e-01
-6.636151941383724440e-01
-6.624600357111883886e-01
-6.628092296113802240e-01
-6.649555195980043631e-01
-6.688781665846204039e-01
-6.741545268168724903e-01
-6.799319668819369111e-01
-6.849825203083849123e-01
-6.878528249354503021e-01
-6.871076543326837260e-01
-6.816466667215805852e-01
-6.710508311225488187e-01
-6.558896027993441624e-01
-6.378995236043366601e-01
-6.199421267412523751e-01
-6.056770103537617578e-01
-5.989487251579154181e-01
-6.029699050333879873e-01
-6.194573671101001322e-01
-6.479097266449190817e-01
-6.851891773024334498e-01
-7.255025027743633448e-01
-7.608109856026384898e-01
-7.816827651449288483e-01
-7.786419855273277735e-01
-7.440943168999668567e-01
-6.747734172587819268e-01
-5.742492095600691959e-01
-4.544883045028949575e-01
-3.352102002435347061e-01
-2.403418686410468130e-01
-1.921892495887591867e-01
-2.052043458283600019e-01
-2.815664245448883385e-01
-4.101055122319837154e-01
-5.688105790886321955e-01
-7.296973678924785212e-01
-8.637681089045456950e-01
-9.441249964087780056e-01
-9.472708953438254698e-01
-8.548947748110752309e-01
-6.587404549557372979e-01
-3.681680622218466703e-01
-1.523668827289820400e-02
3.494449364582566941e-01
6.708800522977427239e-01
9.053528643867873038e-01
1.027408826435802780e+00
1.026945714782268260e+00
9.039959357579654409e-01
6.687523550346704537e-01
3.468034817963241423e-01
-1.800926533323939094e-02
-3.706556278053195763e-01
-6.606192594600392987e-01
-8.560072524591822996e-01
-9.476154632026326796e-01
-9.437997877195226648e-01
-8.629218242203238187e-01
-7.285089457481267461e-01
-5.674852091162134737e-01
-4.088635034573457339e-01
-2.806131655525973545e-01
-2.046888402713576138e-01
-1.921695360029567479e-01
-2.407731281311911997e-01
-3.359613009128528116e-01
-4.553814032365655073e-01
-5.751081243094721129e-01
-6.754634808835767723e-01
-7.445420868837051565e-01
-7.788340503329778119e-01
-7.816512610718406862e-01
-7.606150603045076508e-01
-7.252117075228217136e-01
-6.848708106112604277e-01
-6.476199580290614710e-01
-6.192355963766200677e-01
-6.028361899459555584e-01
-5.989043118945197586e-01
-6.057077241402909484e-01
-6.200238229403791657e-01
-6.380043357204746579e-01
-6.559916290188068100e-01
-6.711302227647193419e-01
-6.816916567245904224e-01
-6.871146410024153717e-01
-6.878250132101878522e-01
-6.849277615596330859e-01
-6.798603845559380021e-01
-6.740763666331794912e-01
-6.688021445114971097e-01
-6.648877956814343015e-01
-6.627530184979594230e-01
-6.624157731522232195e-01
-6.635811133170911313e-01
-6.657626565724946710e-01
-6.684091681374694227e-01
-6.710134431450374137e-01
-6.731886242239951690e-01
-6.747061831652979569e-01
-6.754979556006557306e-01
-6.756304042967977708e-01
-6.752621480431760803e-01
-6.745959634906092406e-01
-6.738346572170184068e-01
-6.731472754919681778e-01
-6.726488551739442379e-01
-6.723939258600994950e-01
-6.723816512275146984e-01
-6.725690532218334683e-01
-6.728882301835871216e-01
-6.732637474913988340e-01
-6.736272291650164945e-01
-6.739273395225935381e-01
-6.741345466010024712e-01
-6.742410860019876218e-01
-6.742572582718230345e-01
-6.742055456909781253e-01
-6.741140516381134429e-01
-6.740105252838070049e-01
-6.739178387411839388e-01
-6.738513363372841125e-01
-6.738180632873594922e-01
-6.738175641194854570e-01
-6.738437501475977864e-01
-6.738872727047284794e-01
-6.739378853872338704e-01
-6.739864011078776640e-01
-6.740260100422217349e-01
-6.740528867759765230e-01
-6.740661512990293591e-01
-6.740673420011840111e-01
-6.740596037871123825e-01
-6.740467946777445318e-01
-6.740326802737520717e-01
-6.740203309863210812e-01
-6.740117759480950266e-01
-6.740079117687373111e-01
-6.740086219187404470e-01
-6.740130374919220957e-01
-6.740198625527819010e-01
-6.740276943947169919e-01
-6.740352861928683437e-01
-6.740417214998764006e-01
-6.740464919879051164e-01
-6.740494880982644821e-01
-6.740509246181889402e-01
-6.740512289683886493e-01
-6.740509197317128276e-01
-6.740504981356327807e-01
-6.740503676984578307e-01
-6.740507889509523842e-01
-6.740518686318355268e-01
-6.740535771058205894e-01
-6.740557844791358333e-01
-6.740583049832514773e-01
-6.740609402593320532e-01
-6.740635145639684023e-01
-6.740658979175995213e-01
-6.740680161809051718e-01
-6.740698494796372175e-01
-6.740714220173739113e-01
-6.740727870362722696e-01
-6.740740105973686003e-01
-6.740751571605372305e-01
-6.740762789111507391e-01
-6.740774096651311886e-01
-6.740785632002213035e-01
-6.740797351505792845e-01
-6.740809072254019263e-01
-6.740820524577556538e-01
-6.740831403887337370e-01
-6.740841414438248913e-01
-6.740850301543628298e-01
-6.740857872218987135e-01
