-6.748577125317624104e-01
-6.748585566785381129e-01
-6.748594007298649444e-01
-6.748602440627969878e-01
-6.748610859999484290e-01
-6.748619258098773610e-01
-6.748627627073994217e-01
-6.748635958538382607e-01
-6.748644243572101686e-01
-6.748652472723422058e-01
-6.748660636009262692e-01
-6.748668722915082130e-01
-6.748676722394129079e-01
-6.748684622866051308e-01
-6.748692412214895020e-01
-6.748700077786503604e-01
-6.748707606385259128e-01
-6.748714984270280937e-01
-6.748722197151012514e-01
-6.748729230182268779e-01
-6.748736067958672757e-01
-6.748742694508589324e-01
-6.748749093287526035e-01
-6.748755247171017713e-01
-6.748761138447039176e-01
-6.748766748807961680e-01
-6.748772059342095231e-01
-6.748777050524793486e-01
-6.748781702209196709e-01
-6.748785993616621681e-01
-6.748789903326594120e-01
-6.748793409266560239e-01
-6.748796488701335194e-01
-6.748799118222196247e-01
-6.748801273735778317e-01
-6.748802930452734161e-01
-6.748804062876209153e-01
-6.748804644790187268e-01
-6.748804649247762688e-01
-6.748804048559396973e-01
-6.748802814281171791e-01
-6.748800917203146010e-01
-6.748798327337796055e-01
-6.748795013908531759e-01
-6.748790945338336567e-01
-6.748786089238506536e-01
-6.748780412397473727e-01
-6.748773880769741718e-01
-6.748766459464961009e-01
-6.748758112737253123e-01
-6.748748803974826682e-01
-6.748738495690069783e-01
-6.748727149510294065e-01
-6.748714726169193767e-01
-6.748701185499219601e-01
-6.748686486424817499e-01
-6.748670586956606599e-01
-6.748653444186266670e-01
-6.748635014282033939e-01
-6.748615252484559957e-01
-6.748594113102940328e-01
-6.748571549510795631e-01
-6.748547514142450021e-01
-6.748521958489436257e-01
-6.748494833097747891e-01
-6.748466087566427074e-01
-6.748435670548182941e-01
-6.748403529752693419e-01
-6.748369611953066727e-01
-6.748333862995565813e-01
-6.748296227812318193e-01
-6.748256650436169624e-01
-6.748215074016441495e-01
-6.748171440834074275e-01
-6.748125692314591584e-01
-6.748077769037763574e-01
-6.748027610743549953e-01
-6.747975156334949931e-01
-6.747920343879604266e-01
-6.747863110613183668e-01
-6.747803392948402701e-01
-6.747741126493670416e-01
-6.747676246084887142e-01
-6.747608685832153785e-01
-6.747538379180894053e-01
-6.747465258983819103e-01
-6.747389257577125488e-01
-6.747310306851918016e-01
-6.747228338310579110e-01
-6.747143283098625544e-01
-6.747055072005658793e-01
-6.746963635434305440e-01
-6.746868903343292700e-01
-6.746770805178542441e-01
-6.746669269813404535e-01
-6.746564225523565828e-01
-6.746455600022520649e-01
-6.746343320578198632e-01
-6.746227314219980231e-01
-6.746107508028790223e-01
-6.745983829482989913e-01
-6.745856206813112266e-01
-6.745724569303134244e-01
-6.745588847469742300e-01
-6.745448973057845965e-01
-6.745304878812674598e-01
-6.745156498026144698e-01
-6.745003763903727467e-01
-6.744846608851121639e-01
-6.744684963826973467e-01
-6.744518757937173481e-01
-6.744347918446089718e-01
-6.744172371341996541e-01
-6.743992042514769247e-01
-6.743806859489032135e-01
-6.743616753518851814e-01
-6.743421661714670279e-01
-6.743221528768433837e-01
-6.743016307800941966e-01
-6.742805959903912516e-01
-6.742590452104365584e-01
-6.742369753739226867e-01
-6.742143831568385703e-01
-6.741912644325477322e-01
-6.741676137736247743e-01
-6.741434241241167635e-01
-6.741186867660351467e-01
-6.740933916773098611e-01
-6.740675283228911852e-01
-6.740410868394889343e-01
-6.740140594774512994e-01
-6.739864420667333045e-01
-6.739582351987526421e-01
-6.739294447848693803e-01
-6.739000816851931086e-01
-6.738701602105197086e-01
-6.738396954847333253e-01
-6.738086998977360631e-01
-6.737771791449157499e-01
-6.737451285877927853e-01
-6.737125308219320541e-01
-6.736793553435215243e-01
-6.736455610199798549e-01
-6.736111016752813763e-01
-6.735759345198669701e-01
-6.735400304577631170e-01
-6.735033846056910356e-01
-6.734660248114064940e-01
-6.734280157251659737e-01
-6.733894562042987975e-01
-6.733504686058884303e-01
-6.733111798441387963e-01
-6.732716958355742243e-01
-6.732320728764678019e-01
-6.731922912292057637e-01
-6.731522373052680752e-01
-6.731117008941757129e-01
-6.730703925704254464e-01
-6.730279835840405900e-01
-6.729841663626632275e-01
-6.729387287223400627e-01
-6.728916298338056823e-01
-6.728430620100871451e-01
-6.727934806552462454e-01
-6.727435862969385338e-01
-6.726942481710360688e-01
-6.726463683256693749e-01
-6.726006977945683252e-01
-6.725576302539830742e-01
-6.725170111017805263e-01
-6.724780079620373829e-01
-6.724390891341706089e-01
-6.723981470918477532e-01
-6.723527838500640286e-01
-6.723007449871092334e-01
-6.722404529098656711e-01
-6.721715535771887184e-01
-6.720953621827689961e-01
-6.720150807853481068e-01
-6.719356721607917526e-01
-6.718633139557865785e-01
-6.718044254756103673e-01
-6.717643498418471859e-01
-6.717458737929187240e-01
-6.717478571757529160e-01
-6.717643018023261581e-01
-6.717841927737435714e-01
-6.717923777531841223e-01
-6.717716044464225877e-01
-6.717056218688374214e-01
-6.715829922885329095e-01
-6.714010006021634558e-01
-6.711688422095917206e-01
-6.709091805593362379e-01
-6.706572465491709156e-01
-6.704569383798127946e-01
-6.703538716048329515e-01
-6.703859781482215396e-01
-6.705729636911053060e-01
-6.709065672126749424e-01
-6.713439650659057678e-01
-6.718066728766732831e-01
-6.721868108419096766e-01
-6.723615726683028759e-01
-6.722152322729134655e-01
-6.716662029211026841e-01
-6.706948131154645276e-01
-6.693659685163967366e-01
-6.678401813722604219e-01
-6.663670059793141975e-01
-6.652570172243379432e-01
-6.648321134662500409e-01
-6.653587068730887344e-01
-6.669734502533556375e-01
-6.696154227181875251e-01
-6.729810325583873709e-01
-6.765174597420383629e-01
-6.794668790391619195e-01
-6.809670243483092467e-01
-6.802041604315124390e-01
-6.766026710110104592e-01
-6.700221862168563858e-01
-6.609206109130663087e-01
-6.504336083122972401e-01
-6.403235601608965322e-01
-6.327685636530040458e-01
-6.299951226693415451e-01
-6.338002178853463509e-01
-6.450464324120271931e-01
-6.632338882022409399e-01
-6.862478490383145946e-01
-7.103559261623875187e-01
-7.304989873418689106e-01
-7.408997375575289146e-01
-7.360006106566004958e-01
-7.117088056843317023e-01
-6.668253687874641233e-01
-6.043494268891475008e-01
-5.321478527704315287e-01
-4.624337759165933481e-01
-4.097680179825831104e-01
-3.878622724302030478e-01
-4.060431487306076503e-01
-4.664797762473852361e-01
-5.630222437650514999e-01
-6.818456830013975845e-01
-8.033353598804658935e-01
-9.042206293091328284e-01
-9.593247059992598968e-01
-9.434862872816004442e-01
-8.354223722807924135e-01
-6.249947031136595665e-01
-3.223265358863401930e-01
3.716164282621537557e-02
3.983920063520519639e-01
7.024601986423404387e-01
9.029310404790066302e-01
9.730545791776746833e-01
9.044930954055304673e-01
7.053920749992739214e-01
4.022749826991226518e-01
4.137182299966411098e-02
-3.184743232580447558e-01
-6.220376372241285257e-01
-8.336154819583914133e-01
-9.428084421970898132e-01
-9.595753302861572687e-01
-9.051222118803284866e-01
-8.045975879359800187e-01
-6.831953344845156373e-01
-5.642210980749037263e-01
-4.673448741861468969e-01
-4.064683849142602390e-01
-3.878314271453856543e-01
-4.093504048398780570e-01
-4.617608618356455197e-01
-5.313771797479961423e-01
-6.036270833673403891e-01
-6.662580320611298790e-01
-7.113513488572766885e-01
-7.358585623801848774e-01
-7.409412984049769113e-01
-7.306704486976428603e-01
-7.105960992551820787e-01
-6.864994277800249289e-01
-6.634512297502764833e-01
-6.451998775599548930e-01
-6.338772329240280889e-01
-6.299986651139246607e-01
-6.327133156607435138e-01
-6.402309490977921014e-01
-6.503266748881044723e-01
-6.608196854545174137e-01
-6.699420111620468798e-01
-6.765511808417440376e-01
-6.801827435716671921e-01
-6.809718445542399801e-01
-6.794907507026065607e-01
-6.765518166302034730e-01
-6.730176444548299219e-01
-6.696476492225145183e-01
-6.669969460767520841e-01
-6.653715956771979467e-01
-6.648347232575098076e-01
-6.652513174725955825e-01
-6.663559040337844186e-01
-6.678268251389698484e-01
-6.693531695547370042e-01
-6.706846587171880758e-01
-6.716598780948118685e-01
-6.722130321411051712e-01
-6.723630583774520275e-01
-6.721910494257778979e-01
-6.718125020114090740e-01
-6.713502337613895810e-01
-6.709123190212248344e-01
-6.705775461234346757e-01
-6.703890776236844928e-01
-6.703554853763364907e-01
-6.704573024054840680e-01
-6.706567410813522034e-01
-6.709082338842806692e-01
-6.711678486206797967e-01
-6.714002627002714219e-01
-6.715826914263235414e-01
-6.717058150921804138e-01
-6.717722423501111262e-01
-6.717933355520215866e-01
-6.717853065150397596e-01
-6.717654026658709254e-01
-6.717487987324122223e-01
-6.717465494036077844e-01
-6.717646996153588956e-01
-6.718044340250235447e-01
-6.718630014012642038e-01
-6.719350813660247557e-01
-6.720142637495710725e-01
-6.720943679868355281e-01
-6.721704194884431383e-01
-6.722391993759314621e-01
-6.722993744532133054e-01
-6.723512827292322802e-01
-6.723964898573165927e-01
-6.724372433915735137e-01
-6.724759394573737170e-01
-6.725146878665323458e-01
-6.725550254082763857e-01
-6.725977908546411088e-01
-6.726431451392186345e-01
-6.726906997991694004e-01
-6.727397072612851803e-01
-6.727892669784016899e-01
-6.728385094155954205e-01
-6.728867323643168419e-01
-6.729334779090454521e-01
-6.729785509599506277e-01
-6.730219897884619495e-01
-6.730640045824474171e-01
-6.731049016570612720e-01
-6.731450092635532512e-01
-6.731846169811568359e-01
-6.732239356401162889e-01
-6.732630796961939224e-01
-6.733020697938086885e-01
-6.733408504173648002e-01
-6.733793161991542542e-01
-6.734173405002161772e-01
-6.734548009802124868e-01
-6.734915985970366670e-01
-6.735276683945952136e-01
-6.735629821839934639e-01
-6.735975445480646417e-01
-6.736313843790943112e-01
-6.736645443911393194e-01
-6.736970708200240576e-01
-6.737290049804454117e-01
-6.737603776541133405e-01
-6.737912065863697064e-01
-6.738214967873528138e-01
-6.738512429375160817e-01
-6.738804330092401651e-01
-6.739090522194507438e-01
-6.739370865777918329e-01
-6.739645255322296302e-01
-6.739913634792324970e-01
-6.740176001483256796e-01
-6.740432400557569981e-01
-6.740682913318249980e-01
-6.740927642602401182e-01
-6.741166698376312993e-01
-6.741400185868304806e-01
-6.741628197614174534e-01
-6.741850809822061974e-01
-6.742068082650929384e-01
-6.742280063439267668e-01
-6.742486791651588485e-01
-6.742688304308207536e-01
-6.742884640867581325e-01
-6.743075846858674893e-01
-6.743261975930605612e-01
-6.743443090326908251e-01
-6.743619260052468034e-01
-6.743790561157627650e-01
-6.743957073613672248e-01
-6.744118879213503170e-01
-6.744276059827728487e-01
-6.744428696211675067e-01
-6.744576867422300559e-01
-6.744720650788825766e-01
-6.744860122301481464e-01
-6.744995357244037981e-01
-6.745126430895060921e-01
-6.745253419151427954e-01
-6.745376398974359811e-01
-6.745495448610766553e-01
-6.745610647591511189e-01
-6.745722076545334067e-01
-6.745829816889750141e-01
-6.745933950467111195e-01
-6.746034559188144319e-01
-6.746131724730134449e-01
-6.746225528317345566e-01
-6.746316050591454339e-01
-6.746403371563129969e-01
-6.746487570624472019e-01
-6.746568726596686716e-01
-6.746646917787427755e-01
-6.746722222036731775e-01
-6.746794716737504194e-01
-6.746864478824305955e-01
-6.746931584731336029e-01
-6.746996110325901297e-01
-6.747058130826723010e-01
-6.747117720717357159e-01
-6.747174953663760411e-01
-6.747229902442666294e-01
-6.747282638884442019e-01
-6.747333233831057653e-01
-6.747381757107390188e-01
-6.747428277502548477e-01
-6.747472862757138978e-01
-6.747515579552690879e-01
-6.747556493500217467e-01
-6.747595669126003060e-01
-6.747633169854012625e-01
-6.747669057985226093e-01
-6.747703394675147459e-01
-6.747736239910907541e-01
-6.747767652489576884e-01
-6.747797689998924486e-01
-6.747826408801438358e-01
-6.747853864021984283e-01
-6.747880109538957338e-01
-6.747905197978532055e-01
-6.747929180711312869e-01
-6.747952107850724301e-01
-6.747974028252563539e-01
-6.747994989515256892e-01
-6.748015037980609199e-01
-6.748034218734964007e-01
-6.748052575610965498e-01
-6.748070151190026511e-01
-6.748086986805751364e-01
-6.748103122548499977e-01
-6.748118597271236530e-01
-6.748133448596641548e-01
-6.748147712925484099e-01
-6.748161425446129735e-01
-6.748174620145106495e-01
-6.748187329818430280e-01
-6.748199586083699630e-01
-6.748211419392745603e-01
-6.748222859044790134e-01
-6.748233933200072920e-01
-6.748244668893917941e-01
-6.748255092051234083e-01
-6.748265227501429875e-01
-6.748275098993826715e-01
-6.748284729213409605e-01
-6.748294139796990887e-01
-6.748303351349708157e-01
-6.748312383461815278e-01
-6.748321254725653251e-01
-6.748329982752800937e-01
-6.748338584191326817e-01
-6.748347074743085150e-01
-6.748355469181018806e-01
-6.748363781366424341e-01
-6.748372024266167113e-01
-6.748380209969823129e-01
-6.748388349706663236e-01
-6.748396453862540723e-01
-6.748404531996577971e-01
-6.748412592857642167e-01
-6.748420644400631163e-01
-6.748428693802425160e-01
-6.748436747477561948e-01
-6.748444811093586848e-01
-6.748452889586018522e-01
-6.748460987172918424e-01
-6.748469107369045039e-01
-6.748477252999556253e-01
-6.748485426213278737e-01
-6.748493628495461083e-01
-6.748501860680026221e-01
-6.748510122961335345e-01
-6.748518414905392282e-01
-6.748526735460512738e-01
-6.748535082967405119e-01
-6.748543455168662941e-01
-6.748551849217701015e-01
-6.748560261687037709e-01
-6.748568688575967700e-01
