-6.748572909244030527e-01
-6.748582099044495575e-01
-6.748591352132561338e-01
-6.748600661699758474e-01
-6.748610020483882810e-01
-6.748619420772976607e-01
-6.748628854408514899e-01
-6.748638312787784699e-01
-6.748647786865401565e-01
-6.748657267154085648e-01
-6.748666743724586192e-01
-6.748676206204811123e-01
-6.748685643778175036e-01
-6.748695045181150043e-01
-6.748704398700049456e-01
-6.748713692167030986e-01
-6.748722912955357200e-01
-6.748732047973893255e-01
-6.748741083660902973e-01
-6.748750005977116606e-01
-6.748758800398096946e-01
-6.748767451905947068e-01
-6.748775944980325292e-01
-6.748784263588856192e-01
-6.748792391176898775e-01
-6.748800310656717372e-01
-6.748808004396077420e-01
-6.748815454206270603e-01
-6.748822641329614846e-01
-6.748829546426450277e-01
-6.748836149561624476e-01
-6.748842430190554742e-01
-6.748848367144864024e-01
-6.748853938617622727e-01
-6.748859122148277434e-01
-6.748863894607233238e-01
-6.748868232180198490e-01
-6.748872110352264198e-01
-6.748875503891803573e-01
-6.748878386834196164e-01
-6.748880732465384336e-01
-6.748882513305304309e-01
-6.748883701091212828e-01
-6.748884266760959427e-01
-6.748884180436203195e-01
-6.748883411405643962e-01
-6.748881928108337869e-01
-6.748879698117146164e-01
-6.748876688122399381e-01
-6.748872863915866827e-01
-6.748868190375136855e-01
-6.748862631448410143e-01
-6.748856150139825871e-01
-6.748848708495343018e-01
-6.748840267589135689e-01
-6.748830787510518014e-01
-6.748820227351318701e-01
-6.748808545193707431e-01
-6.748795698098369877e-01
-6.748781642093066857e-01
-6.748766332161643122e-01
-6.748749722233584603e-01
-6.748731765174373898e-01
-6.748712412776910474e-01
-6.748691615754357498e-01
-6.748669323734763914e-01
-6.748645485257739329e-01
-6.748620047773394859e-01
-6.748592957643438917e-01
-6.748564160144231439e-01
-6.748533599471201461e-01
-6.748501218743923058e-01
-6.748466960011059168e-01
-6.748430764254413905e-01
-6.748392571391655936e-01
-6.748352320277785088e-01
-6.748309948706003869e-01
-6.748265393409420554e-01
-6.748218590065556688e-01
-6.748169473305994925e-01
-6.748117976733410961e-01
-6.748064032947715951e-01
-6.748007573581799035e-01
-6.747948529345950686e-01
-6.747886830078172471e-01
-6.747822404796095519e-01
-6.747755181744967690e-01
-6.747685088436063960e-01
-6.747612051670826006e-01
-6.747535997548163023e-01
-6.747456851455709836e-01
-6.747374538049878412e-01
-6.747288981233525718e-01
-6.747200104143386001e-01
-6.747107829161063108e-01
-6.747012077960699017e-01
-6.746912771603058578e-01
-6.746809830679377784e-01
-6.746703175499899618e-01
-6.746592726312106159e-01
-6.746478403524212020e-01
-6.746360127902029102e-01
-6.746237820703993027e-01
-6.746111403721778421e-01
-6.745980799203581402e-01
-6.745845929654157302e-01
-6.745706717529090790e-01
-6.745563084867838288e-01
-6.745414952936824582e-01
-6.745262241974783191e-01
-6.745104871141138769e-01
-6.744942758759049362e-01
-6.744775822912990604e-01
-6.744603982405830145e-01
-6.744427158005661394e-01
-6.744245273827760290e-01
-6.744058258616879575e-01
-6.743866046639539480e-01
-6.743668577885565396e-01
-6.743465797331231748e-01
-6.743257653142794572e-01
-6.743044093895067537e-01
-6.742825065123738693e-01
-6.742600505782880838e-01
-6.742370345384861574e-01
-6.742134502696374154e-01
-6.741892886793329209e-01
-6.741645401001431503e-01
-6.741391949766515346e-01
-6.741132447854654153e-01
-6.740866830574220314e-01
-6.740595063082626126e-01
-6.740317146457217579e-01
-6.740033118233726972e-01
-6.739743045663409982e-01
-6.739447011041185265e-01
-6.739145090025870921e-01
-6.738837325691932056e-01
-6.738523702785337299e-01
-6.738204127894213968e-01
-6.737878421575242971e-01
-6.737546327574849281e-01
-6.737207542009652217e-01
-6.736861761846402175e-01
-6.736508747674969655e-01
-6.736148391316714168e-01
-6.735780775182429458e-01
-6.735406208479438606e-01
-6.735025226227551176e-01
-6.734638541094581932e-01
-6.734246945284166896e-01
-6.733851169418214599e-01
-6.733451716185198110e-01
-6.733048696533534550e-01
-6.732641703117326903e-01
-6.732229757347234500e-01
-6.731811361066464272e-01
-6.731384670830340422e-01
-6.730947792629654591e-01
-6.730499169830306272e-01
-6.730038010794241465e-01
-6.729564679986533848e-01
-6.729080962813919209e-01
-6.728590115108382674e-01
-6.728096626802168023e-01
-6.727605667201363993e-01
-6.727122234228252173e-01
-6.726650096021313807e-01
-6.726190680440343739e-01
-6.725742123340612277e-01
-6.725298715524518078e-01
-6.724850977556778853e-01
-6.724386531507281495e-01
-6.723891826470452804e-01
-6.723354617328229921e-01
-6.722766911842680271e-01
-6.722127919080612690e-01
-6.721446390401069060e-01
-6.720741684509027314e-01
-6.720042948397519922e-01
-6.719386011476290443e-01
-6.718807943534051974e-01
-6.718339700835112005e-01
-6.717997816775176378e-01
-6.717776590135843273e-01
-6.717642568736400532e-01
-6.717533198230191127e-01
-6.717361203773930534e-01
-6.717025542847763209e-01
-6.716428631426692997e-01
-6.715498117373502884e-01
-6.714209967963745695e-01
-6.712608352073873297e-01
-6.710817079713425892e-01
-6.709037548623598690e-01
-6.707529485623875409e-01
-6.706573329656555504e-01
-6.706416705602467054e-01
-6.707211617236368273e-01
-6.708953008754930947e-01
-6.711432287333443103e-01
-6.714220309511198526e-01
-6.716692415880716194e-01
-6.718102919519990390e-01
-6.717708128516782784e-01
-6.714926304054518180e-01
-6.709511446480465047e-01
-6.701707662465373749e-01
-6.692344761538866482e-01
-6.682836367442296366e-01
-6.675051306949688623e-01
-6.671048042274120293e-01
-6.672688988135955235e-01
-6.681182781746395349e-01
-6.696631947781265248e-01
-6.717683964071121672e-01
-6.741389152999515133e-01
-6.763354793764345674e-01
-6.778249783633886194e-01
-6.780659110655169464e-01
-6.766215797453541958e-01
-6.732856464230778659e-01
-6.681967225509494179e-01
-6.619129043645350929e-01
-6.554162848412951048e-01
-6.500241553932740723e-01
-6.471991071932745587e-01
-6.482728431136924874e-01
-6.541230401823117102e-01
-6.648618462358800718e-01
-6.796024611788418213e-01
-6.963650353442718544e-01
-7.121685509878350473e-01
-7.233378429550266775e-01
-7.260373405138591529e-01
-7.170186628510497595e-01
-6.945215913940647745e-01
-6.591841608095614369e-01
-6.147116159239264244e-01
-5.679839808902585885e-01
-5.283324898557585358e-01
-5.059329356564520319e-01
-5.095903697512578212e-01
-5.444645982226186121e-01
-6.103450917426243016e-01
-7.008683464737817115e-01
-8.036713494506733113e-01
-9.011214044006118362e-01
-9.712682455979221308e-01
-9.892486888106456489e-01
-9.303333734612673211e-01
-7.762191221371222971e-01
-5.246263264176339591e-01
-1.983172438797005110e-01
1.537546235910431380e-01
4.676975267254246393e-01
6.835410816557405678e-01
7.608226229184543721e-01
6.854997321481631767e-01
4.712554642094300972e-01
1.582349390631469788e-01
-1.937625827958077696e-01
-5.207706401739035096e-01
-7.735432881098119884e-01
-9.289596585621635594e-01
-9.890222725379888002e-01
-9.718915513013819396e-01
-9.022610895092086913e-01
-8.050166454254527038e-01
-7.021570825099696656e-01
-6.113781855932860498e-01
-5.451179831661323583e-01
-5.098220820620291693e-01
-5.057794696903816778e-01
-5.278916106849048662e-01
-5.673868529046205422e-01
-6.140915466686499569e-01
-6.586502951618764534e-01
-6.941433457132115681e-01
-7.168222522400428121e-01
-7.260118651022877678e-01
-7.234466330427444802e-01
-7.123617903761501058e-01
-6.965910299195289257e-01
-6.798162557643928627e-01
-6.650307580153091980e-01
-6.542291277284447704e-01
-6.483126025688651373e-01
-6.471809388156052334e-01
-6.499643813272815152e-01
-6.553346397564865367e-01
-6.618283878450531565e-01
-6.681244875464917854e-01
-6.732352677340651681e-01
-6.765967033383497586e-01
-6.780650193036074080e-01
-6.778428633738093900e-01
-6.763649938811833184e-01
-6.741726340439027076e-01
-6.717999308228733701e-01
-6.696880249232096682e-01
-6.681340770796105888e-01
-6.672754124983467650e-01
-6.671034091823153656e-01
-6.674982172915838730e-01
-6.682739636656768178e-01
-6.692246135229554804e-01
-6.701627029783695511e-01
-6.709460892615137784e-01
-6.714909935716402156e-01
-6.717723307897450757e-01
-6.718142350271942842e-01
-6.716746512740707775e-01
-6.714279374631846320e-01
-6.711488168331557480e-01
-6.709000083672029824e-01
-6.707247105835331125e-01
-6.706440422158008730e-01
-6.706587059378211757e-01
-6.707536185655934569e-01
-6.709040553887558600e-01
-6.710819447128137938e-01
-6.712612418649794854e-01
-6.714217142040809216e-01
-6.715508877353041362e-01
-6.716442677745488865e-01
-6.717042037385422271e-01
-6.717379033810458866e-01
-6.717551214991694941e-01
-6.717659768440721324e-01
-6.717792223769776250e-01
-6.718011430305091958e-01
-6.718351118339739303e-01
-6.718817211382317467e-01
-6.719393322727880147e-01
-6.720048564274356817e-01
-6.720745865483519488e-01
-6.721449344476637666e-01
-6.722129770200698795e-01
-6.722767687671570291e-01
-6.723354253154670834e-01
-6.723890180668625760e-01
-6.724383407653630185e-01
-6.724846148677779967e-01
-6.725291946773650498e-01
-6.725733190448768273e-01
-6.726179382384137595e-01
-6.726636261389902227e-01
-6.727105721659916160e-01
-6.727586360950699174e-01
-6.728074428950916452e-01
-6.728564936131559149e-01
-6.729052712163948735e-01
-6.729533258093424175e-01
-6.730003303456461028e-01
-6.730461045463554948e-01
-6.730906102332672170e-01
-6.731339250795171925e-01
-6.731762036564424845e-01
-6.732176347392166971e-01
-6.732584024944948675e-01
-6.732986569210703820e-01
-6.733384962926936002e-01
-6.733779618484293517e-01
-6.734170429595176532e-01
-6.734556896905832257e-01
-6.734938291304065627e-01
-6.735313820222874615e-01
-6.735682769086387411e-01
-6.736044599998235460e-01
-6.736399000580457486e-01
-6.736745885590981198e-01
-6.737085361203954958e-01
-6.737417665935528932e-01
-6.737743103106509368e-01
-6.738061977959810545e-01
-6.738374548949159770e-01
-6.738680998274474421e-01
-6.738981422387959608e-01
-6.739275839654621514e-01
-6.739564210054744819e-01
-6.739846460891902868e-01
-6.740122512782322772e-01
-6.740392301427989841e-01
-6.740655792404859348e-01
-6.740912988018419316e-01
-6.741163926854262245e-01
-6.741408677761780988e-01
-6.741647330565629925e-01
-6.741879985830813160e-01
-6.742106745628302367e-01
-6.742327706620157013e-01
-6.742542956074187854e-01
-6.742752570771625154e-01
-6.742956618284940973e-01
-6.743155159823918110e-01
-6.743348253774553713e-01
-6.743535959150261938e-01
-6.743718338380281230e-01
-6.743895459113117274e-01
-6.744067394957862227e-01
-6.744234225283202155e-01
-6.744396034321283873e-01
-6.744552909877586933e-01
-6.744704941938027831e-01
-6.744852221409085580e-01
-6.744994839146641885e-01
-6.745132885344043983e-01
-6.745266449275022502e-01
-6.745395619331874260e-01
-6.745520483267374301e-01
-6.745641128539552334e-01
-6.745757642666985188e-01
-6.745870113523125822e-01
-6.745978629524892467e-01
-6.746083279697870916e-01
-6.746184153623822066e-01
-6.746281341293365319e-01
-6.746374932896318510e-01
-6.746465018584912876e-01
-6.746551688241796407e-01
-6.746635031277419259e-01
-6.746715136471875818e-01
-6.746792091866473662e-01
-6.746865984701698737e-01
-6.746936901392068808e-01
-6.747004927524739015e-01
-6.747070147868109435e-01
-6.747132646378339871e-01
-6.747192506194794603e-01
-6.747249809619672023e-01
-6.747304638080916517e-01
-6.747357072080963913e-01
-6.747407191136028937e-01
-6.747455073711596807e-01
-6.747500797159641239e-01
-6.747544437661990857e-01
-6.747586070182545193e-01
-6.747625768429439397e-01
-6.747663604826644734e-01
-6.747699650493290680e-01
-6.747733975228523695e-01
-6.747766647499546799e-01
-6.747797734430878158e-01
-6.747827301793436483e-01
-6.747855413992701612e-01
-6.747882134056010228e-01
-6.747907523619307568e-01
-6.747931642914204442e-01
-6.747954550756095626e-01
-6.747976304534095693e-01
-6.747996960203325179e-01
-6.748016572279859071e-01
-6.748035193838355372e-01
-6.748052876512223852e-01
-6.748069670496061878e-01
-6.748085624549924333e-01
-6.748100786005208906e-01
-6.748115200771751532e-01
-6.748128913345983193e-01
-6.748141966819964921e-01
-6.748154402891279879e-01
-6.748166261873770333e-01
-6.748177582709140587e-01
-6.748188402979505840e-01
-6.748198758920888052e-01
-6.748208685437696586e-01
-6.748218216118198054e-01
-6.748227383250933187e-01
-6.748236217842008555e-01
-6.748244749633226514e-01
-6.748253007120914582e-01
-6.748261017575367671e-01
-6.748268807060862073e-01
-6.748276400456110213e-01
-6.748283821475111743e-01
-6.748291092688338821e-01
-6.748298235544204493e-01
-6.748305270390791977e-01
-6.748312216497798222e-01
-6.748319092078626236e-01
-6.748325914312671703e-01
-6.748332699367671772e-01
-6.748339462422140445e-01
-6.748346217687803961e-01
-6.748352978432036187e-01
-6.748359757000199632e-01
-6.748366564837862125e-01
-6.748373412512838065e-01
-6.748380309737032068e-01
-6.748387265388002820e-01
-6.748394287530251612e-01
-6.748401383436166689e-01
-6.748408559606622337e-01
-6.748415821791148295e-01
-6.748423175007713937e-01
-6.748430623562010622e-01
-6.748438171066312163e-01
-6.748445820457761313e-01
-6.748453574016156642e-01
-6.748461433381142127e-01
-6.748469399568827187e-01
-6.748477472987798320e-01
-6.748485653454441291e-01
-6.748493940207639374e-01
-6.748502331922802133e-01
-6.748510826725165890e-01
-6.748519422202392537e-01
-6.748528115416426720e-01
-6.748536902914630264e-01
-6.748545780740118349e-01
-6.748554744441384035e-01
-6.748563789081073461e-01
