-6.748570077978525150e-01
-6.748579511423299371e-01
-6.748589025287659027e-01
-6.748598612579749245e-01
-6.748608265885394086e-01
-6.748617977372126653e-01
-6.748627738792356556e-01
-6.748637541485676961e-01
-6.748647376380300100e-01
-6.748657233993647919e-01
-6.748667104432067854e-01
-6.748676977389743703e-01
-6.748686842146720544e-01
-6.748696687566112518e-01
-6.748706502090509041e-01
-6.748716273737525029e-01
-6.748725990094585070e-01
-6.748735638312893803e-01
-6.748745205100645794e-01
-6.748754676715461587e-01
-6.748764038956103217e-01
-6.748773277153450323e-01
-6.748782376160800123e-01
-6.748791320343464628e-01
-6.748800093567726144e-01
-6.748808679189162163e-01
-6.748817060040321891e-01
-6.748825218417860983e-01
-6.748833136069027905e-01
-6.748840794177616287e-01
-6.748848173349363266e-01
-6.748855253596836024e-01
-6.748862014323839809e-01
-6.748868434309375219e-01
-6.748874491691237987e-01
-6.748880163949280142e-01
-6.748885427888445809e-01
-6.748890259621543875e-01
-6.748894634551859673e-01
-6.748898527355638999e-01
-6.748901911964361178e-01
-6.748904761546835607e-01
-6.748907048491079586e-01
-6.748908744385949676e-01
-6.748909820002515492e-01
-6.748910245275281383e-01
-6.748909989283273791e-01
-6.748909020231232958e-01
-6.748907305431072201e-01
-6.748904811283843452e-01
-6.748901503262412227e-01
-6.748897345894954158e-01
-6.748892302749335270e-01
-6.748886336418304932e-01
-6.748879408505230604e-01
-6.748871479610086821e-01
-6.748862509315293190e-01
-6.748852456171079428e-01
-6.748841277680138750e-01
-6.748828930281655092e-01
-6.748815369335056102e-01
-6.748800549104199131e-01
-6.748784422743051570e-01
-6.748766942284021297e-01
-6.748748058630033020e-01
-6.748727721550995540e-01
-6.748705879684718800e-01
-6.748682480541495776e-01
-6.748657470510641687e-01
-6.748630794866823379e-01
-6.748602397773674211e-01
-6.748572222282664956e-01
-6.748540210326059441e-01
-6.748506302704270210e-01
-6.748470439069447213e-01
-6.748432557908620177e-01
-6.748392596530933263e-01
-6.748350491063893619e-01
-6.748306176463331196e-01
-6.748259586540569233e-01
-6.748210654008375275e-01
-6.748159310544183942e-01
-6.748105486865522140e-01
-6.748049112808430783e-01
-6.747990117395977760e-01
-6.747928428881808660e-01
-6.747863974754655381e-01
-6.747796681694890886e-01
-6.747726475484523423e-01
-6.747653280886161120e-01
-6.747577021521806717e-01
-6.747497619794271539e-01
-6.747414996897149742e-01
-6.747329072949318496e-01
-6.747239767265216237e-01
-6.747146998736134327e-01
-6.747050686258062591e-01
-6.746950749110791623e-01
-6.746847107183214787e-01
-6.746739680960147645e-01
-6.746628391237877720e-01
-6.746513158609448446e-01
-6.746393902838041523e-01
-6.746270542293051342e-01
-6.746142993636282670e-01
-6.746011171902518422e-01
-6.745874991023442790e-01
-6.745734364718480869e-01
-6.745589207557003419e-01
-6.745439435923251681e-01
-6.745284968619899013e-01
-6.745125726937508670e-01
-6.744961634176848131e-01
-6.744792614794040686e-01
-6.744618593484521529e-01
-6.744439494574676619e-01
-6.744255242016480301e-01
-6.744065760086815908e-01
-6.743870974627825809e-01
-6.743670814409250536e-01
-6.743465212041042101e-01
-6.743254103887984519e-01
-6.743037428666671662e-01
-6.742815124804971694e-01
-6.742587127120679424e-01
-6.742353363793587295e-01
-6.742113754820773242e-01
-6.741868213049848624e-01
-6.741616648439711090e-01
-6.741358975453136670e-01
-6.741095122579793264e-01
-6.740825042125008215e-01
-6.740548717806469359e-01
-6.740266167577652068e-01
-6.739977439568202167e-01
-6.739682600111676081e-01
-6.739381714405348056e-01
-6.739074822178009461e-01
-6.738761912496796791e-01
-6.738442903140229312e-01
-6.738117630429737437e-01
-6.737785854752854631e-01
-6.737447285083649762e-01
-6.737101622674768198e-01
-6.736748620077548377e-01
-6.736388147317675656e-01
-6.736020253212628983e-01
-6.735645207390658085e-01
-6.735263508468329885e-01
-6.734875846761446683e-01
-6.734483016117704945e-01
-6.734085778634791852e-01
-6.733684697106507855e-01
-6.733279961243677780e-01
-6.732871242711405690e-01
-6.732457618248719466e-01
-6.732037597284270536e-01
-6.731609279046817385e-01
-6.731170644083671606e-01
-6.730719958044135698e-01
-6.730256235235013706e-01
-6.729779681271961245e-01
-6.729292014749321815e-01
-6.728796563946548570e-01
-6.728298051603821550e-01
-6.727802021323957549e-01
-6.727313921552564580e-01
-6.726837940558413331e-01
-6.726375766337806539e-01
-6.725925512623801561e-01
-6.725481087925712087e-01
-6.725032271849449295e-01
-6.724565690352253267e-01
-6.724066747015428058e-01
-6.723522381437539996e-01
-6.722924312977414107e-01
-6.722272225541230384e-01
-6.721576202599304217e-01
-6.720857678120339962e-01
-6.720148267534883368e-01
-6.719486103728298243e-01
-6.718909719144964265e-01
-6.718450044737475091e-01
-6.718121662221123724e-01
-6.717914939799490837e-01
-6.717790977657424056e-01
-6.717681265948629576e-01
-6.717493522947048934e-01
-6.717124302303848493e-01
-6.716477689474876778e-01
-6.715487903473382758e-01
-6.714142136195953015e-01
-6.712498827320518835e-01
-6.710696141101358814e-01
-6.708945984598612133e-01
-6.707510651469632545e-01
-6.706662044082916108e-01
-6.706627110235340306e-01
-6.707527060939676433e-01
-6.709321349653867284e-01
-6.711769453773547278e-01
-6.714423449172122194e-01
-6.716661687306315631e-01
-6.717768416608966842e-01
-6.717056234426725947e-01
-6.714018617924601973e-01
-6.708489797598677917e-01
-6.700780753052210104e-01
-6.691755375078194401e-01
-6.682812206285954071e-01
-6.675746570037122130e-01
-6.672486068180056851e-01
-6.674718160472137285e-01
-6.683458204685769344e-01
-6.698634088288669686e-01
-6.718782355037642429e-01
-6.740953842449172173e-01
-6.760909674994866059e-01
-6.773649598140293326e-01
-6.774256325708362114e-01
-6.758967704991504233e-01
-6.726312927683126830e-01
-6.678084301357591901e-01
-6.619881728622400985e-01
-6.560984659155525422e-01
-6.513392014118457585e-01
-6.490023712052253035e-01
-6.502271439411790865e-01
-6.557270902589700245e-01
-6.655386317363234383e-01
-6.788414666299562583e-01
-6.938939473202492270e-01
-7.081140774479520728e-01
-7.183259332372070594e-01
-7.211835571452901439e-01
-7.137724569756758175e-01
-6.943572041226371283e-01
-6.631783489079736693e-01
-6.231090846773096326e-01
-5.799034832973022358e-01
-5.417729877549999351e-01
-5.181690689534681482e-01
-5.179063505872978368e-01
-5.470212064302746313e-01
-6.068837964451659905e-01
-6.929845055635294182e-01
-7.945327702414417548e-01
-8.947010302661428938e-01
-9.712938245931841408e-01
-9.980842645597017837e-01
-9.479664789475849007e-01
-7.996080264397025239e-01
-5.479086072366481375e-01
-2.144270161661023244e-01
1.502423157553090249e-01
4.779749628765718183e-01
7.042317548890382195e-01
7.853970310996770676e-01
7.063416462880156566e-01
4.817902087737146455e-01
1.550056852773515903e-01
-2.096515799448039619e-01
-5.439520396063806107e-01
-7.969584015900760265e-01
-9.467105820400089078e-01
-9.980113474351040015e-01
-9.720502739799310454e-01
-8.959106943082109087e-01
-7.958635500127463347e-01
-6.941784322391824080e-01
-6.077697091169099730e-01
-5.475179160712039250e-01
-5.180160906351785055e-01
-5.179601414044893160e-01
-5.413538227084876420e-01
-5.793937561318627250e-01
-6.226146581595641827e-01
-6.627751430111554765e-01
-6.940856477524690593e-01
-7.136407306897741831e-01
-7.211759080215270901e-01
-7.184123360622330923e-01
-7.082587647977268697e-01
-6.940618160432380224e-01
-6.790023883963496321e-01
-6.656700789559610865e-01
-6.558154342826899574e-01
-6.502677950614321745e-01
-6.489988315348708126e-01
-6.513011622400178835e-01
-6.560392438908270174e-01
-6.619219326030381101e-01
-6.677476910971831270e-01
-6.725851335054752189e-01
-6.758699561763980013e-01
-6.774186700472466516e-01
-6.773748966942769734e-01
-6.761126392707749178e-01
-6.741227870858199633e-01
-6.719057471840791385e-01
-6.698866697201752984e-01
-6.683621923731749570e-01
-6.674804338320291519e-01
-6.672501096622500683e-01
-6.675707242108751549e-01
-6.682740418290233908e-01
-6.691673259552413100e-01
-6.700706969045967520e-01
-6.708437308216063100e-01
-6.713993941543259236e-01
-6.717059914894902839e-01
-6.717796330423503326e-01
-6.716706776799040712e-01
-6.714477512132361881e-01
-6.711824702927742248e-01
-6.709371556525424163e-01
-6.707568200830688054e-01
-6.706657516481345782e-01
-6.706682151796519165e-01
-6.707522457925085835e-01
-6.708952372607115411e-01
-6.710700204440498418e-01
-6.712503308728848817e-01
-6.714149046874918758e-01
-6.715498347947189695e-01
-6.716491879711401491e-01
-6.717141716352286185e-01
-6.717513148791914857e-01
-6.717701870325405444e-01
-6.717811349267628351e-01
-6.717934072457967254e-01
-6.718138861591499422e-01
-6.718464958833649803e-01
-6.718922305288737018e-01
-6.719496552065968853e-01
-6.720156903577672036e-01
-6.720864864945129691e-01
-6.721582258635288021e-01
-6.722277367706456230e-01
-6.722928628624036396e-01
-6.723525827137973865e-01
-6.724069168328707935e-01
-6.724566854625836365e-01
-6.725031905771603480e-01
-6.725478912622436800e-01
-6.725921271109163158e-01
-6.726369240545038153e-01
-6.726828957515414986e-01
-6.727302350151390664e-01
-6.727787762356531864e-01
-6.728281024240659880e-01
-6.728776691700023571e-01
-6.729269213356219304e-01
-6.729753850060367082e-01
-6.730227252612581701e-01
-6.730687680925033778e-01
-6.731134910469559474e-01
-6.731569912641798270e-01
-6.731994412947986950e-01
-6.732410427228604499e-01
-6.732819856873595299e-01
-6.733224195864627726e-01
-6.733624372123742097e-01
-6.734020718531895655e-01
-6.734413048804254176e-01
-6.734800801893021660e-01
-6.735183215644348076e-01
-6.735559494590254159e-01
-6.735928945709732663e-01
-6.736291067184745351e-01
-6.736645586267417940e-01
-6.736992451578709407e-01
-6.737331791409586490e-01
-6.737663852550941357e-01
-6.737988934107660421e-01
-6.738307328348264180e-01
-6.738619276811327330e-01
-6.738924945562217994e-01
-6.739224419468355931e-01
-6.739517712217473200e-01
-6.739804786860785768e-01
-6.740085580989566560e-01
-6.740360031107022198e-01
-6.740628092045828357e-01
-6.740889749033840417e-01
-6.741145021842851470e-01
-6.741393962034317733e-01
-6.741636645402778738e-01
-6.741873162196376779e-01
-6.742103607576858115e-01
-6.742328074192507348e-01
-6.742546647876148658e-01
-6.742759406573654024e-01
-6.742966421860489001e-01
-6.743167761954717010e-01
-6.743363495035883393e-01
-6.743553691891732704e-01
-6.743738427330709939e-01
-6.743917780274836238e-01
-6.744091832848894130e-01
-6.744260669012515086e-01
-6.744424373307738030e-01
-6.744583030143368463e-01
-6.744736723783000265e-01
-6.744885538937820391e-01
-6.745029561670510265e-01
-6.745168880241689813e-01
-6.745303585581797767e-01
-6.745433771216561292e-01
-6.745559532657038337e-01
-6.745680966425366965e-01
-6.745798168979755260e-01
-6.745911235807646733e-01
-6.746020260883750508e-01
-6.746125336570840680e-01
-6.746226553915812829e-01
-6.746324003197587960e-01
-6.746417774539775758e-01
-6.746507958413158201e-01
-6.746594645908877697e-01
-6.746677928740357766e-01
-6.746757899005999537e-01
-6.746834648796853351e-01
-6.746908269754158249e-01
-6.746978852672388394e-01
-6.747046487212605692e-01
-6.747111261751561617e-01
-6.747173263355626949e-01
-6.747232577843970125e-01
-6.747289289895097575e-01
-6.747343483153933619e-01
-6.747395240308408093e-01
-6.747444643119825392e-01
-6.747491772405441735e-01
-6.747536707982036974e-01
-6.747579528584546349e-01
-6.747620311774806812e-01
-6.747659133853433078e-01
-6.747696069784042683e-01
-6.747731193135145800e-01
-6.747764576041118678e-01
-6.747796289180881812e-01
-6.747826401770750104e-01
-6.747854981566793198e-01
-6.747882094871752168e-01
-6.747907806542019493e-01
-6.747932179991281698e-01
-6.747955277188982803e-01
-6.747977158653363228e-01
-6.747997883440116640e-01
-6.748017509128834135e-01
-6.748036091809642700e-01
-6.748053686072309487e-01
-6.748070344999471670e-01
-6.748086120164784596e-01
-6.748101061636033737e-01
-6.748115217982455505e-01
-6.748128636285233295e-01
-6.748141362149984168e-01
-6.748153439720219193e-01
-6.748164911691023615e-01
-6.748175819322583813e-01
-6.748186202453525517e-01
-6.748196099514219837e-01
-6.748205547540444549e-01
-6.748214582187751498e-01
-6.748223237746862058e-01
-6.748231547160332688e-01
-6.748239542040530559e-01
-6.748247252688903686e-01
-6.748254708116417921e-01
-6.748261936064896549e-01
-6.748268963029083745e-01
-6.748275814279184326e-01
-6.748282513883728795e-01
-6.748289084732636001e-01
-6.748295548560403478e-01
-6.748301925969431014e-01
-6.748308236453499642e-01
-6.748314498421345009e-01
-6.748320729220455005e-01
-6.748326945160992851e-01
-6.748333161539875613e-01
-6.748339392664947090e-01
-6.748345651879166240e-01
-6.748351951584737884e-01
-6.748358303267154579e-01
-6.748364717519051981e-01
-6.748371204063836615e-01
-6.748377771779006107e-01
-6.748384428719178540e-01
-6.748391182138737676e-01
-6.748398038514120678e-01
-6.748405003565657312e-01
-6.748412082279006130e-01
-6.748419278926087728e-01
-6.748426597085552814e-01
-6.748434039662702943e-01
-6.748441608908855027e-01
-6.748449306440129636e-01
-6.748457133255600926e-01
-6.748465089754822621e-01
-6.748473175754671205e-01
-6.748481390505510769e-01
-6.748489732706619559e-01
-6.748498200520883783e-01
-6.748506791588773090e-01
-6.748515503041500052e-01
-6.748524331513429120e-01
-6.748533273153689560e-01
-6.748542323636956830e-01
-6.748551478173432372e-01
-6.748560731518001843e-01
