-6.748576687970945231e-01
-6.748585358549622493e-01
-6.748594049808379625e-01
-6.748602755338214410e-01
-6.748611468212415421e-01
-6.748620180990454465e-01
-6.748628885721154047e-01
-6.748637573945175383e-01
-6.748646236696772549e-01
-6.748654864504858297e-01
-6.748663447393370429e-01
-6.748671974880924296e-01
-6.748680435979798053e-01
-6.748688819194199606e-01
-6.748697112517887398e-01
-6.748705303431115077e-01
-6.748713378896911141e-01
-6.748721325356731304e-01
-6.748729128725481363e-01
-6.748736774385939441e-01
-6.748744247182586475e-01
-6.748751531414856064e-01
-6.748758610829832527e-01
-6.748765468614398300e-01
-6.748772087386842866e-01
-6.748778449187982087e-01
-6.748784535471739066e-01
-6.748790327095267605e-01
-6.748795804308603818e-01
-6.748800946743923612e-01
-6.748805733404408258e-01
-6.748810142652773569e-01
-6.748814152199472671e-01
-6.748817739090685608e-01
-6.748820879696018071e-01
-6.748823549696059132e-01
-6.748825724069696941e-01
-6.748827377081301204e-01
-6.748828482267709150e-01
-6.748829012425066054e-01
-6.748828939595522547e-01
-6.748828235053838664e-01
-6.748826869293939046e-01
-6.748824812015498109e-01
-6.748822032110624036e-01
-6.748818497650751480e-01
-6.748814175873794063e-01
-6.748809033171662142e-01
-6.748803035078146939e-01
-6.748796146257215467e-01
-6.748788330491654053e-01
-6.748779550672086014e-01
-6.748769768786293533e-01
-6.748758945908812645e-01
-6.748747042190869072e-01
-6.748734016850665984e-01
-6.748719828164200241e-01
-6.748704433456692575e-01
-6.748687789094875988e-01
-6.748669850480243371e-01
-6.748650572043398688e-01
-6.748629907239573900e-01
-6.748607808545258324e-01
-6.748584227455879381e-01
-6.748559114484387056e-01
-6.748532419160632179e-01
-6.748504090031494096e-01
-6.748474074661792166e-01
-6.748442319636162035e-01
-6.748408770562214221e-01
-6.748373372075281429e-01
-6.748336067845123187e-01
-6.748296800584663302e-01
-6.748255512060848949e-01
-6.748212143107175098e-01
-6.748166633637374678e-01
-6.748118922659475105e-01
-6.748068948289615010e-01
-6.748016647765228138e-01
-6.747961957457796478e-01
-6.747904812886099668e-01
-6.747845148731693721e-01
-6.747782898858784018e-01
-6.747717996340991675e-01
-6.747650373496831833e-01
-6.747579961934755399e-01
-6.747506692606538570e-01
-6.747430495865820443e-01
-6.747351301526298695e-01
-6.747269038912735439e-01
-6.747183636897690073e-01
-6.747095023918490142e-01
-6.747003127972552861e-01
-6.746907876594506748e-01
-6.746809196824776755e-01
-6.746707015185362533e-01
-6.746601257682806052e-01
-6.746491849858868850e-01
-6.746378716905501172e-01
-6.746261783850882043e-01
-6.746140975809220564e-01
-6.746016218269395015e-01
-6.745887437380685414e-01
-6.745754560181028703e-01
-6.745617514709592033e-01
-6.745476229954149305e-01
-6.745330635606945346e-01
-6.745180661639588182e-01
-6.745026237753446452e-01
-6.744867292809342274e-01
-6.744703754378589267e-01
-6.744535548574667194e-01
-6.744362600310782607e-01
-6.744184834076926149e-01
-6.744002175240590979e-01
-6.743814551757701947e-01
-6.743621896051786857e-01
-6.743424146706594735e-01
-6.743221249550177543e-01
-6.743013157716123418e-01
-6.742799830370950209e-01
-6.742581230001628567e-01
-6.742357318448143344e-01
-6.742128052203926192e-01
-6.741893377830390222e-01
-6.741653228564065126e-01
-6.741407523257095802e-01
-6.741156168618758215e-01
-6.740899065285762548e-01
-6.740636117559262175e-01
-6.740367245785207073e-01
-6.740092399460698713e-01
-6.739811568410057907e-01
-6.739524788999385896e-01
-6.739232142539025583e-01
-6.738933743885238137e-01
-6.738629719809609009e-01
-6.738320178822836404e-01
-6.738005176521363326e-01
-6.737684682727983487e-01
-6.737358558185388979e-01
-6.737026548796921643e-01
-6.736688303966674729e-01
-6.736343422286971139e-01
-6.735991522821407340e-01
-6.735632334120708054e-01
-6.735265786886946993e-01
-6.734892091190997077e-01
-6.734511776798668414e-01
-6.734125676777333869e-01
-6.733734840965673873e-01
-6.733340377130766496e-01
-6.732943232705964620e-01
-6.732543946768909660e-01
-6.732142417248889732e-01
-6.731737738492843404e-01
-6.731328165524690377e-01
-6.730911250679380009e-01
-6.730484174555843024e-01
-6.730044257654589357e-01
-6.729589595822870196e-01
-6.729119718801909178e-01
-6.728636136073191665e-01
-6.728142618036541123e-01
-6.727645072470357368e-01
-6.727150922022122614e-01
-6.726667968350155125e-01
-6.726202835363109811e-01
-6.725759202703133210e-01
-6.725336149050471501e-01
-6.724926996476856544e-01
-6.724519055486828378e-01
-6.724094594896877775e-01
-6.723633192619332677e-01
-6.723115371451584554e-01
-6.722527117533592111e-01
-6.721864568177312593e-01
-6.721137906146579244e-01
-6.720373381487099174e-01
-6.719612464733565327e-01
-6.718907458264573584e-01
-6.718313457574928149e-01
-6.717877311134742291e-01
-6.717625069543965433e-01
-6.717550184942372438e-01
-6.717605232320996711e-01
-6.717699988462842997e-01
-6.717708175835366280e-01
-6.717483996191271345e-01
-6.716887801980039319e-01
-6.715818087734620745e-01
-6.714244777731553926e-01
-6.712237004069294688e-01
-6.709977724773239505e-01
-6.707758092720550458e-01
-6.705946757002503311e-01
-6.704933277685605209e-01
-6.705050202796118963e-01
-6.706484320979038127e-01
-6.709193037316296682e-01
-6.712845395349534838e-01
-6.716807694378903459e-01
-6.720189951894421920e-01
-6.721961244173026984e-01
-6.721129628292772384e-01
-6.716967241286414536e-01
-6.709245587951967460e-01
-6.698433133801767747e-01
-6.685800827159780191e-01
-6.673384712035140831e-01
-6.663770918265867760e-01
-6.659697329751188555e-01
-6.663505199496624343e-01
-6.676516498404750921e-01
-6.698449918129274483e-01
-6.727010747897695930e-01
-6.757789724704618139e-01
-6.784579343357206582e-01
-6.800162621887942960e-01
-6.797551260292413744e-01
-6.771551947992295872e-01
-6.720429686648995427e-01
-6.647332526884403014e-01
-6.561073488084404604e-01
-6.475874305570596956e-01
-6.409800365461441052e-01
-6.381866336925000605e-01
-6.408125855652929692e-01
-6.497383421835000172e-01
-6.647372968464980714e-01
-6.842265225764383452e-01
-7.052209223781735759e-01
-7.235377844567665306e-01
-7.342782787727046845e-01
-7.325959947759380642e-01
-7.147322245361904525e-01
-6.792217670706068855e-01
-6.280350150728789549e-01
-5.672632655583429440e-01
-5.068906103413016728e-01
-4.593586720136684787e-01
-4.370391651809247824e-01
-4.492117160146359978e-01
-4.994249798909066174e-01
-5.840148081984853912e-01
-6.920868503478865286e-01
-8.066537347897656529e-01
-9.062073265116358245e-01
-9.662092471281880091e-01
-9.609324981957189094e-01
-8.672240562100208550e-01
-6.717257311251421115e-01
-3.805106786163008348e-01
-2.565295637514916627e-02
3.384408156930149847e-01
6.500765515624631341e-01
8.579813862491132426e-01
9.311067236538590475e-01
8.594320743926446848e-01
6.527748390100980291e-01
3.419647090485005148e-01
-2.189978541796738093e-02
-3.771488957512305062e-01
-6.692136004764470680e-01
-8.657545319192245792e-01
-9.604567357347477685e-01
-9.665308068708894362e-01
-9.070725210428149943e-01
-8.078052641485248264e-01
-6.932881322651132106e-01
-5.850645631362754173e-01
-5.001733053329543432e-01
-4.495762894368932061e-01
-4.370136815805948927e-01
-4.590069795084487647e-01
-5.063259249130110939e-01
-5.666180949786491228e-01
-6.274309125123058717e-01
-6.787473192830812962e-01
-7.144334761588022609e-01
-7.324784439449003592e-01
-7.343163336299609600e-01
-7.236870529429076937e-01
-7.054299976685236562e-01
-6.844465701095379107e-01
-6.649288690914804123e-01
-6.498753487285868768e-01
-6.408835358257773951e-01
-6.381934415047305631e-01
-6.409349251956176774e-01
-6.475087269464103734e-01
-6.560150772582886702e-01
-6.646453562877681076e-01
-6.719727201462496469e-01
-6.771100063927878443e-01
-6.797366437172923659e-01
-6.800214138062780078e-01
-6.784805149967129134e-01
-6.758113707622573907e-01
-6.727358262858520455e-01
-6.698759542044709914e-01
-6.676747014896574628e-01
-6.663637778658773048e-01
-6.659733602388830942e-01
-6.663728138351431296e-01
-6.673289421563366464e-01
-6.685682390861881208e-01
-6.698318245303908069e-01
-6.709154447826518597e-01
-6.716911669761248538e-01
-6.721112989231994295e-01
-6.721979780991451658e-01
-6.720234993149882818e-01
-6.716868168724631216e-01
-6.712910174049968592e-01
-6.709252760800031856e-01
-6.706532527398572086e-01
-6.705083730504683981e-01
-6.704952037599921644e-01
-6.705953052088229338e-01
-6.707755696619419616e-01
-6.709970924203307874e-01
-6.712229770288743458e-01
-6.714240174439639608e-01
-6.715817959961729589e-01
-6.716892734335601078e-01
-6.717493487153649578e-01
-6.717720951221958225e-01
-6.717714371586435140e-01
-6.717619497483292568e-01
-6.717562840001499724e-01
-6.717635036975037055e-01
-6.717884000404018563e-01
-6.718316741030168071e-01
-6.718907575845503022e-01
-6.719609888878499415e-01
-6.720368673210627142e-01
-6.721131587877094971e-01
-6.721857030549893697e-01
-6.722518567969791858e-01
-6.723105823772317358e-01
-6.723622490365680493e-01
-6.724082457109801236e-01
-6.724505132480020908e-01
-6.724910924231392029e-01
-6.725317593578971076e-01
-6.725737889274342463e-01
-6.726178561085294216e-01
-6.726640599679140076e-01
-6.727120380902645858e-01
-6.727611315887157550e-01
-6.728105615802285611e-01
-6.728595850925728206e-01
-6.729076091621206679e-01
-6.729542537325180485e-01
-6.729993646557954623e-01
-6.730429861141999925e-01
-6.730853064015492881e-01
-6.731265922375764266e-01
-6.731671252098857527e-01
-6.732071504555741104e-01
-6.732468433262863705e-01
-6.732862954583538340e-01
-6.733255181039002890e-01
-6.733644581904850712e-01
-6.734030214940793790e-01
-6.734410974139057871e-01
-6.734785808381739125e-01
-6.735153881140580889e-01
-6.735514658084671424e-01
-6.735867924544481911e-01
-6.736213746070860431e-01
-6.736552391807415496e-01
-6.736884242083640562e-01
-6.737209699350955594e-01
-6.737529116619106473e-01
-6.737842751352957071e-01
-6.738150746681498271e-01
-6.738453136756152873e-01
-6.738749869764962819e-01
-6.739040840636385532e-01
-6.739325925672190465e-01
-6.739605012813875140e-01
-6.739878023435507126e-01
-6.740144923933197862e-01
-6.740405727503361311e-01
-6.740660488069020184e-01
-6.740909289188280473e-01
-6.741152230972863313e-01
-6.741389417680739848e-01
-6.741620947915436535e-01
-6.741846908473818623e-01
-6.742067372022142457e-01
-6.742282398086791861e-01
-6.742492036400670186e-01
-6.742696331467402659e-01
-6.742895327262453664e-01
-6.743089071218985042e-01
-6.743277616967711108e-01
-6.743461025637917938e-01
-6.743639365819186215e-01
-6.743812712490487860e-01
-6.743981145329297489e-01
-6.744144746823362846e-01
-6.744303600542486121e-01
-6.744457789815485604e-01
-6.744607396929558352e-01
-6.744752502850646092e-01
-6.744893187373378618e-01
-6.745029529556093584e-01
-6.745161608281515786e-01
-6.745289502800013715e-01
-6.745413293150204215e-01
-6.745533060398833936e-01
-6.745648886688171419e-01
-6.745760855116278432e-01
-6.745869049499330083e-01
-6.745973554074339296e-01
-6.746074453197233867e-01
-6.746171831078858760e-01
-6.746265771584322168e-01
-6.746356358103818840e-01
-6.746443673488388137e-01
-6.746527800034298750e-01
-6.746608819495431009e-01
-6.746686813103534019e-01
-6.746761861580342634e-01
-6.746834045131530067e-01
-6.746903443418897917e-01
-6.746970135512527778e-01
-6.747034199828362278e-01
-6.747095714058329863e-01
-6.747154755099986634e-01
-6.747211398991345144e-01
-6.747265720854244142e-01
-6.747317794847526029e-01
-6.747367694129363658e-01
-6.747415490826806916e-01
-6.747461256010184316e-01
-6.747505059670033667e-01
-6.747546970694869861e-01
-6.747587056848766141e-01
-6.747625384748537902e-01
-6.747662019840887648e-01
-6.747697026380179430e-01
-6.747730467407625499e-01
-6.747762404732466912e-01
-6.747792898915553339e-01
-6.747822009255400877e-01
-6.747849793776559135e-01
-6.747876309220022240e-01
-6.747901611035274083e-01
-6.747925753373750224e-01
-6.747948789083486609e-01
-6.747970769704905170e-01
-6.747991745467776248e-01
-6.748011765289472219e-01
-6.748030876774649967e-01
-6.748049126216477678e-01
-6.748066558599371545e-01
-6.748083217603274564e-01
-6.748099145609329774e-01
-6.748114383706773634e-01
-6.748128971700910750e-01
-6.748142948122013429e-01
-6.748156350234973955e-01
-6.748169214049709597e-01
-6.748181574332235977e-01
-6.748193464616487613e-01
-6.748204917216793497e-01
-6.748215963241172011e-01
-6.748226632605355269e-01
-6.748236954047606151e-01
-6.748246955144209247e-01
-6.748256662325624600e-01
-6.748266100893191011e-01
-6.748275295036273436e-01
-6.748284267849797846e-01
-6.748293041352068089e-01
-6.748301636502799239e-01
-6.748310073221348571e-01
-6.748318370405081978e-01
-6.748326545947879174e-01
-6.748334616758739912e-01
-6.748342598780487922e-01
-6.748350507008560317e-01
-6.748358355509815887e-01
-6.748366157441341162e-01
-6.748373925069202084e-01
-6.748381669787092418e-01
-6.748389402134836734e-01
-6.748397131816663563e-01
-6.748404867719282052e-01
-6.748412617929652191e-01
-6.748420389752449733e-01
-6.748428189727201376e-01
-6.748436023645050241e-01
-6.748443896565140543e-01
-6.748451812830609242e-01
-6.748459776084123618e-01
-6.748467789283006946e-01
-6.748475854713853472e-01
-6.748483974006651565e-01
-6.748492148148370617e-01
-6.748500377496008396e-01
-6.748508661789071050e-01
-6.748517000161438073e-01
-6.748525391152657704e-01
-6.748533832718569547e-01
-6.748542322241332103e-01
-6.748550856538789722e-01
-6.748559431873157877e-01
-6.748568043959074503e-01
