-6.748577045950986397e-01
-6.748585584609816390e-01
-6.748594131713753219e-01
-6.748602680956939937e-01
-6.748611225500319444e-01
-6.748619757975496958e-01
-6.748628270487879721e-01
-6.748636754619206091e-01
-6.748645201429318563e-01
-6.748653601457337281e-01
-6.748661944722100792e-01
-6.748670220721946222e-01
-6.748678418433859960e-01
-6.748686526311917788e-01
-6.748694532285137715e-01
-6.748702423754663338e-01
-6.748710187590319931e-01
-6.748717810126587668e-01
-6.748725277157981983e-01
-6.748732573933801104e-01
-6.748739685152350676e-01
-6.748746594954581068e-01
-6.748753286917184013e-01
-6.748759744045158548e-01
-6.748765948763870703e-01
-6.748771882910620246e-01
-6.748777527725743353e-01
-6.748782863843297841e-01
-6.748787871281329842e-01
-6.748792529431794085e-01
-6.748796817050097818e-01
-6.748800712244361621e-01
-6.748804192464359364e-01
-6.748807234490199480e-01
-6.748809814420745345e-01
-6.748811907661793619e-01
-6.748813488914033876e-01
-6.748814532160860580e-01
-6.748815010656015190e-01
-6.748814896911142780e-01
-6.748814162683333118e-01
-6.748812778962682835e-01
-6.748810715959906448e-01
-6.748807943094107253e-01
-6.748804428980725856e-01
-6.748800141419610821e-01
-6.748795047383308043e-01
-6.748789113005527751e-01
-6.748782303569786922e-01
-6.748774583498244883e-01
-6.748765916340795368e-01
-6.748756264764472768e-01
-6.748745590543261397e-01
-6.748733854548508715e-01
-6.748721016740010237e-01
-6.748707036157920447e-01
-6.748691870915576319e-01
-6.748675478193238986e-01
-6.748657814232711383e-01
-6.748638834332642000e-01
-6.748618492844407069e-01
-6.748596743168356893e-01
-6.748573537750311990e-01
-6.748548828078314576e-01
-6.748522564679840796e-01
-6.748494697119773456e-01
-6.748465173999764755e-01
-6.748433942959523035e-01
-6.748400950680674137e-01
-6.748366142893603703e-01
-6.748329464387368137e-01
-6.748290859022368915e-01
-6.748250269744956453e-01
-6.748207638602756742e-01
-6.748162906759257451e-01
-6.748116014506300164e-01
-6.748066901273525042e-01
-6.748015505634640254e-01
-6.747961765311455418e-01
-6.747905617177858417e-01
-6.747846997266936375e-01
-6.747785840785139877e-01
-6.747722082137191935e-01
-6.747655654964545002e-01
-6.747586492198194286e-01
-6.747514526124024359e-01
-6.747439688455675322e-01
-6.747361910407227992e-01
-6.747281122755968141e-01
-6.747197255885397649e-01
-6.747110239800602205e-01
-6.747020004112586067e-01
-6.746926477994522608e-01
-6.746829590120838605e-01
-6.746729268607474239e-01
-6.746625440977424004e-01
-6.746518034177512169e-01
-6.746406974669070244e-01
-6.746292188605494955e-01
-6.746173602094741595e-01
-6.746051141525259975e-01
-6.745924733913941651e-01
-6.745794307217586327e-01
-6.745659790540846634e-01
-6.745521114176908917e-01
-6.745378209436009298e-01
-6.745231008250970328e-01
-6.745079442595567354e-01
-6.744923443803896301e-01
-6.744762941927445743e-01
-6.744597865298934680e-01
-6.744428140477057854e-01
-6.744253692714250459e-01
-6.744074447017096574e-01
-6.743890329759809621e-01
-6.743701270678317261e-01
-6.743507204938312682e-01
-6.743308074863656465e-01
-6.743103830863312886e-01
-6.742894431133450439e-01
-6.742679839853241708e-01
-6.742460023838438010e-01
-6.742234947942374879e-01
-6.742004569853587981e-01
-6.741768835263431958e-01
-6.741527674586305086e-01
-6.741281002428961555e-01
-6.741028720763680981e-01
-6.740770726239220245e-01
-6.740506921293526466e-01
-6.740237227806485931e-01
-6.739961601103258149e-01
-6.739680041389901621e-01
-6.739392599389557592e-01
-6.739099373240972080e-01
-6.738800494738852453e-01
-6.738496104732571990e-01
-6.738186319794760015e-01
-6.737871194793929597e-01
-6.737550688277564870e-01
-6.737224639028044360e-01
-6.736892762234238941e-01
-6.736554671998816746e-01
-6.736209933208755496e-01
-6.735858140344223033e-01
-6.735499014241925764e-01
-6.735132501250800097e-01
-6.734758854037727893e-01
-6.734378671057654753e-01
-6.733992873761267539e-01
-6.733602607816961960e-01
-6.733209066955974098e-01
-6.732813254378928747e-01
-6.732415714654237382e-01
-6.732016285299344815e-01
-6.731613927728141711e-01
-6.731206697971436892e-01
-6.730791905446991130e-01
-6.730366481839884507e-01
-6.729927543300155968e-01
-6.729473082288314201e-01
-6.729002678236225554e-01
-6.728518078862353313e-01
-6.728023487517192924e-01
-6.727525406164320820e-01
-6.727031934656959589e-01
-6.726551514847077806e-01
-6.726091224783794509e-01
-6.725654857196934344e-01
-6.725241133365129631e-01
-6.724842479418704499e-01
-6.724444798415382119e-01
-6.724028585920500678e-01
-6.723571550314448864e-01
-6.723052621749026070e-01
-6.722456898351201193e-01
-6.721780740079251748e-01
-6.721035951921878748e-01
-6.720251877974495747e-01
-6.719474327017544990e-01
-6.718760612938208254e-01
-6.718170620097796419e-01
-6.717754637637602944e-01
-6.717539628707821509e-01
-6.717516437035851995e-01
-6.717630977507598189e-01
-6.717782505069324062e-01
-6.717831449625912832e-01
-6.717617980137157163e-01
-6.716990490161821592e-01
-6.715840810577966558e-01
-6.714140542496532804e-01
-6.711970978008685584e-01
-6.709538204397462735e-01
-6.707165680259417062e-01
-6.705259154891298756e-01
-6.704243280681554396e-01
-6.704475225254865611e-01
-6.706147153916289794e-01
-6.709195364530917693e-01
-6.713237647987115864e-01
-6.717560706752480071e-01
-6.721175145387539018e-01
-6.722946258884165971e-01
-6.721795078394534606e-01
-6.716947403826108998e-01
-6.708191435628086952e-01
-6.696090645251987494e-01
-6.682091829368445035e-01
-6.668472894144581442e-01
-6.658093583157339568e-01
-6.653945265048821778e-01
-6.658539508350042047e-01
-6.673222085396471881e-01
-6.697539163348363855e-01
-6.728805354518427873e-01
-6.762020996486689528e-01
-6.790254587973573175e-01
-6.805545766341449809e-01
-6.800297197303216690e-01
-6.769014795250658523e-01
-6.710133760542338344e-01
-6.627552428863998646e-01
-6.531422355810110325e-01
-6.437760007169247567e-01
-6.366596255664502824e-01
-6.338671970977850512e-01
-6.371067211021047560e-01
-6.472506180108387186e-01
-6.639285248920430149e-01
-6.852755810091043509e-01
-7.079089248295054038e-01
-7.271781754983371870e-01
-7.377150809739916326e-01
-7.342928599483177221e-01
-7.129733896631047507e-01
-6.724315641249416498e-01
-6.151835882140870293e-01
-5.482653107417104765e-01
-4.828510618627562256e-01
-4.325214728066866243e-01
-4.103791769544175572e-01
-4.257474706985528989e-01
-4.814513749927035735e-01
-5.724978510414853172e-01
-6.864060717473084994e-01
-8.047442466017535878e-01
-9.050085531571746555e-01
-9.622639613726318153e-01
-9.510442119106400360e-01
-8.491880838354982641e-01
-6.451075236703555094e-01
-3.471565116604086176e-01
1.065077993017847155e-02
3.734420330036516411e-01
6.810245468427464921e-01
8.848358599411288994e-01
9.562721660321484851e-01
8.862785046615944129e-01
6.837220088703109822e-01
3.769936324564860386e-01
1.447305535871085472e-02
-3.436898878577280825e-01
-6.424757012678214974e-01
-8.476083353493720773e-01
-9.504851971371756081e-01
-9.625369243532297947e-01
-9.058597206791820788e-01
-8.059111837018091418e-01
-6.876435025655962541e-01
-5.735931804578615623e-01
-4.822423472500452779e-01
-4.261408435265742756e-01
-4.103617213816201925e-01
-4.321556804884228442e-01
-4.822542573412227918e-01
-5.475778210602588736e-01
-6.145358155789515386e-01
-6.719194600212461399e-01
-7.126474093989766390e-01
-7.341597619590818358e-01
-7.377480886889249412e-01
-7.273302945188869773e-01
-7.081256487028877444e-01
-6.855051252017496655e-01
-6.641290299302523570e-01
-6.473943196035374381e-01
-6.371812559332091785e-01
-6.338743557383332838e-01
-6.366121061806241377e-01
-6.436929815900491736e-01
-6.530447243534012181e-01
-6.626620832483807177e-01
-6.709385138592414144e-01
-6.768527126919561265e-01
-6.800088069503419375e-01
-6.805583481883131780e-01
-6.790474837027770105e-01
-6.762344895409461154e-01
-6.729155585348445268e-01
-6.697852112513834610e-01
-6.673455012491797955e-01
-6.658672745976420559e-01
-6.653980200140102719e-01
-6.658047663117545589e-01
-6.668373115902830328e-01
-6.681968113422027677e-01
-6.695970218710605160e-01
-6.708094933833232965e-01
-6.716886950640998943e-01
-6.721774211183165759e-01
-6.722961285214740235e-01
-6.721217376823636069e-01
-6.717619000830085119e-01
-6.713300772387150728e-01
-6.709253839258779717e-01
-6.706194390821040852e-01
-6.704507938738974993e-01
-6.704261267098757804e-01
-6.705264618548885114e-01
-6.707162317885154712e-01
-6.709530251988574667e-01
-6.711962384472863752e-01
-6.714134376780432900e-01
-6.715838946625969363e-01
-6.716993558452324375e-01
-6.717625533407503013e-01
-6.717842267223497199e-01
-6.717794954844401589e-01
-6.717643363136535095e-01
-6.717527277342705272e-01
-6.717547838689050810e-01
-6.717759603731258133e-01
-6.718172181148109878e-01
-6.718758971110290190e-01
-6.719469918904292793e-01
-6.720245235858407495e-01
-6.721027580051658346e-01
-6.721771022803921802e-01
-6.722446047982940653e-01
-6.723040665778915459e-01
-6.723558351266819555e-01
-6.724013883308085360e-01
-6.724428261008246199e-01
-6.724823756991359369e-01
-6.725219899590656469e-01
-6.725630838659352184e-01
-6.726064214465515834e-01
-6.726521371347589096e-01
-6.726998570448947667e-01
-6.727488769249591050e-01
-6.727983540955663200e-01
-6.728474782004860710e-01
-6.728955972367206551e-01
-6.729422882067578326e-01
-6.729873734140662256e-01
-6.730308922360208612e-01
-6.730730433499448884e-01
-6.731141138493964560e-01
-6.731544100756168270e-01
-6.731942012813989518e-01
-6.732336825424447557e-01
-6.732729586468438887e-01
-6.733120468020681315e-01
-6.733508933653367112e-01
-6.733893985753420797e-01
-6.734274433210665212e-01
-6.734649130205115908e-01
-6.735017153000674162e-01
-6.735377899606881380e-01
-6.735731113502981815e-01
-6.736076844985046108e-01
-6.736415370954329518e-01
-6.736747096083351982e-01
-6.737072456108146312e-01
-6.737391838857152981e-01
-6.737705532074321768e-01
-6.738013700542969664e-01
-6.738316389557430508e-01
-6.738613548079132043e-01
-6.738905063167681675e-01
-6.739190797333985961e-01
-6.739470621897949432e-01
-6.739744441691223331e-01
-6.740012208960888263e-01
-6.740273926624673617e-01
-6.740529642770474172e-01
-6.740779439319363187e-01
-6.741023418074796325e-01
-6.741261687076834930e-01
-6.741494349458679869e-01
-6.741721496079795539e-01
-6.741943202285708425e-01
-6.742159528373545818e-01
-6.742370522818522671e-01
-6.742576227070676831e-01
-6.742776680740947270e-01
-6.742971926201044575e-01
-6.743162011943445444e-01
-6.743346994405819972e-01
-6.743526938290025363e-01
-6.743701915652128287e-01
-6.743872004183601998e-01
-6.744037285144031113e-01
-6.744197841359288459e-01
-6.744353755593501809e-01
-6.744505109469691728e-01
-6.744651982981322291e-01
-6.744794454527542893e-01
-6.744932601331712352e-01
-6.745066500070069360e-01
-6.745196227541470080e-01
-6.745321861241091455e-01
-6.745443479748859383e-01
-6.745561162895633567e-01
-6.745674991716873459e-01
-6.745785048237902259e-01
-6.745891415153904003e-01
-6.745994175471713428e-01
-6.746093412171961790e-01
-6.746189207933565024e-01
-6.746281644942454525e-01
-6.746370804787179543e-01
-6.746456768428710227e-01
-6.746539616222134716e-01
-6.746619427964389848e-01
-6.746696282943863698e-01
-6.746770259973361439e-01
-6.746841437395364460e-01
-6.746909893056322050e-01
-6.746975704253258543e-01
-6.747038947660436436e-01
-6.747099699245937554e-01
-6.747158034187830111e-01
-6.747214026797806463e-01
-6.747267750457377478e-01
-6.747319277568611939e-01
-6.747368679518676027e-01
-6.747416026655486121e-01
-6.747461388270801219e-01
-6.747504832586818102e-01
-6.747546426743123993e-01
-6.747586236781737412e-01
-6.747624327629272445e-01
-6.747660763076335222e-01
-6.747695605755055226e-01
-6.747728917116145864e-01
-6.747760757406967569e-01
-6.747791185651803580e-01
-6.747820259635202156e-01
-6.747848035888752705e-01
-6.747874569681245882e-01
-6.747899915011769112e-01
-6.747924124605167995e-01
-6.747947249909261869e-01
-6.747969341093265072e-01
-6.747990447047059748e-01
-6.748010615381101474e-01
-6.748029892426976595e-01
-6.748048323238731161e-01
-6.748065951595081380e-01
-6.748082820002777593e-01
-6.748098969701175065e-01
-6.748114440668143699e-01
-6.748129271627255621e-01
-6.748143500056218436e-01
-6.748157162196405379e-01
-6.748170293063321390e-01
-6.748182926457895192e-01
-6.748195094978476360e-01
-6.748206830033451897e-01
-6.748218161854424579e-01
-6.748229119509928653e-01
-6.748239730919703971e-01
-6.748250022869478615e-01
-6.748260021026283306e-01
-6.748269749954289853e-01
-6.748279233131065924e-01
-6.748288492964268359e-01
-6.748297550808673995e-01
-6.748306426983492479e-01
-6.748315140789884481e-01
-6.748323710528661978e-01
-6.748332153518086240e-01
-6.748340486111713554e-01
-6.748348723716304232e-01
-6.748356880809729397e-01
-6.748364970958836695e-01
-6.748373006837291577e-01
-6.748381000243318661e-01
-6.748388962117333190e-01
-6.748396902559425925e-01
-6.748404830846651548e-01
-6.748412755450097222e-01
-6.748420684051659180e-01
-6.748428623560539519e-01
-6.748436580129392182e-01
-6.748444559170110324e-01
-6.748452565369223999e-01
-6.748460602702884836e-01
-6.748468674451411076e-01
-6.748476783213369634e-01
-6.748484930919191882e-01
-6.748493118844285377e-01
-6.748501347621651547e-01
-6.748509617253923842e-01
-6.748517927124869642e-01
-6.748526276010330394e-01
-6.748534662088561120e-01
-6.748543082949933769e-01
-6.748551535606068796e-01
-6.748560016498273972e-01
-6.748568521505400319e-01
