-6.748573155024639725e-01
-6.748582320904863430e-01
-6.748591548295613807e-01
-6.748600830406584761e-01
-6.748610159990690027e-01
-6.748619529348047763e-01
-6.748628930329166886e-01
-6.748638354337300749e-01
-6.748647792330036976e-01
-6.748657234820049089e-01
-6.748666671875036549e-01
-6.748676093116895425e-01
-6.748685487720087472e-01
-6.748694844409229843e-01
-6.748704151455913181e-01
-6.748713396674754783e-01
-6.748722567418693474e-01
-6.748731650573559504e-01
-6.748740632551909480e-01
-6.748749499286147424e-01
-6.748758236220985252e-01
-6.748766828305188259e-01
-6.748775259982703334e-01
-6.748783515183102155e-01
-6.748791577311477052e-01
-6.748799429237671843e-01
-6.748807053284969770e-01
-6.748814431218216336e-01
-6.748821544231433656e-01
-6.748828372934888575e-01
-6.748834897341701167e-01
-6.748841096854040211e-01
-6.748846950248843513e-01
-6.748852435663201810e-01
-6.748857530579402964e-01
-6.748862211809655287e-01
-6.748866455480545534e-01
-6.748870237017265961e-01
-6.748873531127657088e-01
-6.748876311786038418e-01
-6.748878552216942550e-01
-6.748880224878666123e-01
-6.748881301446794101e-01
-6.748881752797611933e-01
-6.748881548991482182e-01
-6.748880659256275560e-01
-6.748879051970837484e-01
-6.748876694648618946e-01
-6.748873553921502788e-01
-6.748869595523964149e-01
-6.748864784277579520e-01
-6.748859084076012094e-01
-6.748852457870502253e-01
-6.748844867655927615e-01
-6.748836274457420403e-01
-6.748826638317513282e-01
-6.748815918283775916e-01
-6.748804072396850096e-01
-6.748791057678878991e-01
-6.748776830122260595e-01
-6.748761344678801954e-01
-6.748744555249402977e-01
-6.748726414674518503e-01
-6.748706874725691751e-01
-6.748685886098566566e-01
-6.748663398407759306e-01
-6.748639360183875668e-01
-6.748613718872826794e-01
-6.748586420837386912e-01
-6.748557411360597280e-01
-6.748526634650491296e-01
-6.748494033845243711e-01
-6.748459551018012315e-01
-6.748423127180732672e-01
-6.748384702286570613e-01
-6.748344215231222298e-01
-6.748301603853895658e-01
-6.748256804939491982e-01
-6.748209754224033796e-01
-6.748160386405461786e-01
-6.748108635161851332e-01
-6.748054433178420908e-01
-6.747997712183507746e-01
-6.747938402992359475e-01
-6.747876435555965058e-01
-6.747811739010920462e-01
-6.747744241725357472e-01
-6.747673871336075102e-01
-6.747600554772786863e-01
-6.747524218267371143e-01
-6.747444787348891859e-01
-6.747362186828449460e-01
-6.747276340781491744e-01
-6.747187172538170463e-01
-6.747094604694036102e-01
-6.746998559153488673e-01
-6.746898957215795578e-01
-6.746795719708691408e-01
-6.746688767167134948e-01
-6.746578020045611579e-01
-6.746463398942497136e-01
-6.746344824806298490e-01
-6.746222219087963934e-01
-6.746095503803380966e-01
-6.745964601477274503e-01
-6.745829434955662451e-01
-6.745689927097888727e-01
-6.745546000389323060e-01
-6.745397576547299545e-01
-6.745244576219425747e-01
-6.745086918887289729e-01
-6.744924523081843315e-01
-6.744757306983927281e-01
-6.744585189422440674e-01
-6.744408091198138555e-01
-6.744225936564132162e-01
-6.744038654603413674e-01
-6.743846180182130334e-01
-6.743648454149203664e-01
-6.743445422517581056e-01
-6.743237034509077521e-01
-6.743023239565183458e-01
-6.742803983693166359e-01
-6.742579205782772700e-01
-6.742348834731994867e-01
-6.742112788294580827e-01
-6.741870974450916432e-01
-6.741623295777464664e-01
-6.741369656758809947e-01
-6.741109973311458781e-01
-6.740844183081193819e-01
-6.740572254486463244e-01
-6.740294192174735022e-01
-6.740010036685080141e-01
-6.739719856760022498e-01
-6.739423733922961235e-01
-6.739121740518045911e-01
-6.738813914161085883e-01
-6.738500233137040274e-01
-6.738180598314771341e-01
-6.737854827265712387e-01
-6.737522665205173400e-01
-6.737183815044258672e-01
-6.736837985413374197e-01
-6.736484951433837631e-01
-6.736124618955372512e-01
-6.735757079791003799e-01
-6.735382644043271805e-01
-6.735001836662452002e-01
-6.734615349323931355e-01
-6.734223945495031449e-01
-6.733828325539789050e-01
-6.733428968649786128e-01
-6.733025977562917541e-01
-6.732618958429502642e-01
-6.732206969828167242e-01
-6.731788570257087878e-01
-6.731361981677481676e-01
-6.730925368273265041e-01
-6.730477206307932114e-01
-6.730016696017594446e-01
-6.729544144286774277e-01
-6.729061232519090163e-01
-6.728571082677723414e-01
-6.728078049920953596e-01
-6.727587204465814708e-01
-6.727103517028465429e-01
-6.726630826338529934e-01
-6.726170734721190758e-01
-6.725721636035810747e-01
-6.725278114754085212e-01
-6.724830951294812342e-01
-6.724367915785077754e-01
-6.723875425633706326e-01
-6.723340986776680239e-01
-6.722756151033759675e-01
-6.722119531648333979e-01
-6.721439264709755390e-01
-6.720734229760885192e-01
-6.720033389767673393e-01
-6.719372807609729215e-01
-6.718790249368056244e-01
-6.718317768332153772e-01
-6.717973215808114018e-01
-6.717752148751616748e-01
-6.717621978437596786e-01
-6.717520300992074755e-01
-6.717359061298237011e-01
-6.717035467250650482e-01
-6.716449409605667054e-01
-6.715525669740696202e-01
-6.714237633631419122e-01
-6.712627885434523378e-01
-6.710820289931790361e-01
-6.709018340079722087e-01
-6.707485900959906377e-01
-6.706509099465459700e-01
-6.706341807180800085e-01
-6.707141461974347463e-01
-6.708906113244074154e-01
-6.711426608627317769e-01
-6.714268784464477724e-01
-6.716798562639962888e-01
-6.718257553926100245e-01
-6.717888247156839077e-01
-6.715096943631678750e-01
-6.709630842497580350e-01
-6.701735347628969830e-01
-6.692251470396701762e-01
-6.682613902691184604e-01
-6.674720057759069292e-01
-6.670659801436358283e-01
-6.672323211767371420e-01
-6.680935485840515664e-01
-6.696597918069302491e-01
-6.717934619144779740e-01
-6.741949915018574657e-01
-6.764186847736222141e-01
-6.779241363843708790e-01
-6.781630749153996218e-01
-6.766942202014860630e-01
-6.733104857113909603e-01
-6.681548232690001088e-01
-6.617952052004437702e-01
-6.552284067415028446e-01
-6.497891145394083523e-01
-6.469566969128691669e-01
-6.480749509752783410e-01
-6.540249858650606374e-01
-6.649107616351281891e-01
-6.798245260359075948e-01
-6.967538359900574685e-01
-7.126769290957527536e-01
-7.238755012895340402e-01
-7.264763342575499827e-01
-7.172086111099721384e-01
-6.943154125787550646e-01
-6.584725563800482018e-01
-6.134601863098807506e-01
-5.662621487241106255e-01
-5.263213937830988343e-01
-5.039030835895982330e-01
-5.078491638105807615e-01
-5.432850056536006056e-01
-6.098940962863176329e-01
-7.011533725942539208e-01
-8.045144768984568984e-01
-9.021596459221755682e-01
-9.719726353792669249e-01
-9.889639105833930577e-01
-9.283599927578044531e-01
-7.719678071325006830e-01
-5.178309878275478839e-01
-1.891996196862980317e-01
1.645304452957933317e-01
4.793247392013512131e-01
6.954298009269199721e-01
7.727353931943868881e-01
6.973679207707749184e-01
4.828496533112272560e-01
1.689773397406518218e-01
-1.846684920013828002e-01
-5.139845974730317124e-01
-7.692885912861485709e-01
-9.269748971042778285e-01
-9.887231936294951229e-01
-9.725828617668939025e-01
-9.032903399947102008e-01
-8.058564098091858252e-01
-7.024445348129806366e-01
-6.109342401848971704e-01
-5.439478878542861606e-01
-5.080902184986992864e-01
-5.037564713573162711e-01
-5.258833869634711444e-01
-5.656635340654743160e-01
-6.128349331688649482e-01
-6.579311702034543741e-01
-6.939289263284907916e-01
-7.170047211437150514e-01
-7.264452296160195388e-01
-7.239810952078808981e-01
-7.128694812568554529e-01
-6.969812966728838877e-01
-6.800412784287199752e-01
-6.650833098543735833e-01
-6.541345854317237585e-01
-6.481174473158527460e-01
-6.469400901995326914e-01
-6.497296156300532699e-01
-6.551459040855563964e-01
-6.617090444043335351e-01
-6.680805962132677633e-01
-6.732581982085615868e-01
-6.766678597549268259e-01
-6.781613262472349080e-01
-6.779418405693258265e-01
-6.764486074114232084e-01
-6.742295241378553072e-01
-6.718259879943537793e-01
-6.696855697525146978e-01
-6.681100775201634923e-01
-6.672392462237710653e-01
-6.670646567471022470e-01
-6.674648731667987001e-01
-6.682513038760415913e-01
-6.692147939502632870e-01
-6.701650142761518270e-01
-6.709576879870746691e-01
-6.715078772972833399e-01
-6.717903268981775255e-01
-6.718298172919471289e-01
-6.716854679975938769e-01
-6.714330117404548881e-01
-6.711484479785667645e-01
-6.708954530385252690e-01
-6.707177475161050229e-01
-6.706365258043542887e-01
-6.706521954506116101e-01
-6.707491385977901732e-01
-6.709020074042573167e-01
-6.710821567702576207e-01
-6.712631195631485470e-01
-6.714244435240617204e-01
-6.715536400023014441e-01
-6.716463662596403594e-01
-6.717052268173373530e-01
-6.717377165040964160e-01
-6.717538457524891982e-01
-6.717639128904614454e-01
-6.717767537590010329e-01
-6.717986422577385541e-01
-6.718328675618636669e-01
-6.718798969471340143e-01
-6.719379591364960103e-01
-6.720038537304444670e-01
-6.720738017075458259e-01
-6.721441893363061526e-01
-6.722121103035998413e-01
-6.722756662316615728e-01
-6.723340343000544506e-01
-6.723873461679136243e-01
-6.724364422185935553e-01
-6.724825699160676962e-01
-6.725270876563683720e-01
-6.725712200579653244e-01
-6.726158915738764676e-01
-6.726616465323278504e-01
-6.727086481259059170e-01
-6.727567381616507136e-01
-6.728055340676120100e-01
-6.728545392690946647e-01
-6.729032464864940222e-01
-6.729512193289310940e-01
-6.729981443031123334e-01
-6.730438517698706935e-01
-6.730883095535067362e-01
-6.731315963340910313e-01
-6.731738635052304520e-01
-6.732152940455909951e-01
-6.732560655294839158e-01
-6.732963221922898533e-01
-6.733361584796911936e-01
-6.733756141853433075e-01
-6.734146794403920167e-01
-6.734533066398044054e-01
-6.734914259166709938e-01
-6.735289609325474380e-01
-6.735658423845689580e-01
-6.736020175419017431e-01
-6.736374551148900380e-01
-6.736721456575344158e-01
-6.737060983840696959e-01
-6.737393356785110754e-01
-6.737718866849005117e-01
-6.738037812262223092e-01
-6.738350449844252577e-01
-6.738656964698503948e-01
-6.738957459002050676e-01
-6.739251957656015035e-01
-6.739540426213270763e-01
-6.739822795411327672e-01
-6.740098986734649467e-01
-6.740368934451199667e-01
-6.740632601147087399e-01
-6.740889985533865536e-01
-6.741141122888439918e-01
-6.741386079666925601e-01
-6.741624944493148641e-01
-6.741857817857300761e-01
-6.742084802560872614e-01
-6.742305996357752518e-01
-6.742521487534203217e-01
-6.742731353493268687e-01
-6.742935661874560616e-01
-6.743134473410018481e-01
-6.743327845601843062e-01
-6.743515836380747919e-01
-6.743698507104706197e-01
-6.743875924524463938e-01
-6.744048161609950132e-01
-6.744215297353430838e-01
-6.744377415813428422e-01
-6.744534604729160998e-01
-6.744686954028010772e-01
-6.744834554487233458e-01
-6.744977496720301335e-01
-6.745115870561028126e-01
-6.745249764833733952e-01
-6.745379267436254489e-01
-6.745504465629481583e-01
-6.745625446420044913e-01
-6.745742296936750870e-01
-6.745855104727709328e-01
-6.745963957936850219e-01
-6.746068945348520085e-01
-6.746170156313008315e-01
-6.746267680581693460e-01
-6.746361608087767525e-01
-6.746452028708431747e-01
-6.746539032038837425e-01
-6.746622707199356750e-01
-6.746703142687859867e-01
-6.746780426279562759e-01
-6.746854644969509929e-01
-6.746925884947866381e-01
-6.746994231595745406e-01
-6.747059769489269776e-01
-6.747122582401260393e-01
-6.747182753293016200e-01
-6.747240364291953174e-01
-6.747295496654457381e-01
-6.747348230715981554e-01
-6.747398645832450859e-01
-6.747446820317910543e-01
-6.747492831383331557e-01
-6.747536755080709714e-01
-6.747578666255142910e-01
-6.747618638506192035e-01
-6.747656744158334607e-01
-6.747693054239194410e-01
-6.747727638463528743e-01
-6.747760565220835005e-01
-6.747791901564526018e-01
-6.747821713201215266e-01
-6.747850064479239407e-01
-6.747877018376192693e-01
-6.747902636485875183e-01
-6.747926979005246517e-01
-6.747950104722343356e-01
-6.747972071005836625e-01
-6.747992933796927995e-01
-6.748012747603894246e-01
-6.748031565499403861e-01
-6.748049439120449300e-01
-6.748066418670611855e-01
-6.748082552924258293e-01
-6.748097889232277380e-01
-6.748112473529082056e-01
-6.748126350340589719e-01
-6.748139562793078472e-01
-6.748152152622842737e-01
-6.748164160186655991e-01
-6.748175624473140566e-01
-6.748186583115053372e-01
-6.748197072402557506e-01
-6.748207127297487506e-01
-6.748216781448641566e-01
-6.748226067207990786e-01
-6.748235015647813251e-01
-6.748243656578586380e-01
-6.748252018567652000e-01
-6.748260128958442072e-01
-6.748268013890281747e-01
-6.748275698318633165e-01
-6.748283206035751158e-01
-6.748290559691665358e-01
-6.748297780815467606e-01
-6.748304889836842513e-01
-6.748311906107820057e-01
-6.748318847924718034e-01
-6.748325732550224387e-01
-6.748332576235583913e-01
-6.748339394242865996e-01
-6.748346200867246791e-01
-6.748353009459253649e-01
-6.748359832446965134e-01
-6.748366681358037855e-01
-6.748373566841635585e-01
-6.748380498690105256e-01
-6.748387485860409818e-01
-6.748394536495272433e-01
-6.748401657943987608e-01
-6.748408856782883714e-01
-6.748416138835393596e-01
-6.748423509191699976e-01
-6.748430972227925650e-01
-6.748438531624852965e-01
-6.748446190386130361e-01
-6.748453950855939354e-01
-6.748461814736109732e-01
-6.748469783102635233e-01
-6.748477856421590815e-01
-6.748486034564407099e-01
-6.748494316822484240e-01
-6.748502701921134106e-01
-6.748511188032845221e-01
-6.748519772789789428e-01
-6.748528453295659091e-01
-6.748537226136722689e-01
-6.748546087392143233e-01
-6.748555032643519525e-01
-6.748564056983674675e-01
