-6.748570545085892380e-01
-6.748579941465099319e-01
-6.748589415769545852e-01
-6.748598961035094934e-01
-6.748608569870451213e-01
-6.748618234461196685e-01
-6.748627946572957059e-01
-6.748637697553724335e-01
-6.748647478335295657e-01
-6.748657279433893930e-01
-6.748667090949926894e-01
-6.748676902566912439e-01
-6.748686703549556798e-01
-6.748696482741035618e-01
-6.748706228559423481e-01
-6.748715928993330726e-01
-6.748725571596756456e-01
-6.748735143483153287e-01
-6.748744631318712717e-01
-6.748754021314918861e-01
-6.748763299220356116e-01
-6.748772450311811832e-01
-6.748781459384660675e-01
-6.748790310742607268e-01
-6.748798988186756054e-01
-6.748807475004020562e-01
-6.748815753954954255e-01
-6.748823807260947438e-01
-6.748831616590882376e-01
-6.748839163047239964e-01
-6.748846427151683480e-01
-6.748853388830143851e-01
-6.748860027397474148e-01
-6.748866321541675539e-01
-6.748872249307750204e-01
-6.748877788081194540e-01
-6.748882914571224800e-01
-6.748887604793699646e-01
-6.748891834053810657e-01
-6.748895576928575224e-01
-6.748898807249140708e-01
-6.748901498082948702e-01
-6.748903621715723888e-01
-6.748905149633401823e-01
-6.748906052503956809e-01
-6.748906300159221994e-01
-6.748905861576761644e-01
-6.748904704861831139e-01
-6.748902797229509032e-01
-6.748900104987162196e-01
-6.748896593517204057e-01
-6.748892227260367971e-01
-6.748886969699409155e-01
-6.748880783343349510e-01
-6.748873629712262012e-01
-6.748865469322515853e-01
-6.748856261672457890e-01
-6.748845965228504884e-01
-6.748834537411529944e-01
-6.748821934583631998e-01
-6.748808112035317164e-01
-6.748793023973229666e-01
-6.748776623508706551e-01
-6.748758862647425971e-01
-6.748739692280546487e-01
-6.748719062177616079e-01
-6.748696920981562819e-01
-6.748673216205853809e-01
-6.748647894233784639e-01
-6.748620900319585170e-01
-6.748592178590812063e-01
-6.748561672051355265e-01
-6.748529322584375656e-01
-6.748495070954476649e-01
-6.748458856808817741e-01
-6.748420618677190008e-01
-6.748380293971791843e-01
-6.748337818987921732e-01
-6.748293128907377758e-01
-6.748246157806735424e-01
-6.748196838672574360e-01
-6.748145103425268188e-01
-6.748090882952040293e-01
-6.748034107148639382e-01
-6.747974704967313331e-01
-6.747912604467245501e-01
-6.747847732862314318e-01
-6.747780016560580574e-01
-6.747709381190477584e-01
-6.747635751610352450e-01
-6.747559051901212968e-01
-6.747479205346359477e-01
-6.747396134406113966e-01
-6.747309760699681247e-01
-6.747220005008871535e-01
-6.747126787318565855e-01
-6.747030026905959099e-01
-6.746929642484298384e-01
-6.746825552397481829e-01
-6.746717674850518653e-01
-6.746605928149200793e-01
-6.746490230913125830e-01
-6.746370502221481491e-01
-6.746246661654052845e-01
-6.746118629201335315e-01
-6.745986325038263454e-01
-6.745849669184046382e-01
-6.745708581101877988e-01
-6.745562979321664265e-01
-6.745412781189144003e-01
-6.745257902849076670e-01
-6.745098259552909647e-01
-6.744933766339564762e-01
-6.744764339073483495e-01
-6.744589895743982044e-01
-6.744410357846100101e-01
-6.744225651593024340e-01
-6.744035708671994866e-01
-6.743840466267746470e-01
-6.743639866151442952e-01
-6.743433852772299231e-01
-6.743222370482607753e-01
-6.743005360250154956e-01
-6.742782756426363155e-01
-6.742554484295461004e-01
-6.742320459179589331e-01
-6.742080587774136324e-01
-6.741834772113929342e-01
-6.741582916130623993e-01
-6.741324934199053320e-01
-6.741060760468662316e-01
-6.740790357251813525e-01
-6.740513720428453759e-01
-6.740230879855664270e-01
-6.739941893236320869e-01
-6.739646832833798840e-01
-6.739345765759404694e-01
-6.739038730141170275e-01
-6.738725711041805289e-01
-6.738406621191479484e-01
-6.738081292075840389e-01
-6.737749480357028142e-01
-6.737410892819023500e-01
-6.737065230037014851e-01
-6.736712245053952941e-01
-6.736351809064216045e-01
-6.735983972254788732e-01
-6.735609005481786316e-01
-6.735227408294106599e-01
-6.734839871671607359e-01
-6.734447190009514861e-01
-6.734050126026090988e-01
-6.733649243341754964e-01
-6.733244732699921187e-01
-6.732836266838327921e-01
-6.732422923309532292e-01
-6.732003211767579876e-01
-6.731575230872399729e-01
-6.731136959875498871e-01
-6.730686662819573840e-01
-6.730223352794514335e-01
-6.729747235346020817e-01
-6.729260030618142707e-01
-6.728765069917265196e-01
-6.728267079574964393e-01
-6.727771605824340861e-01
-6.727284097143323427e-01
-6.726808738208478466e-01
-6.726347210058468695e-01
-6.725897617954416097e-01
-6.725453863559405221e-01
-6.725005724746632163e-01
-6.724539833353126994e-01
-6.724041606685529082e-01
-6.723498003166854531e-01
-6.722900760555041710e-01
-6.722249573602067096e-01
-6.721554522242914054e-01
-6.720837018213647873e-01
-6.720128636294637747e-01
-6.719467456761313295e-01
-6.718891960791865126e-01
-6.718433048673896346e-01
-6.718105313879169094e-01
-6.717899196410553886e-01
-6.717775931692969715e-01
-6.717667186711016036e-01
-6.717480844145772290e-01
-6.717113527808337148e-01
-6.716469211359783476e-01
-6.715481766701441035e-01
-6.714137833361406571e-01
-6.712495243630417496e-01
-6.710691765921791285e-01
-6.708939437909552383e-01
-6.707501439157613765e-01
-6.706651288225992102e-01
-6.706617870065747500e-01
-6.707523857596173755e-01
-6.709328705177536323e-01
-6.711789656522443304e-01
-6.714454262813751573e-01
-6.716695121160733972e-01
-6.717791712228818879e-01
-6.717055695369195112e-01
-6.713985804829938342e-01
-6.708428204489886859e-01
-6.700709933254772599e-01
-6.691709291648800795e-01
-6.682829885214465193e-01
-6.675855981562702768e-01
-6.672685853912567744e-01
-6.674964934176232934e-01
-6.683667917039917139e-01
-6.698702983241716646e-01
-6.718626199382923270e-01
-6.740555006222158640e-01
-6.760353614710111758e-01
-6.773129502944188474e-01
-6.774030523226918232e-01
-6.759269715083572327e-01
-6.727235685476816718e-01
-6.679480774982069491e-01
-6.621334013116955131e-01
-6.561883494890013990e-01
-6.513134929791989380e-01
-6.488288814551724792e-01
-6.499272450466428985e-01
-6.553871375054729498e-01
-6.652968406080035368e-01
-6.788467875838719578e-01
-6.942443830975417729e-01
-7.087933351473234556e-01
-7.191649287877361907e-01
-7.218730537116819779e-01
-7.139424147820613298e-01
-6.937168928326087336e-01
-6.616820502904426915e-01
-6.210838754854558497e-01
-5.780629325736955648e-01
-5.410599652651116864e-01
-5.194285268410360201e-01
-5.214698985197305792e-01
-5.523547191100958154e-01
-6.124699190180077357e-01
-6.965659492385440910e-01
-7.937441997013662265e-01
-8.880090995935242537e-01
-9.590837656177684245e-01
-9.836590155630634547e-01
-9.380825659002461903e-01
-8.039561568819644233e-01
-5.769511143769815442e-01
-2.757699078990586972e-01
5.527570386238512407e-02
3.551754278692917932e-01
5.638523784575487641e-01
6.390352399847433196e-01
5.656637908172928997e-01
3.584315943362433865e-01
5.931150872908627636e-02
-2.717483105902749885e-01
-5.736276773818106411e-01
-8.017242185722254222e-01
-9.370110282858093997e-01
-9.835807965704401745e-01
-9.597185513676843582e-01
-8.890560791454814593e-01
-7.949314423301230281e-01
-6.976718598362600110e-01
-6.133339134892198397e-01
-5.528842712292848516e-01
-5.216425533796941183e-01
-5.192851130974098783e-01
-5.406878065153394308e-01
-5.775720332134461898e-01
-6.205820022947678982e-01
-6.612548966323890109e-01
-6.934172142527741389e-01
-7.137885876332317192e-01
-7.218547234865049234e-01
-7.192523034586985053e-01
-7.089470895012426332e-01
-6.944242486664998770e-01
-6.790179512680237783e-01
-6.654339404863922613e-01
-6.554759733788008136e-01
-6.499644915796828348e-01
-6.488202302482800610e-01
-6.512707792382039784e-01
-6.561262947761782316e-01
-6.620665774142703297e-01
-6.678885580140775380e-01
-6.726795213124230344e-01
-6.759022190684735865e-01
-6.773974468820667116e-01
-6.773233049940567962e-01
-6.760566522569404491e-01
-6.740820829602691688e-01
-6.718892670608686002e-01
-6.698929415396934761e-01
-6.683829149252230595e-01
-6.675051956761681726e-01
-6.672703720772850122e-01
-6.675819910906261034e-01
-6.682760554684338272e-01
-6.691628261671608291e-01
-6.700635921213022872e-01
-6.708374641079561940e-01
-6.713959798366462284e-01
-6.717058266951535517e-01
-6.717818982135489447e-01
-6.716740038892580200e-01
-6.714508473510372166e-01
-6.711845164727670010e-01
-6.709379106140929139e-01
-6.707565029144799684e-01
-6.706648131328531992e-01
-6.706671118623707128e-01
-6.707512903364177825e-01
-6.708945478799054341e-01
-6.710695512962250309e-01
-6.712499448061973739e-01
-6.714144494807143815e-01
-6.715491969002480577e-01
-6.716483146455588527e-01
-6.717130660188518343e-01
-6.717500156224810448e-01
-6.717687446086905156e-01
-6.717795931465072590e-01
-6.717917935545245633e-01
-6.718122102081781621e-01
-6.718447536109436458e-01
-6.718904105102714297e-01
-6.719477447103356926e-01
-6.720136796523721312e-01
-6.720843709651038722e-01
-6.721560061855657020e-01
-6.722254177348069293e-01
-6.722904515373577805e-01
-6.723500865683601502e-01
-6.724043422817345128e-01
-6.724540370920282228e-01
-6.725004710859854296e-01
-6.725451019616031090e-01
-6.725892687069955356e-01
-6.726339974151306356e-01
-6.726799024270497807e-01
-6.727271774106885482e-01
-6.727756574665207934e-01
-6.728249259812132399e-01
-6.728744385554707996e-01
-6.729236397980741247e-01
-6.729720554397211618e-01
-6.730193502590672283e-01
-6.730653500926636612e-01
-6.731100324960915815e-01
-6.731534947343000841e-01
-6.731959095246325964e-01
-6.732374785883620261e-01
-6.732783921294603902e-01
-6.733187995311097351e-01
-6.733587935106341016e-01
-6.733984072542295030e-01
-6.734376220347477737e-01
-6.734763816690537697e-01
-6.735146098841277018e-01
-6.735522270831392211e-01
-6.735891639025416433e-01
-6.736253700722432125e-01
-6.736608181992531641e-01
-6.736955030126178245e-01
-6.737294372275735022e-01
-6.737626454761429518e-01
-6.737951577379379664e-01
-6.738270034598661251e-01
-6.738582071695691234e-01
-6.738887859591550233e-01
-6.739187488233723267e-01
-6.739480975359462001e-01
-6.739768285677029125e-01
-6.740049354924877445e-01
-6.740324113732998335e-01
-6.740592507401961253e-01
-6.740854509272001804e-01
-6.741110126937862601e-01
-6.741359401908711968e-01
-6.741602404250528480e-01
-6.741839224219530191e-01
-6.742069962929073679e-01
-6.742294723783280874e-01
-6.742513605888377226e-01
-6.742726700051014932e-01
-6.742934087409380162e-01
-6.743135840300834571e-01
-6.743332024693942106e-01
-6.743522703410292918e-01
-6.743707939409385732e-01
-6.743887798565972869e-01
-6.744062351583085535e-01
-6.744231674907417151e-01
-6.744395850707917139e-01
-6.744554966118235795e-01
-6.744709112018628661e-01
-6.744858381645530976e-01
-6.745002869279563829e-01
-6.745142669192688567e-01
-6.745277874951681740e-01
-6.745408579094631651e-01
-6.745534873132479348e-01
-6.745656847785643784e-01
-6.745774593348070614e-01
-6.745888200075158547e-01
-6.745997758512148890e-01
-6.746103359708770508e-01
-6.746205095297352905e-01
-6.746303057439559936e-01
-6.746397338667655674e-01
-6.746488031657901230e-01
-6.746575228976618988e-01
-6.746659022834972097e-01
-6.746739504879252225e-01
-6.746816766031900059e-01
-6.746890896387028880e-01
-6.746961985154839025e-01
-6.747030120643050521e-01
-6.747095390260373637e-01
-6.747157880527437923e-01
-6.747217677082965048e-01
-6.747274864677081929e-01
-6.747329527147940542e-01
-6.747381747381843153e-01
-6.747431607260198083e-01
-6.747479187598296457e-01
-6.747524568081618712e-01
-6.747567827204761226e-01
-6.747609042216947683e-01
-6.747648289076396688e-01
-6.747685642414269491e-01
-6.747721175507571667e-01
-6.747754960259371160e-01
-6.747787067184265464e-01
-6.747817565396996287e-01
-6.747846522602400920e-01
-6.747874005085439109e-01
-6.747900077700650368e-01
-6.747924803860954057e-01
-6.747948245526145250e-01
-6.747970463191723667e-01
-6.747991515878799529e-01
-6.748011461125754673e-01
-6.748030354982206269e-01
-6.748048252005534042e-01
-6.748065205260110888e-01
-6.748081266319054805e-01
-6.748096485268313405e-01
-6.748110910712684651e-01
-6.748124589783456306e-01
-6.748137568147355436e-01
-6.748149890016545971e-01
-6.748161598159543306e-01
-6.748172733912983778e-01
-6.748183337194193498e-01
-6.748193446514619831e-01
-6.748203098994196569e-01
-6.748212330376655022e-01
-6.748221175045806541e-01
-6.748229666042826480e-01
-6.748237835084467395e-01
-6.748245712582182643e-01
-6.748253327662016021e-01
-6.748260708185220835e-01
-6.748267880769478477e-01
-6.748274870810653248e-01
-6.748281702504966839e-01
-6.748288398871535865e-01
-6.748294981775233570e-01
-6.748301471949806896e-01
-6.748307889021220030e-01
-6.748314251531180030e-01
-6.748320576960832318e-01
-6.748326881754543871e-01
-6.748333181343777465e-01
-6.748339490171010313e-01
-6.748345821713599424e-01
-6.748352188507630300e-01
-6.748358602171615761e-01
-6.748365073430048211e-01
-6.748371612136746522e-01
-6.748378227297957554e-01
-6.748384927095132380e-01
-6.748391718907408299e-01
-6.748398609333687848e-01
-6.748405604214323672e-01
-6.748412708652381520e-01
-6.748419927034422505e-01
-6.748427263050783553e-01
-6.748434719715361574e-01
-6.748442299384775911e-01
-6.748450003777023420e-01
-6.748457833989467414e-01
-6.748465790516221530e-01
-6.748473873264861922e-01
-6.748482081572471092e-01
-6.748490414220948974e-01
-6.748498869451620141e-01
-6.748507444979087166e-01
-6.748516138004340137e-01
-6.748524945227056815e-01
-6.748533862857161170e-01
-6.748542886625529258e-01
-6.748552011793910177e-01
-6.748561233164039885e-01
