-6.748576174603906352e-01
-6.748584957183525468e-01
-6.748593770369278877e-01
-6.748602607665092901e-01
-6.748611462070618350e-01
-6.748620326085137400e-01
-6.748629191710729947e-01
-6.748638050454728310e-01
-6.748646893331422536e-01
-6.748655710863069590e-01
-6.748664493080159810e-01
-6.748673229520958383e-01
-6.748681909230365150e-01
-6.748690520758039435e-01
-6.748699052155840983e-01
-6.748707490974581447e-01
-6.748715824260083096e-01
-6.748724038548595816e-01
-6.748732119861525769e-01
-6.748740053699562313e-01
-6.748747825036147674e-01
-6.748755418310395937e-01
-6.748762817419385884e-01
-6.748770005709930908e-01
-6.748776965969806030e-01
-6.748783680418433129e-01
-6.748790130697075451e-01
-6.748796297858540294e-01
-6.748802162356406509e-01
-6.748807704033799038e-01
-6.748812902111751555e-01
-6.748817735177129462e-01
-6.748822181170238688e-01
-6.748826217372119185e-01
-6.748829820391558654e-01
-6.748832966151918633e-01
-6.748835629877786291e-01
-6.748837786081496315e-01
-6.748839408549532903e-01
-6.748840470328830721e-01
-6.748840943712957063e-01
-6.748840800228189662e-01
-6.748840010619477914e-01
-6.748838544836301967e-01
-6.748836372018506280e-01
-6.748833460482160929e-01
-6.748829777705545041e-01
-6.748825290315433323e-01
-6.748819964073757838e-01
-6.748813763864813797e-01
-6.748806653683049328e-01
-6.748798596621505830e-01
-6.748789554860828988e-01
-6.748779489658777164e-01
-6.748768361340101718e-01
-6.748756129286632710e-01
-6.748742751927506722e-01
-6.748728186729493483e-01
-6.748712390187537880e-01
-6.748695317815751604e-01
-6.748676924139119793e-01
-6.748657162686404476e-01
-6.748635985984630103e-01
-6.748613345555412035e-01
-6.748589191913381136e-01
-6.748563474566625642e-01
-6.748536142018858319e-01
-6.748507141772938089e-01
-6.748476420335093318e-01
-6.748443923219252794e-01
-6.748409594951114698e-01
-6.748373379071747058e-01
-6.748335218140879554e-01
-6.748295053740419602e-01
-6.748252826479064215e-01
-6.748208475999020184e-01
-6.748161940985806240e-01
-6.748113159181998721e-01
-6.748062067405313780e-01
-6.748008601570971710e-01
-6.747952696717873788e-01
-6.747894287037691230e-01
-6.747833305905783785e-01
-6.747769685912946569e-01
-6.747703358897195747e-01
-6.747634255975094586e-01
-6.747562307572416707e-01
-6.747487443454226463e-01
-6.747409592754360919e-01
-6.747328684004182398e-01
-6.747244645160245247e-01
-6.747157403630453798e-01
-6.747066886298699329e-01
-6.746973019548894168e-01
-6.746875729290903179e-01
-6.746774940992839031e-01
-6.746670579726113948e-01
-6.746562570230769662e-01
-6.746450837007952339e-01
-6.746335304443571435e-01
-6.746215896961461622e-01
-6.746092539196282267e-01
-6.745965156167151866e-01
-6.745833673424532773e-01
-6.745698017137879976e-01
-6.745558114092933266e-01
-6.745413891577595189e-01
-6.745265277154762762e-01
-6.745112198348331978e-01
-6.744954582300820567e-01
-6.744792355491080471e-01
-6.744625443620303473e-01
-6.744453771774884254e-01
-6.744277264948830286e-01
-6.744095848952744721e-01
-6.743909451654427345e-01
-6.743718004397921684e-01
-6.743521443351782052e-01
-6.743319710467030603e-01
-6.743112753706492768e-01
-6.742900526261794703e-01
-6.742682984614132291e-01
-6.742460085515469270e-01
-6.742231782243187643e-01
-6.741998020767123734e-01
-6.741758736699743348e-01
-6.741513854006884188e-01
-6.741263286372271013e-01
-6.741006941792481166e-01
-6.740744730428094300e-01
-6.740476575003490067e-01
-6.740202422241514668e-01
-6.739922253101622296e-01
-6.739636089151173071e-01
-6.739343992427614394e-01
-6.739046056782481697e-01
-6.738742389982981251e-01
-6.738433087695102630e-01
-6.738118202642819909e-01
-6.737797714342945721e-01
-6.737471506362817664e-01
-6.737139358521048171e-01
-6.736800960415270101e-01
-6.736455949885024053e-01
-6.736103975589651238e-01
-6.735744777281066353e-01
-6.735378271465745081e-01
-6.735004625195964989e-01
-6.734624298085545302e-01
-6.734238033592309103e-01
-6.733846786024684228e-01
-6.733451579767500972e-01
-6.733053311066204971e-01
-6.732652518460685576e-01
-6.732249162734865733e-01
-6.731842467510320560e-01
-6.731430873758688094e-01
-6.731012152634548995e-01
-6.730583699777242801e-01
-6.730143001534827363e-01
-6.729688223142262782e-01
-6.729218827249773272e-01
-6.728736097062839594e-01
-6.728243421405046831e-01
-6.727746208074721901e-01
-6.727251332731907230e-01
-6.726766103824353138e-01
-6.726296823472730502e-01
-6.725847135970713930e-01
-6.725416459013167092e-01
-6.724998863017991324e-01
-6.724582775826334347e-01
-6.724151823708348630e-01
-6.723686966057090819e-01
-6.723169847734989935e-01
-6.722587006510273300e-01
-6.721934279595570549e-01
-6.721220514444028460e-01
-6.720469572655648482e-01
-6.719719683835486679e-01
-6.719019498743673546e-01
-6.718420711591596151e-01
-6.717967824919574005e-01
-6.717686419100067363e-01
-6.717572016651683908e-01
-6.717582123932461791e-01
-6.717634113533975659e-01
-6.717611141004740105e-01
-6.717377207979201570e-01
-6.716800841813265199e-01
-6.715784845784820156e-01
-6.714297505669889476e-01
-6.712398948010539490e-01
-6.710255511880712787e-01
-6.708135459263484535e-01
-6.706381400117380487e-01
-6.705358476262733847e-01
-6.705382313050834986e-01
-6.706636306182370832e-01
-6.709092925148966158e-01
-6.712457151816578760e-01
-6.716150722549785179e-01
-6.719352576433665902e-01
-6.721103436173346823e-01
-6.720471106000549533e-01
-6.716759073126034041e-01
-6.709726457396868460e-01
-6.699775184735019540e-01
-6.688053893264358507e-01
-6.676430883573615249e-01
-6.667302811487729741e-01
-6.663232183562730615e-01
-6.666442509358297963e-01
-6.678239458033619069e-01
-6.698461415485276182e-01
-6.725084657712808722e-01
-6.754109685046715272e-01
-6.779831966819084288e-01
-6.795551761311021677e-01
-6.794705870427389938e-01
-6.772313464172867725e-01
-6.726526451738400469e-01
-6.659977865349158144e-01
-6.580556473152682218e-01
-6.501239479744257421e-01
-6.438722645439405312e-01
-6.410809230314836737e-01
-6.432821918269177042e-01
-6.513604997926281115e-01
-6.651888785244246538e-01
-6.833826108177749603e-01
-7.032385264259444213e-01
-7.209072974312346060e-01
-7.318261048697272120e-01
-7.314218806168585330e-01
-7.160665773472091322e-01
-6.841986516654440242e-01
-6.374032628444457060e-01
-5.810998251845672646e-01
-5.244177594575285539e-01
-4.789682371233579539e-01
-4.565722482167909324e-01
-4.664471582522944915e-01
-5.126407217653443649e-01
-5.924494100616164438e-01
-6.961626185069009765e-01
-8.079143788810854154e-01
-9.070253982268482451e-01
-9.693646787507458340e-01
-9.691166450048263048e-01
-8.824427422991751868e-01
-6.946095139316258438e-01
-4.097862654875275013e-01
-5.829315123347365846e-02
3.060664952975875597e-01
6.205151786282372406e-01
8.315532042058418893e-01
9.060337595989007564e-01
8.330890775396460057e-01
6.233586338747617583e-01
3.097531712062444043e-01
-5.440313852870735239e-02
-4.063412561414522228e-01
-6.920725775221554521e-01
-8.809942545471965980e-01
-9.686883666511594271e-01
-9.697417340817479081e-01
-9.079398571470066459e-01
-8.090996900341264064e-01
-6.973781619214508565e-01
-5.934950125576946567e-01
-5.133718767002867223e-01
-4.667893849960494390e-01
-4.565271304826463150e-01
-4.786053912608209115e-01
-5.238528230115834239e-01
-5.804644076667220265e-01
-6.368157569816538244e-01
-6.837436868866051398e-01
-7.157866669542227722e-01
-7.313200636234583607e-01
-7.318755147494800939e-01
-7.210632649968736763e-01
-7.034500938390930713e-01
-6.836018650523943974e-01
-6.653775439408950998e-01
-6.514937041763486647e-01
-6.433495246063907214e-01
-6.410850966211381063e-01
-6.438259429654008548e-01
-6.500455425852981195e-01
-6.579649789898174284e-01
-6.659124139354505312e-01
-6.725853882910142190e-01
-6.771891894931105771e-01
-6.794548341189443619e-01
-6.795625283918275139e-01
-6.780073416013145948e-01
-6.754442925115591301e-01
-6.725435841253226688e-01
-6.698770451158108097e-01
-6.678466706579990753e-01
-6.666570701619812800e-01
-6.663264287638890337e-01
-6.667257060081417386e-01
-6.676334380790156509e-01
-6.687936161193009932e-01
-6.699662735115169410e-01
-6.709639068119878091e-01
-6.716708011775212039e-01
-6.720459159727660836e-01
-6.721126335926184137e-01
-6.719401265484953312e-01
-6.716213905664284445e-01
-6.712523643790602179e-01
-6.709153458973617923e-01
-6.706684625062119265e-01
-6.705415525963811518e-01
-6.705376781183053359e-01
-6.706387359511827295e-01
-6.708133045518346327e-01
-6.710249130578063159e-01
-6.712392605101145104e-01
-6.714294224368071440e-01
-6.715786374427188399e-01
-6.716807636710470097e-01
-6.717388633362681993e-01
-6.717625805103106806e-01
-6.717650255219806965e-01
-6.717597974898520397e-01
-6.717586084619869835e-01
-6.717697662554599214e-01
-6.717975714222665928e-01
-6.718425191232483273e-01
-6.719020878602239844e-01
-6.719718493017302618e-01
-6.720466408352134824e-01
-6.721215912034803619e-01
-6.721928620979507052e-01
-6.722580473602651763e-01
-6.723162419044298455e-01
-6.723678447532196456e-01
-6.724141901244763408e-01
-6.724571075939831388e-01
-6.724985009751880405e-01
-6.725400118357984791e-01
-6.725828043052272109e-01
-6.726274791679626164e-01
-6.726741018259391192e-01
-6.727223132496310543e-01
-6.727714862805964646e-01
-6.728208907293996566e-01
-6.728698376541548676e-01
-6.729177835020402343e-01
-6.729643859569726105e-01
-6.730095132956099846e-01
-6.730532164200159206e-01
-6.730956768708459270e-01
-6.731371450795825551e-01
-6.731778814634239438e-01
-6.732181095795909398e-01
-6.732579864035178607e-01
-6.732975907506356661e-01
-6.733369275786776909e-01
-6.733759437627248046e-01
-6.734145500270347640e-01
-6.734526439138540654e-01
-6.734901296822695116e-01
-6.735269325006026930e-01
-6.735630058702966050e-01
-6.735983326079563183e-01
-6.736329207235448591e-01
-6.736667960830843294e-01
-6.736999938472046923e-01
-6.737325504187633429e-01
-6.737644971410948758e-01
-6.737958564008881268e-01
-6.738266402283580314e-01
-6.738568510415755553e-01
-6.738864839005327401e-01
-6.739155295292491576e-01
-6.739439774086025681e-01
-6.739718183954943598e-01
-6.739990465338235870e-01
-6.740256599402176807e-01
-6.740516608334771176e-01
-6.740770549067275352e-01
-6.741018503061900757e-01
-6.741260564845636960e-01
-6.741496831539887102e-01
-6.741727394921028793e-01
-6.741952336739428508e-01
-6.742171727286171423e-01
-6.742385626639345597e-01
-6.742594087698215999e-01
-6.742797160023908942e-01
-6.742994893608146301e-01
-6.743187341922102229e-01
-6.743374563883917094e-01
-6.743556624661958265e-01
-6.743733595454286522e-01
-6.743905552527542646e-01
-6.744072575855462048e-01
-6.744234747679834774e-01
-6.744392151247022849e-01
-6.744544869876675230e-01
-6.744692986420156577e-01
-6.744836583082881587e-01
-6.744975741527931001e-01
-6.745110543151439098e-01
-6.745241069420123692e-01
-6.745367402180786343e-01
-6.745489623882023889e-01
-6.745607817681011920e-01
-6.745722067436543679e-01
-6.745832457609650668e-01
-6.745939073103366379e-01
-6.746041999074846585e-01
-6.746141320748056946e-01
-6.746237123246594525e-01
-6.746329491456696248e-01
-6.746418509922271767e-01
-6.746504262767785143e-01
-6.746586833641827763e-01
-6.746666305673626463e-01
-6.746742761435767788e-01
-6.746816282908547624e-01
-6.746886951443337166e-01
-6.746954847724120352e-01
-6.747020051727303791e-01
-6.747082642680451992e-01
-6.747142699020376444e-01
-6.747200298350910508e-01
-6.747255517400435609e-01
-6.747308431979130994e-01
-6.747359116936130219e-01
-6.747407646117021818e-01
-6.747454092322415775e-01
-6.747498527268546153e-01
-6.747541021550995666e-01
-6.747581644612349328e-01
-6.747620464714378929e-01
-6.747657548914780534e-01
-6.747692963048126380e-01
-6.747726771710281790e-01
-6.747759038245263463e-01
-6.747789824733616548e-01
-6.747819191981425657e-01
-6.747847199509431348e-01
-6.747873905542103312e-01
-6.747899366996767956e-01
-6.747923639473294433e-01
-6.747946777244876460e-01
-6.747968833250450604e-01
-6.747989859089291720e-01
-6.748009905018026444e-01
-6.748029019950093632e-01
-6.748047251457534035e-01
-6.748064645774772830e-01
-6.748081247803995320e-01
-6.748097101121730557e-01
-6.748112247986296497e-01
-6.748126729345867991e-01
-6.748140584847089896e-01
-6.748153852844225309e-01
-6.748166570408953291e-01
-6.748178773340912651e-01
-6.748190496179150566e-01
-6.748201772214542649e-01
-6.748212633503262170e-01
-6.748223110881225173e-01
-6.748233233979443746e-01
-6.748243031240189760e-01
-6.748252529933785882e-01
-6.748261756175918391e-01
-6.748270734945347460e-01
-6.748279490101924960e-01
-6.748288044404882058e-01
-6.748296419531306656e-01
-6.748304636094857312e-01
-6.748312713664688101e-01
-6.748320670784547781e-01
-6.748328524992089905e-01
-6.748336292838351680e-01
-6.748343989907319429e-01
-6.748351630835590642e-01
-6.748359229332023812e-01
-6.748366798197358296e-01
-6.748374349343699841e-01
-6.748381893813873988e-01
-6.748389441800562993e-01
-6.748397002665224020e-01
-6.748404584956726460e-01
-6.748412196429701693e-01
-6.748419844062585327e-01
-6.748427534075323031e-01
-6.748435271946681135e-01
-6.748443062431190853e-01
-6.748450909575669510e-01
-6.748458816735271038e-01
-6.748466786589062405e-01
-6.748474821155101555e-01
-6.748482921804970225e-01
-6.748491089277747212e-01
-6.748499323693416541e-01
-6.748507624565664997e-01
-6.748515990814073495e-01
-6.748524420775656729e-01
-6.748532912215793322e-01
-6.748541462338478736e-01
-6.748550067795908713e-01
-6.748558724697396594e-01
-6.748567428617570085e-01
