-6.748576958339054244e-01
-6.748585540673108785e-01
-6.748594135569007113e-01
-6.748602736686669656e-01
-6.748611337157911505e-01
-6.748619929590303768e-01
-6.748628506070346589e-01
-6.748637058165951608e-01
-6.748645576928248291e-01
-6.748654052892696376e-01
-6.748662476079509975e-01
-6.748670835993397787e-01
-6.748679121622631616e-01
-6.748687321437475406e-01
-6.748695423387914838e-01
-6.748703414900778519e-01
-6.748711282876210804e-01
-6.748719013683519563e-01
-6.748726593156445519e-01
-6.748734006587817635e-01
-6.748741238723648950e-01
-6.748748273756632887e-01
-6.748755095319128872e-01
-6.748761686475586163e-01
-6.748768029714444783e-01
-6.748774106939546824e-01
-6.748779899461059273e-01
-6.748785387985969386e-01
-6.748790552608124882e-01
-6.748795372797943282e-01
-6.748799827391729345e-01
-6.748803894580686080e-01
-6.748807551899659307e-01
-6.748810776215573570e-01
-6.748813543715656005e-01
-6.748815829895402629e-01
-6.748817609546348129e-01
-6.748818856743633576e-01
-6.748819544833422057e-01
-6.748819646420202156e-01
-6.748819133353997080e-01
-6.748817976717569334e-01
-6.748816146813677586e-01
-6.748813613152455648e-01
-6.748810344438931352e-01
-6.748806308560790779e-01
-6.748801472576351212e-01
-6.748795802702750590e-01
-6.748789264304431157e-01
-6.748781821881826293e-01
-6.748773439060279378e-01
-6.748764078579251313e-01
-6.748753702281897748e-01
-6.748742271105060420e-01
-6.748729745069851349e-01
-6.748716083272938704e-01
-6.748701243878656442e-01
-6.748685184112047653e-01
-6.748667860252807182e-01
-6.748649227630142411e-01
-6.748629240618385650e-01
-6.748607852633204951e-01
-6.748585016128325620e-01
-6.748560682592632531e-01
-6.748534802547703215e-01
-6.748507325546003743e-01
-6.748478200170076047e-01
-6.748447374033267332e-01
-6.748414793782522292e-01
-6.748380405103734381e-01
-6.748344152729933709e-01
-6.748305980452278252e-01
-6.748265831133275494e-01
-6.748223646721402957e-01
-6.748179368265873057e-01
-6.748132935930255538e-01
-6.748084289003868363e-01
-6.748033365910488524e-01
-6.747980104214809094e-01
-6.747924440628211284e-01
-6.747866311016457175e-01
-6.747805650412727063e-01
-6.747742393039581899e-01
-6.747676472342911680e-01
-6.747607821039279807e-01
-6.747536371175775205e-01
-6.747462054198634096e-01
-6.747384801023994516e-01
-6.747304542101955072e-01
-6.747221207464438875e-01
-6.747134726748673650e-01
-6.747045029191620635e-01
-6.746952043596712301e-01
-6.746855698281422065e-01
-6.746755921021843072e-01
-6.746652639016618158e-01
-6.746545778895362000e-01
-6.746435266794525987e-01
-6.746321028515820384e-01
-6.746202989768187441e-01
-6.746081076476110328e-01
-6.745955215117032111e-01
-6.745825333033167448e-01
-6.745691358652678993e-01
-6.745553221556460644e-01
-6.745410852342789143e-01
-6.745264182273663645e-01
-6.745113142731300471e-01
-6.744957664564735778e-01
-6.744797677455560692e-01
-6.744633109466549037e-01
-6.744463886945629705e-01
-6.744289934930459696e-01
-6.744111178131315665e-01
-6.743927542465332214e-01
-6.743738956984913768e-01
-6.743545355909428274e-01
-6.743346680359846301e-01
-6.743142879342209906e-01
-6.742933909556291239e-01
-6.742719733738261612e-01
-6.742500317482004180e-01
-6.742275624801539191e-01
-6.742045613051764752e-01
-6.741810228149349715e-01
-6.741569401250772087e-01
-6.741323048070382296e-01
-6.741071071796639336e-01
-6.740813370064021592e-01
-6.740549845688996733e-01
-6.740280419970158254e-01
-6.740005046435777469e-01
-6.739723722193390332e-01
-6.739436493709739517e-01
-6.739143454115683607e-01
-6.738844730107762526e-01
-6.738540458204905770e-01
-6.738230752360383491e-01
-6.737915667404011932e-01
-6.737595165030912936e-01
-6.737269090505254576e-01
-6.736937168360869199e-01
-6.736599023732182667e-01
-6.736254232370686434e-01
-6.735902397093902483e-01
-6.735543242009185416e-01
-6.735176709413006613e-01
-6.734803039171299854e-01
-6.734422808142542793e-01
-6.734036909149658801e-01
-6.733646455969506395e-01
-6.733252612782723023e-01
-6.732856362417991569e-01
-6.732458245266577102e-01
-6.732058116632526623e-01
-6.731654980590319193e-01
-6.731246959244852057e-01
-6.730831444614256975e-01
-6.730405454970190826e-01
-6.729966179761128764e-01
-6.729511651680168960e-01
-6.729041438524315799e-01
-6.728557211054623233e-01
-6.728063026827245663e-01
-6.727565183487871359e-01
-6.727071544294827010e-01
-6.726590323704904062e-01
-6.726128434029687853e-01
-6.725689619371979511e-01
-6.725272716787977778e-01
-6.724870458854083077e-01
-6.724469238673326243e-01
-6.724050176202598372e-01
-6.723591644758486474e-01
-6.723073148304761215e-01
-6.722480115220885732e-01
-6.721808845984561520e-01
-6.721070590573464676e-01
-6.720293613018794021e-01
-6.719522194048094255e-01
-6.718811871436377592e-01
-6.718220822424508798e-01
-6.717798098841168963e-01
-6.717570318739478630e-01
-6.717529230784941019e-01
-6.717623099482850080e-01
-6.717754912456702643e-01
-6.717789832016924922e-01
-6.717573039356503628e-01
-6.716957218243166938e-01
-6.715836617632804373e-01
-6.714182294251656025e-01
-6.712071262518087833e-01
-6.709701417506768184e-01
-6.707384742857295246e-01
-6.705513787145929161e-01
-6.704500699436527489e-01
-6.704693860998426347e-01
-6.706283499540839355e-01
-6.709213412912851116e-01
-6.713119642945557519e-01
-6.717317258754419429e-01
-6.720852311181872984e-01
-6.722627114383624702e-01
-6.721593757114612266e-01
-6.716994595730840789e-01
-6.708611911731245936e-01
-6.696975329475594041e-01
-6.683468967731497345e-01
-6.670284519011899782e-01
-6.660184207088596375e-01
-6.656069083317172064e-01
-6.660390073670553468e-01
-6.674484536383217259e-01
-6.697960151454126487e-01
-6.728270672756960780e-01
-6.760626562814564533e-01
-6.788353812216132432e-01
-6.803756209138236422e-01
-6.799452485765817844e-01
-6.770054646555260236e-01
-6.713936156512931852e-01
-6.634727132521303083e-01
-6.542101875721382243e-01
-6.451438087926271159e-01
-6.382068488816156071e-01
-6.354122526627495882e-01
-6.384318887593449787e-01
-6.481413745139220639e-01
-6.642215692729360743e-01
-6.849075126428338933e-01
-7.069568623504417504e-01
-7.258841243645983710e-01
-7.364863481831173120e-01
-7.336705712540958491e-01
-7.135615749683885678e-01
-6.747843420228507583e-01
-6.196619342143129261e-01
-5.548966858126193058e-01
-4.912439127641647363e-01
-4.418853081769602564e-01
-4.196704142035329044e-01
-4.339122026932386023e-01
-4.876938307202092204e-01
-5.764892129914720442e-01
-6.883692338387288334e-01
-8.053978508103878386e-01
-9.054049058496027591e-01
-9.635775144420282157e-01
-9.543444439957211589e-01
-8.551931851135317064e-01
-6.539291948004649635e-01
-3.581423155369327649e-01
-1.213995649694535849e-03
3.621122592602993850e-01
6.711194021037920621e-01
8.763329400066035557e-01
9.483377933236306623e-01
8.777611405609995199e-01
6.737852742418217744e-01
3.656129665722550603e-01
2.540802850356649670e-03
-3.547505277142625757e-01
-6.513672058703245948e-01
-8.536679525384835987e-01
-9.538195330692702534e-01
-9.638641675903094619e-01
-9.062526037268638923e-01
-8.065490146025469098e-01
-6.895841775695006337e-01
-5.775611601291914532e-01
-4.884659076222483964e-01
-4.342952105573766319e-01
-4.196530149370377161e-01
-4.415293987457253877e-01
-4.906640818422661199e-01
-5.542293161818351299e-01
-6.190334584732034573e-01
-6.742877126636453999e-01
-7.132457149435427191e-01
-7.335421279600118361e-01
-7.365194568301601796e-01
-7.260332255408004087e-01
-7.071689836530157258e-01
-6.851322181078051132e-01
-6.644180070841071428e-01
-6.482823873778805757e-01
-6.385053284911625937e-01
-6.354197936052476958e-01
-6.381608395420594881e-01
-6.450629612680550684e-01
-6.541150399931431325e-01
-6.633817246886281049e-01
-6.713204821342109163e-01
-6.769578789163204213e-01
-6.799249869782545419e-01
-6.803796147508317516e-01
-6.788573404424821378e-01
-6.760948361384423455e-01
-6.728618564138726388e-01
-6.698271359746937881e-01
-6.674716763791492813e-01
-6.660523749108216984e-01
-6.656105437216602860e-01
-6.660140386323449846e-01
-6.670187176717844446e-01
-6.683347714577730914e-01
-6.696857163252327716e-01
-6.708517335348156418e-01
-6.716935689966129219e-01
-6.721574083358097251e-01
-6.722643043825115017e-01
-6.720895233293093796e-01
-6.717376104652249547e-01
-6.713183239116097267e-01
-6.709272320255694755e-01
-6.706331154894464852e-01
-6.704726992460651180e-01
-6.704519110775617463e-01
-6.705519687732981460e-01
-6.707381834307271085e-01
-6.709693940975175463e-01
-6.712063171568056763e-01
-6.714176660700852395e-01
-6.715835315405962458e-01
-6.716960874457128527e-01
-6.717581200441689049e-01
-6.717801269223149241e-01
-6.717767985359739402e-01
-6.717636104981762335e-01
-6.717540683774247956e-01
-6.717579133882881637e-01
-6.717803665867222440e-01
-6.718222986438994182e-01
-6.718810842684769247e-01
-6.719518417630396812e-01
-6.720287628798223833e-01
-6.721062908379610290e-01
-6.721799853115030254e-01
-6.722470024174683756e-01
-6.723061984335505503e-01
-6.723579266418742151e-01
-6.724036318179508198e-01
-6.724453564954201434e-01
-6.724852615232103092e-01
-6.725252374266900146e-01
-6.725666503388608719e-01
-6.726102337856962876e-01
-6.726561107347038826e-01
-6.727039122269125038e-01
-6.727529505956904021e-01
-6.728024058650255990e-01
-6.728514912662868497e-01
-6.728995751369608591e-01
-6.729462489655024804e-01
-6.729913426706128909e-01
-6.730348967363336543e-01
-6.730771057887564579e-01
-6.731182495919847408e-01
-6.731586258521307098e-01
-6.731984956002465825e-01
-6.732380473480540362e-01
-6.732773816570845060e-01
-6.733165139847107072e-01
-6.733553911194252173e-01
-6.733939153348237339e-01
-6.734319704588498379e-01
-6.734694450729035164e-01
-6.735062496359697226e-01
-6.735423260792807731e-01
-6.735776500066381622e-01
-6.736122268366477872e-01
-6.736460839251200428e-01
-6.736792609066568627e-01
-6.737118002758493152e-01
-6.737437397234011804e-01
-6.737751071009242532e-01
-6.738059182484209542e-01
-6.738361773867753701e-01
-6.738658794177826428e-01
-6.738950133068568604e-01
-6.739235657323409123e-01
-6.739515243283918933e-01
-6.739788800710705408e-01
-6.740056286040490008e-01
-6.740317705245617574e-01
-6.740573108195269114e-01
-6.740822577404537164e-01
-6.741066214334916484e-01
-6.741304126093580207e-01
-6.741536414657960385e-01
-6.741763169839760650e-01
-6.741984466295560807e-01
-6.742200364140283897e-01
-6.742410912215440755e-01
-6.742616152834775001e-01
-6.742816126851119973e-01
-6.743010878099517935e-01
-6.743200456593821945e-01
-6.743384920207640132e-01
-6.743564334888594303e-01
-6.743738773692061761e-01
-6.743908315054948366e-01
-6.744073040762600391e-01
-6.744233034010026495e-01
-6.744388377850645266e-01
-6.744539154192463748e-01
-6.744685443371669642e-01
-6.744827324228350740e-01
-6.744964874540699817e-01
-6.745098171645956819e-01
-6.745227293084190556e-01
-6.745352317134993836e-01
-6.745473323165935842e-01
-6.745590391763069960e-01
-6.745703604658452868e-01
-6.745813044501711708e-01
-6.745918794539005336e-01
-6.746020938264450928e-01
-6.746119559099110763e-01
-6.746214740135314525e-01
-6.746306563964160619e-01
-6.746395112585681364e-01
-6.746480467387079294e-01
-6.746562709166206151e-01
-6.746641918175192432e-01
-6.746718174161758785e-01
-6.746791556391866784e-01
-6.746862143644832832e-01
-6.746930014179405299e-01
-6.746995245675281305e-01
-6.747057915158173325e-01
-6.747118098917971318e-01
-6.747175872428882171e-01
-6.747231310278291039e-01
-6.747284486108238166e-01
-6.747335472570574755e-01
-6.747384341294377919e-01
-6.747431162862723708e-01
-6.747476006795182224e-01
-6.747518941532657522e-01
-6.747560034421847819e-01
-6.747599351697792791e-01
-6.747636958463978374e-01
-6.747672918670503117e-01
-6.747707295091319724e-01
-6.747740149301866275e-01
-6.747771541658379446e-01
-6.747801531279778997e-01
-6.747830176032652005e-01
-6.747857532519507817e-01
-6.747883656069932901e-01
-6.747908600734280338e-01
-6.747932419279250027e-01
-6.747955163184922167e-01
-6.747976882642802154e-01
-6.747997626554741446e-01
-6.748017442532602272e-01
-6.748036376898823852e-01
-6.748054474687960047e-01
-6.748071779649378321e-01
-6.748088334251233222e-01
-6.748104179685776582e-01
-6.748119355875979997e-01
-6.748133901483359676e-01
-6.748147853916961481e-01
-6.748161249343295198e-01
-6.748174122697100374e-01
-6.748186507692885971e-01
-6.748198436837080649e-01
-6.748209941440853621e-01
-6.748221051633520595e-01
-6.748231796376545910e-01
-6.748242203478159729e-01
-6.748252299608550331e-01
-6.748262110315619289e-01
-6.748271660041228470e-01
-6.748280972137912226e-01
-6.748290068885970383e-01
-6.748298971510866551e-01
-6.748307700200885106e-01
-6.748316274124948055e-01
-6.748324711450587321e-01
-6.748333029362003632e-01
-6.748341244078207568e-01
-6.748349370871171704e-01
-6.748357424084027167e-01
-6.748365417149233547e-01
-6.748373362606708836e-01
-6.748381272121862784e-01
-6.748389156503529218e-01
-6.748397025721720732e-01
-6.748404888925181311e-01
-6.748412754458694707e-01
-6.748420629880107491e-01
-6.748428521977034578e-01
-6.748436436783220582e-01
-6.748444379594503717e-01
-6.748452354984417756e-01
-6.748460366819353240e-01
-6.748468418273283476e-01
-6.748476511842034231e-01
-6.748484649357061604e-01
-6.748492831998724739e-01
-6.748501060309046728e-01
-6.748509334203899312e-01
-6.748517652984639126e-01
-6.748526015349143314e-01
-6.748534419402276718e-01
-6.748542862665684039e-01
-6.748551342086986926e-01
-6.748559854048326034e-01
-6.748568394374273582e-01
