-6.748575845830386832e-01
-6.748584685124855431e-01
-6.748593559893601990e-01
-6.748602463596660161e-01
-6.748611389196665922e-01
-6.748620329162781095e-01
-6.748629275473875255e-01
-6.748638219620939349e-01
-6.748647152608775457e-01
-6.748656064956961576e-01
-6.748664946700057010e-01
-6.748673787387102774e-01
-6.748682576080408113e-01
-6.748691301353602068e-01
-6.748699951288998911e-01
-6.748708513474269699e-01
-6.748716974998415497e-01
-6.748725322447038932e-01
-6.748733541896962951e-01
-6.748741618910177875e-01
-6.748749538527123448e-01
-6.748757285259389116e-01
-6.748764843081805909e-01
-6.748772195423986542e-01
-6.748779325161332610e-01
-6.748786214605553280e-01
-6.748792845494678838e-01
-6.748799198982616820e-01
-6.748805255628212985e-01
-6.748810995383852651e-01
-6.748816397583565774e-01
-6.748821440930683480e-01
-6.748826103485058292e-01
-6.748830362649912429e-01
-6.748834195158374127e-01
-6.748837577059820791e-01
-6.748840483706106674e-01
-6.748842889737735051e-01
-6.748844769070060368e-01
-6.748846094879507040e-01
-6.748846839589758284e-01
-6.748846974857852787e-01
-6.748846471560046023e-01
-6.748845299777411766e-01
-6.748843428781104992e-01
-6.748840827017389410e-01
-6.748837462092505124e-01
-6.748833300757739462e-01
-6.748828308894961880e-01
-6.748822451502957120e-01
-6.748815692684877465e-01
-6.748807995636885160e-01
-6.748799322637989428e-01
-6.748789635040719492e-01
-6.748778893262206147e-01
-6.748767056775050177e-01
-6.748754084097474681e-01
-6.748739932782380491e-01
-6.748724559405340218e-01
-6.748707919551965029e-01
-6.748689967805611145e-01
-6.748670657736565159e-01
-6.748649941894229176e-01
-6.748627771803348274e-01
-6.748604097964996384e-01
-6.748578869862110752e-01
-6.748552035968521379e-01
-6.748523543759421539e-01
-6.748493339720825768e-01
-6.748461369355388539e-01
-6.748427577182685155e-01
-6.748391906733292034e-01
-6.748354300537745543e-01
-6.748314700113405840e-01
-6.748273045953728788e-01
-6.748229277525333858e-01
-6.748183333277776308e-01
-6.748135150669227755e-01
-6.748084666208434834e-01
-6.748031815509535347e-01
-6.747976533352855188e-01
-6.747918753742093712e-01
-6.747858409947707914e-01
-6.747795434527884550e-01
-6.747729759322989018e-01
-6.747661315425721451e-01
-6.747590033136464660e-01
-6.747515841919778934e-01
-6.747438670381743497e-01
-6.747358446287221589e-01
-6.747275096630387381e-01
-6.747188547761421296e-01
-6.747098725558360321e-01
-6.747005555619165484e-01
-6.746908963438418283e-01
-6.746808874529318656e-01
-6.746705214457923150e-01
-6.746597908773018792e-01
-6.746486882840322385e-01
-6.746372061618836069e-01
-6.746253369443497849e-01
-6.746130729893613509e-01
-6.746004065824162677e-01
-6.745873299612649143e-01
-6.745738353628533135e-01
-6.745599150872021443e-01
-6.745455615666879901e-01
-6.745307674243837814e-01
-6.745155255034778197e-01
-6.744998288526433683e-01
-6.744836706600947362e-01
-6.744670441412807804e-01
-6.744499423996721532e-01
-6.744323582936496697e-01
-6.744142843511859997e-01
-6.743957127739818036e-01
-6.743766355614035923e-01
-6.743570447615507835e-01
-6.743369328246224814e-01
-6.743162929981973974e-01
-6.742951196734425778e-01
-6.742734085751721507e-01
-6.742511566957950508e-01
-6.742283619087945379e-01
-6.742050222610023180e-01
-6.741811350267784553e-01
-6.741566956958994217e-01
-6.741316971392569135e-01
-6.741061292287923168e-01
-6.740799791599184632e-01
-6.740532326244652594e-01
-6.740258758130635020e-01
-6.739978980092149463e-01
-6.739692943128244851e-01
-6.739400678523839172e-01
-6.739102307708414452e-01
-6.738798033508218710e-01
-6.738488109075783106e-01
-6.738172785135512211e-01
-6.737852241722170898e-01
-6.737526516311984626e-01
-6.737195444812646983e-01
-6.736858633827899068e-01
-6.736515480683755719e-01
-6.736165251199538462e-01
-6.735807214306361868e-01
-6.735440818668876339e-01
-6.735065881883823824e-01
-6.734682750908035365e-01
-6.734292386737490421e-01
-6.733896330211677217e-01
-6.733496521030416515e-01
-6.733094968382906664e-01
-6.732693306051039661e-01
-6.732292301747899721e-01
-6.731891421861445624e-01
-6.731488569774679576e-01
-6.731080110408512729e-01
-6.730661260367460930e-01
-6.730226861769152968e-01
-6.729772474580962838e-01
-6.729295629901064224e-01
-6.728797003649855668e-01
-6.728281218212435189e-01
-6.727756979371529722e-01
-6.727236322181145978e-01
-6.726732876183316723e-01
-6.726259256733377878e-01
-6.725823917909493632e-01
-6.725428021367275688e-01
-6.725063032727732759e-01
-6.724709799978599856e-01
-6.724339754800365831e-01
-6.723918588326744938e-01
-6.723412301577010863e-01
-6.722794971230907635e-01
-6.722056996228362724e-01
-6.721212122557809199e-01
-6.720301317122402418e-01
-6.719391697224050830e-01
-6.718569295814920128e-01
-6.717925455575036731e-01
-6.717538001648096779e-01
-6.717449843924689912e-01
-6.717649015074032004e-01
-6.718055017414877872e-01
-6.718516395022935406e-01
-6.718823414870155331e-01
-6.718737541202316477e-01
-6.718036157262964325e-01
-6.716567129935180347e-01
-6.714303988063757833e-01
-6.711389554681338465e-01
-6.708154770470265982e-01
-6.705100989655009558e-01
-6.702838695472338459e-01
-6.701983272311066164e-01
-6.703018348605813692e-01
-6.706147684154896149e-01
-6.711165407415096151e-01
-6.717379153303486561e-01
-6.723619096346273860e-01
-6.728356577096951119e-01
-6.729938770075865051e-01
-6.726921979726773193e-01
-6.718458750521355549e-01
-6.704667866821014677e-01
-6.686897830226992134e-01
-6.667790600030532033e-01
-6.651069497166127720e-01
-6.641016273640469869e-01
-6.641664869684048567e-01
-6.655813712495521894e-01
-6.684028860237977154e-01
-6.723858782114615629e-01
-6.769492848979110633e-01
-6.812061485965618113e-01
-6.840695993966424693e-01
-6.844344736223170189e-01
-6.814185669265825362e-01
-6.746292205319834867e-01
-6.644022531105363560e-01
-6.519461348589962180e-01
-6.393226965196475708e-01
-6.292149101241816256e-01
-6.244755449370910094e-01
-6.275103040193331649e-01
-6.396067779424651212e-01
-6.603539291238462727e-01
-6.872923269904834820e-01
-7.158979746111939768e-01
-7.399549472882438472e-01
-7.523393836972230853e-01
-7.462217840447548101e-01
-7.166552544598446817e-01
-6.623844277766058886e-01
-5.874534871108758605e-01
-5.019177674540566958e-01
-4.209272212599654561e-01
-3.618791975466832400e-01
-3.401504547271740897e-01
-3.646677818038647767e-01
-4.347910307803477536e-01
-5.395306366835851408e-01
-6.592163411157629938e-01
-7.687862112433048178e-01
-8.414508017914745786e-01
-8.520616851912282685e-01
-7.807400096125282074e-01
-6.178461589697158418e-01
-3.698410517895568406e-01
-6.253255634825340137e-02
2.630285436846290792e-01
5.627800795254478405e-01
8.039035340143800834e-01
9.720160689823572620e-01
1.068134686393521049e+00
1.099219095159232662e+00
1.068860565595761036e+00
9.735383612741566051e-01
8.062830833515475248e-01
5.659502803635564350e-01
2.667133089854220596e-01
-5.879645698345151855e-02
-3.665701489111926614e-01
-6.154431795998964727e-01
-7.793940892071113957e-01
-8.517489866663191522e-01
-8.419942427842781463e-01
-7.699196550319442611e-01
-6.606315052009302802e-01
-5.409152990506551628e-01
-4.358711924870204979e-01
-3.652525523216215153e-01
-3.401657075533119357e-01
-3.613753386622091113e-01
-4.200558324577215452e-01
-5.008841844230831342e-01
-5.864614552992363228e-01
-6.615908296376643571e-01
-7.161465757894943662e-01
-7.460134674544851574e-01
-7.523910134300828556e-01
-7.401919307118768332e-01
-7.162327430210462254e-01
-6.876416171901156282e-01
-6.606510901791731172e-01
-6.398089657384761209e-01
-6.276006665535371898e-01
-6.244608061455451109e-01
-6.291193319616792401e-01
-6.391800025713395561e-01
-6.517912703187880297e-01
-6.642646529385658472e-01
-6.745286328443864665e-01
-6.813636882196392186e-01
-6.844239772149626200e-01
-6.840947482230165244e-01
-6.812540954249449721e-01
-6.770062903567750645e-01
-6.724399073260989290e-01
-6.684452926686743623e-01
-6.656076018429003538e-01
-6.641759107529948691e-01
-6.640967216991754407e-01
-6.650921293942021473e-01
-6.667594394978100247e-01
-6.686701087379730568e-01
-6.704506910164449440e-01
-6.718355088409151410e-01
-6.726882142016908928e-01
-6.729956810487232044e-01
-6.728418126652038200e-01
-6.723705865189808506e-01
-6.717472986923445077e-01
-6.711251314136026380e-01
-6.706215579016584494e-01
-6.703063542697788035e-01
-6.702005940524570216e-01
-6.702842667028556800e-01
-6.705092230662168529e-01
-6.708139884717313484e-01
-6.711374542925491182e-01
-6.714293402958075863e-01
-6.716563665271463313e-01
-6.718040631373640714e-01
-6.718749182555946442e-01
-6.718840333815567778e-01
-6.718536125302698725e-01
-6.718075028037818752e-01
-6.717667120386654478e-01
-6.717464470887256622e-01
-6.717548303308691349e-01
-6.717931284894578248e-01
-6.718571072068975081e-01
-6.719390207193677300e-01
-6.720297495299057955e-01
-6.721206849688066143e-01
-6.722050945509242537e-01
-6.722788518591096274e-01
-6.723405503123704996e-01
-6.723911216362821186e-01
-6.724331375456071846e-01
-6.724699871352528557e-01
-6.725051002575626047e-01
-6.725413407150659939e-01
-6.725806358206128932e-01
-6.726238530136923188e-01
-6.726708890436762234e-01
-6.727209081257109480e-01
-6.727726538874025941e-01
-6.728247639712564565e-01
-6.728760316751800641e-01
-6.729255807673729661e-01
-6.729729424338040111e-01
-6.730180429839650591e-01
-6.730611247068594150e-01
-6.731026290221614472e-01
-6.731430711738836115e-01
-6.731829306196372986e-01
-6.732225730302229261e-01
-6.732622105906922449e-01
-6.733018989451479142e-01
-6.733415629488138654e-01
-6.733810400051087885e-01
-6.734201291577236459e-01
-6.734586357671954460e-01
-6.734964047216018823e-01
-6.735333388200175353e-01
-6.735694024284319958e-01
-6.736046131630252232e-01
-6.736390259029928496e-01
-6.736727138424941641e-01
-6.737057507426879033e-01
-6.737381973583173034e-01
-6.737700935526694801e-01
-6.738014562120572259e-01
-6.738322819723832069e-01
-6.738625531097106602e-01
-6.738922447460859999e-01
-6.739213317124628233e-01
-6.739497938664303911e-01
-6.739776192367874508e-01
-6.740048049244867778e-01
-6.740313561291428890e-01
-6.740572839365819302e-01
-6.740826025859297799e-01
-6.741073268615741521e-01
-6.741314700764760026e-01
-6.741550428877235435e-01
-6.741780529670485800e-01
-6.742005053784583257e-01
-6.742224034138359912e-01
-6.742437496085977866e-01
-6.742645466917532859e-01
-6.742847982972846044e-01
-6.743045093529700384e-01
-6.743236861471481047e-01
-6.743423361379777825e-01
-6.743604676056138558e-01
-6.743780892549017247e-01
-6.743952098600348721e-01
-6.744118380118482303e-01
-6.744279819926839448e-01
-6.744436497714436651e-01
-6.744588490883344223e-01
-6.744735875874587894e-01
-6.744878729554162344e-01
-6.745017130328195831e-01
-6.745151158792506152e-01
-6.745280897867463876e-01
-6.745406432491496407e-01
-6.745527849025219069e-01
-6.745645234546532309e-01
-6.745758676200335202e-01
-6.745868260718144160e-01
-6.745974074160525635e-01
-6.746076201874949829e-01
-6.746174728616043392e-01
-6.746269738751025091e-01
-6.746361316470781411e-01
-6.746449545942641013e-01
-6.746534511367195952e-01
-6.746616296930808554e-01
-6.746694986670561667e-01
-6.746770664284921226e-01
-6.746843412929326433e-01
-6.746913315032284642e-01
-6.746980452156812191e-01
-6.747044904918025887e-01
-6.747106752953970776e-01
-6.747166074936280511e-01
-6.747222948601615533e-01
-6.747277450784278097e-01
-6.747329657434173455e-01
-6.747379643610714739e-01
-6.747427483450528785e-01
-6.747473250113135146e-01
-6.747517015713172528e-01
-6.747558851249347844e-01
-6.747598826539704664e-01
-6.747637010169991179e-01
-6.747673469458547180e-01
-6.747708270437343669e-01
-6.747741477845999869e-01
-6.747773155133873768e-01
-6.747803364464934894e-01
-6.747832166720902913e-01
-6.747859621499694427e-01
-6.747885787108124367e-01
-6.747910720549477048e-01
-6.747934477507904205e-01
-6.747957112332174656e-01
-6.747978678021334664e-01
-6.747999226214193014e-01
-6.748018807183756573e-01
-6.748037469836846158e-01
-6.748055261718145514e-01
-6.748072229017628709e-01
-6.748088416579971494e-01
-6.748103867914698739e-01
-6.748118625206148691e-01
-6.748132729322842138e-01
-6.748146219826186565e-01
-6.748159134978882756e-01
-6.748171511753570107e-01
-6.748183385842236870e-01
-6.748194791666917158e-01
-6.748205762391941143e-01
-6.748216329937797298e-01
-6.748226524996485676e-01
-6.748236377048068002e-01
-6.748245914378091515e-01
-6.748255164095555703e-01
-6.748264152151147721e-01
-6.748272903355562180e-01
-6.748281441397897540e-01
-6.748289788864053618e-01
-6.748297967255321161e-01
-6.748305997007162382e-01
-6.748313897508287917e-01
-6.748321687120057977e-01
-6.748329383196215447e-01
-6.748337002102852145e-01
-6.748344559238574902e-01
-6.748352069054714963e-01
-6.748359545075538479e-01
-6.748366999918287146e-01
-6.748374445313085612e-01
-6.748381892122606862e-01
-6.748389350361478911e-01
-6.748396829215442816e-01
-6.748404337060233127e-01
-6.748411881480188557e-01
-6.748419469286582872e-01
-6.748427106535591635e-01
-6.748434798545945856e-01
-6.748442549916159328e-01
-6.748450364541349611e-01
-6.748458245629564978e-01
-6.748466195717615079e-01
-6.748474216686366489e-01
-6.748482309775453158e-01
-6.748490475597459515e-01
-6.748498714151465183e-01
-6.748507024836007950e-01
-6.748515406461422783e-01
-6.748523857261549130e-01
-6.748532374904782083e-01
-6.748540956504439636e-01
-6.748549598628484913e-01
-6.748558297308522302e-01
-6.748567048048119688e-01
