-6.748571994801948470e-01
-6.748581268955806678e-01
-6.748590612526740307e-01
-6.748600018642472165e-01
-6.748609479987777160e-01
-6.748618988808486874e-01
-6.748628536914653697e-01
-6.748638115682897842e-01
-6.748647716057929458e-01
-6.748657328553243628e-01
-6.748666943250966055e-01
-6.748676549800914914e-01
-6.748686137418847819e-01
-6.748695694883874996e-01
-6.748705210535123067e-01
-6.748714672267577264e-01
-6.748724067527173132e-01
-6.748733383305125511e-01
-6.748742606131513666e-01
-6.748751722068127012e-01
-6.748760716700623608e-01
-6.748769575129960341e-01
-6.748778281963185854e-01
-6.748786821303547345e-01
-6.748795176739980084e-01
-6.748803331335965217e-01
-6.748811267617811360e-01
-6.748818967562352222e-01
-6.748826412584081336e-01
-6.748833583521782753e-01
-6.748840460624667692e-01
-6.748847023538021572e-01
-6.748853251288436939e-01
-6.748859122268632271e-01
-6.748864614221946612e-01
-6.748869704226465593e-01
-6.748874368678929869e-01
-6.748878583278313803e-01
-6.748882323009235407e-01
-6.748885562125167548e-01
-6.748888274131485954e-01
-6.748890431768375109e-01
-6.748892006993629789e-01
-6.748892970965355564e-01
-6.748893294024639333e-01
-6.748892945678183208e-01
-6.748891894581022788e-01
-6.748890108519368658e-01
-6.748887554393647736e-01
-6.748884198201835494e-01
-6.748880005023170092e-01
-6.748874939002333928e-01
-6.748868963334118121e-01
-6.748862040248647665e-01
-6.748854130997122835e-01
-6.748845195838066857e-01
-6.748835194024033202e-01
-6.748824083788692585e-01
-6.748811822334289667e-01
-6.748798365819425049e-01
-6.748783669347301339e-01
-6.748767686954504352e-01
-6.748750371600620301e-01
-6.748731675158937682e-01
-6.748711548408653504e-01
-6.748689941028865880e-01
-6.748666801594646047e-01
-6.748642077575306431e-01
-6.748615715334780329e-01
-6.748587660133830157e-01
-6.748557856133543531e-01
-6.748526246399377815e-01
-6.748492772905141379e-01
-6.748457376536131092e-01
-6.748419997091223976e-01
-6.748380573283934147e-01
-6.748339042743162208e-01
-6.748295342014920539e-01
-6.748249406566799724e-01
-6.748201170797312187e-01
-6.748150568052159182e-01
-6.748097530648965447e-01
-6.748041989911156557e-01
-6.747983876210235099e-01
-6.747923119014244131e-01
-6.747859646938588751e-01
-6.747793387794226438e-01
-6.747724268627760535e-01
-6.747652215748440874e-01
-6.747577154738840788e-01
-6.747499010448815282e-01
-6.747417706976301943e-01
-6.747333167642781682e-01
-6.747245314975254260e-01
-6.747154070709261431e-01
-6.747059355827924598e-01
-6.746961090649463699e-01
-6.746859194969500040e-01
-6.746753588255210987e-01
-6.746644189876797038e-01
-6.746530919349791322e-01
-6.746413696551746275e-01
-6.746292441871709622e-01
-6.746167076253287709e-01
-6.746037521103739332e-01
-6.745903698062752918e-01
-6.745765528653628884e-01
-6.745622933872380544e-01
-6.745475833800894661e-01
-6.745324147351118294e-01
-6.745167792251093308e-01
-6.745006685364360877e-01
-6.744840743389669546e-01
-6.744669883920088038e-01
-6.744494026757913430e-01
-6.744313095297439498e-01
-6.744127017719646622e-01
-6.743935727709948758e-01
-6.743739164429408683e-01
-6.743537271551074408e-01
-6.743329995316985626e-01
-6.743117281764595683e-01
-6.742899073487523820e-01
-6.742675306496509480e-01
-6.742445907886417400e-01
-6.742210795049122796e-01
-6.741969877063266336e-01
-6.741723058622851594e-01
-6.741470246446409353e-01
-6.741211357579441898e-01
-6.740946328440231561e-01
-6.740675122967965116e-01
-6.740397737932458666e-01
-6.740114203475461307e-01
-6.739824577365763902e-01
-6.739528932302021325e-01
-6.739227336848112593e-01
-6.738919832099721230e-01
-6.738606407723893854e-01
-6.738286982268846259e-01
-6.737961393251846731e-01
-6.737629402161490200e-01
-6.737290717921730065e-01
-6.736945039510742195e-01
-6.736592114521151586e-01
-6.736231806003777356e-01
-6.735864155757184113e-01
-6.735489429313272769e-01
-6.735108127272020351e-01
-6.734720950221042557e-01
-6.734328710667395468e-01
-6.733932194965418505e-01
-6.733531990068492012e-01
-6.733128302138999821e-01
-6.732720804018687000e-01
-6.732308553398205220e-01
-6.731890020610986625e-01
-6.731463252641431971e-01
-6.731026178113665992e-01
-6.730577028736913769e-01
-6.730114820190578051e-01
-6.729639805933790297e-01
-6.729153798226662486e-01
-6.728660248867411875e-01
-6.728164003089424083e-01
-6.727670685575245502e-01
-6.727185744680748147e-01
-6.726713261319949844e-01
-6.726254709028149925e-01
-6.725807914409046573e-01
-6.725366494484559254e-01
-6.724920024048032241e-01
-6.724455103139949097e-01
-6.723957353424653283e-01
-6.723414186131874137e-01
-6.722817979723068049e-01
-6.722169119697859463e-01
-6.721478229180812836e-01
-6.720766899296235497e-01
-6.720066345257773577e-01
-6.719413681133822314e-01
-6.718845910361948004e-01
-6.718392226070215578e-01
-6.718065730115777567e-01
-6.717856113212300473e-01
-6.717725080145906524e-01
-6.717606251018368724e-01
-6.717410848794822531e-01
-6.717039674890596945e-01
-6.716400729391552860e-01
-6.715430484323936522e-01
-6.714115481154732112e-01
-6.712509873771418389e-01
-6.710744077972242705e-01
-6.709020092520041612e-01
-6.707590505022774652e-01
-6.706720704473798644e-01
-6.706637187376890408e-01
-6.707468617244461973e-01
-6.709189807048098197e-01
-6.711581226931200295e-01
-6.714217168901087662e-01
-6.716493653238324590e-01
-6.717702192479525491e-01
-6.717147776445329121e-01
-6.714299643325019051e-01
-6.708952945133476176e-01
-6.701370295491767548e-01
-6.692366818942706574e-01
-6.683303159483208189e-01
-6.675959855147449717e-01
-6.672284166812683104e-01
-6.674025538912399247e-01
-6.682304799252957173e-01
-6.697189492173817316e-01
-6.717366994271529723e-01
-6.740012392789284101e-01
-6.760935390630478103e-01
-6.775058041721121471e-01
-6.777223641643863594e-01
-6.763269671430620633e-01
-6.731220505418276101e-01
-6.682379989816179533e-01
-6.622048646590025234e-01
-6.559580520136255588e-01
-6.507555910132708510e-01
-6.479990612772291714e-01
-6.489714689329930675e-01
-6.545286732822105380e-01
-6.647995974495491955e-01
-6.789586346259022243e-01
-6.951295292964162487e-01
-7.104667478925096313e-01
-7.214437241889439800e-01
-7.243601002736680394e-01
-7.160561571698691452e-01
-6.947772670120814231e-01
-6.610523264227391449e-01
-6.183500728952735503e-01
-5.732090982748911934e-01
-5.345800345537762288e-01
-5.123182107003609875e-01
-5.150720094760213863e-01
-5.480792352883513407e-01
-6.114535534030129948e-01
-6.993524321294011248e-01
-8.000457198935596592e-01
-8.965631687604899147e-01
-9.675866012777218916e-01
-9.887868926036078587e-01
-9.357203743832996912e-01
-7.898481920925198851e-01
-5.478692718483050283e-01
-2.308227138591802396e-01
1.140788744722764925e-01
4.237584053389973904e-01
6.377863123852768323e-01
7.146527040879919745e-01
6.397837724357867684e-01
4.273708571960755931e-01
1.185974701246939461e-01
-2.262677767225334258e-01
-5.440524144958535091e-01
-7.872353554604413217e-01
-9.344143475699898671e-01
-9.886170314612401366e-01
-9.682455076030292984e-01
-8.977131309861827724e-01
-8.013763863477346705e-01
-7.006065680692662445e-01
-6.124408732604984529e-01
-5.486866327106750818e-01
-5.152680826380430235e-01
-5.121470153042454454e-01
-5.341421869259698196e-01
-5.726336429203587874e-01
-6.177643710718629944e-01
-6.605577386274918972e-01
-6.944356545057185359e-01
-7.158879544783268711e-01
-7.243511808272941055e-01
-7.215568272408100503e-01
-7.106536958694652517e-01
-6.953418117848096935e-01
-6.791552212699184521e-01
-6.649516726725790416e-01
-6.546214250387671907e-01
-6.490033238754344680e-01
-6.479789754061590079e-01
-6.506991836870987811e-01
-6.558834468195205991e-01
-6.621290196942963835e-01
-6.681740789363493915e-01
-6.730780809531623499e-01
-6.763057090190633946e-01
-6.777221288105658159e-01
-6.775218250876023918e-01
-6.761195200554507290e-01
-6.740307711693342974e-01
-6.717643434861981788e-01
-6.697408938653478527e-01
-6.682447700401162871e-01
-6.674089604613128168e-01
-6.672280555700629279e-01
-6.675908085253748903e-01
-6.683225888377815060e-01
-6.692285386267239344e-01
-6.701301576646421232e-01
-6.708907709760197902e-01
-6.714282311658110736e-01
-6.717157260923879436e-01
-6.717733413316752111e-01
-6.716539313401526101e-01
-6.714269440170856917e-01
-6.711633103569994985e-01
-6.709235998944872437e-01
-6.707505958881565533e-01
-6.706664619409522521e-01
-6.706738935502377652e-01
-6.707601482665737080e-01
-6.709026409703510163e-01
-6.710748419327062786e-01
-6.712514575795345273e-01
-6.714122245460421023e-01
-6.715440251558161266e-01
-6.716413696143854750e-01
-6.717055419082084144e-01
-6.717428520966924888e-01
-6.717624788694096516e-01
-6.717743408282621509e-01
-6.717873303592382106e-01
-6.718081104172642926e-01
-6.718405397172845239e-01
-6.718856771420244067e-01
-6.719422350477111117e-01
-6.720073087566332815e-01
-6.720772038952338434e-01
-6.721482071231896782e-01
-6.722171889499010122e-01
-6.722819787224925125e-01
-6.723415015673260831e-01
-6.723957075591578958e-01
-6.724453502315425046e-01
-6.724916833938489047e-01
-6.725361434102233860e-01
-6.725800718404070233e-01
-6.726245148435282539e-01
-6.726701153201811723e-01
-6.727170951350250894e-01
-6.727653105725540650e-01
-6.728143558071097985e-01
-6.728636867515104258e-01
-6.729127403172132649e-01
-6.729610303459099274e-01
-6.730082094617120259e-01
-6.730540941338326588e-01
-6.730986569753149018e-01
-6.731419948860446478e-01
-6.731842837753612141e-01
-6.732257304496223060e-01
-6.732665303497937792e-01
-6.733068368833110551e-01
-6.733467448444362402e-01
-6.733862874802015730e-01
-6.734254445643970133e-01
-6.734641575953196346e-01
-6.735023479301488480e-01
-6.735399341443496501e-01
-6.735768458972308803e-01
-6.736130328050941030e-01
-6.736484680104014577e-01
-6.736831470952409084e-01
-6.737170836112589267e-01
-6.737503027607245620e-01
-6.737828347067745804e-01
-6.738147087014916270e-01
-6.738459488029278077e-01
-6.738765715072287943e-01
-6.739065852301617809e-01
-6.739359912854629986e-01
-6.739647858471253805e-01
-6.739929623444232965e-01
-6.740205137987497208e-01
-6.740474347364986407e-01
-6.740737224664475891e-01
-6.740993776617167921e-01
-6.741244043118036489e-01
-6.741488091958177664e-01
-6.741726010696900140e-01
-6.741957897615553641e-01
-6.742183853398373561e-01
-6.742403974695694302e-01
-6.742618350162991048e-01
-6.742827059039415705e-01
-6.743030171908052095e-01
-6.743227753009392034e-01
-6.743419863368991241e-01
-6.743606564032664785e-01
-6.743787918841419593e-01
-6.743963996378731229e-01
-6.744134870938798265e-01
-6.744300622558079272e-01
-6.744461336296854181e-01
-6.744617101039801499e-01
-6.744768008104423673e-01
-6.744914149913975310e-01
-6.745055618923855301e-01
-6.745192506906261265e-01
-6.745324904615014328e-01
-6.745452901784418920e-01
-6.745576587371039379e-01
-6.745696049927706328e-01
-6.745811378002539715e-01
-6.745922660476588728e-01
-6.746029986783991239e-01
-6.746133446991650073e-01
-6.746233131744403533e-01
-6.746329132103111581e-01
-6.746421539314801930e-01
-6.746510444556518271e-01
-6.746595938689510241e-01
-6.746678112050420451e-01
-6.746757054294190148e-01
-6.746832854291799908e-01
-6.746905600076588128e-01
-6.746975378826858272e-01
-6.747042276869752442e-01
-6.747106379691862887e-01
-6.747167771944736492e-01
-6.747226537437370775e-01
-6.747282759112154249e-01
-6.747336519004595301e-01
-6.747387898190050359e-01
-6.747436976722479551e-01
-6.747483833570742107e-01
-6.747528546557433060e-01
-6.747571192304111509e-01
-6.747611846185224138e-01
-6.747650582291437882e-01
-6.747687473401823288e-01
-6.747722590963287637e-01
-6.747756005075269403e-01
-6.747787784477574657e-01
-6.747817996539602348e-01
-6.747846707249609555e-01
-6.747873981203440508e-01
-6.747899881592513971e-01
-6.747924470191478674e-01
-6.747947807346137417e-01
-6.747969951962421442e-01
-6.747990961497065676e-01
-6.748010891950574353e-01
-6.748029797862739043e-01
-6.748047732310861191e-01
-6.748064746910477085e-01
-6.748080891818399873e-01
-6.748096215737707793e-01
-6.748110765924344445e-01
-6.748124588194981399e-01
-6.748137726935966585e-01
-6.748150225113168643e-01
-6.748162124282606200e-01
-6.748173464601954219e-01
-6.748184284842900782e-01
-6.748194622404390941e-01
-6.748204513326864218e-01
-6.748213992307469100e-01
-6.748223092716250093e-01
-6.748231846613311768e-01
-6.748240284766835462e-01
-6.748248436671957506e-01
-6.748256330570321371e-01
-6.748263993470265953e-01
-6.748271451167502377e-01
-6.748278728266320359e-01
-6.748285848201092119e-01
-6.748292833258169310e-01
-6.748299704598005322e-01
-6.748306482277556251e-01
-6.748313185272856174e-01
-6.748319831501776722e-01
-6.748326437846915438e-01
-6.748333020178571839e-01
-6.748339593377788992e-01
-6.748346171359383971e-01
-6.748352767094939475e-01
-6.748359392635728815e-01
-6.748366059135457729e-01
-6.748372776872854084e-01
-6.748379555274015562e-01
-6.748386402934474226e-01
-6.748393327640965778e-01
-6.748400336392862409e-01
-6.748407435423192657e-01
-6.748414630219276011e-01
-6.748421925542904543e-01
-6.748429325450044924e-01
-6.748436833310055283e-01
-6.748444451824358037e-01
-6.748452183044565400e-01
-6.748460028390019794e-01
-6.748467988664704764e-01
-6.748476064073555269e-01
-6.748484254238068525e-01
-6.748492558211270920e-01
-6.748500974491967730e-01
-6.748509501038281178e-01
-6.748518135280440200e-01
-6.748526874132863007e-01
-6.748535714005409192e-01
-6.748544650813922408e-01
-6.748553679989950371e-01
-6.748562796489654403e-01
