-6.748576177066123449e-01
-6.748584305105793657e-01
-6.748592399560324750e-01
-6.748600454448641095e-01
-6.748608463210515884e-01
-6.748616418710272624e-01
-6.748624313239925954e-01
-6.748632138521705182e-01
-6.748639885710021602e-01
-6.748647545392832958e-01
-6.748655107592429481e-01
-6.748662561765652601e-01
-6.748669896803516366e-01
-6.748677101030287062e-01
-6.748684162201962211e-01
-6.748691067504247743e-01
-6.748697803549953411e-01
-6.748704356375858637e-01
-6.748710711439095400e-01
-6.748716853612980460e-01
-6.748722767182400162e-01
-6.748728435838705630e-01
-6.748733842674161654e-01
-6.748738970175974794e-01
-6.748743800219879629e-01
-6.748748314063365283e-01
-6.748752492338506714e-01
-6.748756315044410758e-01
-6.748759761539357971e-01
-6.748762810532593637e-01
-6.748765440075809030e-01
-6.748767627554361770e-01
-6.748769349678235274e-01
-6.748770582472837232e-01
-6.748771301269572698e-01
-6.748771480696333924e-01
-6.748771094667894710e-01
-6.748770116376259232e-01
-6.748768518281025308e-01
-6.748766272099735453e-01
-6.748763348798288986e-01
-6.748759718581364142e-01
-6.748755350882933435e-01
-6.748750214356785682e-01
-6.748744276867153502e-01
-6.748737505479397436e-01
-6.748729866450842163e-01
-6.748721325221834766e-01
-6.748711846407080550e-01
-6.748701393787398528e-01
-6.748689930301990936e-01
-6.748677418041386655e-01
-6.748663818241116275e-01
-6.748649091276148759e-01
-6.748633196656137478e-01
-6.748616093021387874e-01
-6.748597738139406887e-01
-6.748578088901927563e-01
-6.748557101322204543e-01
-6.748534730532464998e-01
-6.748510930781498329e-01
-6.748485655432395758e-01
-6.748458856960716234e-01
-6.748430486953450602e-01
-6.748400496109275837e-01
-6.748368834240711100e-01
-6.748335450278712955e-01
-6.748300292280138279e-01
-6.748263307438262526e-01
-6.748224442096063536e-01
-6.748183641761700269e-01
-6.748140851125120632e-01
-6.748096014074487226e-01
-6.748049073710964407e-01
-6.747999972360660959e-01
-6.747948651582985624e-01
-6.747895052175559849e-01
-6.747839114176918951e-01
-6.747780776869268804e-01
-6.747719978784730843e-01
-6.747656657718927864e-01
-6.747590750755806388e-01
-6.747522194306608823e-01
-6.747450924164161146e-01
-6.747376875570902932e-01
-6.747299983296144443e-01
-6.747220181714961296e-01
-6.747137404878810196e-01
-6.747051586567085479e-01
-6.746962660310138471e-01
-6.746870559377718957e-01
-6.746775216732995295e-01
-6.746676564960003564e-01
-6.746574536181018100e-01
-6.746469061987722116e-01
-6.746360073414900960e-01
-6.746247500985204093e-01
-6.746131274847191328e-01
-6.746011325015920379e-01
-6.745887581706209168e-01
-6.745759975726089985e-01
-6.745628438875284072e-01
-6.745492904276030321e-01
-6.745353306556349793e-01
-6.745209581813886857e-01
-6.745061667314236065e-01
-6.744909500921747458e-01
-6.744753020318327019e-01
-6.744592162129088297e-01
-6.744426861130510265e-01
-6.744257049752765409e-01
-6.744082658088953464e-01
-6.743903614579136452e-01
-6.743719847442095627e-01
-6.743531286787867174e-01
-6.743337867175986933e-01
-6.743139530215986888e-01
-6.742936226674425271e-01
-6.742727917496460499e-01
-6.742514573205276029e-01
-6.742296171331316756e-01
-6.742072691845449883e-01
-6.741844110996211281e-01
-6.741610394420732844e-01
-6.741371490822437584e-01
-6.741127327780425116e-01
-6.740877811269742059e-01
-6.740622830146844047e-01
-6.740362266157339244e-01
-6.740096008991612875e-01
-6.739823974670289264e-01
-6.739546124292022933e-01
-6.739262479190628596e-01
-6.738973128122638379e-01
-6.738678222503853288e-01
-6.738377957099357385e-01
-6.738072535945807129e-01
-6.737762126432793597e-01
-6.737446807941683824e-01
-6.737126524578250786e-01
-6.736801053553519436e-01
-6.736470000883704179e-01
-6.736132833688420751e-01
-6.735788953221908404e-01
-6.735437805155590762e-01
-6.735079014447900025e-01
-6.734712522912982280e-01
-6.734338700333012406e-01
-6.733958396831788429e-01
-6.733572907185982892e-01
-6.733183828006894522e-01
-6.732792806268288466e-01
-6.732401200880011594e-01
-6.732009704576530362e-01
-6.731617996439216434e-01
-6.731224510101581071e-01
-6.730826403346684694e-01
-6.730419796963524881e-01
-6.730000312641645221e-01
-6.729563883496469945e-01
-6.729107743284929999e-01
-6.728631432779494936e-01
-6.728137608860812469e-01
-6.727632419690308119e-01
-6.727125232034774083e-01
-6.726627573143060257e-01
-6.726151279157442930e-01
-6.725706012756299534e-01
-6.725296499766676428e-01
-6.724920001944632020e-01
-6.724564648473901896e-01
-6.724209250133684757e-01
-6.723825085709377314e-01
-6.723379868226792011e-01
-6.722843685746514586e-01
-6.722196218143915436e-01
-6.721434040768182738e-01
-6.720576446108748048e-01
-6.719668062316109802e-01
-6.718776725170199082e-01
-6.717985629309634055e-01
-6.717379739371646119e-01
-6.717027689671578594e-01
-6.716961757252843945e-01
-6.717159693307271917e-01
-6.717532933124088501e-01
-6.717925675555729281e-01
-6.718128307390173193e-01
-6.717906571019388595e-01
-6.717044866314365592e-01
-6.715398509821773887e-01
-6.712946250149095517e-01
-6.709831639666428149e-01
-6.706380837139168660e-01
-6.703085810070800177e-01
-6.700546159913174371e-01
-6.699369837497139990e-01
-6.700042119980844646e-01
-6.702781965584928558e-01
-6.707413278437707183e-01
-6.713283489495274203e-01
-6.719261160446623471e-01
-6.723836653472555769e-01
-6.725334918935963469e-01
-6.722228087814429154e-01
-6.713510261579155314e-01
-6.699071688918896150e-01
-6.679989897207807559e-01
-6.658647754263272711e-01
-6.638599058429627275e-01
-6.624135003595875704e-01
-6.619558996343835044e-01
-6.628245712064010364e-01
-6.651629752301619902e-01
-6.688323345372763074e-01
-6.733586226532575214e-01
-6.779354983158774051e-01
-6.814981853569979098e-01
-6.828737068524560749e-01
-6.809997605173875312e-01
-6.751881478233514589e-01
-6.653900287235450239e-01
-6.524026049780822234e-01
-6.379468422139208394e-01
-6.245526667894317763e-01
-6.152188016011507221e-01
-6.128675874242773824e-01
-6.196769750085660000e-01
-6.364198051487719443e-01
-6.619543688522316893e-01
-6.929851232549374407e-01
-7.241645371837645007e-01
-7.485666067923658629e-01
-7.585526878354893476e-01
-7.470583977828331168e-01
-7.092928364949506737e-01
-6.446724776710752725e-01
-5.584946353334878655e-01
-4.625467979385143313e-01
-3.738649495006714507e-01
-3.114236577006026518e-01
-2.914808652719529380e-01
-3.230459103245074681e-01
-4.050135838561036983e-01
-5.258813230194360200e-01
-6.659264014164758549e-01
-8.006803752836122445e-01
-9.041092463152083925e-01
-9.506583872575051775e-01
-9.170399085767300118e-01
-7.859696318141101701e-01
-5.531891107768733828e-01
-2.353901753045258005e-01
1.273802982116936655e-01
4.801623430155022576e-01
7.694229250652778740e-01
9.566318903348133285e-01
1.021606713471824301e+00
9.585062165395045186e-01
7.729921883072733424e-01
4.849982473752226797e-01
1.327825394294027961e-01
-2.302628019800814219e-01
-5.490697751216331302e-01
-7.832806601834210181e-01
-9.158531815103115870e-01
-9.507895553277107004e-01
-9.052406040594366265e-01
-8.024422355254362538e-01
-6.679345021591199805e-01
-5.277625111606005781e-01
-4.064446276579502526e-01
-3.238040356870263148e-01
-2.914854844585976212e-01
-3.107479846394843870e-01
-3.727088488503095820e-01
-4.611782510575767602e-01
-5.571794869793863514e-01
-6.436157926949144237e-01
-7.086080381836882269e-01
-7.467665704641535118e-01
-7.586028454480850947e-01
-7.488641473945020222e-01
-7.245983320146764939e-01
-6.934488836724088667e-01
-6.623614939703840188e-01
-6.367121556935674276e-01
-6.198280258140138610e-01
-6.128803789482543118e-01
-6.151195327481905339e-01
-6.243814657110408062e-01
-6.377477667367300596e-01
-6.522149195743188743e-01
-6.652422396746580091e-01
-6.750953880896229942e-01
-6.809642468039890373e-01
-6.828874098541171112e-01
-6.815466457827191737e-01
-6.780018129991863818e-01
-6.734268778611982587e-01
-6.688900570925629951e-01
-6.652024385173633814e-01
-6.628430079146802045e-01
-6.619548304278358719e-01
-6.623974843489903730e-01
-6.638350516150530733e-01
-6.658373227635947522e-01
-6.679741944748589511e-01
-6.698886186496607609e-01
-6.713404078469492609e-01
-6.722200628784157361e-01
-6.725372340897908252e-01
-6.723917378224333330e-01
-6.719361413228354118e-01
-6.713381898217321009e-01
-6.707493964368858030e-01
-6.702835951978003415e-01
-6.700067214760404566e-01
-6.699369371343790736e-01
-6.700527068878353587e-01
-6.703056550760926324e-01
-6.706349537061513377e-01
-6.709804749261646384e-01
-6.712927811800496469e-01
-6.715390023170446643e-01
-6.717045629310468557e-01
-6.717914321637910025e-01
-6.718139980627907404e-01
-6.717938115262382937e-01
-6.717543445328559848e-01
-6.717166383205654956e-01
-6.716963644092975860e-01
-6.717024634096074864e-01
-6.717372242158196061e-01
-6.717974568484487152e-01
-6.718763092742173759e-01
-6.719652746762041495e-01
-6.720560087217318790e-01
-6.721416964070354716e-01
-6.722178440337001071e-01
-6.722824972187976256e-01
-6.723359819199710152e-01
-6.723803229023473937e-01
-6.724185122243296897e-01
-6.724537852887902956e-01
-6.724890240591868684e-01
-6.725263578859931313e-01
-6.725669828780604931e-01
-6.726111792632046837e-01
-6.726584777946152949e-01
-6.727079126804239584e-01
-6.727582985722623254e-01
-6.728084796613056362e-01
-6.728575157010544538e-01
-6.729047885354112468e-01
-6.729500298493804600e-01
-6.729932838820595897e-01
-6.730348265245565953e-01
-6.730750645274998778e-01
-6.731144363344306880e-01
-6.731533307619330664e-01
-6.731920329728817709e-01
-6.732307004156126151e-01
-6.732693657630822726e-01
-6.733079600609720439e-01
-6.733463474987192443e-01
-6.733843632785956324e-01
-6.734218475311152252e-01
-6.734586705335519063e-01
-6.734947470506030820e-01
-6.735300399441318531e-01
-6.735645549578996860e-01
-6.735983296121212938e-01
-6.736314194403232314e-01
-6.736638844887470334e-01
-6.736957782713833831e-01
-6.737271404503217820e-01
-6.737579935917311635e-01
-6.737883435851192981e-01
-6.738181827982796523e-01
-6.738474948006221155e-01
-6.738762594989131660e-01
-6.739044577311161799e-01
-6.739320746777609505e-01
-6.739591017974486675e-01
-6.739855373079352008e-01
-6.740113854717623143e-01
-6.740366550841013771e-01
-6.740613576003726681e-01
-6.740855052987750895e-01
-6.741091097745056659e-01
-6.741321809376509266e-01
-6.741547265625048579e-01
-6.741767523329886824e-01
-6.741982622591353724e-01
-6.742192593070495121e-01
-6.742397460860963809e-01
-6.742597254641136129e-01
-6.742792010236742239e-01
-6.742981773192581185e-01
-6.743166599377278247e-01
-6.743346553966854673e-01
-6.743521709341812054e-01
-6.743692142488100227e-01
-6.743857932436717606e-01
-6.744019158145270199e-01
-6.744175897056963187e-01
-6.744328224404828598e-01
-6.744476213189404268e-01
-6.744619934663035332e-01
-6.744759459108927713e-01
-6.744894856703899100e-01
-6.745026198289382213e-01
-6.745153555931766576e-01
-6.745277003216131329e-01
-6.745396615275069951e-01
-6.745512468598056088e-01
-6.745624640692899909e-01
-6.745733209678903552e-01
-6.745838253884248736e-01
-6.745939851502755769e-01
-6.746038080342724452e-01
-6.746133017677904409e-01
-6.746224740191548719e-01
-6.746313323991565136e-01
-6.746398844668328731e-01
-6.746481377366659871e-01
-6.746560996847966729e-01
-6.746637777526155455e-01
-6.746711793469326590e-01
-6.746783118367101206e-01
-6.746851825469468711e-01
-6.746917987506645398e-01
-6.746981676600697364e-01
-6.747042964178773250e-01
-6.747101920895630656e-01
-6.747158616569988165e-01
-6.747213120136291709e-01
-6.747265499610817230e-01
-6.747315822069187563e-01
-6.747364153631548733e-01
-6.747410559451415546e-01
-6.747455103704937951e-01
-6.747497849578195650e-01
-6.747538859251339671e-01
-6.747578193879455455e-01
-6.747615913570855772e-01
-6.747652077363991419e-01
-6.747686743204478477e-01
-6.747719967923566653e-01
-6.747751807219026787e-01
-6.747782315639212491e-01
-6.747811546570394725e-01
-6.747839552227342663e-01
-6.747866383646692334e-01
-6.747892090682499067e-01
-6.747916722003508561e-01
-6.747940325091519309e-01
-6.747962946240555482e-01
-6.747984630556569385e-01
-6.748005421957602445e-01
-6.748025363174476876e-01
-6.748044495752117955e-01
-6.748062860051687872e-01
-6.748080495253671041e-01
-6.748097439362024108e-01
-6.748113729209505030e-01
-6.748129400464094596e-01
-6.748144487636508204e-01
-6.748159024088737912e-01
-6.748173042043414949e-01
-6.748186572593974919e-01
-6.748199645715456940e-01
-6.748212290275819036e-01
-6.748224534047739809e-01
-6.748236403720825338e-01
-6.748247924914207996e-01
-6.748259122189513848e-01
-6.748270019064176450e-01
-6.748280638025097034e-01
-6.748291000542644413e-01
-6.748301127084946893e-01
-6.748311037132467272e-01
-6.748320749192808776e-01
-6.748330280815688642e-01
-6.748339648608089325e-01
-6.748348868249466337e-01
-6.748357954507020473e-01
-6.748366921250925632e-01
-6.748375781469567736e-01
-6.748384547284650425e-01
-6.748393229966220819e-01
-6.748401839947538727e-01
-6.748410386839794883e-01
-6.748418879446629326e-01
-6.748427325778439956e-01
-6.748435733066430187e-01
-6.748444107776421230e-01
-6.748452455622354629e-01
-6.748460781579466161e-01
-6.748469089897122242e-01
-6.748477384111299937e-01
-6.748485667056633996e-01
-6.748493940878070863e-01
-6.748502207042094136e-01
-6.748510466347465986e-01
-6.748518718935506699e-01
-6.748526964299906838e-01
-6.748535201296010921e-01
-6.748543428149597068e-01
-6.748551642465124845e-01
-6.748559841233434664e-01
-6.748568020838915382e-01
