-6.748573510628960159e-01
-6.748582640778632014e-01
-6.748591829752023097e-01
-6.748601070785994471e-01
-6.748610356656097320e-01
-6.748619679680565309e-01
-6.748629031723475391e-01
-6.748638404197148111e-01
-6.748647788063714126e-01
-6.748657173835895806e-01
-6.748666551576998351e-01
-6.748675910900109320e-01
-6.748685240966509902e-01
-6.748694530483312359e-01
-6.748703767700328093e-01
-6.748712940406197403e-01
-6.748722035923747642e-01
-6.748731041104645278e-01
-6.748739942323305208e-01
-6.748748725470129495e-01
-6.748757375944037795e-01
-6.748765878644334970e-01
-6.748774217961938104e-01
-6.748782377769958485e-01
-6.748790341413692939e-01
-6.748798091699994561e-01
-6.748805610886094986e-01
-6.748812880667891534e-01
-6.748819882167670370e-01
-6.748826595921360028e-01
-6.748833001865313097e-01
-6.748839079322629386e-01
-6.748844806989096057e-01
-6.748850162918735851e-01
-6.748855124509026693e-01
-6.748859668485817087e-01
-6.748863770887981728e-01
-6.748867407051851730e-01
-6.748870551595438361e-01
-6.748873178402504669e-01
-6.748875260606495008e-01
-6.748876770574371298e-01
-6.748877679890334935e-01
-6.748877959339503185e-01
-6.748877578891558926e-01
-6.748876507684391512e-01
-6.748874714007820907e-01
-6.748872165287451708e-01
-6.748868828068754766e-01
-6.748864668001428591e-01
-6.748859649824178186e-01
-6.748853737350007931e-01
-6.748846893452008500e-01
-6.748839080049779948e-01
-6.748830258096387702e-01
-6.748820387565871437e-01
-6.748809427441184727e-01
-6.748797335702506617e-01
-6.748784069315864054e-01
-6.748769584222057416e-01
-6.748753835325977946e-01
-6.748736776486479183e-01
-6.748718360507104386e-01
-6.748698539128050733e-01
-6.748677263019674522e-01
-6.748654481778001424e-01
-6.748630143922352831e-01
-6.748604196895222618e-01
-6.748576587064178955e-01
-6.748547259725357073e-01
-6.748516159107976753e-01
-6.748483228379135168e-01
-6.748448409648265534e-01
-6.748411643970769758e-01
-6.748372871350694080e-01
-6.748332030742836274e-01
-6.748289060055128186e-01
-6.748243896152520405e-01
-6.748196474864126548e-01
-6.748146730995256970e-01
-6.748094598345942829e-01
-6.748040009736983036e-01
-6.747982897043801609e-01
-6.747923191237295004e-01
-6.747860822429746497e-01
-6.747795719922813351e-01
-6.747727812253618840e-01
-6.747657027234604810e-01
-6.747583291983029197e-01
-6.747506532937121992e-01
-6.747426675857873812e-01
-6.747343645818437707e-01
-6.747257367186693111e-01
-6.747167763610287805e-01
-6.747074758016582408e-01
-6.746978272641772634e-01
-6.746878229102584168e-01
-6.746774548520096948e-01
-6.746667151697582909e-01
-6.746555959343587539e-01
-6.746440892318605886e-01
-6.746321871871465703e-01
-6.746198819822275539e-01
-6.746071658646595193e-01
-6.745940311422795599e-01
-6.745804701623510091e-01
-6.745664752761862948e-01
-6.745520387940804330e-01
-6.745371529392677479e-01
-6.745218098127769846e-01
-6.745060013824594192e-01
-6.744897195082214525e-01
-6.744729560110552802e-01
-6.744557027858090192e-01
-6.744379519476303431e-01
-6.744196959912039935e-01
-6.744009279326257378e-01
-6.743816413986033487e-01
-6.743618306290853903e-01
-6.743414903690209128e-01
-6.743206156428884768e-01
-6.742992014302288117e-01
-6.742772422879078631e-01
-6.742547319898524183e-01
-6.742316632711652380e-01
-6.742080277647914954e-01
-6.741838162009696767e-01
-6.741590189013374479e-01
-6.741336265438720998e-01
-6.741076311094285067e-01
-6.740810268572526853e-01
-6.740538111297414980e-01
-6.740259847701546292e-01
-6.739975519622780631e-01
-6.739685193733517821e-01
-6.739388945974146283e-01
-6.739086840422053859e-01
-6.738778905560289800e-01
-6.738465112217736364e-01
-6.738145358213025737e-01
-6.737819464659108304e-01
-6.737487187785152765e-01
-6.737148247976696425e-01
-6.736802374692851814e-01
-6.736449362373266858e-01
-6.736089128967587270e-01
-6.735721766001405708e-01
-6.735347567853626760e-01
-6.734967028775291631e-01
-6.734580799502004611e-01
-6.734189601105343703e-01
-6.733794101534187337e-01
-6.733394769159110060e-01
-6.732991726142101285e-01
-6.732584630880279475e-01
-6.732172621297151105e-01
-6.731754347779158598e-01
-6.731328115063822670e-01
-6.730892136312371932e-01
-6.730444881131090185e-01
-6.729985475042583598e-01
-6.729514084809952168e-01
-6.729032207056432346e-01
-6.728542772127613647e-01
-6.728049985835269364e-01
-6.727558861554852054e-01
-6.727074444107870033e-01
-6.726600790967496302e-01
-6.726139847140135686e-01
-6.725690414971567943e-01
-6.725247463565622308e-01
-6.724802028374102791e-01
-6.724341906396291701e-01
-6.723853249372773178e-01
-6.723322999577135972e-01
-6.722741916342903634e-01
-6.722107735975475507e-01
-6.721427834526703116e-01
-6.720720669883343268e-01
-6.720015312705358568e-01
-6.719348568306888758e-01
-6.718759552859990825e-01
-6.718282092576279840e-01
-6.717935899532185839e-01
-6.717718040352549380e-01
-6.717596624445590914e-01
-6.717508759784739381e-01
-6.717364539470043194e-01
-6.717058066571143238e-01
-6.716485315339898454e-01
-6.715567085047181584e-01
-6.714273659961953467e-01
-6.712646371677651880e-01
-6.710810448170214659e-01
-6.708973694836312118e-01
-6.707406954398942300e-01
-6.706405011376967984e-01
-6.706230449003874883e-01
-6.707047428319314886e-01
-6.708856648516861032e-01
-6.711445878980211166e-01
-6.714371411287642921e-01
-6.716983726795822118e-01
-6.718505171272817211e-01
-6.718158616948515238e-01
-6.715334835195475582e-01
-6.709774225084990107e-01
-6.701727968211048658e-01
-6.692057403628823842e-01
-6.682231258851524247e-01
-6.674190493213012498e-01
-6.670070566463128792e-01
-6.671799336843151629e-01
-6.680621337939841586e-01
-6.696629549746844212e-01
-6.718406708448795284e-01
-6.742883178530788557e-01
-6.765503132044837775e-01
-6.780753803465802143e-01
-6.783055167487669346e-01
-6.767933189771295766e-01
-6.733315685187901689e-01
-6.680708188078599008e-01
-6.615948649761043132e-01
-6.549232293094926494e-01
-6.494169407372104574e-01
-6.465801738079078875e-01
-6.477738572896063474e-01
-6.538826629106192501e-01
-6.649962918721082916e-01
-6.801734552298064340e-01
-6.973508692467461634e-01
-7.134441441154398822e-01
-7.246694668929082317e-01
-7.270973343185452853e-01
-7.174247359771938060e-01
-6.939026541559899508e-01
-6.572679728518276976e-01
-6.114184284540440384e-01
-5.634984432428218337e-01
-5.231212843803305645e-01
-5.006852988247140201e-01
-5.050827363483465504e-01
-5.413789819822630855e-01
-6.090891072987769661e-01
-7.014430458677045621e-01
-8.056112999213500547e-01
-9.035020217257249131e-01
-9.727615598272416619e-01
-9.882312762508400628e-01
-9.251000003066316424e-01
-7.653708146255008282e-01
-5.075922878059584420e-01
-1.757374454294665655e-01
1.801800701910314662e-01
4.959790411030793322e-01
7.122904610358853361e-01
7.895658645412612087e-01
7.141943611836945038e-01
4.994479074633375038e-01
1.845681373947986037e-01
-1.712509888494629928e-01
-5.037682011208008959e-01
-7.626926442378929583e-01
-9.237012366391240681e-01
-9.879699462193811677e-01
-9.733509209906249238e-01
-9.046165023586727472e-01
-8.069446254791940998e-01
-7.027341085054411574e-01
-6.101365433052644560e-01
-5.420538073545383417e-01
-5.053368071768045144e-01
-5.005493387691984930e-01
-5.226891269118327799e-01
-5.628999072922247215e-01
-6.107879776083539047e-01
-6.567176705662778335e-01
-6.935055816319591893e-01
-7.172105932826728925e-01
-7.270578972834977893e-01
-7.247696298165973161e-01
-7.136345005537456654e-01
-6.975791173131925538e-01
-6.803932719852835431e-01
-6.651732017417324450e-01
-6.539968718301182315e-01
-6.478202857184268693e-01
-6.465661722251743182e-01
-6.493584258826750055e-01
-6.548401515578834431e-01
-6.615069185135091789e-01
-6.679941163470717314e-01
-6.732766804919454451e-01
-6.767647269594296855e-01
-6.783022483236766931e-01
-6.780924301149090505e-01
-6.765804145294346261e-01
-6.743236814858739603e-01
-6.718744092898220055e-01
-6.696900311340979739e-01
-6.680797862455383207e-01
-6.671876253104376264e-01
-6.670060603567872226e-01
-6.674118202600682892e-01
-6.682126137778853225e-01
-6.691947730854895804e-01
-6.701636254664010695e-01
-6.709714700172381141e-01
-6.715312937470883092e-01
-6.718172113619541586e-01
-6.718546333561428163e-01
-6.717041938616598040e-01
-6.714435660061008893e-01
-6.711506727531527661e-01
-6.708907470767674353e-01
-6.707084869326800369e-01
-6.706254212949372961e-01
-6.706417173025536194e-01
-6.707411026290336364e-01
-6.708973670226443531e-01
-6.710809991820156917e-01
-6.712648263624992895e-01
-6.714279527730462327e-01
-6.715577400458030422e-01
-6.716499591354295751e-01
-6.717075170274039442e-01
-6.717383037655993983e-01
-6.717527228727999677e-01
-6.717613878946926409e-01
-6.717733262737800581e-01
-6.717948671816438289e-01
-6.718292351221942793e-01
-6.718767494139843421e-01
-6.719354533644870120e-01
-6.720019679131820078e-01
-6.720723763137733675e-01
-6.721429873639579444e-01
-6.722108810239388887e-01
-6.722741989670989460e-01
-6.723321933874756295e-01
-6.723850837619724796e-01
-6.724337907131157088e-01
-6.724796195452077407e-01
-6.725239567679484054e-01
-6.725680255871951951e-01
-6.726127257371097290e-01
-6.726585633080185422e-01
-6.727056603755212638e-01
-6.727538238756187727e-01
-6.728026486241330817e-01
-6.728516299516988930e-01
-6.729002657713496482e-01
-6.729481343967114171e-01
-6.729949415251733624e-01
-6.730405362250742041e-01
-6.730849006723120809e-01
-6.731281213715677447e-01
-6.731703506697382933e-01
-6.732117668209812722e-01
-6.732525391674930582e-01
-6.732928026912983199e-01
-6.733326437674190812e-01
-6.733720968033547472e-01
-6.734111498433669185e-01
-6.734497562667162152e-01
-6.734878494098736068e-01
-6.735253571923883742e-01
-6.735622144651602916e-01
-6.735983716470952398e-01
-6.736337990993548352e-01
-6.736684874651583943e-01
-6.737024447821621242e-01
-6.737356915078168695e-01
-6.737682546859051769e-01
-6.738001623613375513e-01
-6.738314390811775967e-01
-6.738621029740057278e-01
-6.738921645463190613e-01
-6.739216270306279677e-01
-6.739504879035527196e-01
-6.739787410808177892e-01
-6.740063792868109527e-01
-6.740333961708803168e-01
-6.740597878721231728e-01
-6.740855538870982322e-01
-6.741106972408313913e-01
-6.741352240777885862e-01
-6.741591428625534066e-01
-6.741824634060938903e-01
-6.742051959177250975e-01
-6.742273502362885473e-01
-6.742489353309624178e-01
-6.742699590966743095e-01
-6.742904284131500114e-01
-6.743103493979043517e-01
-6.743297277651465471e-01
-6.743485692034940637e-01
-6.743668797013415706e-01
-6.743846657736342065e-01
-6.744019345713341274e-01
-6.744186938795716513e-01
-6.744349520285829458e-01
-6.744507177512872875e-01
-6.744660000229150132e-01
-6.744808079130241163e-01
-6.744951504709874035e-01
-6.745090366552094485e-01
-6.745224753062557532e-01
-6.745354751563825690e-01
-6.745480448634365578e-01
-6.745601930558118298e-01
-6.745719283765307939e-01
-6.745832595176556312e-01
-6.745941952401497410e-01
-6.746047443780671671e-01
-6.746149158289713732e-01
-6.746247185343857700e-01
-6.746341614548285737e-01
-6.746432535437615341e-01
-6.746520037238774581e-01
-6.746604208678969039e-01
-6.746685137847797664e-01
-6.746762912111604615e-01
-6.746837618070558040e-01
-6.746909341545080929e-01
-6.746978167577341035e-01
-6.747044180435327609e-01
-6.747107463610183542e-01
-6.747168099801276187e-01
-6.747226170887019592e-01
-6.747281757882479525e-01
-6.747334940886748900e-01
-6.747385799024264719e-01
-6.747434410384409720e-01
-6.747480851963351123e-01
-6.747525199611175140e-01
-6.747567527986271241e-01
-6.747607910517794405e-01
-6.747646419375946669e-01
-6.747683125449042141e-01
-6.747718098325877767e-01
-6.747751406281653486e-01
-6.747783116265836378e-01
-6.747813293890688735e-01
-6.747842003419578516e-01
-6.747869307754764678e-01
-6.747895268424758397e-01
-6.747919945571735356e-01
-6.747943397939645260e-01
-6.747965682863773518e-01
-6.747986856262291333e-01
-6.748006972630318234e-01
-6.748026085036633592e-01
-6.748044245122990503e-01
-6.748061503105872161e-01
-6.748077907780287710e-01
-6.748093506525256746e-01
-6.748108345310587231e-01
-6.748122468704722543e-01
-6.748135919883400113e-01
-6.748148740639098309e-01
-6.748160971391233831e-01
-6.748172651197191785e-01
-6.748183817764218384e-01
-6.748194507462336178e-01
-6.748204755338242933e-01
-6.748214595130235249e-01
-6.748224059284084753e-01
-6.748233178969889057e-01
-6.748241984099685453e-01
-6.748250503345817330e-01
-6.748258764159917877e-01
-6.748266792792403379e-01
-6.748274614312438358e-01
-6.748282252628272637e-01
-6.748289730507945894e-01
-6.748297069600256437e-01
-6.748304290456014209e-01
-6.748311412549509170e-01
-6.748318454300173963e-01
-6.748325433094403136e-01
-6.748332365307501135e-01
-6.748339266325680263e-01
-6.748346150568098611e-01
-6.748353031508870226e-01
-6.748359921699015329e-01
-6.748366832788282865e-01
-6.748373775546818720e-01
-6.748380759886634106e-01
-6.748387794882824142e-01
-6.748394888794502222e-01
-6.748402049085413523e-01
-6.748409282444207680e-01
-6.748416594804325097e-01
-6.748423991363461383e-01
-6.748431476602586576e-01
-6.748439054304503637e-01
-6.748446727571904002e-01
-6.748454498844881355e-01
-6.748462369917894721e-01
-6.748470341956174234e-01
-6.748478415511484085e-01
-6.748486590537285945e-01
-6.748494866403261794e-01
-6.748503241909140637e-01
-6.748511715297842439e-01
-6.748520284267938152e-01
-6.748528945985372562e-01
-6.748537697094445509e-01
-6.748546533728085883e-01
-6.748555451517332937e-01
-6.748564445600068185e-01
