-6.748572264501233597e-01
-6.748581514453423358e-01
-6.748590832085842317e-01
-6.748600210544487554e-01
-6.748609642529300734e-01
-6.748619120298163798e-01
-6.748628635670068654e-01
-6.748638180027493050e-01
-6.748647744317900488e-01
-6.748657319054468529e-01
-6.748666894315958897e-01
-6.748676459745792666e-01
-6.748686004550323858e-01
-6.748695517496299257e-01
-6.748704986907551051e-01
-6.748714400660891233e-01
-6.748723746181252148e-01
-6.748733010436054336e-01
-6.748742179928853835e-01
-6.748751240692255626e-01
-6.748760178280120980e-01
-6.748768977759093124e-01
-6.748777623699447892e-01
-6.748786100165289348e-01
-6.748794390704114798e-01
-6.748802478335765853e-01
-6.748810345540797728e-01
-6.748817974248266793e-01
-6.748825345822980770e-01
-6.748832441052223796e-01
-6.748839240131998540e-01
-6.748845722652793144e-01
-6.748851867584922948e-01
-6.748857653263485856e-01
-6.748863057372951335e-01
-6.748868056931454085e-01
-6.748872628274769081e-01
-6.748876747040084556e-01
-6.748880388149545162e-01
-6.748883525793598626e-01
-6.748886133414210287e-01
-6.748888183687918874e-01
-6.748889648508773487e-01
-6.748890498971211738e-01
-6.748890705352852404e-01
-6.748890237097320277e-01
-6.748889062797108762e-01
-6.748887150176593464e-01
-6.748884466075243393e-01
-6.748880976431151923e-01
-6.748876646264969636e-01
-6.748871439664269056e-01
-6.748865319768472260e-01
-6.748858248754271427e-01
-6.748850187821572311e-01
-6.748841097179919535e-01
-6.748830936035330463e-01
-6.748819662577490996e-01
-6.748807233967303310e-01
-6.748793606324799965e-01
-6.748778734717543193e-01
-6.748762573149688082e-01
-6.748745074551939505e-01
-6.748726190772752487e-01
-6.748705872570993636e-01
-6.748684069610426661e-01
-6.748660730456153001e-01
-6.748635802573013098e-01
-6.748609232325877283e-01
-6.748580964981462094e-01
-6.748550944711324551e-01
-6.748519114595454838e-01
-6.748485416625952249e-01
-6.748449791710456891e-01
-6.748412179675006284e-01
-6.748372519266537806e-01
-6.748330748155414449e-01
-6.748286802938934237e-01
-6.748240619147142239e-01
-6.748192131252500614e-01
-6.748141272685226344e-01
-6.748087975855865395e-01
-6.748032172186096966e-01
-6.747973792147926586e-01
-6.747912765309915795e-01
-6.747849020387642893e-01
-6.747782485293928323e-01
-6.747713087183304648e-01
-6.747640752484932447e-01
-6.747565406919153741e-01
-6.747486975495521344e-01
-6.747405382494232606e-01
-6.747320551437950842e-01
-6.747232405066342364e-01
-6.747140865329666060e-01
-6.747045853419343375e-01
-6.746947289851041862e-01
-6.746845094608920901e-01
-6.746739187348578248e-01
-6.746629487642114009e-01
-6.746515915234474470e-01
-6.746398390268919520e-01
-6.746276833434986520e-01
-6.746151165997442689e-01
-6.746021309680891864e-01
-6.745887186410859382e-01
-6.745748717945093675e-01
-6.745605825462211991e-01
-6.745458429201597328e-01
-6.745306448261062515e-01
-6.745149800651706329e-01
-6.744988403679514910e-01
-6.744822174672964188e-01
-6.744651032010742231e-01
-6.744474896334052838e-01
-6.744293691766132248e-01
-6.744107346919994139e-01
-6.743915795465122986e-01
-6.743718976051553682e-01
-6.743516831458669092e-01
-6.743309306942566472e-01
-6.743096347892876263e-01
-6.742877897063630499e-01
-6.742653891795123977e-01
-6.742424261770872951e-01
-6.742188927926069386e-01
-6.741947803108997439e-01
-6.741700794962444121e-01
-6.741447811214614783e-01
-6.741188767144420391e-01
-6.740923594442419509e-01
-6.740652250096957898e-01
-6.740374723412237978e-01
-6.740091038966109505e-01
-6.739801253408900239e-01
-6.739505444632202247e-01
-6.739203693061952549e-01
-6.738896056587360128e-01
-6.738582542693194455e-01
-6.738263083314667279e-01
-6.737937519248289320e-01
-6.737605601062490734e-01
-6.737267011896215241e-01
-6.736921414116987528e-01
-6.736568516749225077e-01
-6.736208154592226993e-01
-6.735840364213930842e-01
-6.735465438039933694e-01
-6.735083937097186002e-01
-6.734696646803077780e-01
-6.734304468933247634e-01
-6.733908255878239268e-01
-6.733508608593423705e-01
-6.733105674232811033e-01
-6.732698989651441090e-01
-6.732287419152995778e-01
-6.731869226414273211e-01
-6.731442300659876699e-01
-6.731004527612020061e-01
-6.730554260904005881e-01
-6.730090816181788504e-01
-6.729614885889209086e-01
-6.729128765247939237e-01
-6.728636294570845555e-01
-6.728142461377295547e-01
-6.727652664551591055e-01
-6.727171713726892710e-01
-6.726702707817621141e-01
-6.726245992655928152e-01
-6.725798425048817863e-01
-6.725353158748594851e-01
-6.724900112273555219e-01
-6.724427182211764054e-01
-6.723922139339226778e-01
-6.723375005928123871e-01
-6.722780582596202814e-01
-6.722140694741823852e-01
-6.721465682863860813e-01
-6.720774684043872016e-01
-6.720094352984924413e-01
-6.719455851493036924e-01
-6.718890187114358037e-01
-6.718422286369382102e-01
-6.718064515521030566e-01
-6.717810669071657692e-01
-6.717631677233226739e-01
-6.717474372018211737e-01
-6.717264527299021681e-01
-6.716914990069745572e-01
-6.716339014508223570e-01
-6.715467913508111897e-01
-6.714270942495319527e-01
-6.712774102973407819e-01
-6.711073559795756038e-01
-6.709338928827749404e-01
-6.707802138878156128e-01
-6.706729156338127051e-01
-6.706374662212514215e-01
-6.706923602986817334e-01
-6.708427889723329596e-01
-6.710750566981131815e-01
-6.713532458207076559e-01
-6.716196504372874410e-01
-6.718001818925490864e-01
-6.718152412721396516e-01
-6.715954845288393260e-01
-6.711005903844112774e-01
-6.703377977140358990e-01
-6.693759155544335426e-01
-6.683500841375082935e-01
-6.674531163600208039e-01
-6.669109871569318670e-01
-6.669429370283793679e-01
-6.677103720279593535e-01
-6.692626148929810004e-01
-6.714907170727025809e-01
-6.741020833118391842e-01
-6.766278784890999987e-01
-6.784716959297738548e-01
-6.790017443557098131e-01
-6.776801813659291129e-01
-6.742129274318189314e-01
-6.686927556700653641e-01
-6.617001130113069340e-01
-6.543234883504830401e-01
-6.480679407170275574e-01
-6.446387573926497527e-01
-6.456154477372428868e-01
-6.520629357969802697e-01
-6.641523184227441368e-01
-6.808744305291536403e-01
-6.999229705957140668e-01
-7.178049042304696092e-01
-7.302131662324701233e-01
-7.326747755664543282e-01
-7.214575022401042981e-01
-6.946578981321985813e-01
-6.532850442892194076e-01
-6.020182050560063391e-01
-5.492345652994948813e-01
-5.059888462370076834e-01
-4.839308308360447120e-01
-4.925702549127665142e-01
-5.366183636156885983e-01
-6.141523774016744985e-01
-7.160213729741631283e-01
-8.263881793431913092e-01
-9.238989144104413631e-01
-9.830901073427404935e-01
-9.764806347797696517e-01
-8.788836279895732018e-01
-6.754363574194691688e-01
-3.721238587844781787e-01
-2.783986310311019948e-03
3.751922814271504980e-01
6.974448830194205362e-01
9.115965879461638277e-01
9.867608316530444013e-01
9.131815548295424412e-01
7.004049891569430475e-01
3.790779064815921195e-01
1.372877550264159970e-03
-3.683913530696864558e-01
-6.726462717033859784e-01
-8.772525273535569657e-01
-9.759478418370844954e-01
-9.834263776788447764e-01
-9.248123841312083648e-01
-8.275887969867625760e-01
-7.172510983802139473e-01
-6.152018589215710875e-01
-5.373418804010187122e-01
-4.928980538346472429e-01
-4.838721039599575002e-01
-5.056205069027733812e-01
-5.486768440827111126e-01
-6.014036148165428086e-01
-6.527296194295871823e-01
-6.942419287955482465e-01
-7.212185651600703240e-01
-7.326113633324967678e-01
-7.302947649218893833e-01
-7.179843116889625954e-01
-7.001479320393247940e-01
-6.810970648963233787e-01
-6.643357118972008646e-01
-6.521847199668207029e-01
-6.456684436322871479e-01
-6.446290563048536759e-01
-6.480111205042228262e-01
-6.542399163279161156e-01
-6.616103449655327262e-01
-6.686138679287396691e-01
-6.741562771031799350e-01
-6.776506983256891381e-01
-6.789985321022913300e-01
-6.784895224089914079e-01
-6.766590795212718001e-01
-6.741384485664753123e-01
-6.715250377714594432e-01
-6.692897056614505180e-01
-6.677275099617839826e-01
-6.669497716323967706e-01
-6.669090538685131797e-01
-6.674451274397142919e-01
-6.683391732941081909e-01
-6.693649828148557912e-01
-6.703290502079016777e-01
-6.710953168273730007e-01
-6.715940491139030799e-01
-6.718172453791212417e-01
-6.718047233526764916e-01
-6.716256091610048884e-01
-6.713595372210141576e-01
-6.710808147701564641e-01
-6.708474633586842817e-01
-6.706957314827557415e-01
-6.706395971024029512e-01
-6.706740648970457297e-01
-6.707807371420095865e-01
-6.709341530286463406e-01
-6.711076568228758754e-01
-6.712779592412605467e-01
-6.714279927835178352e-01
-6.715480471323016509e-01
-6.716354534437617430e-01
-6.716932471533338944e-01
-6.717282853250936547e-01
-6.717492516910071876e-01
-6.717648832572195028e-01
-6.717826291241755232e-01
-6.718078313927298151e-01
-6.718434175115849394e-01
-6.718900221926521477e-01
-6.719464168039684937e-01
-6.720101115846078832e-01
-6.720780049444442517e-01
-6.721469774162465161e-01
-6.722143587805619047e-01
-6.722782298161273928e-01
-6.723375507023240383e-01
-6.723921332997223610e-01
-6.724424925401503161e-01
-6.724896222007896718e-01
-6.725347425754866215e-01
-6.725790629551903210e-01
-6.726235920114124189e-01
-6.726690162184688626e-01
-6.727156526132999081e-01
-6.727634696143827142e-01
-6.728121600217893405e-01
-6.728612447657608131e-01
-6.729101847609256781e-01
-6.729584809118919209e-01
-6.730057478655279146e-01
-6.730517541331714204e-01
-6.730964282717508684e-01
-6.731398366841739866e-01
-6.731821424475326054e-01
-6.732235560705281951e-01
-6.732642883691907221e-01
-6.733045132602201166e-01
-6.733443449480789322e-01
-6.733838305080679376e-01
-6.734229559090886275e-01
-6.734616615200080814e-01
-6.734998622796970480e-01
-6.735374679105182727e-01
-6.735743995591261246e-01
-6.736106006984480254e-01
-6.736460416527941808e-01
-6.736807184104617319e-01
-6.737146472709543144e-01
-6.737478572666397714e-01
-6.737803822410242116e-01
-6.738122540746760425e-01
-6.738434979786510626e-01
-6.738741301752239066e-01
-6.739041577766086144e-01
-6.739335803267065828e-01
-6.739623923115654058e-01
-6.739905859524576437e-01
-6.740181537254663624e-01
-6.740450902464891758e-01
-6.740713933670408053e-01
-6.740970645033339537e-01
-6.741221083450872342e-01
-6.741465321544115596e-01
-6.741703448751525940e-01
-6.741935562433480911e-01
-6.742161760370034562e-01
-6.742382135438163004e-01
-6.742596772706932473e-01
-6.742805748761051543e-01
-6.743009132783611692e-01
-6.743206988794040457e-01
-6.743399378422548773e-01
-6.743586363675887485e-01
-6.743768009277062436e-01
-6.743944384314476403e-01
-6.744115563089995158e-01
-6.744281625191814733e-01
-6.744442654924500680e-01
-6.744598740296892103e-01
-6.744749971796383248e-01
-6.744896441168048984e-01
-6.745038240375784699e-01
-6.745175460861334571e-01
-6.745308193147785403e-01
-6.745436526769238439e-01
-6.745560550457860849e-01
-6.745680352489714648e-01
-6.745796021083021454e-01
-6.745907644754977062e-01
-6.746015312569549893e-01
-6.746119114242087322e-01
-6.746219140099333211e-01
-6.746315480919756746e-01
-6.746408227695486204e-01
-6.746497471362472576e-01
-6.746583302541128147e-01
-6.746665811318586226e-01
-6.746745087089460746e-01
-6.746821218457826896e-01
-6.746894293191969538e-01
-6.746964398216445113e-01
-6.747031619623546916e-01
-6.747096042687782402e-01
-6.747157751870965781e-01
-6.747216830810847110e-01
-6.747273362291275056e-01
-6.747327428196092658e-01
-6.747379109451543400e-01
-6.747428485963000711e-01
-6.747475636551639733e-01
-6.747520638895522227e-01
-6.747563569478002288e-01
-6.747604503544757382e-01
-6.747643515069415843e-01
-6.747680676726738325e-01
-6.747716059871802230e-01
-6.747749734523452725e-01
-6.747781769350397196e-01
-6.747812231658666393e-01
-6.747841187379526318e-01
-6.747868701057383456e-01
-6.747894835837584537e-01
-6.747919653454350630e-01
-6.747943214219207508e-01
-6.747965577010518468e-01
-6.747986799264545921e-01
-6.748006936968553582e-01
-6.748026044656215694e-01
-6.748044175405466527e-01
-6.748061380838786816e-01
-6.748077711125753941e-01
-6.748093214987562760e-01
-6.748107939703266167e-01
-6.748121931117363470e-01
-6.748135233648578923e-01
-6.748147890299569518e-01
-6.748159942667469879e-01
-6.748171430955275385e-01
-6.748182393984040184e-01
-6.748192869205938971e-01
-6.748202892718282442e-01
-6.748212499278500864e-01
-6.748221722320087990e-01
-6.748230593969503088e-01
-6.748239145063982258e-01
-6.748247405170153534e-01
-6.748255402603402509e-01
-6.748263164447853013e-01
-6.748270716576877382e-01
-6.748278083674078553e-01
-6.748285289254631891e-01
-6.748292355686955624e-01
-6.748299304214679939e-01
-6.748306154978817029e-01
-6.748312927040183151e-01
-6.748319638401942822e-01
-6.748326306032326194e-01
-6.748332945887436374e-01
-6.748339572934100028e-01
-6.748346201172756853e-01
-6.748352843660251343e-01
-6.748359512532610127e-01
-6.748366219027644997e-01
-6.748372973507382744e-01
-6.748379785480245197e-01
-6.748386663623008319e-01
-6.748393615802411594e-01
-6.748400649096452097e-01
-6.748407769815264468e-01
-6.748414983521657806e-01
-6.748422295051150765e-01
-6.748429708531581417e-01
-6.748437227402211969e-01
-6.748444854432283924e-01
-6.748452591739060313e-01
-6.748460440805253979e-01
-6.748468402495862994e-01
-6.748476477074371038e-01
-6.748484664218319384e-01
-6.748492963034158354e-01
-6.748501372071453730e-01
-6.748509889336354872e-01
-6.748518512304333417e-01
-6.748527237932177014e-01
-6.748536062669261426e-01
-6.748544982467981068e-01
-6.748553992793443479e-01
-6.748563088632383300e-01
