-6.748576600767018929e-01
-6.748585293594451251e-01
-6.748594009107110603e-01
-6.748602740878654194e-01
-6.748611481967692338e-01
-6.748620224921668687e-01
-6.748628961780032132e-01
-6.748637684076713716e-01
-6.748646382841876346e-01
-6.748655048602960616e-01
-6.748663671385034535e-01
-6.748672240710439363e-01
-6.748680745597730457e-01
-6.748689174559937554e-01
-6.748697515602140040e-01
-6.748705756218364993e-01
-6.748713883387835732e-01
-6.748721883570558688e-01
-6.748729742702300749e-01
-6.748737446188940448e-01
-6.748744978900230729e-01
-6.748752325162976629e-01
-6.748759468753664503e-01
-6.748766392890540589e-01
-6.748773080225154430e-01
-6.748779512833364969e-01
-6.748785672205869224e-01
-6.748791539238238046e-01
-6.748797094220488901e-01
-6.748802316826224557e-01
-6.748807186101397626e-01
-6.748811680452698747e-01
-6.748815777635654989e-01
-6.748819454742452928e-01
-6.748822688189526353e-01
-6.748825453704975219e-01
-6.748827726315772546e-01
-6.748829480334823661e-01
-6.748830689347840028e-01
-6.748831326200113168e-01
-6.748831362983063187e-01
-6.748830771020757346e-01
-6.748829520856305386e-01
-6.748827582238270395e-01
-6.748824924107147405e-01
-6.748821514582021841e-01
-6.748817320947484433e-01
-6.748812309640926932e-01
-6.748806446240209755e-01
-6.748799695451812575e-01
-6.748792021099394578e-01
-6.748783386112729987e-01
-6.748773752517001068e-01
-6.748763081422393117e-01
-6.748751333013939258e-01
-6.748738466541708281e-01
-6.748724440311357764e-01
-6.748709211675230080e-01
-6.748692737024184485e-01
-6.748674971780351806e-01
-6.748655870391001566e-01
-6.748635386323680319e-01
-6.748613472062605645e-01
-6.748590079106344675e-01
-6.748565157966590622e-01
-6.748538658167907434e-01
-6.748510528248300444e-01
-6.748480715760529769e-01
-6.748449167274128691e-01
-6.748415828378390158e-01
-6.748380643686509028e-01
-6.748343556841230884e-01
-6.748304510522316058e-01
-6.748263446455939896e-01
-6.748220305426019250e-01
-6.748175027287145467e-01
-6.748127550978679778e-01
-6.748077814539409358e-01
-6.748025755122427638e-01
-6.747971309010100116e-01
-6.747914411629682974e-01
-6.747854997570653657e-01
-6.747793000605470937e-01
-6.747728353715661820e-01
-6.747660989125006115e-01
-6.747590838340639108e-01
-6.747517832201609389e-01
-6.747441900932428238e-01
-6.747362974197372854e-01
-6.747280981149751389e-01
-6.747195850469939193e-01
-6.747107510387039264e-01
-6.747015888681940909e-01
-6.746920912674028159e-01
-6.746822509199426054e-01
-6.746720604594330650e-01
-6.746615124701110799e-01
-6.746505994916135451e-01
-6.746393140295228186e-01
-6.746276485724317373e-01
-6.746155956150146071e-01
-6.746031476849800868e-01
-6.745902973701580763e-01
-6.745770373406961840e-01
-6.745633603608742757e-01
-6.745492592857126324e-01
-6.745347270396133688e-01
-6.745197565776589466e-01
-6.745043408345235969e-01
-6.744884726705477895e-01
-6.744721448283198528e-01
-6.744553499150311993e-01
-6.744380804248342187e-01
-6.744203288107550875e-01
-6.744020876073556492e-01
-6.743833495940776412e-01
-6.743641079766872215e-01
-6.743443565530266026e-01
-6.743240898222649937e-01
-6.743033029969655034e-01
-6.742819918866830298e-01
-6.742601526412146384e-01
-6.742377813696895927e-01
-6.742148736847117796e-01
-6.741914242528388446e-01
-6.741674264562751429e-01
-6.741428722779446714e-01
-6.741177525064714349e-01
-6.740920573156629070e-01
-6.740657772062187414e-01
-6.740389042129971697e-01
-6.740114331927137270e-01
-6.739833629328608744e-01
-6.739546967836230751e-01
-6.739254425297981355e-01
-6.738956113021007388e-01
-6.738652154786761717e-01
-6.738342657354586818e-01
-6.738027676393214538e-01
-6.737707183972461156e-01
-6.737381045250715461e-01
-6.737049012271548731e-01
-6.736710741408558079e-01
-6.736365837779005883e-01
-6.736013925038087935e-01
-6.735654732935223432e-01
-6.735288188844625878e-01
-6.734914494479413705e-01
-6.734534166600342209e-01
-6.734148022036284820e-01
-6.733757093579214592e-01
-6.733362474354455118e-01
-6.732965103124102235e-01
-6.732565519564758239e-01
-6.732163633779975065e-01
-6.731758564450373017e-01
-6.731348601375347629e-01
-6.730931337806848047e-01
-6.730503994677330404e-01
-6.730063923776093970e-01
-6.729609234229032566e-01
-6.729139443260532261e-01
-6.728656017361812625e-01
-6.728162653748788191e-01
-6.727665163433516060e-01
-6.727170862131560680e-01
-6.726687453835470398e-01
-6.726221497229154522e-01
-6.725776662362462632e-01
-6.725352092318992447e-01
-6.724941255816202501e-01
-6.724531685620809274e-01
-6.724105923870218326e-01
-6.723643830172095770e-01
-6.723126160173745758e-01
-6.722539020044552283e-01
-6.721878495179204327e-01
-6.721154504328435975e-01
-6.720392814659419400e-01
-6.719634233233637843e-01
-6.718930307223318632e-01
-6.718335420977743500e-01
-6.717895923680087256e-01
-6.717637751855759509e-01
-6.717554771911748990e-01
-6.717600574133385516e-01
-6.717686516573785349e-01
-6.717688300788842160e-01
-6.717462199912759280e-01
-6.716870311481624167e-01
-6.715812073636866497e-01
-6.714257107372961775e-01
-6.712272685719188337e-01
-6.710038289526036870e-01
-6.707840250738832388e-01
-6.706041708600767315e-01
-6.705027033086938815e-01
-6.705125151402782091e-01
-6.706522090470847797e-01
-6.709178412855343332e-01
-6.712770768180763570e-01
-6.716677233284107373e-01
-6.720022506733399625e-01
-6.721790964385057077e-01
-6.721003464184318599e-01
-6.716938919134972652e-01
-6.709366297741167218e-01
-6.698739973550501547e-01
-6.686304881819283841e-01
-6.674061322798647833e-01
-6.664555003927086219e-01
-6.660486358437136545e-01
-6.664171464548581669e-01
-6.676928759131508517e-01
-6.698502427577006646e-01
-6.726655550697314689e-01
-6.757066281389543239e-01
-6.783634420843142054e-01
-6.799253319679439134e-01
-6.797025305181141341e-01
-6.771802248145293301e-01
-6.721824761818286920e-01
-6.650130664280619053e-01
-6.565335432442026553e-01
-6.481395108747758371e-01
-6.416083094892193195e-01
-6.388156348894560299e-01
-6.413513675966717731e-01
-6.500969046158038278e-01
-6.648468990502458542e-01
-6.840605305413025583e-01
-7.048124339658912163e-01
-7.229903901200867011e-01
-7.337665037681394553e-01
-7.323519679953417461e-01
-7.150154504976029557e-01
-6.802710756217490440e-01
-6.300074903115743252e-01
-5.701738796220690020e-01
-5.105742136925688346e-01
-4.634760792946455710e-01
-4.411371418916692488e-01
-4.528263196317328654e-01
-5.021990642468150412e-01
-5.857931720177701473e-01
-6.929602074951379809e-01
-8.069423183894728346e-01
-9.063966549875247525e-01
-9.668602951656433131e-01
-9.625787781455904524e-01
-8.702514912639887079e-01
-6.762382021365613838e-01
-3.862326897386863522e-01
-3.197024221176322789e-02
3.322454154330596876e-01
6.444904144690755121e-01
8.530448915087769368e-01
9.264464331789764584e-01
8.545088465443386738e-01
6.472109042409136537e-01
3.357932880038509982e-01
-2.819840488216788024e-02
-3.828616250283694011e-01
-6.737262440970047672e-01
-8.687888698523996700e-01
-9.621130876162020673e-01
-9.671919984771921719e-01
-9.072698671388633729e-01
-8.080984794571279828e-01
-6.941624032025183189e-01
-5.868406812693857111e-01
-5.029432487562272014e-01
-4.531864544506444270e-01
-4.411083884408910638e-01
-4.631232261620206181e-01
-5.100107022138791191e-01
-5.695317934348969047e-01
-6.294075697459624585e-01
-6.798010253376776113e-01
-7.147206080273109663e-01
-7.322374071297421683e-01
-7.338064822719143621e-01
-7.231405721622778948e-01
-7.050215990980949199e-01
-6.842800973608835768e-01
-6.650376911970236060e-01
-6.502330819202660761e-01
-6.414216379382814415e-01
-6.388220386003340412e-01
-6.415631183269338011e-01
-6.480610309430754334e-01
-6.564417288359377656e-01
-6.649257662712031447e-01
-6.721128673892519112e-01
-6.771356394371952359e-01
-6.796845586106315951e-01
-6.799308715874829989e-01
-6.783862818831674080e-01
-6.757391682163540469e-01
-6.727003543024868693e-01
-6.698811879525871094e-01
-6.677158751894076705e-01
-6.664303432150338047e-01
-6.660522135526815157e-01
-6.664511975735383231e-01
-6.673966090066341117e-01
-6.686186805288598656e-01
-6.698625695924989021e-01
-6.709275939897719754e-01
-6.716884210357405571e-01
-6.720987681003265379e-01
-6.721810277591576677e-01
-6.720068193937523970e-01
-6.716738196817948481e-01
-6.712835876993656914e-01
-6.709238325554678362e-01
-6.706570378335262594e-01
-6.705158694242577821e-01
-6.705045784896791483e-01
-6.706048011117389240e-01
-6.707837907595620708e-01
-6.710031606035754548e-01
-6.712265639676338047e-01
-6.714252758071922456e-01
-6.715812253258321984e-01
-6.716875586674970755e-01
-6.717472049667145839e-01
-6.717701433177675208e-01
-6.717701241438295279e-01
-6.717615158080368909e-01
-6.717567721274124715e-01
-6.717647993126666384e-01
-6.717902874478032249e-01
-6.718338964073770070e-01
-6.718930693291190748e-01
-6.719631944024437864e-01
-6.720388417821144822e-01
-6.721148525595602718e-01
-6.721871325146943077e-01
-6.722530863272759838e-01
-6.723117025704193894e-01
-6.723633555930230710e-01
-6.724094223498441325e-01
-6.724518205106440050e-01
-6.724925628428850555e-01
-6.725333983159671458e-01
-6.725755797436647754e-01
-6.726197675617388017e-01
-6.726660544636152705e-01
-6.727140790003678372e-01
-6.727631887623209961e-01
-6.728126145505977096e-01
-6.728616239860428783e-01
-6.729096336834095027e-01
-6.729562708246298319e-01
-6.730013855094538755e-01
-6.730450231533025018e-01
-6.730873707340573331e-01
-6.731286918775870598e-01
-6.731692641859646775e-01
-6.732093287542570970e-01
-6.732490574985007248e-01
-6.732885396491563590e-01
-6.733277852509018668e-01
-6.733667411644113088e-01
-6.734053140123402725e-01
-6.734433946295949047e-01
-6.734808795785234281e-01
-6.735176868030280373e-01
-6.735537641507997053e-01
-6.735890909803603499e-01
-6.736236741787150484e-01
-6.736575405472318145e-01
-6.736907276715065063e-01
-6.737232751576782697e-01
-6.737552176219434585e-01
-6.737865802053626396e-01
-6.738173767830858418e-01
-6.738476105444943798e-01
-6.738772762960778540e-01
-6.739063636981862393e-01
-6.739348606715802603e-01
-6.739627563577289537e-01
-6.739900432347639692e-01
-6.740167182259696466e-01
-6.740427828460149318e-01
-6.740682425826910462e-01
-6.740931057956612849e-01
-6.741173824303202666e-01
-6.741410828069579475e-01
-6.741642166720203111e-01
-6.741867926100743036e-01
-6.742088178305442048e-01
-6.742302982759951213e-01
-6.742512389562138608e-01
-6.742716443960902195e-01
-6.742915190920900637e-01
-6.743108678953487756e-01
-6.743296962713345444e-01
-6.743480104191049707e-01
-6.743658172613978818e-01
-6.743831243364682981e-01
-6.743999396322449824e-01
-6.744162714037379436e-01
-6.744321280077858471e-01
-6.744475177780734354e-01
-6.744624489508511678e-01
-6.744769296404451442e-01
-6.744909678551774812e-01
-6.745045715395212582e-01
-6.745177486271808354e-01
-6.745305070916226553e-01
-6.745428549843583976e-01
-6.745548004558664656e-01
-6.745663517584066238e-01
-6.745775172334202985e-01
-6.745883052883127062e-01
-6.745987243681409451e-01
-6.746087829272912062e-01
-6.746184894049571668e-01
-6.746278522066165850e-01
-6.746368796920851896e-01
-6.746455801694036802e-01
-6.746539618929900950e-01
-6.746620330641486252e-01
-6.746698018321392043e-01
-6.746772762944255319e-01
-6.746844644952867398e-01
-6.746913744225432330e-01
-6.746980140026175299e-01
-6.747043910944410250e-01
-6.747105134828331741e-01
-6.747163888719520664e-01
-6.747220248792528130e-01
-6.747274290302115451e-01
-6.747326087538815242e-01
-6.747375713791919916e-01
-6.747423241318213361e-01
-6.747468741314502916e-01
-6.747512283892184159e-01
-6.747553938052706091e-01
-6.747593771663409346e-01
-6.747631851433752992e-01
-6.747668242892350676e-01
-6.747703010365402321e-01
-6.747736216957028743e-01
-6.747767924531830053e-01
-6.747798193699743319e-01
-6.747827083803130677e-01
-6.747854652905753703e-01
-6.747880957783334299e-01
-6.747906053915470048e-01
-6.747929995478703091e-01
-6.747952835340695898e-01
-6.747974625055620512e-01
-6.747995414860900043e-01
-6.748015253675462288e-01
-6.748034189099623159e-01
-6.748052267416697614e-01
-6.748069533596191549e-01
-6.748086031298602405e-01
-6.748101802881509848e-01
-6.748116889406854391e-01
-6.748131330649149717e-01
-6.748145165104526555e-01
-6.748158430000484875e-01
-6.748171161306316668e-01
-6.748183393744240366e-01
-6.748195160801256920e-01
-6.748206494741766370e-01
-6.748217426621022641e-01
-6.748227986299396575e-01
-6.748238202457405022e-01
-6.748248102611499322e-01
-6.748257713130461077e-01
-6.748267059252333055e-01
-6.748276165101785296e-01
-6.748285053707829828e-01
-6.748293747021770761e-01
-6.748302265935390842e-01
-6.748310630299301227e-01
-6.748318858941453335e-01
-6.748326969685766175e-01
-6.748334979370903541e-01
-6.748342903869141152e-01
-6.748350758105312597e-01
-6.748358556075793047e-01
-6.748366310867457418e-01
-6.748374034676599686e-01
-6.748381738827727849e-01
-6.748389433792197911e-01
-6.748397129206636924e-01
-6.748404833891118448e-01
-6.748412555867044915e-01
-6.748420302374729118e-01
-6.748428079890624876e-01
-6.748435894144211300e-01
-6.748443750134492936e-01
-6.748451652146085777e-01
-6.748459603764860315e-01
-6.748467607893138265e-01
-6.748475666764420788e-01
-6.748483781957594907e-01
-6.748491954410600346e-01
-6.748500184433552374e-01
-6.748508471721269553e-01
-6.748516815365220856e-01
-6.748525213864854377e-01
-6.748533665138303217e-01
-6.748542166532428555e-01
-6.748550714832245445e-01
-6.748559306269648062e-01
-6.748567936531502109e-01
