-6.748577124750042566e-01
-6.748585566217812914e-01
-6.748594006730869177e-01
-6.748602440059782159e-01
-6.748610859430773656e-01
-6.748619257529515636e-01
-6.748627626504278831e-01
-6.748635957968399657e-01
-6.748644243002120957e-01
-6.748652472153746640e-01
-6.748660635440170141e-01
-6.748668722346758964e-01
-6.748676721826606384e-01
-6.748684622299176983e-01
-6.748692411648324896e-01
-6.748700077219720317e-01
-6.748707605817677591e-01
-6.748714983701364911e-01
-6.748722196580421162e-01
-6.748729229609964353e-01
-6.748736067385006088e-01
-6.748742693934304260e-01
-6.748749092713666187e-01
-6.748755246598749924e-01
-6.748761137877385963e-01
-6.748766748241535884e-01
-6.748772058778836902e-01
-6.748777049963839980e-01
-6.748781701648899345e-01
-6.748785993054753352e-01
-6.748789902760748971e-01
-6.748793408694693241e-01
-6.748796488122295045e-01
-6.748799117636229417e-01
-6.748801273144775514e-01
-6.748802929860163724e-01
-6.748804062286677397e-01
-6.748804644208614700e-01
-6.748804648678302653e-01
-6.748804048004296563e-01
-6.748802813739808171e-01
-6.748800916671490180e-01
-6.748798326808540526e-01
-6.748795013372007601e-01
-6.748790944784177626e-01
-6.748786088657842130e-01
-6.748780411785312294e-01
-6.748773880126995861e-01
-6.748766458799639878e-01
-6.748758112064301429e-01
-6.748748803314383871e-01
-6.748738495064141585e-01
-6.748727148938198361e-01
-6.748714725662550151e-01
-6.748701185057451868e-01
-6.748686486032339227e-01
-6.748670586582661279e-01
-6.748653443788130701e-01
-6.748635013811655758e-01
-6.748615251897969181e-01
-6.748594112371035791e-01
-6.748571548629443972e-01
-6.748547513139515619e-01
-6.748521957426443230e-01
-6.748494832064501070e-01
-6.748466086668090114e-01
-6.748435669885791688e-01
-6.748403529399790157e-01
-6.748369611932530931e-01
-6.748333863261801735e-01
-6.748296228243940709e-01
-6.748256650843339477e-01
-6.748215074164921612e-01
-6.748171440484919126e-01
-6.748125691274929894e-01
-6.748077767214507583e-01
-6.748027608189339777e-01
-6.747975153274511362e-01
-6.747920340705939601e-01
-6.747863107846640007e-01
-6.747803391157601860e-01
-6.747741126185131666e-01
-6.747676247576376296e-01
-6.747608689132285065e-01
-6.747538383902199621e-01
-6.747465264316859779e-01
-6.747389262348038041e-01
-6.747310309674441342e-01
-6.747228337826773892e-01
-6.747143278282168311e-01
-6.747055062480648013e-01
-6.746963621745523110e-01
-6.746868887105192947e-01
-6.746770789034676197e-01
-6.746669257158282029e-01
-6.746564219975909049e-01
-6.746455604689823859e-01
-6.746343337210555235e-01
-6.746227342406119210e-01
-6.746107544625780106e-01
-6.745983868479515921e-01
-6.745856239792723530e-01
-6.745724586592322103e-01
-6.745588839928824409e-01
-6.745448934314135503e-01
-6.745304807571064210e-01
-6.745156399957284998e-01
-6.745003652545114026e-01
-6.744846504999221226e-01
-6.744684893074800458e-01
-6.744518746324911218e-01
-6.744347986615162327e-01
-6.744172528054436233e-01
-6.743992278826901332e-01
-6.743807145137591386e-01
-6.743617037074639553e-01
-6.743421875693892398e-01
-6.743221600129857274e-01
-6.743016173143884240e-01
-6.742805583360453880e-01
-6.742589842628959884e-01
-6.742368977552674059e-01
-6.742143015248390769e-01
-6.741911964742951513e-01
-6.741675796874412319e-01
-6.741434426848796901e-01
-6.741187704352705756e-01
-6.740935415986947232e-01
-6.740677303503250783e-01
-6.740413098811049997e-01
-6.740142573148941718e-01
-6.739865593666817256e-01
-6.739582176717494599e-01
-6.739292524402814566e-01
-6.738997030402882338e-01
-6.738696243704628275e-01
-6.738390784961203472e-01
-6.738081219587176429e-01
-6.737767903193837560e-01
-6.737450826580678731e-01
-6.737129496511577997e-01
-6.736802891924230652e-01
-6.736469530394607608e-01
-6.736127665036706347e-01
-6.735775607815389643e-01
-6.735412144102622678e-01
-6.735036970345418261e-01
-6.734651059179388444e-01
-6.734256842528085762e-01
-6.733858110918369277e-01
-6.733459561551244921e-01
-6.733065989046885802e-01
-6.732681195371953420e-01
-6.732306786449132607e-01
-6.731941103406424709e-01
-6.731578583836740348e-01
-6.731209840948301215e-01
-6.730822670309899447e-01
-6.730404041028974493e-01
-6.729942913138644567e-01
-6.729433476995169139e-01
-6.728878182222423066e-01
-6.728289773102215099e-01
-6.727691534830292364e-01
-6.727115127625042934e-01
-6.726595760950370151e-01
-6.726165012962823653e-01
-6.725842255164543593e-01
-6.725626275267664322e-01
-6.725489144665268704e-01
-6.725374486051368672e-01
-6.725201927408952507e-01
-6.724878618465275348e-01
-6.724317281735988638e-01
-6.723458551826145824e-01
-6.722293634742941837e-01
-6.720882003985455544e-01
-6.719358385331979377e-01
-6.717924047096185403e-01
-6.716819609859475682e-01
-6.716280138127234123e-01
-6.716477740178120603e-01
-6.717461487637212958e-01
-6.719108107186987366e-01
-6.721098435282062411e-01
-6.722933064430524075e-01
-6.723995388318526611e-01
-6.723661506523282982e-01
-6.721445169671160791e-01
-6.717154013691057912e-01
-6.711023371307198726e-01
-6.703788967509163310e-01
-6.696662602291575395e-01
-6.691187299399105060e-01
-6.688970308755186611e-01
-6.691321257572762082e-01
-6.698853518534561013e-01
-6.711132446556735687e-01
-6.726466977205836084e-01
-6.741934945085505948e-01
-6.753704062031479216e-01
-6.757660365803533908e-01
-6.750288855238569807e-01
-6.729675972089063096e-01
-6.696434144690490697e-01
-6.654303040095572719e-01
-6.610181763483727879e-01
-6.573409807797869764e-01
-6.554248893187668568e-01
-6.561707775413861965e-01
-6.601057101203265942e-01
-6.671544646009721635e-01
-6.764890419242344244e-01
-6.865090273688885247e-01
-6.949894972107065749e-01
-6.994089260221508786e-01
-6.974393307434747502e-01
-6.875438311266803826e-01
-6.695813849382632466e-01
-6.452700903267715171e-01
-6.183295151286346547e-01
-5.941421932186873311e-01
-5.788708555420765123e-01
-5.781312633509255727e-01
-5.954923949362173063e-01
-6.311739273655155857e-01
-6.812797369153735794e-01
-7.377584834422599158e-01
-7.891062239720840754e-01
-8.217431569927757806e-01
-8.220691910652991874e-01
-7.793203540972688526e-01
-6.892065307481376468e-01
-5.576361939562167747e-01
-4.028305976922892939e-01
-2.537232534838830822e-01
-1.437093284503722923e-01
-1.012338172171278056e-01
-1.406040312280719129e-01
-2.564523334884656891e-01
-4.238549242767269409e-01
-6.040514558246474763e-01
-7.534395670151041724e-01
-8.323175741131791927e-01
-8.113166649927872065e-01
-6.764354757882558022e-01
-4.341822075492691169e-01
-1.148072549013402915e-01
2.319016659157829285e-01
5.508466198913732903e-01
7.998148967092528761e-01
9.606137114412072187e-01
1.038536289852452832e+00
1.053979937277647272e+00
1.032690604089146147e+00
9.987020617515991461e-01
9.705728907649543435e-01
9.598116939193720443e-01
9.703284938202668686e-01
9.983062121012991064e-01
1.032325347989375475e+00
1.053904761959253866e+00
1.039058360827511684e+00
9.620244983893276869e-01
8.022862237503176619e-01
5.543122895889655011e-01
2.359920745719831514e-01
-1.107027260686314629e-01
-4.307246250605325510e-01
-6.741243989243270729e-01
-8.103759235262536498e-01
-8.326984046673738815e-01
-7.548773141651505814e-01
-6.061239364982369260e-01
-4.260460859132261802e-01
-2.582445336166510064e-01
-1.415926886486778835e-01
-1.012246097819862883e-01
-1.427576870813481169e-01
-2.521008283960459173e-01
-4.009309662752228443e-01
-5.558544468427584206e-01
-6.878381113558205140e-01
-7.785122000427813216e-01
-8.218259260231297603e-01
-8.219665126148968382e-01
-7.896421558467509039e-01
-7.384372834787500395e-01
-6.819457964357791280e-01
-6.317065539036343935e-01
-5.958185738947817667e-01
-5.782297161470941749e-01
-5.787668354940450621e-01
-5.938942708402461523e-01
-6.180117863138020473e-01
-6.449543974177578409e-01
-6.693236449409394329e-01
-6.873767461410078550e-01
-6.973715627214345236e-01
-6.994291865204957936e-01
-6.950733469081172844e-01
-6.866263400238393766e-01
-6.766106416072347196e-01
-6.672570444754182262e-01
-6.601746388533954457e-01
-6.562007921358933293e-01
-6.554189891756475594e-01
-6.573080738280082658e-01
-6.609701516804837862e-01
-6.653791905089886383e-01
-6.695991408018684421e-01
-6.729366434432640931e-01
-6.750138775638089284e-01
-6.757661403656316512e-01
-6.753822616385761757e-01
-6.742123927691584528e-01
-6.726677335301020078e-01
-6.711322433833887269e-01
-6.698994570041945096e-01
-6.691400175475767931e-01
-6.688988180140764683e-01
-6.691156059359778530e-01
-6.696600385671840350e-01
-6.703715368872520397e-01
-6.710955506813530702e-01
-6.717103932845547298e-01
-6.721418790597797344e-01
-6.723658924430916395e-01
-6.724012184808424442e-01
-6.722962144577213639e-01
-6.721131930829234991e-01
-6.719138979150091062e-01
-6.717484602641419222e-01
-6.716490344934940016e-01
-6.716281785587633335e-01
-6.716811679620094955e-01
-6.717909044260539364e-01
-6.719339199477251112e-01
-6.720861274006272312e-01
-6.722273310816548886e-01
-6.723439687348272686e-01
-6.724300037770128968e-01
-6.724862428497818678e-01
-6.725185753643780906e-01
-6.725357098635528219e-01
-6.725469367880408944e-01
-6.725603164389305499e-01
-6.725815189039013875e-01
-6.726133706105545951e-01
-6.726560212418646323e-01
-6.727075530992060459e-01
-6.727648174615225019e-01
-6.728242929306328390e-01
-6.728828057995508427e-01
-6.729380156782436284e-01
-6.729886351529201782e-01
-6.730344077054367657e-01
-6.730759058683786211e-01
-6.731142290739995371e-01
-6.731506795978132729e-01
-6.731864800643235780e-01
-6.732225732176696509e-01
-6.732595200604464258e-01
-6.732974909066431479e-01
-6.733363285277753629e-01
-6.733756546648483887e-01
-6.734149903501717160e-01
-6.734538651661267084e-01
-6.734918985826878757e-01
-6.735288456103857291e-01
-6.735646072816205976e-01
-6.735992126420144999e-01
-6.736327824000167830e-01
-6.736654851846735070e-01
-6.736974960064056051e-01
-6.737289637755105032e-01
-6.737599914392676803e-01
-6.737906291773568812e-01
-6.738208786631397773e-01
-6.738507049203960042e-01
-6.738800518098090331e-01
-6.739088575121729985e-01
-6.739370672714775079e-01
-6.739646418212573709e-01
-6.739915610698821169e-01
-6.740178235621110403e-01
-6.740434428507334763e-01
-6.740684421753816435e-01
-6.740928487972923655e-01
-6.741166890652466881e-01
-6.741399848936161510e-01
-6.741627519179019812e-01
-6.741849992345217979e-01
-6.742067303784929910e-01
-6.742279450628453352e-01
-6.742486411889262454e-01
-6.742688167109847086e-01
-6.742884710664895920e-01
-6.743076060298847096e-01
-6.743262259821267701e-01
-6.743443376909921128e-01
-6.743619497580817246e-01
-6.743790719075146711e-01
-6.743957142756262790e-01
-6.744118868218372809e-01
-6.744275989307292329e-01
-6.744428592255596877e-01
-6.744576755723837858e-01
-6.744720552264797941e-01
-6.744860050602626833e-01
-6.744995318127547934e-01
-6.745126423115648251e-01
-6.745253436348788156e-01
-6.745376431990290911e-01
-6.745495487733289552e-01
-6.745610684357933318e-01
-6.745722104901133998e-01
-6.745829833659450214e-01
-6.745933955221254941e-01
-6.746034553672989320e-01
-6.746131712060832175e-01
-6.746225512127373980e-01
-6.746316034292463293e-01
-6.746403357814226842e-01
-6.746487561051434101e-01
-6.746568721750263453e-01
-6.746646917292594692e-01
-6.746722224864135642e-01
-6.746794721523956539e-01
-6.746864484177705901e-01
-6.746931589472705548e-01
-6.746996113642199644e-01
-6.747058132328644930e-01
-6.747117720413292608e-01
-6.747174951872415560e-01
-6.747229899672134712e-01
-6.747282635705085241e-01
-6.747333230764731571e-01
-6.747381754548188448e-01
-6.747428275675790843e-01
-6.747472861715623216e-01
-6.747515579203182678e-01
-6.747556493649496945e-01
-6.747595669534716123e-01
-6.747633170287500315e-01
-6.747669058253316088e-01
-6.747703394656204834e-01
-6.747736239559194438e-01
-6.747767651827919488e-01
-6.747797689100871743e-01
-6.747826407768097168e-01
-6.747853862958617110e-01
-6.747880108535487809e-01
-6.747905197096597529e-01
-6.747929179978869874e-01
-6.747952107263726074e-01
-6.747974027781958872e-01
-6.747994989117086506e-01
-6.748015037606788225e-01
-6.748034218342738866e-01
-6.748052575169535272e-01
-6.748070150683744828e-01
-6.748086986233989837e-01
-6.748103121922836012e-01
-6.748118596610960251e-01
-6.748133447923739814e-01
-6.748147712260104125e-01
-6.748161424803255093e-01
-6.748174619532778529e-01
-6.748187329237601562e-01
-6.748199585529413014e-01
-6.748211418856160382e-01
-6.748222858515544598e-01
-6.748233932668487034e-01
-6.748244668352668674e-01
-6.748255091496253577e-01
-6.748265226932077532e-01
-6.748275098412334083e-01
-6.748284728623923368e-01
-6.748294139204431552e-01
-6.748303350758697583e-01
-6.748312382875830684e-01
-6.748321254146598669e-01
-6.748329982180929498e-01
-6.748338583625497211e-01
-6.748347074181245686e-01
-6.748355468620763631e-01
-6.748363780805531897e-01
-6.748372023702996492e-01
-6.748380209403499475e-01
-6.748388349137129927e-01
-6.748396453290383956e-01
-6.748404531422813601e-01
-6.748412592283433709e-01
-6.748420643827024445e-01
-6.748428693230162922e-01
-6.748436746907008343e-01
-6.748444810524707460e-01
-6.748452889018475842e-01
-6.748460986606182876e-01
-6.748469106802532647e-01
-6.748477252432761864e-01
-6.748485425645838198e-01
-6.748493627927200089e-01
-6.748501860110974748e-01
-6.748510122391677690e-01
-6.748518414335411553e-01
-6.748526734890514245e-01
-6.748535082397658647e-01
-6.748543454599369440e-01
-6.748551848648947082e-01
-6.748560261118807801e-01
-6.748568688008154126e-01
