-6.748577107619924131e-01
-6.748585506366662212e-01
-6.748593899921708772e-01
-6.748602282089281035e-01
-6.748610646124346690e-01
-6.748618984736416415e-01
-6.748627290092710229e-01
-6.748635553820662158e-01
-6.748643767009748773e-01
-6.748651920212723754e-01
-6.748660003446181888e-01
-6.748668006190498003e-01
-6.748675917389126422e-01
-6.748683725447289783e-01
-6.748691418230052808e-01
-6.748698983059757683e-01
-6.748706406712905448e-01
-6.748713675416431190e-01
-6.748720774843389725e-01
-6.748727690108089483e-01
-6.748734405760684618e-01
-6.748740905781196453e-01
-6.748747173573073077e-01
-6.748753191956222697e-01
-6.748758943159589574e-01
-6.748764408813298088e-01
-6.748769569940357149e-01
-6.748774406947978255e-01
-6.748778899618512739e-01
-6.748783027100014875e-01
-6.748786767896504113e-01
-6.748790099857872038e-01
-6.748793000169486245e-01
-6.748795445341534416e-01
-6.748797411198105278e-01
-6.748798872866091925e-01
-6.748799804763909727e-01
-6.748800180590120990e-01
-6.748799973311994105e-01
-6.748799155154064922e-01
-6.748797697586735866e-01
-6.748795571314935016e-01
-6.748792746266863984e-01
-6.748789191582822422e-01
-6.748784875604099120e-01
-6.748779765861966373e-01
-6.748773829066738728e-01
-6.748767031096911673e-01
-6.748759336988500168e-01
-6.748750710924602547e-01
-6.748741116225387415e-01
-6.748730515338550173e-01
-6.748718869830513389e-01
-6.748706140378399887e-01
-6.748692286762896231e-01
-6.748677267862019935e-01
-6.748661041645698244e-01
-6.748643565171020819e-01
-6.748624794577983144e-01
-6.748604685085463073e-01
-6.748583190987283986e-01
-6.748560265648315681e-01
-6.748535861500702948e-01
-6.748509930040521576e-01
-6.748482421825331423e-01
-6.748453286473318213e-01
-6.748422472664645788e-01
-6.748389928145654970e-01
-6.748355599736264310e-01
-6.748319433340639328e-01
-6.748281373960606233e-01
-6.748241365710917483e-01
-6.748199351835020288e-01
-6.748155274719798147e-01
-6.748109075907833265e-01
-6.748060696106161771e-01
-6.748010075191345214e-01
-6.747957152211728760e-01
-6.747901865388962195e-01
-6.747844152121976746e-01
-6.747783948997297943e-01
-6.747721191809674668e-01
-6.747655815596171891e-01
-6.747587754685286932e-01
-6.747516942760029002e-01
-6.747443312931011850e-01
-6.747366797812642814e-01
-6.747287329593120164e-01
-6.747204840088161237e-01
-6.747119260769223192e-01
-6.747030522760362192e-01
-6.746938556803443454e-01
-6.746843293198482305e-01
-6.746744661733833359e-01
-6.746642591627719510e-01
-6.746537011506835713e-01
-6.746427849447620417e-01
-6.746315033100154235e-01
-6.746198489902793805e-01
-6.746078147378946621e-01
-6.745953933487370824e-01
-6.745825776977800725e-01
-6.745693607688779680e-01
-6.745557356718862030e-01
-6.745416956409763243e-01
-6.745272340103062314e-01
-6.745123441669880204e-01
-6.744970194862334179e-01
-6.744812532588826404e-01
-6.744650386262215358e-01
-6.744483685398822148e-01
-6.744312357645135814e-01
-6.744136329369569971e-01
-6.743955526875776707e-01
-6.743769878176791854e-01
-6.743579315130370233e-01
-6.743383775598433827e-01
-6.743183205188023610e-01
-6.742977558089386925e-01
-6.742766796577371879e-01
-6.742550888901348571e-01
-6.742329805555032918e-01
-6.742103514265224140e-01
-6.741871974417082969e-01
-6.741635131970853401e-01
-6.741392916135310331e-01
-6.741145239063599526e-01
-6.740891999563961567e-01
-6.740633091247971720e-01
-6.740368414706394695e-01
-6.740097892308174465e-01
-6.739821483227893539e-01
-6.739539195536432548e-01
-6.739251091871525379e-01
-6.738957285544574516e-01
-6.738657925062376819e-01
-6.738353166940386219e-01
-6.738043139181294494e-01
-6.737727900529192349e-01
-6.737407403065351907e-01
-6.737081467270041868e-01
-6.736749778727755267e-01
-6.736411913734148271e-01
-6.736067396992593270e-01
-6.735715788598063414e-01
-6.735356790314510622e-01
-6.734990353954042330e-01
-6.734616769020529414e-01
-6.734236704379059635e-01
-6.733851181056995649e-01
-6.733461461297294282e-01
-6.733068852645780478e-01
-6.732674443903894357e-01
-6.732278809628510219e-01
-6.731881737748717232e-01
-6.731482046323796764e-01
-6.731077556059549272e-01
-6.730665271523684767e-01
-6.730241794714428849e-01
-6.729803951380556315e-01
-6.729349558433599388e-01
-6.728878208571830166e-01
-6.728391907133434158e-01
-6.727895378489077149e-01
-6.727395875877011377e-01
-6.726902386224503649e-01
-6.726424220056733683e-01
-6.725969107006043446e-01
-6.725541060985668063e-01
-6.725138408573126947e-01
-6.724752457215482648e-01
-6.724367284524864763e-01
-6.723961031575758085e-01
-6.723508872088462818e-01
-6.722987517550058634e-01
-6.722380742970585077e-01
-6.721685041393179461e-01
-6.720914218839968424e-01
-6.720101613642622818e-01
-6.719298743751571656e-01
-6.718569601243056244e-01
-6.717980523586717378e-01
-6.717586510319142334e-01
-6.717415885858707414e-01
-6.717456137704238550e-01
-6.717644351666089975e-01
-6.717865693604959665e-01
-6.717962676398662181e-01
-6.717756435010866500e-01
-6.717078998026140280e-01
-6.715812857041907336e-01
-6.713931439610248963e-01
-6.711531968510825452e-01
-6.708851277333977015e-01
-6.706256020673428964e-01
-6.704201721567231154e-01
-6.703160226524083054e-01
-6.703521895225352800e-01
-6.705486229422408240e-01
-6.708961205364694091e-01
-6.713495657410027961e-01
-6.718269094536675201e-01
-6.722158175721814066e-01
-6.723888335275006733e-01
-6.722263341802944270e-01
-6.716446648380897111e-01
-6.706249193876260284e-01
-6.692362874575388254e-01
-6.676471934656791341e-01
-6.661180581975307824e-01
-6.649717287958727407e-01
-6.645414452794009552e-01
-6.651012045316236909e-01
-6.667886650983142482e-01
-6.695351377080898114e-01
-6.730195610741590562e-01
-6.766628205963460818e-01
-6.796749674325873736e-01
-6.811609051234500667e-01
-6.802802253935263943e-01
-6.764445395022551377e-01
-6.695218164756683299e-01
-6.600041651042519719e-01
-6.490874627051508305e-01
-6.386141018198463470e-01
-6.308489277525896055e-01
-6.280935183664799748e-01
-6.321880406308999500e-01
-6.439891167590898746e-01
-6.629318834050542675e-01
-6.867777388089154611e-01
-7.116220693384459617e-01
-7.322050485063629210e-01
-7.425489045561707302e-01
-7.369341322474370903e-01
-7.111927032287472805e-01
-6.641891284923342464e-01
-5.991623582366739642e-01
-5.243903778823861828e-01
-4.525974552884769464e-01
-3.988221187971085491e-01
-3.770662053165872996e-01
-3.966463002645666536e-01
-4.594000560574201253e-01
-5.586074287611003664e-01
-6.797920132044273922e-01
-8.027769742817533194e-01
-9.039404580884288221e-01
-9.580127400328081189e-01
-9.400015839062408896e-01
-8.290603753442242763e-01
-6.157448831512235543e-01
-3.110015190285425613e-01
4.912044013828901351e-02
4.094879516699681532e-01
7.118284049373788669e-01
9.107035624159538489e-01
9.802161723229880774e-01
9.123548454576589917e-01
7.149330943639699010e-01
4.136108041177217753e-01
5.360607103548274688e-02
-3.068803774018403763e-01
-6.125650078686665223e-01
-8.271014376210303887e-01
-9.392481029623832578e-01
-9.582549921594140097e-01
-9.048838619267332017e-01
-8.041113839050458845e-01
-6.812243475239955215e-01
-5.598813097917483272e-01
-4.603179972080655435e-01
-3.970933996068095606e-01
-3.770245689634996733e-01
-3.983663635297630679e-01
-4.518694580145674600e-01
-5.235601280516835043e-01
-5.983871686802909595e-01
-6.635832819737818022e-01
-7.108141398834179059e-01
-7.367873929179155068e-01
-7.425984636957539964e-01
-7.323922302511062243e-01
-7.118807232887287562e-01
-6.870464436217618154e-01
-6.631621788239709936e-01
-6.441499585725671828e-01
-6.322668305931941068e-01
-6.280941756472644411e-01
-6.307877173562680406e-01
-6.385142228753808435e-01
-6.489735405330639972e-01
-6.598976711592449140e-01
-6.694380820308100111e-01
-6.763915632305896874e-01
-6.802590595914577154e-01
-6.811671467488211729e-01
-6.797008015432536299e-01
-6.766991231171217702e-01
-6.730576995107477867e-01
-6.695682575229728872e-01
-6.668123843463985567e-01
-6.651137473329982175e-01
-6.645433221990839634e-01
-6.649651180629518876e-01
-6.661060558531162190e-01
-6.676330856013462656e-01
-6.692229604266404230e-01
-6.706144744971522798e-01
-6.716382538995117057e-01
-6.722241909077263378e-01
-6.723904487480463210e-01
-6.722201948678795391e-01
-6.718328400764960184e-01
-6.713558734140492312e-01
-6.709018435804531277e-01
-6.705531190417625131e-01
-6.703551643270558857e-01
-6.703174953404972269e-01
-6.704203981705347815e-01
-6.706249754547536357e-01
-6.708840836529378349e-01
-6.711521300197883511e-01
-6.713923525826319683e-01
-6.715809440604605385e-01
-6.717080572944693628e-01
-6.717762441515489069e-01
-6.717971821532938703e-01
-6.717876316441566686e-01
-6.717654763813392105e-01
-6.717464889813247186e-01
-6.717421934128881000e-01
-6.717589279069401398e-01
-6.717979877576336634e-01
-6.718565752814753544e-01
-6.719292124634465013e-01
-6.720092740141965226e-01
-6.720903573666010544e-01
-6.721672987412118383e-01
-6.722367475542961879e-01
-6.722973054389392855e-01
-6.723493073768030959e-01
-6.723943642429721645e-01
-6.724347982724638850e-01
-6.724730903860653974e-01
-6.725114288090018322e-01
-6.725514108267134361e-01
-6.725939119894273066e-01
-6.726391058451995919e-01
-6.726865960975461078e-01
-6.727356131552558738e-01
-6.727852274203410810e-01
-6.728345398978430314e-01
-6.728828236157627929e-01
-6.729296036815942683e-01
-6.729746768497409937e-01
-6.730180813536165152e-01
-6.730600335536107703e-01
-6.731008496467559832e-01
-6.731408689444529081e-01
-6.731803911373678284e-01
-6.732196347573807804e-01
-6.732587188435888992e-01
-6.732976654884871293e-01
-6.733364180008946098e-01
-6.733748680411468790e-01
-6.734128851301102170e-01
-6.734503430680446323e-01
-6.734871395807590089e-01
-6.735232074920651790e-01
-6.735585175267417846e-01
-6.735930742173331653e-01
-6.736269071943302711e-01
-6.736600603790110497e-01
-6.736925813629536242e-01
-6.737245126974273912e-01
-6.737558860983586806e-01
-6.737867198541604985e-01
-6.738170191241306117e-01
-6.738467784065982347e-01
-6.738759852621115654e-01
-6.739046243802088165e-01
-6.739326812324071270e-01
-6.739601447983668558e-01
-6.739870091251946027e-01
-6.740132737294791676e-01
-6.740389430418435301e-01
-6.740640252067054972e-01
-6.740885305847152953e-01
-6.741124702742997687e-01
-6.741358548923191973e-01
-6.741586937552074277e-01
-6.741809945026892015e-01
-6.742027631228492135e-01
-6.742240042801469491e-01
-6.742447218203521109e-01
-6.742649193260803475e-01
-6.742846006173717210e-01
-6.743037701252504457e-01
-6.743224331039570085e-01
-6.743405956822711156e-01
-6.743582647809992503e-01
-6.743754479397320312e-01
-6.743921531011294324e-01
-6.744083883969751447e-01
-6.744241619697695089e-01
-6.744394818499815925e-01
-6.744543558952148521e-01
-6.744687917858116499e-01
-6.744827970633214820e-01
-6.744963791942341080e-01
-6.745095456412381063e-01
-6.745223039270898946e-01
-6.745346616808380880e-01
-6.745466266614639217e-01
-6.745582067589013242e-01
-6.745694099762272744e-01
-6.745802443990945862e-01
-6.745907181592700752e-01
-6.746008393985797325e-01
-6.746106162381009241e-01
-6.746200567554845318e-01
-6.746291689713137529e-01
-6.746379608437104158e-01
-6.746464402692307072e-01
-6.746546150875105674e-01
-6.746624930870944725e-01
-6.746700820103007645e-01
-6.746773895556416045e-01
-6.746844233771083221e-01
-6.746911910803368162e-01
-6.746977002162302117e-01
-6.747039582729424945e-01
-6.747099726672415310e-01
-6.747157507361709605e-01
-6.747212997297117321e-01
-6.747266268048484061e-01
-6.747317390211482468e-01
-6.747366433377093298e-01
-6.747413466111710223e-01
-6.747458555943873781e-01
-6.747501769353851930e-01
-6.747543171762830916e-01
-6.747582827519610360e-01
-6.747620799883955467e-01
-6.747657151006736242e-01
-6.747691941907889568e-01
-6.747725232453624100e-01
-6.747757081334365692e-01
-6.747787546044886620e-01
-6.747816682867491256e-01
-6.747844546858766668e-01
-6.747871191839909244e-01
-6.747896670390240992e-01
-6.747921033843372607e-01
-6.747944332285272795e-01
-6.747966614553704279e-01
-6.747987928238405875e-01
-6.748008319681843004e-01
-6.748027833980368984e-01
-6.748046514985837074e-01
-6.748064405307848679e-01
-6.748081546316831991e-01
-6.748097978148179799e-01
-6.748113739707561898e-01
-6.748128868677527592e-01
-6.748143401525369400e-01
-6.748157373512161383e-01
-6.748170818702869944e-01
-6.748183769977345037e-01
-6.748196259042096301e-01
-6.748208316442657617e-01
-6.748219971576497889e-01
-6.748231252706378136e-01
-6.748242186974130474e-01
-6.748252800414838992e-01
-6.748263117971448066e-01
-6.748273163509770356e-01
-6.748282959833881156e-01
-6.748292528701921311e-01
-6.748301890842208772e-01
-6.748311065969673228e-01
-6.748320072802511671e-01
-6.748328929079030480e-01
-6.748337651574614071e-01
-6.748346256118733510e-01
-6.748354757611982890e-01
-6.748363170043087944e-01
-6.748371506505861372e-01
-6.748379779216070462e-01
-6.748387999528184800e-01
-6.748396177951976327e-01
-6.748404324168953972e-01
-6.748412447048596219e-01
-6.748420554664391613e-01
-6.748428654309560626e-01
-6.748436752512538828e-01
-6.748444855052088132e-01
-6.748452966972079414e-01
-6.748461092595890998e-01
-6.748469235540369704e-01
-6.748477398729382237e-01
-6.748485584406915816e-01
-6.748493794149680314e-01
-6.748502028879229675e-01
-6.748510288873587060e-01
-6.748518573778324869e-01
-6.748526882617085221e-01
-6.748535213801577504e-01
-6.748543565140981970e-01
-6.748551933850772677e-01
-6.748560316560936467e-01
-6.748568709323581327e-01
