-6.748575258269694510e-01
-6.748583265356378202e-01
-6.748591225281607153e-01
-6.748599132160953973e-01
-6.748606979518017024e-01
-6.748614760288099701e-01
-6.748622466821312393e-01
-6.748630090885145982e-01
-6.748637623666462471e-01
-6.748645055772916068e-01
-6.748652377233848032e-01
-6.748659577500600859e-01
-6.748666645446305123e-01
-6.748673569365116753e-01
-6.748680336970923621e-01
-6.748686935395510345e-01
-6.748693351186229039e-01
-6.748699570303148265e-01
-6.748705578115713477e-01
-6.748711359398936738e-01
-6.748716898329120140e-01
-6.748722178479149569e-01
-6.748727182813336611e-01
-6.748731893681867433e-01
-6.748736292814877524e-01
-6.748740361316108993e-01
-6.748744079656247008e-01
-6.748747427665888754e-01
-6.748750384528209301e-01
-6.748752928771309945e-01
-6.748755038260320083e-01
-6.748756690189215979e-01
-6.748757861072454123e-01
-6.748758526736400309e-01
-6.748758662310597733e-01
-6.748758242218945158e-01
-6.748757240170818461e-01
-6.748755629152172197e-01
-6.748753381416608965e-01
-6.748750468476516495e-01
-6.748746861094236937e-01
-6.748742529273290547e-01
-6.748737442249697072e-01
-6.748731568483318233e-01
-6.748724875649345645e-01
-6.748717330629860900e-01
-6.748708899505572179e-01
-6.748699547547745148e-01
-6.748689239210475810e-01
-6.748677938123356368e-01
-6.748665607084667339e-01
-6.748652208055210266e-01
-6.748637702152908702e-01
-6.748622049648166366e-01
-6.748605209960034657e-01
-6.748587141653143995e-01
-6.748567802435219143e-01
-6.748547149155095237e-01
-6.748525137801011375e-01
-6.748501723499065186e-01
-6.748476860511746223e-01
-6.748450502236623683e-01
-6.748422601205366078e-01
-6.748393109083534736e-01
-6.748361976671582996e-01
-6.748329153907756117e-01
-6.748294589873452543e-01
-6.748258232801511713e-01
-6.748220030087661581e-01
-6.748179928304910424e-01
-6.748137873220253491e-01
-6.748093809812647503e-01
-6.748047682290750915e-01
-6.747999434108962191e-01
-6.747949007980276193e-01
-6.747896345885167069e-01
-6.747841389076512097e-01
-6.747784078081721093e-01
-6.747724352704559392e-01
-6.747662152030193816e-01
-6.747597414437798147e-01
-6.747530077624965816e-01
-6.747460078647301573e-01
-6.747387353974597657e-01
-6.747311839562291080e-01
-6.747233470933330368e-01
-6.747152183262350444e-01
-6.747067911451333222e-01
-6.746980590184775695e-01
-6.746890153953583047e-01
-6.746796537040699038e-01
-6.746699673467926317e-01
-6.746599496912094596e-01
-6.746495940608209230e-01
-6.746388937265775931e-01
-6.746278419030115048e-01
-6.746164317520747522e-01
-6.746046563972484256e-01
-6.745925089490729665e-01
-6.745799825411591399e-01
-6.745670703732042917e-01
-6.745537657549860455e-01
-6.745400621432644517e-01
-6.745259531626245364e-01
-6.745114326020590356e-01
-6.744964943818682057e-01
-6.744811324902872940e-01
-6.744653408956814422e-01
-6.744491134472997418e-01
-6.744324437840862885e-01
-6.744153252753312122e-01
-6.743977510173374545e-01
-6.743797139055545120e-01
-6.743612067911768371e-01
-6.743422227155937421e-01
-6.743227551970855105e-01
-6.743027985249030465e-01
-6.742823480004721537e-01
-6.742614000584619127e-01
-6.742399522059858707e-01
-6.742180027389027552e-01
-6.741955502302140468e-01
-6.741725928337733986e-01
-6.741491275001427752e-01
-6.741251492503895770e-01
-6.741006506858189251e-01
-6.740756219148109629e-01
-6.740500510425160297e-01
-6.740239252909668854e-01
-6.739972327001411134e-01
-6.739699642183084594e-01
-6.739421158459520944e-01
-6.739136903826559166e-01
-6.738846982746690140e-01
-6.738551571031693443e-01
-6.738250894091899479e-01
-6.737945188215209713e-01
-6.737634648146587635e-01
-6.737319368237995043e-01
-6.736999288074375647e-01
-6.736674155845522316e-01
-6.736343522918134541e-01
-6.736006780358034796e-01
-6.735663242264834372e-01
-6.735312272023981084e-01
-6.734953436992007214e-01
-6.734586666468427296e-01
-6.734212379385103864e-01
-6.733831544492703269e-01
-6.733445639205323241e-01
-6.733056485090559429e-01
-6.732665958256753846e-01
-6.732275599732561178e-01
-6.731886180486672533e-01
-6.731497302349599421e-01
-6.731107133045378665e-01
-6.730712374152370003e-01
-6.730308539966617376e-01
-6.729890580955342205e-01
-6.729453820308920475e-01
-6.728995093930496552e-01
-6.728513906204498518e-01
-6.728013353199077118e-01
-6.727500540159299103e-01
-6.726986247614449299e-01
-6.726483690063944643e-01
-6.726006362314922438e-01
-6.725565166713216581e-01
-6.725165230622625057e-01
-6.724803015666098727e-01
-6.724464439080863887e-01
-6.724124724784720231e-01
-6.723750541116458868e-01
-6.723304650944298411e-01
-6.722752818601398506e-01
-6.722072146612969590e-01
-6.721259451017891351e-01
-6.720337852995454941e-01
-6.719359601476800892e-01
-6.718403363884118962e-01
-6.717564898642267579e-01
-6.716941143044371509e-01
-6.716609201761933878e-01
-6.716603286157289965e-01
-6.716894023411998926e-01
-6.717375369012237307e-01
-6.717864272886449051e-01
-6.718117018466882584e-01
-6.717863698910365722e-01
-6.716858779739693919e-01
-6.714941563230385491e-01
-6.712096326344584307e-01
-6.708498862272889163e-01
-6.704535096655193094e-01
-6.700779227468631749e-01
-6.697923939330198140e-01
-6.696663549020384076e-01
-6.697541554202209868e-01
-6.700785288173473075e-01
-6.706159915934136739e-01
-6.712879281905537177e-01
-6.719609837741397085e-01
-6.724594517620099410e-01
-6.725905670651074475e-01
-6.721811189379741647e-01
-6.711208669882600120e-01
-6.694053493570467639e-01
-6.671684558953612232e-01
-6.646943591971121723e-01
-6.623997777616075222e-01
-6.607815310164311118e-01
-6.603308022729021953e-01
-6.614235454097654454e-01
-6.642044308749477377e-01
-6.684876752753619034e-01
-6.737003567980208718e-01
-6.788914881269679791e-01
-6.828231783978745417e-01
-6.841491025045763896e-01
-6.816704944764417906e-01
-6.746410351236254987e-01
-6.630702120878013694e-01
-6.479538897848359236e-01
-6.313494335102949329e-01
-6.162223452611912400e-01
-6.060304528956409476e-01
-6.040772110880706647e-01
-6.127388523703941603e-01
-6.327223233701981808e-01
-6.625187282804779754e-01
-6.981779072917650986e-01
-7.334681146364980808e-01
-7.604408648401925763e-01
-7.704230148410970980e-01
-7.554851123807012625e-01
-7.103982149999849005e-01
-6.348758175924227309e-01
-5.354868365454786838e-01
-4.262417968470699203e-01
-3.269194087806429616e-01
-2.589763700899856413e-01
-2.400571225113156404e-01
-2.789340721557471703e-01
-3.726464145952854135e-01
-5.067631907327656560e-01
-6.584523477937000990e-01
-8.008407701798425649e-01
-9.067170640293260586e-01
-9.506172386420085330e-01
-9.103715483796841479e-01
-7.706003024474236129e-01
-5.295065273280334939e-01
-2.062837368497612844e-01
1.574371685724403058e-01
5.069271841484782604e-01
7.907017362829038554e-01
9.730536334213537586e-01
1.036076396609455497e+00
9.747894033249188128e-01
7.940260681632890227e-01
5.114712915585496456e-01
1.625717942510713221e-01
-2.013429812149638842e-01
-5.254712531552502286e-01
-7.679082690982866888e-01
-9.091333147893284616e-01
-9.506942487392250341e-01
-9.078327917732749164e-01
-8.026533880976928215e-01
-6.605846135962094579e-01
-5.088240649550564987e-01
-3.742732502027543151e-01
-2.798547490146535144e-01
-2.401475383974440991e-01
-2.582858178973210239e-01
-3.256502440023412159e-01
-4.246885977022331060e-01
-5.339560108219700840e-01
-6.336136760668533707e-01
-7.095494585876910287e-01
-7.550874709822746889e-01
-7.704283572240495648e-01
-7.607473010846995676e-01
-7.339510774069797350e-01
-6.987147859818233497e-01
-6.630062799877470825e-01
-6.330876111988671395e-01
-6.129442250067516085e-01
-6.041195068604486851e-01
-6.059349641074559534e-01
-6.160329573092645505e-01
-6.311171672853258530e-01
-6.477263114979502356e-01
-6.628836796625970917e-01
-6.745167531427492813e-01
-6.816142757260836849e-01
-6.841539539474600362e-01
-6.828734963250422396e-01
-6.789676982054710930e-01
-6.737831024107800992e-01
-6.685609875356555154e-01
-6.642576186179338649e-01
-6.614517945723096259e-01
-6.603346679709646283e-01
-6.607656394551442158e-01
-6.623711213219850569e-01
-6.646605621812584630e-01
-6.671363179901063090e-01
-6.693798604035536837e-01
-6.711047598380385226e-01
-6.721749154474537802e-01
-6.725929948263572600e-01
-6.724680728493280801e-01
-6.719728778199217656e-01
-6.713003003399550250e-01
-6.706266191948884181e-01
-6.700860079888552034e-01
-6.697579512794437084e-01
-6.696666915508789897e-01
-6.697900393678566378e-01
-6.700739294497081167e-01
-6.704489656295590239e-01
-6.708457170501112010e-01
-6.712064772628753007e-01
-6.714923210882816074e-01
-6.716853588702998978e-01
-6.717869234877259510e-01
-6.718129412922025923e-01
-6.717879209472072954e-01
-6.717388918961860744e-01
-6.716903219925014490e-01
-6.716606398299752589e-01
-6.716605729747734399e-01
-6.716931600168610794e-01
-6.717550467267546788e-01
-6.718385514717729601e-01
-6.719339751206357958e-01
-6.720317111285412093e-01
-6.721238480385050007e-01
-6.722051133413896595e-01
-6.722731534233148398e-01
-6.723282571344550984e-01
-6.723726989822724764e-01
-6.724099008779298448e-01
-6.724435955131062848e-01
-6.724771315318005538e-01
-6.725130042112706930e-01
-6.725526380112840652e-01
-6.725963989266176002e-01
-6.726437811304509795e-01
-6.726936960543853372e-01
-6.727447915788222765e-01
-6.727957407928502054e-01
-6.728454589931419649e-01
-6.728932292694665973e-01
-6.729387369513559758e-01
-6.729820284247317597e-01
-6.730234189026832459e-01
-6.730633765630698040e-01
-6.731024080303348311e-01
-6.731409641182405368e-01
-6.731793769290539409e-01
-6.732178315479649955e-01
-6.732563690069964801e-01
-6.732949127208315288e-01
-6.733333084797249457e-01
-6.733713681270593332e-01
-6.734089087390603412e-01
-6.734457817924709433e-01
-6.734818897755724398e-01
-6.735171903996040044e-01
-6.735516906103927726e-01
-6.735854337951973081e-01
-6.736184839252513656e-01
-6.736509100114398407e-01
-6.736827734059732675e-01
-6.737141194115150444e-01
-6.737449735940143070e-01
-6.737753423137550213e-01
-6.738052163957759522e-01
-6.738345765876946336e-01
-6.738633994706757502e-01
-6.738916627265469916e-01
-6.739193490295090072e-01
-6.739464482330658202e-01
-6.739729578856761272e-01
-6.739988823805659335e-01
-6.740242312019877335e-01
-6.740490167727052340e-01
-6.740732523554756606e-01
-6.740969503456907264e-01
-6.741201211475276178e-01
-6.741427726830276912e-01
-6.741649104659986902e-01
-6.741865380941818309e-01
-6.742076579776830059e-01
-6.742282721250226762e-01
-6.742483828405878565e-01
-6.742679932365220896e-01
-6.742871075159212468e-01
-6.743057310325676346e-01
-6.743238701685195791e-01
-6.743415320915463473e-01
-6.743587244598429065e-01
-6.743754551343740244e-01
-6.743917319437011670e-01
-6.744075625268277641e-01
-6.744229542605810757e-01
-6.744379142624283840e-01
-6.744524494492127875e-01
-6.744665666275910798e-01
-6.744802725924043951e-01
-6.744935742135034218e-01
-6.745064784980921990e-01
-6.745189926227900257e-01
-6.745311239360423095e-01
-6.745428799363140104e-01
-6.745542682342758889e-01
-6.745652965079301788e-01
-6.745759724587281347e-01
-6.745863037746797630e-01
-6.745962981039163031e-01
-6.746059630396327167e-01
-6.746153061152587727e-01
-6.746243348073058810e-01
-6.746330565426907899e-01
-6.746414787073744534e-01
-6.746496086537075998e-01
-6.746574537047285158e-01
-6.746650211546111331e-01
-6.746723182653101558e-01
-6.746793522600995630e-01
-6.746861303150853972e-01
-6.746926595498770052e-01
-6.746989470184943105e-01
-6.747049997013293554e-01
-6.747108244986298464e-01
-6.747164282256554735e-01
-6.747218176093623399e-01
-6.747269992862842125e-01
-6.747319798011875980e-01
-6.747367656060757612e-01
-6.747413630591868605e-01
-6.747457784237432810e-01
-6.747500178663338177e-01
-6.747540874549252665e-01
-6.747579931565879097e-01
-6.747617408350747858e-01
-6.747653362484098416e-01
-6.747687850466248527e-01
-6.747720927697606896e-01
-6.747752648461874392e-01
-6.747783065912729139e-01
-6.747812232063730153e-01
-6.747840197781037608e-01
-6.747867012778319129e-01
-6.747892725613260367e-01
-6.747917383685143600e-01
-6.747941033233146868e-01
-6.747963719335101640e-01
-6.747985485906706771e-01
-6.748006375701236514e-01
-6.748026430309873591e-01
-6.748045690162854937e-01
-6.748064194531621096e-01
-6.748081981531999229e-01
-6.748099088128562961e-01
-6.748115550140105778e-01
-6.748131402246190236e-01
-6.748146677994706355e-01
-6.748161409810261580e-01
-6.748175629003354548e-01
-6.748189365780165039e-01
-6.748202649252882379e-01
-6.748215507450537887e-01
-6.748227967330259203e-01
-6.748240054788893216e-01
-6.748251794675046433e-01
-6.748263210801489498e-01
-6.748274325957894781e-01
-6.748285161923949227e-01
-6.748295739482750299e-01
-6.748306078434487265e-01
-6.748316197610375600e-01
-6.748326114886782356e-01
-6.748335847199523618e-01
-6.748345410558248547e-01
-6.748354820060880055e-01
-6.748364089908065466e-01
-6.748373233417639394e-01
-6.748382263038984474e-01
-6.748391190367358794e-01
-6.748400026158056786e-01
-6.748408780340434676e-01
-6.748417462031789382e-01
-6.748426079551018697e-01
-6.748434640432071641e-01
-6.748443151437160115e-01
-6.748451618569680788e-01
-6.748460047086854985e-01
-6.748468441512044391e-01
-6.748476805646717036e-01
-6.748485142582040242e-01
-6.748493454710090544e-01
-6.748501743734650615e-01
-6.748510010681572080e-01
-6.748518255908717567e-01
-6.748526479115397603e-01
-6.748534679351368970e-01
-6.748542855025306819e-01
-6.748551003912807156e-01
-6.748559123163851980e-01
-6.748567209309777049e-01
