-6.748576600345846943e-01
-6.748585293173273714e-01
-6.748594008686013002e-01
-6.748602740457722016e-01
-6.748611481546979984e-01
-6.748620224501187259e-01
-6.748628961359749434e-01
-6.748637683656537600e-01
-6.748646382421662482e-01
-6.748655048182548022e-01
-6.748663670964272221e-01
-6.748672240289228519e-01
-6.748680745176051099e-01
-6.748689174137878499e-01
-6.748697515179893358e-01
-6.748705755796213790e-01
-6.748713882966095312e-01
-6.748721883149507716e-01
-6.748729742282100208e-01
-6.748737445769554810e-01
-6.748744978481382439e-01
-6.748752324744169417e-01
-6.748759468334247780e-01
-6.748766392469831565e-01
-6.748773079802609098e-01
-6.748779512408750181e-01
-6.748785671779417017e-01
-6.748791538810696711e-01
-6.748797093793063029e-01
-6.748802316400367429e-01
-6.748807185678495912e-01
-6.748811680033697247e-01
-6.748815777220679157e-01
-6.748819454330571288e-01
-6.748822687778716078e-01
-6.748825453292356391e-01
-6.748827725898125518e-01
-6.748829479909341789e-01
-6.748830688912976772e-01
-6.748831325756299293e-01
-6.748831362533139755e-01
-6.748830770569849147e-01
-6.748829520411094851e-01
-6.748827581805671993e-01
-6.748824923692556821e-01
-6.748821514187509640e-01
-6.748817320570384970e-01
-6.748812309273246601e-01
-6.748806445869283133e-01
-6.748799695062303039e-01
-6.748792020676536163e-01
-6.748783385646298649e-01
-6.748773752005143844e-01
-6.748763080874337073e-01
-6.748751332450589890e-01
-6.748738465993385782e-01
-6.748724439812517906e-01
-6.748709211256705975e-01
-6.748692736704281492e-01
-6.748674971556763991e-01
-6.748655870235830134e-01
-6.748635386183657880e-01
-6.748613471865870794e-01
-6.748590078775767997e-01
-6.748565157438034534e-01
-6.748538657410099173e-01
-6.748510527279661941e-01
-6.748480714657852930e-01
-6.748449166168747348e-01
-6.748415827437409531e-01
-6.748380643079878727e-01
-6.748343556699240020e-01
-6.748304510891702801e-01
-6.748263447265394621e-01
-6.748220306472322294e-01
-6.748175028250993357e-01
-6.748127551474143448e-01
-6.748077814193511603e-01
-6.748025753672780569e-01
-6.747971306400807334e-01
-6.747914408080802895e-01
-6.747854993596733575e-01
-6.747792996964880885e-01
-6.747728351285130488e-01
-6.747660988710939556e-01
-6.747590840457837746e-01
-6.747517836866132601e-01
-6.747441907524195370e-01
-6.747362981445135244e-01
-6.747280987274444364e-01
-6.747195853492252704e-01
-6.747107508565837186e-01
-6.747015881008923133e-01
-6.746920899316801723e-01
-6.746822491769923769e-01
-6.746720586130965369e-01
-6.746615109294763490e-01
-6.746505986979761671e-01
-6.746393143564077821e-01
-6.746276502162055211e-01
-6.746155985003676747e-01
-6.746031514121247907e-01
-6.745903012272489452e-01
-6.745770403951389937e-01
-6.745633616275775735e-01
-6.745492579513067133e-01
-6.745347227029532267e-01
-6.745197494530722482e-01
-6.745043318597689908e-01
-6.744884634696194370e-01
-6.744721375012412423e-01
-6.744553466607475789e-01
-6.744380830441640828e-01
-6.744203381762059468e-01
-6.744021032159158713e-01
-6.743833693285636866e-01
-6.743641281839304336e-01
-6.743443725006883493e-01
-6.743240965240441254e-01
-6.743032963087048914e-01
-6.742819696895407944e-01
-6.742601158623090507e-01
-6.742377345651868747e-01
-6.742148249405757188e-01
-6.741913842510813826e-01
-6.741674067041574236e-01
-6.741428826849839018e-01
-6.741177986874051786e-01
-6.740921381557929415e-01
-6.740658833055739318e-01
-6.740390177905040137e-01
-6.740115298595289461e-01
-6.739834154375526909e-01
-6.739546804224845200e-01
-6.739253414647671248e-01
-6.738954246228544553e-01
-6.738649615840681673e-01
-6.738339835882317663e-01
-6.738025137375772688e-01
-6.737705589304004983e-01
-6.737381030999780585e-01
-6.737051036459431597e-01
-6.736714927979056133e-01
-6.736371850781692761e-01
-6.736020910299536091e-01
-6.735661360399189945e-01
-6.735292816004799787e-01
-6.734915450104707046e-01
-6.734530126415514406e-01
-6.734138418423620820e-01
-6.733742475783091042e-01
-6.733344721203858851e-01
-6.732947393780693845e-01
-6.732551994170772325e-01
-6.732158726331630705e-01
-6.731766060756219083e-01
-6.731370555576947634e-01
-6.730967056020850103e-01
-6.730549344459685335e-01
-6.730111233483033750e-01
-6.729647991284437580e-01
-6.729157878426569317e-01
-6.728643480769174179e-01
-6.728112471660075977e-01
-6.727577452672290903e-01
-6.727054623786286047e-01
-6.726561224314973053e-01
-6.726111948919406558e-01
-6.725714840800041117e-01
-6.725367438789938701e-01
-6.725054136295938179e-01
-6.724745727389902505e-01
-6.724401914524235080e-01
-6.723977112560035607e-01
-6.723429232783607601e-01
-6.722730352947597909e-01
-6.721877414488340863e-01
-6.720900514899746936e-01
-6.719866171431080337e-01
-6.718873281898505301e-01
-6.718040484057841155e-01
-6.717485183178011354e-01
-6.717296498417442141e-01
-6.717506443835183916e-01
-6.718065363638325849e-01
-6.718828488343017158e-01
-6.719560022056287885e-01
-6.719959126309609232e-01
-6.719708519099995003e-01
-6.718541497434468157e-01
-6.716317738777112245e-01
-6.713093305218785778e-01
-6.709167145024439449e-01
-6.705086339737565959e-01
-6.701596361047370554e-01
-6.699531019292399581e-01
-6.699649001300045370e-01
-6.702438206855971803e-01
-6.707922790908610322e-01
-6.715517572784439615e-01
-6.723976967694693663e-01
-6.731478266119803600e-01
-6.735860795414067015e-01
-6.735014023349651380e-01
-6.727372001900511211e-01
-6.712434081918332573e-01
-6.691200294790831116e-01
-6.666393760224884613e-01
-6.642351753552505622e-01
-6.624508742927163185e-01
-6.618469244328530898e-01
-6.628766333766191732e-01
-6.657503567117196708e-01
-6.703158420944755891e-01
-6.759860520654924487e-01
-6.817433627186366696e-01
-6.862404662172726377e-01
-6.880042239033348217e-01
-6.857298063105032870e-01
-6.786292169920253858e-01
-6.667722460437075505e-01
-6.513341006917831022e-01
-6.346528800830464334e-01
-6.200154309778580508e-01
-6.111410763739704155e-01
-6.114136011111003244e-01
-6.229981099358924412e-01
-6.460361200476764099e-01
-6.781137013599939367e-01
-7.141449306734407587e-01
-7.467386998030293155e-01
-7.670664760367935653e-01
-7.662421072895569951e-01
-7.372161243674533182e-01
-6.770636387434193493e-01
-5.892165759088986432e-01
-4.847529786160487131e-01
-3.816725607575471857e-01
-3.015686495198290351e-01
-2.642282407316223769e-01
-2.818108779071325509e-01
-3.546351497603185687e-01
-4.700489846107820946e-01
-6.046847407530869800e-01
-7.290751396109164117e-01
-8.128347591955131790e-01
-8.291232941140563861e-01
-7.586453050975293655e-01
-5.943188535981825948e-01
-3.462862478626813623e-01
-4.385598433613841635e-02
2.700095294390829626e-01
5.517890028765255472e-01
7.716902103375250510e-01
9.206064540221795545e-01
1.007224681630900509e+00
1.048775212780853172e+00
1.060691140777139996e+00
1.049066436481059128e+00
1.007939007437008483e+00
9.219472376104048683e-01
7.738248291874043616e-01
5.547279741413586596e-01
2.735269507590762927e-01
-4.020209743636698335e-02
-3.430229206267462194e-01
-5.918850847023872097e-01
-7.572769852334896301e-01
-8.288365031585561704e-01
-8.134725529325417259e-01
-7.303648933614150796e-01
-6.062851809293486882e-01
-4.715971505336579717e-01
-3.558050017321244263e-01
-2.823764809710057055e-01
-2.641098291108620599e-01
-3.008421010898350567e-01
-3.805370222653901013e-01
-4.834676530312677079e-01
-5.880292279663469346e-01
-6.761550749958525897e-01
-7.366750694844316216e-01
-7.660697182708749997e-01
-7.671991774032613787e-01
-7.470766032997552264e-01
-7.145776558593162076e-01
-6.785404575807678640e-01
-6.463795716257115798e-01
-6.232121034545811122e-01
-6.114847836737352660e-01
-6.110848067729025557e-01
-6.198672675940053445e-01
-6.344578190840813869e-01
-6.511360958478605854e-01
-6.666061497754875997e-01
-6.785163230354351871e-01
-6.856770692759328600e-01
-6.880063811181627020e-01
-6.862838839043294836e-01
-6.818104322197672262e-01
-6.760592098280808759e-01
-6.703806184010882019e-01
-6.657971754612804771e-01
-6.629013510073190618e-01
-6.618503001823652365e-01
-6.624372996933757252e-01
-6.642110503586948766e-01
-6.666115012384246086e-01
-6.690943014904178199e-01
-6.712239842594655004e-01
-6.727261722422362977e-01
-6.734989159081046228e-01
-6.735907676287912205e-01
-6.731574042836671046e-01
-6.724095729786759845e-01
-6.715635535387145527e-01
-6.708021882843905326e-01
-6.702507829010296847e-01
-6.699686089919861809e-01
-6.699538803111982910e-01
-6.701582330332939152e-01
-6.705059957639198931e-01
-6.709137751781505399e-01
-6.713068528158774306e-01
-6.716302562287468358e-01
-6.718537999163660679e-01
-6.719716164205042919e-01
-6.719975442044783254e-01
-6.719581451394138760e-01
-6.718851236744645128e-01
-6.718086095972458649e-01
-6.717522745567008347e-01
-6.717307074099138076e-01
-6.717489815962076616e-01
-6.718039815805539883e-01
-6.718868491568079637e-01
-6.719858630373428676e-01
-6.720891484788442671e-01
-6.721867831909171809e-01
-6.722720719765887809e-01
-6.723419608366348887e-01
-6.723967186496959680e-01
-6.724391128653774974e-01
-6.724733413897235890e-01
-6.725039643140097168e-01
-6.725350222515236176e-01
-6.725694517328374422e-01
-6.726088302848720613e-01
-6.726534184826613583e-01
-6.727024219576072106e-01
-6.727543759283571845e-01
-6.728075562797232179e-01
-6.728603391600874728e-01
-6.729114584661708420e-01
-6.729601403900697942e-01
-6.730061206089342773e-01
-6.730495688692900158e-01
-6.730909560085881482e-01
-6.731309001758275512e-01
-6.731700239047777590e-01
-6.732088442829943231e-01
-6.732477074211136170e-01
-6.732867680753927830e-01
-6.733260072495681481e-01
-6.733652757367019071e-01
-6.734043499421449308e-01
-6.734429874554072049e-01
-6.734809728570823051e-01
-6.735181481824792371e-01
-6.735544264195478803e-01
-6.735897897117104627e-01
-6.736242761616431096e-01
-6.736579601650961591e-01
-6.736909311526769750e-01
-6.737232747482485573e-01
-6.737550590060733535e-01
-6.737863269051614923e-01
-6.738170949409894028e-01
-6.738473566534648462e-01
-6.738770893559631325e-01
-6.739062621814343457e-01
-6.739348437654990587e-01
-6.739628083285298388e-01
-6.739901394708377458e-01
-6.740168315397390142e-01
-6.740428888744983693e-01
-6.740683235312258104e-01
-6.740931522179617330e-01
-6.741173931455198831e-01
-6.741410633594625557e-01
-6.741641769116640814e-01
-6.741867440058832983e-01
-6.742087710526459832e-01
-6.742302614234829683e-01
-6.742512166169302157e-01
-6.742716375378891014e-01
-6.742915256359228726e-01
-6.743108837276453604e-01
-6.743297164221992990e-01
-6.743480301573108182e-01
-6.743658329219688330e-01
-6.743831337822695504e-01
-6.743999423378972402e-01
-6.744162682222244465e-01
-6.744321207269518004e-01
-6.744475085920538238e-01
-6.744624399625555045e-01
-6.744769224823751186e-01
-6.744909634762910056e-01
-6.745045701650647096e-01
-6.745177498642970226e-01
-6.745305101312827345e-01
-6.745428588416808591e-01
-6.745548041951084928e-01
-6.745663546625864093e-01
-6.745775188971731007e-01
-6.745883056316477333e-01
-6.745987235845070096e-01
-6.746087813893527629e-01
-6.746184875549737781e-01
-6.746278504558682609e-01
-6.746368783470769737e-01
-6.746455793937599088e-01
-6.746539617051644511e-01
-6.746620333640362954e-01
-6.746698024454225173e-01
-6.746772770222883020e-01
-6.746844651586064723e-01
-6.746913748930037924e-01
-6.746980142173145678e-01
-6.747043910545240664e-01
-6.747105132397760441e-01
-6.747163885067417599e-01
-6.747220244801014344e-01
-6.747274286735189808e-01
-6.747326084915478139e-01
-6.747375712334718889e-01
-6.747423240971612834e-01
-6.747468741814742765e-01
-6.747512284863886878e-01
-6.747553939107336918e-01
-6.747593772479539842e-01
-6.747631851806922265e-01
-6.747668242750995971e-01
-6.747703009756852444e-01
-6.747736216012660826e-01
-6.747767923422802738e-01
-6.747798192594169908e-01
-6.747827082832942303e-01
-6.747854652147871057e-01
-6.747880957255908418e-01
-6.747906053586717467e-01
-6.747929995283910021e-01
-6.747952835202241095e-01
-6.747974624901345031e-01
-6.747995414637477651e-01
-6.748015253355132970e-01
-6.748034188680349654e-01
-6.748052266917070607e-01
-6.748069533047285073e-01
-6.748086030735002128e-01
-6.748101802333555943e-01
-6.748116888895367982e-01
-6.748131330183232413e-01
-6.748145164682185504e-01
-6.748158429611368359e-01
-6.748171160935608759e-01
-6.748183393376602224e-01
-6.748195160424058647e-01
-6.748206494347084305e-01
-6.748217426206261083e-01
-6.748227985866684930e-01
-6.748238202012162290e-01
-6.748248102160625539e-01
-6.748257712680607590e-01
-6.748267058808585794e-01
-6.748276164666948684e-01
-6.748285053282327972e-01
-6.748293746604051568e-01
-6.748302265522666543e-01
-6.748310629888379930e-01
-6.748318858529470665e-01
-6.748326969270721509e-01
-6.748334978951886498e-01
-6.748342903446294949e-01
-6.748350757679574263e-01
-6.748358555648523716e-01
-6.748366310440080396e-01
-6.748374034250289588e-01
-6.748381738403205210e-01
-6.748389433369678114e-01
-6.748397128785883492e-01
-6.748404833471588482e-01
-6.748412555448065620e-01
-6.748420301955657674e-01
-6.748428079470994989e-01
-6.748435893723784273e-01
-6.748443749713269879e-01
-6.748451651724231004e-01
-6.748459603342646940e-01
-6.748467607470877150e-01
-6.748475666342377277e-01
-6.748483781535947745e-01
-6.748491953989420589e-01
-6.748500184012812264e-01
-6.748508471300861400e-01
-6.748516814945003661e-01
-6.748525213444679371e-01
-6.748533664718036063e-01
-6.748542166111979324e-01
-6.748550714411568618e-01
-6.748559305848753631e-01
-6.748567936110432264e-01
