-6.748576767366420981e-01
-6.748585415771601870e-01
-6.748594082841877784e-01
-6.748602762185543780e-01
-6.748611446890551147e-01
-6.748620129528397626e-01
-6.748628802157311535e-01
-6.748637456324714234e-01
-6.748646083068999824e-01
-6.748654672920623154e-01
-6.748663215902459545e-01
-6.748671701529497247e-01
-6.748680118807842687e-01
-6.748688456233024047e-01
-6.748696701787635366e-01
-6.748704842938320070e-01
-6.748712866632107232e-01
-6.748720759292100579e-01
-6.748728506812573524e-01
-6.748736094553449139e-01
-6.748743507334191705e-01
-6.748750729427142048e-01
-6.748757744550272220e-01
-6.748764535859413938e-01
-6.748771085939937464e-01
-6.748777376797923111e-01
-6.748783389850846470e-01
-6.748789105917781805e-01
-6.748794505209169126e-01
-6.748799567316148273e-01
-6.748804271199546623e-01
-6.748808595178534819e-01
-6.748812516918964999e-01
-6.748816013421475857e-01
-6.748819061009359022e-01
-6.748821635316190060e-01
-6.748823711273289616e-01
-6.748825263097002480e-01
-6.748826264275779030e-01
-6.748826687557114568e-01
-6.748826504934363202e-01
-6.748825687633489556e-01
-6.748824206099776069e-01
-6.748822029984582471e-01
-6.748819128132272915e-01
-6.748815468567316289e-01
-6.748811018481670754e-01
-6.748805744222508007e-01
-6.748799611280273947e-01
-6.748792584277105711e-01
-6.748784626955561805e-01
-6.748775702167687518e-01
-6.748765771864353447e-01
-6.748754797084918211e-01
-6.748742737947251991e-01
-6.748729553638235235e-01
-6.748715202404835800e-01
-6.748699641545939931e-01
-6.748682827405082518e-01
-6.748664715364164346e-01
-6.748645259838229604e-01
-6.748624414271268135e-01
-6.748602131132980242e-01
-6.748578361916383050e-01
-6.748553057136121858e-01
-6.748526166327513121e-01
-6.748497638046265790e-01
-6.748467419869154105e-01
-6.748435458395919406e-01
-6.748401699252776220e-01
-6.748366087097926735e-01
-6.748328565629341247e-01
-6.748289077594816776e-01
-6.748247564804058518e-01
-6.748203968142179043e-01
-6.748158227583747060e-01
-6.748110282206541966e-01
-6.748060070204207062e-01
-6.748007528897685958e-01
-6.747952594745855182e-01
-6.747895203356795157e-01
-6.747835289501896705e-01
-6.747772787135546402e-01
-6.747707629423133069e-01
-6.747639748779294955e-01
-6.747569076916928310e-01
-6.747495544905149911e-01
-6.747419083232035764e-01
-6.747339621865694470e-01
-6.747257090305793792e-01
-6.747171417617897626e-01
-6.747082532445086711e-01
-6.746990362995513024e-01
-6.746894837010622981e-01
-6.746795881725513588e-01
-6.746693423839250636e-01
-6.746587389516820465e-01
-6.746477704444596712e-01
-6.746364293955856573e-01
-6.746247083232164155e-01
-6.746125997570662225e-01
-6.746000962689031599e-01
-6.745871905022332582e-01
-6.745738751953602730e-01
-6.745601431917589430e-01
-6.745459874327637273e-01
-6.745314009301538460e-01
-6.745163767201407534e-01
-6.745009078050642204e-01
-6.744849870939454428e-01
-6.744686073568171292e-01
-6.744517612092663095e-01
-6.744344411418674579e-01
-6.744166396035411459e-01
-6.743983491384569762e-01
-6.743795625638937530e-01
-6.743602731634029679e-01
-6.743404748583441410e-01
-6.743201623144845502e-01
-6.742993309417462111e-01
-6.742779767563827908e-01
-6.742560960963113192e-01
-6.742336852102909228e-01
-6.742107397760171983e-01
-6.741872544346797502e-01
-6.741632224523240735e-01
-6.741386356235473665e-01
-6.741134845142329191e-01
-6.740877590941917186e-01
-6.740614497397963145e-01
-6.740345484991067115e-01
-6.740070504218625969e-01
-6.739789546831120859e-01
-6.739502651932133270e-01
-6.739209904075578184e-01
-6.738911421389714995e-01
-6.738607333352739648e-01
-6.738297749997852470e-01
-6.737982726733100503e-01
-6.737662231172270033e-01
-6.737336119847497917e-01
-6.737004132871649009e-01
-6.736665913115543747e-01
-6.736321053083701438e-01
-6.735969167588735651e-01
-6.735609984138064554e-01
-6.735243436673610251e-01
-6.734869743282438925e-01
-6.734489446187329476e-01
-6.734103394040271695e-01
-6.733712653104965140e-01
-6.733318345347931722e-01
-6.732921426732714210e-01
-6.732522435961471041e-01
-6.732121259357813914e-01
-6.731716967739700408e-01
-6.731307782212556656e-01
-6.730891214881429274e-01
-6.730464406321328141e-01
-6.730024645541561323e-01
-6.729570014384709253e-01
-6.729100053996992514e-01
-6.728616315630440159e-01
-6.728122641909176638e-01
-6.727625037049718149e-01
-6.727131031200607181e-01
-6.726648525206830875e-01
-6.726184210442653910e-01
-6.725741778571264762e-01
-6.725320245719806911e-01
-6.724912787735922715e-01
-6.724506491139139452e-01
-6.724083347222259421e-01
-6.723622645781833773e-01
-6.723104669109194464e-01
-6.722515276091078906e-01
-6.721850651292063938e-01
-6.721121241548222436e-01
-6.720353786203681068e-01
-6.719590432546453940e-01
-6.718884257150572470e-01
-6.718291088294661151e-01
-6.717858293196320441e-01
-6.717612047846492906e-01
-6.717545387294088233e-01
-6.717609849715325820e-01
-6.717713588870677377e-01
-6.717728288991289265e-01
-6.717506011836190671e-01
-6.716905299448537869e-01
-6.715823656801849229e-01
-6.714231301494985038e-01
-6.712199264111889940e-01
-6.709914074573295473e-01
-6.707671851389858109e-01
-6.705846929270521395e-01
-6.704834232825310769e-01
-6.704970061479327281e-01
-6.706442006244979215e-01
-6.709204225364686636e-01
-6.712917913834290928e-01
-6.716937202143673513e-01
-6.720356925756273414e-01
-6.722130326683332102e-01
-6.721252199856870835e-01
-6.716987642497025401e-01
-6.709110747431591415e-01
-6.698104522752872381e-01
-6.685266797356054225e-01
-6.672670571109602378e-01
-6.662943779023556834e-01
-6.658863043292725381e-01
-6.662795661189407914e-01
-6.676067266426795044e-01
-6.698370194958878088e-01
-6.727349987479228632e-01
-6.758507014768404542e-01
-6.785522863669238847e-01
-6.801066549051699717e-01
-6.798056182602923991e-01
-6.771251897406549425e-01
-6.718944106330139165e-01
-6.644395035689262263e-01
-6.556622093937921614e-01
-6.470121705741294083e-01
-6.403260861662412040e-01
-6.375320095529566355e-01
-6.402512356091617507e-01
-6.493631731152884612e-01
-6.646192359622389301e-01
-6.843930762668301027e-01
-7.056380913143376343e-01
-7.240990595891531045e-01
-7.348042422675886698e-01
-7.328480662218667119e-01
-7.144437763670085095e-01
-6.781475764846405241e-01
-6.260140887002859644e-01
-5.642808302674483523e-01
-5.031169042627334775e-01
-4.551422016475552002e-01
-4.328445708932885383e-01
-4.455134322606330577e-01
-4.965869542027213090e-01
-5.821938343374899461e-01
-6.911889140364522177e-01
-8.063524253773060035e-01
-9.060109913030769402e-01
-9.655536021499475652e-01
-9.592853773122110850e-01
-8.642059017580483449e-01
-6.672424438582825745e-01
-3.748471235988785621e-01
-1.942751769080247257e-02
3.445147473281569006e-01
6.555212385400003283e-01
8.627668429937379591e-01
9.356142053332630049e-01
8.642068513917435801e-01
6.582020694952719353e-01
3.480207329361609259e-01
-1.568670814436487829e-02
-3.714891399563278185e-01
-6.647261840031511992e-01
-8.627272679022133239e-01
-9.587989088291034578e-01
-9.658655544776613144e-01
-9.068694070411671415e-01
-8.075008288663734213e-01
-6.923906966760573489e-01
-5.832468982053743423e-01
-4.973399838733458811e-01
-4.458824749413939359e-01
-4.328219282287145142e-01
-4.547909318125902267e-01
-5.025501841057445906e-01
-5.636317687008751687e-01
-6.254051831609690471e-01
-6.776683625507164965e-01
-7.141410083160542044e-01
-7.327276204528229142e-01
-7.348406048636552113e-01
-7.242477046240713978e-01
-7.058473582943015634e-01
-6.846138293621141235e-01
-6.648117305469187777e-01
-6.495010634503478597e-01
-6.403228441410043770e-01
-6.375391457977674925e-01
-6.402809514364552479e-01
-6.469331376680782508e-01
-6.555693921255772993e-01
-6.643509509735779917e-01
-6.718234945139951453e-01
-6.770793991706853809e-01
-6.797866473229424722e-01
-6.801114514596122707e-01
-6.785746425751549848e-01
-6.758829869660435419e-01
-6.727697211661598509e-01
-6.698680057667590892e-01
-6.676298262765456570e-01
-6.662928724345517084e-01
-6.658899636291057966e-01
-6.662901061247954448e-01
-6.672575056484115752e-01
-6.685147875230901260e-01
-6.697988946882550421e-01
-6.709018796791207384e-01
-6.716931219013012599e-01
-6.721234740884728387e-01
-6.722148133227239253e-01
-6.720401363954481289e-01
-6.716997217221302163e-01
-6.712982374155004317e-01
-6.709263752446911200e-01
-6.706490108068975387e-01
-6.705003540320153554e-01
-6.704852962907446035e-01
-6.705853180871585995e-01
-6.707669372935404217e-01
-6.709907137062538496e-01
-6.712191833084073522e-01
-6.714226444033295493e-01
-6.715823228420351176e-01
-6.716909899640342019e-01
-6.717515155427331575e-01
-6.717740716882019125e-01
-6.717727636036090466e-01
-6.717623797358699411e-01
-6.717557744984653523e-01
-6.717621735007960337e-01
-6.717864712589562970e-01
-6.718294103436327491e-01
-6.718884098677397887e-01
-6.719587564624236453e-01
-6.720348763738174247e-01
-6.721114583656032648e-01
-6.721842748193785910e-01
-6.722506337315450331e-01
-6.723094712381321170e-01
-6.723611519437040496e-01
-6.724070775070654093e-01
-6.724492127466777935e-01
-6.724896271178316676e-01
-6.725301243406162088e-01
-6.725720015423578557e-01
-6.726159482072932017e-01
-6.726620695890612733e-01
-6.727100020534535485e-01
-6.727590799974505487e-01
-6.728085146851247034e-01
-6.728575524791733375e-01
-6.729055908594181457e-01
-6.729522426216992814e-01
-6.729973494925143296e-01
-6.730409545371430768e-01
-6.730832474461228010e-01
-6.731244980626346353e-01
-6.731649919374430580e-01
-6.732049781873112870e-01
-6.732446355170449426e-01
-6.732840578883770855e-01
-6.733232577012582265e-01
-6.733621819231905281e-01
-6.734007354922719735e-01
-6.734388064113827621e-01
-6.734762879531288604e-01
-6.735130949314608317e-01
-6.735491726872699925e-01
-6.735844989638024582e-01
-6.736190799955743547e-01
-6.736529427973354522e-01
-6.736861258180288914e-01
-6.737186699000667911e-01
-6.737506109865685211e-01
-6.737819753944307433e-01
-6.738127778528790746e-01
-6.738430219975433122e-01
-6.738727026694867339e-01
-6.739018092154228645e-01
-6.739303290022051751e-01
-6.739582505038445026e-01
-6.739855655389508371e-01
-6.740122704766625672e-01
-6.740383664447383572e-01
-6.740638587338722010e-01
-6.740887556831074434e-01
-6.741130673531168238e-01
-6.741368042591797671e-01
-6.741599763628423059e-01
-6.741825924315022478e-01
-6.742046597875773761e-01
-6.742261843978140101e-01
-6.742471712069670886e-01
-6.742676246006968910e-01
-6.742875488872067669e-01
-6.743069487095580961e-01
-6.743258293328588948e-01
-6.743441967848622376e-01
-6.743620578585842740e-01
-6.743794200071968614e-01
-6.743962911728894616e-01
-6.744126795930319718e-01
-6.744285936207655707e-01
-6.744440415859924709e-01
-6.744590317096899046e-01
-6.744735720722381256e-01
-6.744876706269482547e-01
-6.745013352442303933e-01
-6.745145737699647093e-01
-6.745273940830867065e-01
-6.745398041410991530e-01
-6.745518120070608248e-01
-6.745634258564039420e-01
-6.745746539659039920e-01
-6.745855046897475393e-01
-6.745959864287578434e-01
-6.746061075986288236e-01
-6.746158766018014452e-01
-6.746253018058810946e-01
-6.746343915296518778e-01
-6.746431540361550461e-01
-6.746515975312021851e-01
-6.746597301651413581e-01
-6.746675600356879521e-01
-6.746750951900207793e-01
-6.746823436249628214e-01
-6.746893132847532337e-01
-6.746960120565265173e-01
-6.747024477640387596e-01
-6.747086281604147695e-01
-6.747145609207096939e-01
-6.747202536349450330e-01
-6.747257138020542611e-01
-6.747309488249236820e-01
-6.747359660064964348e-01
-6.747407725467480244e-01
-6.747453755402571529e-01
-6.747497819741027358e-01
-6.747539987258509564e-01
-6.747580325614993546e-01
-6.747618901333145569e-01
-6.747655779775896256e-01
-6.747691025123924158e-01
-6.747724700353957550e-01
-6.747756867218756005e-01
-6.747787586229444523e-01
-6.747816916640495544e-01
-6.747844916437332197e-01
-6.747871642326378483e-01
-6.747897149727118959e-01
-6.747921492765797113e-01
-6.747944724270463768e-01
-6.747966895767137929e-01
-6.747988057477040114e-01
-6.748008258314953656e-01
-6.748027545888791723e-01
-6.748045966500536563e-01
-6.748063565148579857e-01
-6.748080385531540770e-01
-6.748096470053450702e-01
-6.748111859830288051e-01
-6.748126594697640979e-01
-6.748140713219393794e-01
-6.748154252697298183e-01
-6.748167249181273863e-01
-6.748179737480478613e-01
-6.748191751175013353e-01
-6.748203322628341105e-01
-6.748214483000425368e-01
-6.748225262261576818e-01
-6.748235689207016108e-01
-6.748245791472137212e-01
-6.748255595548399155e-01
-6.748265126799767311e-01
-6.748274409479693148e-01
-6.748283466748422610e-01
-6.748292320690658652e-01
-6.748300992333454706e-01
-6.748309501664296883e-01
-6.748317867649338275e-01
-6.748326108251777589e-01
-6.748334240450326593e-01
-6.748342280257769721e-01
-6.748350242739553639e-01
-6.748358142032463425e-01
-6.748365991363255434e-01
-6.748373803067239107e-01
-6.748381588606783277e-01
-6.748389358589684806e-01
-6.748397122787324065e-01
-6.748404890152593927e-01
-6.748412668837576733e-01
-6.748420466210888202e-01
-6.748428288874693814e-01
-6.748436142681389915e-01
-6.748444032749876254e-01
-6.748451963481434390e-01
-6.748459938575188666e-01
-6.748467961043123076e-01
-6.748476033224606319e-01
-6.748484156800435008e-01
-6.748492332806332872e-01
-6.748500561645941476e-01
-6.748508843103216970e-01
-6.748517176354239533e-01
-6.748525559978435506e-01
-6.748533991969188905e-01
-6.748542469743784578e-01
-6.748550990152728524e-01
-6.748559549488422071e-01
-6.748568143493148819e-01
