-6.748576505791293867e-01
-6.748585220942974194e-01
-6.748593960775117750e-01
-6.748602718844014525e-01
-6.748611488193578811e-01
-6.748620261359215000e-01
-6.748629030371017246e-01
-6.748637786756214174e-01
-6.748646521540924148e-01
-6.748655225251186662e-01
-6.748663887913287640e-01
-6.748672499053400831e-01
-6.748681047696479807e-01
-6.748689522364504922e-01
-6.748697911074028610e-01
-6.748706201333016796e-01
-6.748714380137069702e-01
-6.748722433964950973e-01
-6.748730348773508414e-01
-6.748738109991964107e-01
-6.748745702515609457e-01
-6.748753110698906266e-01
-6.748760318348038245e-01
-6.748767308712914081e-01
-6.748774064478647583e-01
-6.748780567756477167e-01
-6.748786800074226822e-01
-6.748792742366241937e-01
-6.748798374962877711e-01
-6.748803677579555682e-01
-6.748808629305400597e-01
-6.748813208591525337e-01
-6.748817393238972784e-01
-6.748821160386433426e-01
-6.748824486497675412e-01
-6.748827347348826944e-01
-6.748829718015454393e-01
-6.748831572859496086e-01
-6.748832885516062863e-01
-6.748833628880060997e-01
-6.748833775092705212e-01
-6.748833295527864040e-01
-6.748832160778367451e-01
-6.748830340642217873e-01
-6.748827804108906703e-01
-6.748824519345825168e-01
-6.748820453684967191e-01
-6.748815573609940888e-01
-6.748809844743453024e-01
-6.748803231835244221e-01
-6.748795698750510441e-01
-6.748787208458779663e-01
-6.748777723023173802e-01
-6.748767203589981500e-01
-6.748755610378517344e-01
-6.748742902671175381e-01
-6.748729038803833458e-01
-6.748713976156641703e-01
-6.748697671145447163e-01
-6.748680079214030014e-01
-6.748661154827468867e-01
-6.748640851466777280e-01
-6.748619121624983563e-01
-6.748595916804673855e-01
-6.748571187516878567e-01
-6.748544883281163420e-01
-6.748516952626664178e-01
-6.748487343093887425e-01
-6.748456001237084223e-01
-6.748422872627246605e-01
-6.748387901855857907e-01
-6.748351032539650074e-01
-6.748312207326763179e-01
-6.748271367904641327e-01
-6.748228455009870341e-01
-6.748183408440033837e-01
-6.748136167067388946e-01
-6.748086668854059722e-01
-6.748034850868342982e-01
-6.747980649301955625e-01
-6.747923999488217861e-01
-6.747864835921831839e-01
-6.747803092281148274e-01
-6.747738701454379928e-01
-6.747671595571048675e-01
-6.747601706039534353e-01
-6.747528963590605500e-01
-6.747453298325437610e-01
-6.747374639764930349e-01
-6.747292916895895054e-01
-6.747208058209041015e-01
-6.747119991724280785e-01
-6.747028645001070801e-01
-6.746933945135115129e-01
-6.746835818747572988e-01
-6.746734191977963313e-01
-6.746628990495923128e-01
-6.746520139548641826e-01
-6.746407564058540807e-01
-6.746291188779099945e-01
-6.746170938505532400e-01
-6.746046738322579728e-01
-6.745918513856518084e-01
-6.745786191486227157e-01
-6.745649698462578003e-01
-6.745508962890284232e-01
-6.745363913544183410e-01
-6.745214479522493312e-01
-6.745060589779821036e-01
-6.744902172626267012e-01
-6.744739155316401558e-01
-6.744571463872295336e-01
-6.744399023278027094e-01
-6.744221758141565326e-01
-6.744039593842781066e-01
-6.743852458079718781e-01
-6.743660282604885259e-01
-6.743463004832791485e-01
-6.743260568927706977e-01
-6.743052925975550060e-01
-6.742840032928039129e-01
-6.742621850188958987e-01
-6.742398337981003742e-01
-6.742169451952202408e-01
-6.741935138796992799e-01
-6.741695332905585092e-01
-6.741449955138343331e-01
-6.741198914683620425e-01
-6.740942114560881659e-01
-6.740679460686634927e-01
-6.740410873597671992e-01
-6.740136301054157064e-01
-6.739855729004080587e-01
-6.739569187985335885e-01
-6.739276752163666506e-01
-6.738978528986127037e-01
-6.738674638895696400e-01
-6.738365186585072442e-01
-6.738050227586861451e-01
-6.737729736177735518e-01
-6.737403582093045573e-01
-6.737071523872768530e-01
-6.736733225360395094e-01
-6.736388298752858939e-01
-6.736036372791437410e-01
-6.735677178741575899e-01
-6.735310640696589024e-01
-6.734936951743276667e-01
-6.734556615072956332e-01
-6.734170430504631266e-01
-6.733779412951704790e-01
-6.733384640183341929e-01
-6.732987041865372557e-01
-6.732587158262364202e-01
-6.732184912096925711e-01
-6.731779447222273616e-01
-6.731369089283065765e-01
-6.730951473511530558e-01
-6.730523861968823462e-01
-6.730083638038114602e-01
-6.729628923819778175e-01
-6.729159223138303503e-01
-6.728675958226761900e-01
-6.728182751794767880e-01
-6.727685317107123808e-01
-6.727190862666706517e-01
-6.726706995426309232e-01
-6.726240210335695524e-01
-6.725794169867738148e-01
-6.725368083437127664e-01
-6.724955567472995499e-01
-6.724544376460319661e-01
-6.724117323215961228e-01
-6.723654544305116554e-01
-6.723137022039454846e-01
-6.722550976305090575e-01
-6.721892435976102309e-01
-6.721171054899406361e-01
-6.720412121847608722e-01
-6.719655791007319579e-01
-6.718952870349912398e-01
-6.718357052024842568e-01
-6.717914203632154857e-01
-6.717650158691048645e-01
-6.717559196681436307e-01
-6.717595905220208330e-01
-6.717673187027222159e-01
-6.717668669610228349e-01
-6.717440634699574087e-01
-6.716852864028098891e-01
-6.715805695263112884e-01
-6.714268434592801649e-01
-6.712306530052474240e-01
-6.710096071280639007e-01
-6.707918702953820089e-01
-6.706132218757514529e-01
-6.705115963428242010e-01
-6.705195368639994546e-01
-6.706555741332633769e-01
-6.709160720894363772e-01
-6.712694336814366558e-01
-6.716546074380296272e-01
-6.719854837247050128e-01
-6.721619789418703528e-01
-6.720874144778560266e-01
-6.716903332820853834e-01
-6.709473825938011560e-01
-6.699026327186374807e-01
-6.686780581052211847e-01
-6.674702300110674225e-01
-6.665298094165583720e-01
-6.661232184793850486e-01
-6.664796317736108033e-01
-6.677305529145141083e-01
-6.698528678373263379e-01
-6.726284760251732830e-01
-6.756336501871830214e-01
-6.782687531500192213e-01
-6.798337975629537011e-01
-6.796477906705042926e-01
-6.772003018400674090e-01
-6.723130489416349054e-01
-6.652791683179604121e-01
-6.569411128279600831e-01
-6.486687865812273968e-01
-6.422112634051923008e-01
-6.394192611005361515e-01
-6.418676172139965441e-01
-6.504385911137791076e-01
-6.649474036296341151e-01
-6.838940689735156786e-01
-7.044112321213122918e-01
-7.224552062178011269e-01
-7.332671132968514582e-01
-7.321142392653688935e-01
-7.152919821469287953e-01
-6.812945071547283904e-01
-6.319311275393915128e-01
-5.730128963412269849e-01
-5.141683938728937031e-01
-4.674952653752380005e-01
-4.451391420467716298e-01
-4.563573445202574463e-01
-5.049085421701421383e-01
-5.875274324301631435e-01
-6.938067746742879738e-01
-8.072155029728533826e-01
-9.065762047480001584e-01
-9.675043317556486500e-01
-9.642227117723451979e-01
-8.732882408331337221e-01
-6.807820476525016096e-01
-3.920179227571811142e-01
-3.838672524626778049e-02
3.259190744779003057e-01
6.387519530445689986e-01
8.479457340325666781e-01
9.216213687397839527e-01
8.494251535948998955e-01
6.414986528153510115e-01
3.294960077959520617e-01
-3.459100292690306389e-02
-3.886330968411627063e-01
-6.782670820221249341e-01
-8.718307974704152530e-01
-9.637666553421061488e-01
-9.678466843027625499e-01
-9.074584948413054741e-01
-8.083775534568372612e-01
-6.950110486372841345e-01
-5.885735589509376586e-01
-5.056490305843899247e-01
-4.567130454130795547e-01
-4.451067468244829239e-01
-4.671406289215454533e-01
-5.136053369506854427e-01
-5.723732242915450241e-01
-6.313348758332447686e-01
-6.808285528121796881e-01
-7.150009568853993303e-01
-7.320027534984714368e-01
-7.333092135319003724e-01
-7.226065477414573834e-01
-7.046207244941007364e-01
-6.841133437036371889e-01
-6.651375339025549227e-01
-6.505739828816318182e-01
-6.419371866588197140e-01
-6.394251939233360771e-01
-6.421659024111175951e-01
-6.485904385141868511e-01
-6.568496786422014511e-01
-6.651924123575962966e-01
-6.722440556944208057e-01
-6.771563202966517370e-01
-6.796303481495885590e-01
-6.798397538142026963e-01
-6.782918820898017342e-01
-6.756663568486616089e-01
-6.726633384897005019e-01
-6.698838005637397508e-01
-6.677534946089153101e-01
-6.664927546928476332e-01
-6.661267297693421741e-01
-6.665254640935683872e-01
-6.674606968518909111e-01
-6.686662746895847276e-01
-6.698912590647005949e-01
-6.709384226706035514e-01
-6.716849500171108156e-01
-6.720859254417167472e-01
-6.721639924854820869e-01
-6.719901212106169641e-01
-6.716607555199701762e-01
-6.712759785257669254e-01
-6.709220813262262162e-01
-6.706604085245718716e-01
-6.705228891012875447e-01
-6.705134667961833994e-01
-6.706138492216167091e-01
-6.707916383803195215e-01
-6.710089486238972611e-01
-6.712299664076620820e-01
-6.714264341264468694e-01
-6.715806191215939469e-01
-6.716858494559655446e-01
-6.717450855925010123e-01
-6.717682169067298315e-01
-6.717688259275502727e-01
-6.717610808498335473e-01
-6.717572436192692509e-01
-6.717660666166479499e-01
-6.717921406535724005e-01
-6.718360845337778553e-01
-6.718953517023350530e-01
-6.719653783163197502e-01
-6.720408034222256077e-01
-6.721165416393533043e-01
-6.721885636524269625e-01
-6.722543216687911771e-01
-6.723128305514923797e-01
-6.723644702285966890e-01
-6.724106063302722758e-01
-6.724531340002912749e-01
-6.724940385057290859e-01
-6.725350419562795556e-01
-6.725773751770328657e-01
-6.726216839626234512e-01
-6.726680544356292701e-01
-6.727161258985093761e-01
-6.727652522513138944e-01
-6.728146738975290253e-01
-6.728636690628375661e-01
-6.729116640276275874e-01
-6.729582933401948575e-01
-6.730034114770939713e-01
-6.730470651825831707e-01
-6.730894401593068288e-01
-6.731307969196076435e-01
-6.731714090097876690e-01
-6.732115133827584197e-01
-6.732512784143810380e-01
-6.732907908440899369e-01
-6.733300594604824107e-01
-6.733690310526201372e-01
-6.734076131262005660e-01
-6.734456980179975849e-01
-6.734831840441829476e-01
-6.735199908211713105e-01
-6.735560675345911852e-01
-6.735913943976306051e-01
-6.736259786277731809e-01
-6.736598468850637511e-01
-6.736930362611682765e-01
-6.737255856696195977e-01
-6.737575289924494504e-01
-6.737888907291765817e-01
-6.738196842996909686e-01
-6.738499126697682362e-01
-6.738795706525109175e-01
-6.739086481057195988e-01
-6.739371332745698329e-01
-6.739650156786310964e-01
-6.739922881590650894e-01
-6.740189479335909617e-01
-6.740449967106941775e-01
-6.740704400623940273e-01
-6.740952863344799040e-01
-6.741195453867052656e-01
-6.741432274159726568e-01
-6.741663420420850317e-01
-6.741888977486203416e-01
-6.742109016889578088e-01
-6.742323598025614650e-01
-6.742532771463465302e-01
-6.742736583314881127e-01
-6.742935079638688878e-01
-6.743128310098890354e-01
-6.743316330408770654e-01
-6.743499203414611287e-01
-6.743676998943302081e-01
-6.743849792722608205e-01
-6.744017664769760279e-01
-6.744180697641234401e-01
-6.744338974865758951e-01
-6.744492579772581875e-01
-6.744641594806245477e-01
-6.744786101311887050e-01
-6.744926179696365542e-01
-6.745061909828108382e-01
-6.745193371530673332e-01
-6.745320645044854402e-01
-6.745443811371346632e-01
-6.745562952449722927e-01
-6.745678151170116932e-01
-6.745789491245109959e-01
-6.745897056987624207e-01
-6.746000933045980252e-01
-6.746101204142014307e-01
-6.746197954845795097e-01
-6.746291269405382263e-01
-6.746381231635323328e-01
-6.746467924856340836e-01
-6.746551431871453675e-01
-6.746631834961701601e-01
-6.746709215885935418e-01
-6.746783655873211938e-01
-6.746855235601431078e-01
-6.746924035160707378e-01
-6.746990134003719719e-01
-6.747053610887598918e-01
-6.747114543812520182e-01
-6.747173009961633383e-01
-6.747229085645629620e-01
-6.747282846253545019e-01
-6.747334366210097079e-01
-6.747383718938599895e-01
-6.747430976828204807e-01
-6.747476211203993213e-01
-6.747519492298922339e-01
-6.747560889226980052e-01
-6.747600469957423241e-01
-6.747638301290436180e-01
-6.747674448834440897e-01
-6.747708976985578033e-01
-6.747741948909409260e-01
-6.747773426524990015e-01
-6.747803470491016142e-01
-6.747832140193753547e-01
-6.747859493736428904e-01
-6.747885587929787210e-01
-6.747910478283638547e-01
-6.747934218999425138e-01
-6.747956862963906399e-01
-6.747978461744185141e-01
-6.747999065584321388e-01
-6.748018723403672592e-01
-6.748037482797107911e-01
-6.748055390037061008e-01
-6.748072490077264840e-01
-6.748088826558041875e-01
-6.748104441812827758e-01
-6.748119376875767461e-01
-6.748133671490119667e-01
-6.748147364117383917e-01
-6.748160491947092776e-01
-6.748173090907263472e-01
-6.748185195675568959e-01
-6.748196839691275040e-01
-6.748208055168017916e-01
-6.748218873107459936e-01
-6.748229323313780226e-01
-6.748239434409011306e-01
-6.748249233849055173e-01
-6.748258747940363289e-01
-6.748268001857067322e-01
-6.748277019658548426e-01
-6.748285824307290737e-01
-6.748294437686997993e-01
-6.748302880620894451e-01
-6.748311172890217868e-01
-6.748319333252860153e-01
-6.748327379462143449e-01
-6.748335328285773871e-01
-6.748343195524855176e-01
-6.748350996033029014e-01
-6.748358743735614063e-01
-6.748366451648746267e-01
-6.748374131898433603e-01
-6.748381795739513134e-01
-6.748389453574398233e-01
-6.748397114971643740e-01
-6.748404788684213562e-01
-6.748412482667509593e-01
-6.748420204097038688e-01
-6.748427959385774333e-01
-6.748435754201135284e-01
-6.748443593481585623e-01
-6.748451481452839573e-01
-6.748459421643612233e-01
-6.748467416900905125e-01
-6.748475469404818794e-01
-6.748483580682845817e-01
-6.748491751623623136e-01
-6.748499982490118176e-01
-6.748508272932230989e-01
-6.748516621998797982e-01
-6.748525028148973925e-01
-6.748533489262976692e-01
-6.748542002652206939e-01
-6.748550565068700546e-01
-6.748559172713908261e-01
-6.748567821246800325e-01
