-6.748569865945598378e-01
-6.748577487273514919e-01
-6.748585014252825864e-01
-6.748592441309954060e-01
-6.748599762241025424e-01
-6.748606970215379475e-01
-6.748614057778661302e-01
-6.748621016855393950e-01
-6.748627838751087848e-01
-6.748634514153899477e-01
-6.748641033135773792e-01
-6.748647385153193623e-01
-6.748653559047405048e-01
-6.748659543044218667e-01
-6.748665324753340133e-01
-6.748670891167303232e-01
-6.748676228659908904e-01
-6.748681322984286801e-01
-6.748686159270533835e-01
-6.748690722022945288e-01
-6.748694995116883977e-01
-6.748698961795279727e-01
-6.748702604664765792e-01
-6.748705905691511076e-01
-6.748708846196723732e-01
-6.748711406851873873e-01
-6.748713567673624292e-01
-6.748715308018506942e-01
-6.748716606577352950e-01
-6.748717441369492809e-01
-6.748717789736731199e-01
-6.748717628337160823e-01
-6.748716933138814156e-01
-6.748715679413151980e-01
-6.748713841728503082e-01
-6.748711393943410686e-01
-6.748708309200025512e-01
-6.748704559917499957e-01
-6.748700117785485508e-01
-6.748694953757727877e-01
-6.748689038045795341e-01
-6.748682340112968081e-01
-6.748674828668234094e-01
-6.748666471660378363e-01
-6.748657236272235238e-01
-6.748647088914996317e-01
-6.748635995222657114e-01
-6.748623920046642466e-01
-6.748610827450683969e-01
-6.748596680706109296e-01
-6.748581442287662213e-01
-6.748565073870071984e-01
-6.748547536325459895e-01
-6.748528789721783827e-01
-6.748508793322240962e-01
-6.748487505585666346e-01
-6.748464884167659772e-01
-6.748440885922242227e-01
-6.748415466903679993e-01
-6.748388582368142208e-01
-6.748360186775000935e-01
-6.748330233787723786e-01
-6.748298676274481211e-01
-6.748265466309069094e-01
-6.748230555172844980e-01
-6.748193893358658269e-01
-6.748155430577877922e-01
-6.748115115771396999e-01
-6.748072897125071412e-01
-6.748028722089638443e-01
-6.747982537404173531e-01
-6.747934289121445550e-01
-6.747883922632856857e-01
-6.747831382690222535e-01
-6.747776613421757608e-01
-6.747719558340408152e-01
-6.747660160344023383e-01
-6.747598361708820880e-01
-6.747534104079709882e-01
-6.747467328463281344e-01
-6.747397975230627898e-01
-6.747325984137585442e-01
-6.747251294368747931e-01
-6.747173844608644888e-01
-6.747093573138869260e-01
-6.747010417954063533e-01
-6.746924316883772255e-01
-6.746835207702013282e-01
-6.746743028204063020e-01
-6.746647716230932401e-01
-6.746549209628037724e-01
-6.746447446135039883e-01
-6.746342363218515992e-01
-6.746233897875530960e-01
-6.746121986451594221e-01
-6.746006564526955129e-01
-6.745887566927141199e-01
-6.745764927903781238e-01
-6.745638581508788256e-01
-6.745508462149681916e-01
-6.745374505270769205e-01
-6.745236648060169982e-01
-6.745094830046661771e-01
-6.744948993432944295e-01
-6.744799083022851027e-01
-6.744645045645841774e-01
-6.744486829063082167e-01
-6.744324380448830647e-01
-6.744157644663144602e-01
-6.743986562644551652e-01
-6.743811070325984591e-01
-6.743631098486302378e-01
-6.743446573871074712e-01
-6.743257421739613511e-01
-6.743063569730117779e-01
-6.742864952611680174e-01
-6.742661517164355578e-01
-6.742453226167083313e-01
-6.742240060355564335e-01
-6.742022017308695325e-01
-6.741799106576893408e-01
-6.741571340980452298e-01
-6.741338724825155504e-01
-6.741101240688955887e-01
-6.740858837254612990e-01
-6.740611421192477248e-01
-6.740358856128747522e-01
-6.740100971108015093e-01
-6.739837579610257201e-01
-6.739568508186657425e-01
-6.739293631375654625e-01
-6.739012907153750787e-01
-6.738726405292763122e-01
-6.738434320210889839e-01
-6.738136960728964286e-01
-6.737834711887437100e-01
-6.737527968629798414e-01
-6.737217047276734538e-01
-6.736902087407035111e-01
-6.736582962731126889e-01
-6.736259223257007323e-01
-6.735930090998506481e-01
-6.735594526519296243e-01
-6.735251373329009805e-01
-6.734899572178859595e-01
-6.734538419496252093e-01
-6.734167826596060280e-01
-6.733788522842308888e-01
-6.733402140835271776e-01
-6.733011128647058419e-01
-6.732618455284162806e-01
-6.732227110615295329e-01
-6.731839446514323866e-01
-6.731456455122952764e-01
-6.731077123245214899e-01
-6.730698027621475621e-01
-6.730313333228536976e-01
-6.729915317726672397e-01
-6.729495467170568679e-01
-6.729046076349234351e-01
-6.728562155861679273e-01
-6.728043320150827178e-01
-6.727495235339737700e-01
-6.726930173737848406e-01
-6.726366279709926621e-01
-6.725825313941767858e-01
-6.725328906199615764e-01
-6.724893683339551176e-01
-6.724525997986828818e-01
-6.724217291844191147e-01
-6.723941302988752922e-01
-6.723654289824640973e-01
-6.723299139200462626e-01
-6.722813637907307793e-01
-6.722142358165534848e-01
-6.721250647199532580e-01
-6.720138288982929753e-01
-6.718849736916311377e-01
-6.717477624144260195e-01
-6.716156731971075766e-01
-6.715046835690366978e-01
-6.714304811071885037e-01
-6.714048860318101442e-01
-6.714320311894800275e-01
-6.715050629022886186e-01
-6.716042424838655212e-01
-6.716972872166392383e-01
-6.717425534336626258e-01
-6.716952259558038874e-01
-6.715160713109065149e-01
-6.711816167292967705e-01
-6.706939565174856455e-01
-6.700879178529484115e-01
-6.694332042181083686e-01
-6.688295158958140751e-01
-6.683935938894837170e-01
-6.682386062255902814e-01
-6.684481158619682839e-01
-6.690487247336939225e-01
-6.699869737004648940e-01
-6.711167714588549549e-01
-6.722031775398719100e-01
-6.729465754293902924e-01
-6.730281395278508993e-01
-6.721732459987345143e-01
-6.702245770165705663e-01
-6.672118946084368840e-01
-6.634019225154942356e-01
-6.593108417283323197e-01
-6.556649095105575586e-01
-6.533023920423867148e-01
-6.530218631266846430e-01
-6.553958881025316874e-01
-6.605818492276797071e-01
-6.681696659979856623e-01
-6.771071214091786139e-01
-6.857371884222416281e-01
-6.919695666126078892e-01
-6.935919022965908454e-01
-6.887041664838926547e-01
-6.762296127605385010e-01
-6.564164232651216180e-01
-6.312026842043714225e-01
-6.042938922904240728e-01
-5.808249407769959793e-01
-5.665653163733100905e-01
-5.667627136424941980e-01
-5.848546269697855182e-01
-6.213439866735296357e-01
-6.730943377829152752e-01
-7.331703449444942899e-01
-7.912089272408060481e-01
-8.342636542071089067e-01
-8.481884315200384217e-01
-8.198429386334030733e-01
-7.404340237454799523e-01
-6.097817132782178406e-01
-4.401430713681671048e-01
-2.571610881077528443e-01
-9.587374831664542685e-02
7.937517699538664678e-03
2.802496018510134898e-02
-4.434041544648827105e-02
-1.974141779233737348e-01
-4.019798502744786339e-01
-6.192095381714551872e-01
-8.100614744083881602e-01
-9.418974974745186746e-01
-9.902645708053875451e-01
-9.380628027143372849e-01
-7.766829908146659633e-01
-5.114875789813109197e-01
-1.683057943113482890e-01
2.066340309116487806e-01
5.577482374989780611e-01
8.366877123165177288e-01
1.012977735769500454e+00
1.073255031418148375e+00
1.014314092369715814e+00
8.392835559369852261e-01
5.613724359288969623e-01
2.108380666697976524e-01
-1.641356852592546767e-01
-5.079594977771947351e-01
-7.742243467945898461e-01
-9.368559897960688776e-01
-9.902952616284520504e-01
-9.430304419749651057e-01
-8.120725090312959082e-01
-6.217724640081347953e-01
-4.046599213429040720e-01
-1.997177665200971786e-01
-4.582222415178231062e-02
2.764327338157639147e-02
8.690754647450215156e-03
-9.419997481470546163e-02
-2.549628446166533058e-01
-4.378793498094694647e-01
-6.078479802103020635e-01
-7.390771944943861360e-01
-8.191417721800151597e-01
-8.480862465652981852e-01
-8.346216044397559708e-01
-7.918544327110917935e-01
-7.339313749222694527e-01
-6.738213956745831013e-01
-6.219242422825641547e-01
-5.852203738958454693e-01
-5.668937758624938983e-01
-5.664844652198162134e-01
-5.805867169328507993e-01
-6.039691896278917005e-01
-6.308627433694735664e-01
-6.561198163786013948e-01
-6.760144951011732850e-01
-6.885862455034871266e-01
-6.935670560628116599e-01
-6.920193007707197141e-01
-6.858351249394294413e-01
-6.772251391994462688e-01
-6.682828319041825837e-01
-6.606717111483892957e-01
-6.554520227247433439e-01
-6.530418147579559740e-01
-6.532903326423221690e-01
-6.556294861254006179e-01
-6.592627317702689504e-01
-6.633515754969442346e-01
-6.671678135493206430e-01
-6.701923209426078332e-01
-6.721551630948500167e-01
-6.730237065307764777e-01
-6.729531418005284538e-01
-6.722168927094119839e-01
-6.711334972233348184e-01
-6.700030344551130002e-01
-6.690614096675552291e-01
-6.684559072649424172e-01
-6.682411582360685554e-01
-6.683915212440376674e-01
-6.688240703469116033e-01
-6.694259178336242622e-01
-6.700802804235178600e-01
-6.706871735372147425e-01
-6.711764703104706742e-01
-6.715128838879909079e-01
-6.716939093071196965e-01
-6.717427152121631106e-01
-6.716983639581902699e-01
-6.716056308008092612e-01
-6.715062273898876333e-01
-6.714325763766949562e-01
-6.714045885833970218e-01
-6.714292859592752016e-01
-6.715026728472354156e-01
-6.716130192943887689e-01
-6.717446766687080739e-01
-6.718816602420625284e-01
-6.720104502572079586e-01
-6.721217221507131967e-01
-6.722109644265159556e-01
-6.722781398074012538e-01
-6.723266701579074800e-01
-6.723620740484514968e-01
-6.723905674736013749e-01
-6.724178718949667122e-01
-6.724483818692845727e-01
-6.724847484851206314e-01
-6.725278517676944734e-01
-6.725770760449381047e-01
-6.726307713673702615e-01
-6.726867800475017090e-01
-6.727429246474352365e-01
-6.727973844286692096e-01
-6.728489230881353755e-01
-6.728969643104095733e-01
-6.729415380801717639e-01
-6.729831370755205988e-01
-6.730225283906178246e-01
-6.730605627619026254e-01
-6.730980140200893969e-01
-6.731354687441178930e-01
-6.731732729690650396e-01
-6.732115315946529677e-01
-6.732501482907352619e-01
-6.732888897367702574e-01
-6.733274577194088284e-01
-6.733655551451386279e-01
-6.734029363109683697e-01
-6.734394366835879664e-01
-6.734749819947893901e-01
-6.735095799832144792e-01
-6.735433002494104482e-01
-6.735762484077613133e-01
-6.736085402274371026e-01
-6.736402801208977165e-01
-6.736715465844990147e-01
-6.737023854150425706e-01
-6.737328100244555085e-01
-6.737628071393918505e-01
-6.737923456681725876e-01
-6.738213865044513362e-01
-6.738498914022024167e-01
-6.738778296499208231e-01
-6.739051819400053711e-01
-6.739319414422210164e-01
-6.739581125577837062e-01
-6.739837081084297798e-01
-6.740087458006170928e-01
-6.740332447294635765e-01
-6.740572225006670193e-01
-6.740806933088743236e-01
-6.741036670705862210e-01
-6.741261495092797373e-01
-6.741481429542930393e-01
-6.741696475509494357e-01
-6.741906625812256193e-01
-6.742111876462357767e-01
-6.742312235433720602e-01
-6.742507727614699409e-01
-6.742698395995011529e-01
-6.742884299762526013e-01
-6.743065510344879998e-01
-6.743242106533141600e-01
-6.743414169711424710e-01
-6.743581779958185418e-01
-6.743745013458261051e-01
-6.743903941341331532e-01
-6.744058629795596227e-01
-6.744209141126631391e-01
-6.744355535350107234e-01
-6.744497871914058029e-01
-6.744636211219601218e-01
-6.744770615720867557e-01
-6.744901150507063292e-01
-6.745027883379735023e-01
-6.745150884520082490e-01
-6.745270225888042592e-01
-6.745385980506725110e-01
-6.745498221769242742e-01
-6.745607022869128944e-01
-6.745712456411260272e-01
-6.745814594216593685e-01
-6.745913507298638701e-01
-6.746009265966028678e-01
-6.746101939995357011e-01
-6.746191598819982760e-01
-6.746278311690762086e-01
-6.746362147780062823e-01
-6.746443176216899706e-01
-6.746521466055700467e-01
-6.746597086192074322e-01
-6.746670105245010651e-01
-6.746740591426209077e-01
-6.746808612414871842e-01
-6.746874235251255625e-01
-6.746937526256323592e-01
-6.746998550978925424e-01
-6.747057374167234611e-01
-6.747114059758148041e-01
-6.747168670877025098e-01
-6.747221269840461000e-01
-6.747271918156299009e-01
-6.747320676517095661e-01
-6.747367604785565742e-01
-6.747412761972465534e-01
-6.747456206208736207e-01
-6.747497994714614089e-01
-6.747538183768437836e-01
-6.747576828677578353e-01
-6.747613983753180111e-01
-6.747649702289635343e-01
-6.747684036548907693e-01
-6.747717037749150215e-01
-6.747748756056730635e-01
-6.747779240580650262e-01
-6.747808539368271852e-01
-6.747836699401636995e-01
-6.747863766593820145e-01
-6.747889785785167183e-01
-6.747914800739401864e-01
-6.747938854139879927e-01
-6.747961987586326149e-01
-6.747984241592328569e-01
-6.748005655583966256e-01
-6.748026267899669417e-01
-6.748046115791423993e-01
-6.748065235427299635e-01
-6.748083661895163399e-01
-6.748101429207441493e-01
-6.748118570306734787e-01
-6.748135117072157074e-01
-6.748151100326216234e-01
-6.748166549842171680e-01
-6.748181494351820353e-01
-6.748195961553645761e-01
-6.748209978121373354e-01
-6.748223569712946679e-01
-6.748236760979858806e-01
-6.748249575576948933e-01
-6.748262036172599787e-01
-6.748274164459296953e-01
-6.748285981164521274e-01
-6.748297506061990969e-01
-6.748308757983093598e-01
-6.748319754828542294e-01
-6.748330513580184098e-01
-6.748341050312884892e-01
-6.748351380206482064e-01
-6.748361517557792677e-01
-6.748371475792594998e-01
-6.748381267477581158e-01
-6.748390904332267626e-01
-6.748400397240835735e-01
-6.748409756263880066e-01
-6.748418990650014715e-01
-6.748428108847369655e-01
-6.748437118514888367e-01
-6.748446026533436726e-01
-6.748454839016709839e-01
-6.748463561321867976e-01
-6.748472198059900506e-01
-6.748480753105736696e-01
-6.748489229608003459e-01
-6.748497629998465586e-01
-6.748505956001141781e-01
-6.748514208641027690e-01
-6.748522388252454762e-01
-6.748530494487077203e-01
-6.748538526321420372e-01
-6.748546482064039509e-01
-6.748554359362232136e-01
-6.748562155208343016e-01
