-6.748570235319882871e-01
-6.748579656388962178e-01
-6.748589157049190712e-01
-6.748598730317953986e-01
-6.748608368788708844e-01
-6.748618064635009128e-01
-6.748627809613674255e-01
-6.748637595067081829e-01
-6.748647411924625361e-01
-6.748657250703308241e-01
-6.748667101507487276e-01
-6.748676954027760244e-01
-6.748686797539023008e-01
-6.748696620897705056e-01
-6.748706412538169053e-01
-6.748716160468305469e-01
-6.748725852264338965e-01
-6.748735475064815414e-01
-6.748745015563850647e-01
-6.748754460003614231e-01
-6.748763794166080521e-01
-6.748773003364053613e-01
-6.748782072431490642e-01
-6.748790985713141177e-01
-6.748799727053543807e-01
-6.748808279785351028e-01
-6.748816626717049072e-01
-6.748824750120092641e-01
-6.748832631715429020e-01
-6.748840252659519257e-01
-6.748847593529794242e-01
-6.748854634309654488e-01
-6.748861354372981403e-01
-6.748867732468256664e-01
-6.748873746702287457e-01
-6.748879374523567565e-01
-6.748884592705366448e-01
-6.748889377328525230e-01
-6.748893703764008434e-01
-6.748897546655240332e-01
-6.748900879900268102e-01
-6.748903676633748461e-01
-6.748905909208833265e-01
-6.748907549178876364e-01
-6.748908567279151560e-01
-6.748908933408478417e-01
-6.748908616610910238e-01
-6.748907585057533076e-01
-6.748905806028433485e-01
-6.748903245894944947e-01
-6.748899870102270659e-01
-6.748895643152529322e-01
-6.748890528588267212e-01
-6.748884488976533147e-01
-6.748877485893441941e-01
-6.748869479909238578e-01
-6.748860430573756508e-01
-6.748850296402313376e-01
-6.748839034861884301e-01
-6.748826602357677062e-01
-6.748812954220064775e-01
-6.748798044692135845e-01
-6.748781826918017757e-01
-6.748764252932319962e-01
-6.748745273651041154e-01
-6.748724838864279540e-01
-6.748702897230988151e-01
-6.748679396275918396e-01
-6.748654282388681924e-01
-6.748627500824638803e-01
-6.748598995707056902e-01
-6.748568710029937412e-01
-6.748536585660710463e-01
-6.748502563342207994e-01
-6.748466582693545268e-01
-6.748428582210023174e-01
-6.748388499262666373e-01
-6.748346270098715127e-01
-6.748301829844840505e-01
-6.748255112515244569e-01
-6.748206051026663932e-01
-6.748154577222006401e-01
-6.748100621903228014e-01
-6.748044114872813193e-01
-6.747984984981624246e-01
-6.747923160179152280e-01
-6.747858567561149101e-01
-6.747791133408995723e-01
-6.747720783215738205e-01
-6.747647441695547865e-01
-6.747571032776351618e-01
-6.747491479579383888e-01
-6.747408704393799139e-01
-6.747322628658507515e-01
-6.747233172965827475e-01
-6.747140257101919003e-01
-6.747043800135994474e-01
-6.746943720564052560e-01
-6.746839936503488122e-01
-6.746732365923590047e-01
-6.746620926885258385e-01
-6.746505537754030613e-01
-6.746386117345982703e-01
-6.746262584968794052e-01
-6.746134860331982619e-01
-6.746002863320793574e-01
-6.745866513656190167e-01
-6.745725730494782635e-01
-6.745580432051786479e-01
-6.745430535350342982e-01
-6.745275956204940249e-01
-6.745116609529244744e-01
-6.744952410017066580e-01
-6.744783273180650074e-01
-6.744609116650321923e-01
-6.744429861555798489e-01
-6.744245433739108897e-01
-6.744055764511155404e-01
-6.743860790675679784e-01
-6.743660453618642858e-01
-6.743454697400035336e-01
-6.743243465978878692e-01
-6.743026699925624978e-01
-6.742804333190446364e-01
-6.742576290653042870e-01
-6.742342487228960568e-01
-6.742102829206666481e-01
-6.741857218215543401e-01
-6.741605557784547953e-01
-6.741347761888708545e-01
-6.741083764279279800e-01
-6.740813526869793293e-01
-6.740537045138577099e-01
-6.740254348537793039e-01
-6.739965494364612564e-01
-6.739670554481873577e-01
-6.739369595613673436e-01
-6.739062655521546041e-01
-6.738749718925086674e-01
-6.738430698229279647e-01
-6.738105424598238580e-01
-6.737773654356684627e-01
-6.737435093918365814e-01
-6.737089443451469428e-01
-6.736736455572851501e-01
-6.736376001072661435e-01
-6.736008129810624467e-01
-6.735633112441337111e-01
-6.735251448453637435e-01
-6.734863828869004365e-01
-6.734471048125412196e-01
-6.734073868845924515e-01
-6.733672854291364862e-01
-6.733268194534681728e-01
-6.732859561423780725e-01
-6.732446031646979190e-01
-6.732026114365253777e-01
-6.731597908437283451e-01
-6.731159394132777418e-01
-6.730708837120094046e-01
-6.730245252126965116e-01
-6.729768845496968410e-01
-6.729281336531982571e-01
-6.728786053728116334e-01
-6.728287719156180735e-01
-6.727791874824667895e-01
-6.727303967180520150e-01
-6.726828183130969530e-01
-6.726366211129296557e-01
-6.725916167842315163e-01
-6.725471966646783262e-01
-6.725023391925522009e-01
-6.724557071313637113e-01
-6.724058404340662598e-01
-6.723514320395018729e-01
-6.722916525630474593e-01
-6.722264694383918160e-01
-6.721568911956549153e-01
-6.720850630221588684e-01
-6.720141495692910638e-01
-6.719479672941317538e-01
-6.718903707173746742e-01
-6.718444505067276973e-01
-6.718116582060975617e-01
-6.717910216011822033e-01
-6.717786434409296348e-01
-6.717676725015850892e-01
-6.717488911840209242e-01
-6.717119755617771970e-01
-6.716473580637393193e-01
-6.715484753646802085e-01
-6.714140392301002347e-01
-6.712498572905563066e-01
-6.710696873340908919e-01
-6.708946617077367058e-01
-6.707509850095122461e-01
-6.706658865252289603e-01
-6.706621724420652741e-01
-6.707521193890555455e-01
-6.709318058526431150e-01
-6.711772047866326751e-01
-6.714433752850934578e-01
-6.716678300893338394e-01
-6.717785939067985046e-01
-6.717066332181169663e-01
-6.714013224137930225e-01
-6.708465695240670712e-01
-6.700743695242227238e-01
-6.691721288835807968e-01
-6.682803459442649974e-01
-6.675782993278552846e-01
-6.672573078418324588e-01
-6.674836944511097769e-01
-6.683564101868032514e-01
-6.698667812428861223e-01
-6.718694127671316352e-01
-6.740733884263367948e-01
-6.760612295735836108e-01
-6.773395633350571821e-01
-6.774202729208209650e-01
-6.759244550905942894e-01
-6.726944505868988067e-01
-6.678926534327414011e-01
-6.620614731858817104e-01
-6.561189597874160784e-01
-6.512712948074182995e-01
-6.488373657043016163e-01
-6.500002287967743264e-01
-6.555209267024550979e-01
-6.654658972476584777e-01
-6.790052863962467988e-01
-6.943347447683183571e-01
-7.087609708570341560e-01
-7.189764770187596632e-01
-7.215337545584136203e-01
-7.135072551568959476e-01
-6.932900862914208595e-01
-6.614008243831063227e-01
-6.210860804171502991e-01
-5.784437016514808461e-01
-5.418289996782313933e-01
-5.204833324629023483e-01
-5.225983263698970038e-01
-5.532719335804825445e-01
-6.128835943992558821e-01
-6.962544385234370470e-01
-7.926303687728222247e-01
-8.862184633201807271e-01
-9.569839849933644560e-01
-9.818774199874213959e-01
-9.374808697498062671e-01
-8.055178288038413736e-01
-5.815467212534020103e-01
-2.838503443356773515e-01
4.388758734226588798e-02
3.412229655230432090e-01
5.483488668345031236e-01
6.230033155373870812e-01
5.500918767208038407e-01
3.443534964823064537e-01
4.776310811528969996e-02
-2.799933838423594445e-01
-5.783634367391286002e-01
-8.033833671695526091e-01
-9.364599013767316293e-01
-9.818095825491223172e-01
-9.576011668820509914e-01
-8.872330299891030281e-01
-7.937819541878317064e-01
-6.973301809166807530e-01
-6.137282691866385864e-01
-5.537948801147658529e-01
-5.227758147467072014e-01
-5.203526428443032703e-01
-5.414728667923729422e-01
-5.779677857838260158e-01
-6.205950418177694772e-01
-6.609789610590983688e-01
-6.929903959663878954e-01
-7.133495233944221470e-01
-7.215095677734929547e-01
-7.190579249680784102e-01
-7.089101336017631372e-01
-6.945120834095807050e-01
-6.791760445773732391e-01
-6.656042505737703729e-01
-6.556119295513375134e-01
-6.500397756385820625e-01
-6.488305329795416299e-01
-6.512295808041734801e-01
-6.560570441883165627e-01
-6.619941182453731310e-01
-6.678322478355337433e-01
-6.726494880890094841e-01
-6.758990067569029536e-01
-6.774143165097155084e-01
-6.773499131290069419e-01
-6.760827702039439169e-01
-6.741003400408676072e-01
-6.718964171513628347e-01
-6.698896767285141829e-01
-6.683726414739095123e-01
-6.674923717681983115e-01
-6.672589817750445018e-01
-6.675745492655815738e-01
-6.682732901224009980e-01
-6.691639543576486382e-01
-6.700669560168294181e-01
-6.708412490258033323e-01
-6.713987840044520761e-01
-6.717069558082294778e-01
-6.717813720350191975e-01
-6.716723504773203235e-01
-6.714488033451579962e-01
-6.711827482080773288e-01
-6.709368338274829258e-01
-6.707562282439882839e-01
-6.706651992735699341e-01
-6.706678804925068071e-01
-6.707521505925275740e-01
-6.708952895246760306e-01
-6.710700865901809697e-01
-6.712503004752530256e-01
-6.714147252846037750e-01
-6.715495131306501442e-01
-6.716487681168383794e-01
-6.717137059730401427e-01
-6.717508414937887196e-01
-6.717697201440713251e-01
-6.717806677566491302e-01
-6.717929220614907715e-01
-6.718133651768345427e-01
-6.718459284722354541e-01
-6.718916151368928835e-01
-6.719489970418249802e-01
-6.720149971940098110e-01
-6.720857649165795644e-01
-6.721574793071056764e-01
-6.722269655307324676e-01
-6.722920653907651367e-01
-6.723517572347098570e-01
-6.724060625070787944e-01
-6.724558027753916312e-01
-6.725022810539754703e-01
-6.725469568555340061e-01
-6.725911696209528889e-01
-6.726359448098100380e-01
-6.726818955919363630e-01
-6.727292144815421038e-01
-6.727777358184539036e-01
-6.728270427481245486e-01
-6.728765910618071944e-01
-6.729258257850770919e-01
-6.729742730744939783e-01
-6.730215979921463365e-01
-6.730676264609622983e-01
-6.731123359567321440e-01
-6.731558235778416499e-01
-6.731982618740158797e-01
-6.732398524584959354e-01
-6.732807855091818006e-01
-6.733212104532011466e-01
-6.733612200900843670e-01
-6.734008476917936470e-01
-6.734400745956109491e-01
-6.734788446519028859e-01
-6.735170815945505929e-01
-6.735547058195464620e-01
-6.735916479560456471e-01
-6.736278577367464937e-01
-6.736633077856913898e-01
-6.736979928617553570e-01
-6.737319257179790188e-01
-6.737651310266453697e-01
-6.737976388059404576e-01
-6.738294785378410312e-01
-6.738606747819123610e-01
-6.738912446607279172e-01
-6.739211972000141992e-01
-6.739505342064452398e-01
-6.739792521863394725e-01
-6.740073447513349469e-01
-6.740348050037913152e-01
-6.740616275138735514e-01
-6.740878096558564625e-01
-6.741133522293463187e-01
-6.741382594253182425e-01
-6.741625382905692687e-01
-6.741861978912925268e-01
-6.742092483798954872e-01
-6.742317001383605346e-01
-6.742535631192513312e-01
-6.742748464453652835e-01
-6.742955582726716246e-01
-6.743157058769474466e-01
-6.743352958969142108e-01
-6.743543346563981578e-01
-6.743728284928213190e-01
-6.743907840349300242e-01
-6.744082083940734496e-01
-6.744251092556976523e-01
-6.744414948771412233e-01
-6.744573740118154914e-01
-6.744727557873327894e-01
-6.744876495664150484e-01
-6.745020648156557774e-01
-6.745160110002076381e-01
-6.745294975141026272e-01
-6.745425336478739764e-01
-6.745551285886868254e-01
-6.745672914439638790e-01
-6.745790312777634190e-01
-6.745903571495405204e-01
-6.746012781469603592e-01
-6.746118034073387282e-01
-6.746219421254316950e-01
-6.746317035480905444e-01
-6.746410969583723771e-01
-6.746501316528671355e-01
-6.746588169162861526e-01
-6.746671619969308864e-01
-6.746751760857111480e-01
-6.746828683002366045e-01
-6.746902476743604771e-01
-6.746973231526198767e-01
-6.747041035883698523e-01
-6.747105977441304470e-01
-6.747168142926773804e-01
-6.747227618176582231e-01
-6.747284488129271507e-01
-6.747338836802075912e-01
-6.747390747251097443e-01
-6.747440301518290440e-01
-6.747487580570326049e-01
-6.747532664234953126e-01
-6.747575631140030339e-01
-6.747616558659096375e-01
-6.747655522865879663e-01
-6.747692598498341576e-01
-6.747727858931709122e-01
-6.747761376158826208e-01
-6.747793220775756273e-01
-6.747823461970550163e-01
-6.747852167513339605e-01
-6.747879403746545046e-01
-6.747905235574496174e-01
-6.747929726452384092e-01
-6.747952938374970344e-01
-6.747974931865566850e-01
-6.747995765966163795e-01
-6.748015498229269493e-01
-6.748034184712072836e-01
-6.748051879973180345e-01
-6.748068637072054399e-01
-6.748084507570969448e-01
-6.748099541539310797e-01
-6.748113787559795185e-01
-6.748127292736342264e-01
-6.748140102703230614e-01
-6.748152261635320670e-01
-6.748163812259202476e-01
-6.748174795865150566e-01
-6.748185252319947036e-01
-6.748195220080519530e-01
-6.748204736208524013e-01
-6.748213836385874576e-01
-6.748222554931261330e-01
-6.748230924817621990e-01
-6.748238977690617091e-01
-6.748246743887933441e-01
-6.748254252459406910e-01
-6.748261531187855766e-01
-6.748268606610497988e-01
-6.748275504040902595e-01
-6.748282247591390615e-01
-6.748288860195761352e-01
-6.748295363632375032e-01
-6.748301778547451946e-01
-6.748308124478594738e-01
-6.748314419878542747e-01
-6.748320682139020699e-01
-6.748326927614728410e-01
-6.748333171647383777e-01
-6.748339428589806843e-01
-6.748345711829976112e-01
-6.748352033815031570e-01
-6.748358406075140037e-01
-6.748364839247203983e-01
-6.748371343098369390e-01
-6.748377926549262718e-01
-6.748384597696930332e-01
-6.748391363837450418e-01
-6.748398231488144106e-01
-6.748405206409410217e-01
-6.748412293626098180e-01
-6.748419497448409077e-01
-6.748426821492311545e-01
-6.748434268699396998e-01
-6.748441841356181969e-01
-6.748449541112853112e-01
-6.748457369001350514e-01
-6.748465325452850383e-01
-6.748473410314552723e-01
-6.748481622865801777e-01
-6.748489961833477047e-01
-6.748498425406679324e-01
-6.748507011250645116e-01
-6.748515716519896124e-01
-6.748524537870606022e-01
-6.748533471472202283e-01
-6.748542513018128686e-01
-6.748551657735805120e-01
-6.748560900395751405e-01
