-6.748576467548624835e-01
-6.748584646720353630e-01
-6.748592797878258942e-01
-6.748600915000541045e-01
-6.748608991491762410e-01
-6.748617020186588045e-01
-6.748624993352909662e-01
-6.748632902694382540e-01
-6.748640739352345097e-01
-6.748648493907183354e-01
-6.748656156379072568e-01
-6.748663716228114895e-01
-6.748671162353940822e-01
-6.748678483094689984e-01
-6.748685666225433533e-01
-6.748692698956031411e-01
-6.748699567928442278e-01
-6.748706259213457237e-01
-6.748712758306960602e-01
-6.748719050125636665e-01
-6.748725119002169093e-01
-6.748730948680001784e-01
-6.748736522307604568e-01
-6.748741822432308135e-01
-6.748746830993730406e-01
-6.748751529316778797e-01
-6.748755898104282780e-01
-6.748759917429227873e-01
-6.748763566726668772e-01
-6.748766824785290552e-01
-6.748769669738631238e-01
-6.748772079056061246e-01
-6.748774029533486374e-01
-6.748775497283818758e-01
-6.748776457727303502e-01
-6.748776885581679874e-01
-6.748776754852264803e-01
-6.748776038821996393e-01
-6.748774710041488545e-01
-6.748772740319047836e-01
-6.748770100710743680e-01
-6.748766761510548440e-01
-6.748762692240484196e-01
-6.748757861640820588e-01
-6.748752237660348152e-01
-6.748745787446718269e-01
-6.748738477336894137e-01
-6.748730272847828227e-01
-6.748721138667379549e-01
-6.748711038645678340e-01
-6.748699935786984794e-01
-6.748687792242206163e-01
-6.748674569302157700e-01
-6.748660227391629629e-01
-6.748644726064239041e-01
-6.748628023998008985e-01
-6.748610078991562622e-01
-6.748590847960760364e-01
-6.748570286935622331e-01
-6.748548351057392924e-01
-6.748524994575699765e-01
-6.748500170845888047e-01
-6.748473832326774557e-01
-6.748445930579186625e-01
-6.748416416265791140e-01
-6.748385239152868698e-01
-6.748352348114515786e-01
-6.748317691139740226e-01
-6.748281215342584183e-01
-6.748242866975016074e-01
-6.748202591442037379e-01
-6.748160333317860804e-01
-6.748116036361919701e-01
-6.748069643533249895e-01
-6.748021097002072644e-01
-6.747970338157900372e-01
-6.747917307614301752e-01
-6.747861945211555135e-01
-6.747804190019546233e-01
-6.747743980344149684e-01
-6.747681253740984708e-01
-6.747615947040239703e-01
-6.747547996385394597e-01
-6.747477337286869048e-01
-6.747403904689036613e-01
-6.747327633046065198e-01
-6.747248456399218552e-01
-6.747166308445916583e-01
-6.747081122590241620e-01
-6.746992831965710202e-01
-6.746901369424679329e-01
-6.746806667494733567e-01
-6.746708658309825690e-01
-6.746607273532239102e-01
-6.746502444288506872e-01
-6.746394101147031863e-01
-6.746282174164647261e-01
-6.746166593023317226e-01
-6.746047287265447556e-01
-6.745924186617886509e-01
-6.745797221372945573e-01
-6.745666322773106183e-01
-6.745531423329564902e-01
-6.745392456997972852e-01
-6.745249359142907464e-01
-6.745102066247662398e-01
-6.744950515368276500e-01
-6.744794643386102795e-01
-6.744634386173649077e-01
-6.744469677842442890e-01
-6.744300450275684256e-01
-6.744126633148592731e-01
-6.743948154595843514e-01
-6.743764942593951650e-01
-6.743576926992249643e-01
-6.743384041965554410e-01
-6.743186228501139023e-01
-6.742983436407283815e-01
-6.742775625278532026e-01
-6.742562763907122836e-01
-6.742344827812102315e-01
-6.742121794866162698e-01
-6.741893639407415817e-01
-6.741660325670517651e-01
-6.741421801773688216e-01
-6.741177995754388252e-01
-6.740928815156211895e-01
-6.740674151355917632e-01
-6.740413889151615212e-01
-6.740147921148419430e-01
-6.739876165293591237e-01
-6.739598582726252785e-01
-6.739315192174207825e-01
-6.739026076733021231e-01
-6.738731379249556230e-01
-6.738431283859206422e-01
-6.738125983490222959e-01
-6.737815636143584808e-01
-6.737500316053451899e-01
-6.737179968805636632e-01
-6.736854381394487001e-01
-6.736523178291130565e-01
-6.736185852306930677e-01
-6.735841834137413775e-01
-6.735490597235528343e-01
-6.735131785952079841e-01
-6.734765346143626319e-01
-6.734391630578514532e-01
-6.734011448535568434e-01
-6.733626031824607727e-01
-6.733236899203256520e-01
-6.732845617801173077e-01
-6.732453482163731628e-01
-6.732061155730822977e-01
-6.731668341368532982e-01
-6.731273561490095370e-01
-6.730874128906266796e-01
-6.730466372652941232e-01
-6.730046147016637281e-01
-6.729609598850153640e-01
-6.729154104422090388e-01
-6.728679223133439136e-01
-6.728187465377207799e-01
-6.727684650738853245e-01
-6.727179654041927082e-01
-6.726683408667188946e-01
-6.726207158799432095e-01
-6.725760113390564232e-01
-6.725346831319377605e-01
-6.724964825648804823e-01
-6.724602974937374800e-01
-6.724241331755427264e-01
-6.723852792774634990e-01
-6.723406829701380483e-01
-6.722875091476976372e-01
-6.722238222801321106e-01
-6.721492780384203947e-01
-6.720656768040873530e-01
-6.719772164880092324e-01
-6.718902984335280992e-01
-6.718127934190847306e-01
-6.717527644463212599e-01
-6.717167605006237885e-01
-6.717079234912749497e-01
-6.717242642998163538e-01
-6.717575341883249562e-01
-6.717931164560447810e-01
-6.718112690590376523e-01
-6.717898545628959717e-01
-6.717084112630320458e-01
-6.715530830981264465e-01
-6.713215926948438161e-01
-6.710271850122082604e-01
-6.707003684889381034e-01
-6.703874069742662423e-01
-6.701449112554874743e-01
-6.700305382171249935e-01
-6.700906613290522618e-01
-6.703467961762146210e-01
-6.707833645728888960e-01
-6.713398518373887569e-01
-6.719103612099945888e-01
-6.723528631817213830e-01
-6.725090382592480154e-01
-6.722336062768408116e-01
-6.714296522643042886e-01
-6.700840753283541229e-01
-6.682954182332517812e-01
-6.662855857258442871e-01
-6.643879099295710855e-01
-6.630070437767588976e-01
-6.625512033917040355e-01
-6.633436948728740346e-01
-6.655272343429022852e-01
-6.689797664447336700e-01
-6.732628777297915423e-01
-6.776225758671813315e-01
-6.810569223613970324e-01
-6.824559963248029160e-01
-6.808072602227731585e-01
-6.754439339146072196e-01
-6.662964562640594224e-01
-6.540905298545666158e-01
-6.404257092188192502e-01
-6.276743428015224557e-01
-6.186685194869461224e-01
-6.161915511850932781e-01
-6.223482919509313316e-01
-6.379347789955523984e-01
-6.619433571994792764e-01
-6.913189904593963764e-01
-7.210394264887743931e-01
-7.445531378984594495e-01
-7.545958371880989723e-01
-7.444089818665008407e-01
-7.093465135528902454e-01
-6.487026139026873528e-01
-5.673059629046939278e-01
-4.761415361308674599e-01
-3.912621147326756366e-01
-3.307534667962248043e-01
-3.103770793059630329e-01
-3.392313881858036173e-01
-4.168896976238321561e-01
-5.329251778737024159e-01
-6.687694400440670206e-01
-8.008671363455367453e-01
-9.036591661397683772e-01
-9.515938988307426349e-01
-9.209741233121698789e-01
-7.937534718113838927e-01
-5.646312743610054641e-01
-2.491996333869830882e-01
1.132125411032032097e-01
4.675538961247679981e-01
7.593648823681972138e-01
9.488212270584583941e-01
1.014690081240638087e+00
9.507324364834304209e-01
7.629952297501290115e-01
4.724532125957462969e-01
1.186575275720526956e-01
-2.440639591535953001e-01
-5.605365284442308527e-01
-7.911078949479947164e-01
-9.198305676641482798e-01
-9.517504027622224472e-01
-9.047852707077200796e-01
-8.025874523312981346e-01
-6.707030344423468016e-01
-5.347119404922051622e-01
-4.182268623819748177e-01
-3.399186505301345917e-01
-3.103516307040018463e-01
-3.300962649043958641e-01
-3.901687156530728728e-01
-4.748655061986666870e-01
-5.660936146838884131e-01
-6.477402244988383906e-01
-7.087338757577894555e-01
-7.441604893961029088e-01
-7.546602277946635740e-01
-7.448402298629691609e-01
-7.214452871535550482e-01
-6.917456405453369372e-01
-6.623122700155835707e-01
-6.381945668547789330e-01
-6.224770512526807131e-01
-6.161943848278135238e-01
-6.185711662258899235e-01
-6.275144395403473574e-01
-6.402436038990687583e-01
-6.539214766312763105e-01
-6.661654560642904510e-01
-6.753636601089660907e-01
-6.807787382753853755e-01
-6.824712115304764071e-01
-6.811023721768205696e-01
-6.776828887277690505e-01
-6.733238624396623573e-01
-6.690305288329079225e-01
-6.655612414374161290e-01
-6.633588594293943208e-01
-6.625491980347177901e-01
-6.629921322962594177e-01
-6.643656026814573901e-01
-6.662613912678488903e-01
-6.682738875990428262e-01
-6.700682392916909036e-01
-6.714208580808590510e-01
-6.722316868992155303e-01
-6.725127037110055772e-01
-6.723601915107889626e-01
-6.719192793803696606e-01
-6.713485259097466962e-01
-6.707904541213582927e-01
-6.703515622454413458e-01
-6.700929449184185316e-01
-6.700306443552176416e-01
-6.701434415024485336e-01
-6.703850817726413336e-01
-6.706978725470169600e-01
-6.710250568559974482e-01
-6.713201666738218831e-01
-6.715524809452732002e-01
-6.717085723816503817e-01
-6.717905901553081760e-01
-6.718123247827385569e-01
-6.717942306534928631e-01
-6.717584827632102629e-01
-6.717248878749957353e-01
-6.717081366483654836e-01
-6.717165460447562797e-01
-6.717521574751794677e-01
-6.718118605166802926e-01
-6.718891167911968942e-01
-6.719758565379603255e-01
-6.720641904253319421e-01
-6.721476929063415762e-01
-6.722221417294772516e-01
-6.722857161392687964e-01
-6.723387464192930318e-01
-6.723831610576426199e-01
-6.724217944401891245e-01
-6.724577034347007931e-01
-6.724936052239379736e-01
-6.725315023121776203e-01
-6.725725139692220189e-01
-6.726168943486531271e-01
-6.726641908757670096e-01
-6.727134838215378387e-01
-6.727636481369195787e-01
-6.728135886049498859e-01
-6.728624152195301633e-01
-6.729095433995997411e-01
-6.729547198014538267e-01
-6.729979867554792827e-01
-6.730396055802542188e-01
-6.730799611815286854e-01
-6.731194682484584746e-01
-6.731584943564055123e-01
-6.731973088898227653e-01
-6.732360603046556591e-01
-6.732747789259619919e-01
-6.733133988633200895e-01
-6.733517909288646575e-01
-6.733897984972410100e-01
-6.734272696353671428e-01
-6.734640810091523377e-01
-6.735001514955143431e-01
-6.735354456301093640e-01
-6.735699686874349057e-01
-6.736037561671740503e-01
-6.736368607465806901e-01
-6.736693394670636437e-01
-6.737012432375877324e-01
-6.737326098645076700e-01
-6.737634609465411595e-01
-6.737938022496346990e-01
-6.738236266859114476e-01
-6.738529187910690110e-01
-6.738816596028930350e-01
-6.739098310329167951e-01
-6.739374191198088671e-01
-6.739644158822640785e-01
-6.739908197884979524e-01
-6.740166350859786437e-01
-6.740418703680004509e-01
-6.740665367928551088e-01
-6.740906463320688324e-01
-6.741142103313487732e-01
-6.741372385495055797e-01
-6.741597387223823290e-01
-6.741817166003944983e-01
-6.742031763414201295e-01
-6.742241211092507847e-01
-6.742445537285816082e-01
-6.742644772729255997e-01
-6.742838955018850555e-01
-6.743028131087965837e-01
-6.743212357804329038e-01
-6.743391701013171646e-01
-6.743566233534524779e-01
-6.743736032678000480e-01
-6.743901177787122725e-01
-6.744061748200852469e-01
-6.744217821860192252e-01
-6.744369474627393002e-01
-6.744516780251315069e-01
-6.744659810820732293e-01
-6.744798637503467420e-01
-6.744933331369150631e-01
-6.745063964126836176e-01
-6.745190608662524623e-01
-6.745313339321820090e-01
-6.745432231938288670e-01
-6.745547363650359340e-01
-6.745658812574968355e-01
-6.745766657414196121e-01
-6.745870977064778451e-01
-6.745971850283816185e-01
-6.746069355442632087e-01
-6.746163570378810315e-01
-6.746254572338226119e-01
-6.746342437986140306e-01
-6.746427243460144663e-01
-6.746509064437403724e-01
-6.746587976193005876e-01
-6.746664053633386615e-01
-6.746737371296936958e-01
-6.746808003321435043e-01
-6.746876023383837628e-01
-6.746941504621533081e-01
-6.747004519545427570e-01
-6.747065139954456781e-01
-6.747123436858996071e-01
-6.747179480417709874e-01
-6.747233339889443515e-01
-6.747285083599181554e-01
-6.747334778915308195e-01
-6.747382492234466067e-01
-6.747428288970233057e-01
-6.747472233542255449e-01
-6.747514389363618026e-01
-6.747554818825147738e-01
-6.747593583276535467e-01
-6.747630743004957576e-01
-6.747666357212359634e-01
-6.747700483992801201e-01
-6.747733180311266121e-01
-6.747764501984876429e-01
-6.747794503667268184e-01
-6.747823238836262449e-01
-6.747850759784767005e-01
-6.747877117614489162e-01
-6.747902362231883444e-01
-6.747926542345785705e-01
-6.747949705466185222e-01
-6.747971897903795035e-01
-6.747993164770133001e-01
-6.748013549978072456e-01
-6.748033096242920248e-01
-6.748051845084103162e-01
-6.748069836827689238e-01
-6.748087110609849448e-01
-6.748103704381421819e-01
-6.748119654913613541e-01
-6.748134997804872137e-01
-6.748149767488837991e-01
-6.748163997243324941e-01
-6.748177719200105784e-01
-6.748190964355547106e-01
-6.748203762581793663e-01
-6.748216142638535642e-01
-6.748228132185204453e-01
-6.748239757793580429e-01
-6.748251044960790201e-01
-6.748262018122636041e-01
-6.748272700667306001e-01
-6.748283114949422679e-01
-6.748293282304406171e-01
-6.748303223063161216e-01
-6.748312956567035226e-01
-6.748322501182987265e-01
-6.748331874318959089e-01
-6.748341092439364974e-01
-6.748350171080670368e-01
-6.748359124866976089e-01
-6.748367967525621403e-01
-6.748376711902707159e-01
-6.748385369978533443e-01
-6.748393952882915103e-01
-6.748402470910358497e-01
-6.748410933535033962e-01
-6.748419349425598401e-01
-6.748427726459746978e-01
-6.748436071738551645e-01
-6.748444391600511016e-01
-6.748452691635283829e-01
-6.748460976697112645e-01
-6.748469250917880080e-01
-6.748477517719779772e-01
-6.748485779827576581e-01
-6.748494039280443779e-01
-6.748502297443357278e-01
-6.748510555018006896e-01
-6.748518812053236893e-01
-6.748527067954969150e-01
-6.748535321495632289e-01
-6.748543570823057891e-01
-6.748551813468836036e-01
-6.748560046356125719e-01
-6.748568265806899058e-01
