-6.748577086420052273e-01
-6.748585463915017790e-01
-6.748593834086199506e-01
-6.748602190754586783e-01
-6.748610527189516928e-01
-6.748618836112457720e-01
-6.748627109700173765e-01
-6.748635339587225612e-01
-6.748643516867819381e-01
-6.748651632097041331e-01
-6.748659675291446280e-01
-6.748667635929012087e-01
-6.748675502948485727e-01
-6.748683264748072119e-01
-6.748690909183564512e-01
-6.748698423565823168e-01
-6.748705794657675616e-01
-6.748713008670257363e-01
-6.748720051258737529e-01
-6.748726907517521578e-01
-6.748733561974886719e-01
-6.748739998587085509e-01
-6.748746200731957634e-01
-6.748752151202047633e-01
-6.748757832197260775e-01
-6.748763225317089276e-01
-6.748768311552413302e-01
-6.748773071276917834e-01
-6.748777484238110969e-01
-6.748781529548026903e-01
-6.748785185673527032e-01
-6.748788430426334584e-01
-6.748791240952740633e-01
-6.748793593723028117e-01
-6.748795464520691567e-01
-6.748796828431434802e-01
-6.748797659832029838e-01
-6.748797932379075881e-01
-6.748797618997703918e-01
-6.748796691870295739e-01
-6.748795122425248483e-01
-6.748792881325769155e-01
-6.748789938458776838e-01
-6.748786262923872625e-01
-6.748781823022360626e-01
-6.748776586246352238e-01
-6.748770519267927037e-01
-6.748763587928420238e-01
-6.748755757227874463e-01
-6.748746991314776844e-01
-6.748737253476183584e-01
-6.748726506128427394e-01
-6.748714710808518813e-01
-6.748701828166349115e-01
-6.748687817957808033e-01
-6.748672639038783005e-01
-6.748656249359907822e-01
-6.748638605961974068e-01
-6.748619664971775567e-01
-6.748599381598140434e-01
-6.748577710128034202e-01
-6.748554603922704009e-01
-6.748530015413970462e-01
-6.748503896101010202e-01
-6.748476196548112149e-01
-6.748446866384110177e-01
-6.748415854304097294e-01
-6.748383108074015313e-01
-6.748348574538510780e-01
-6.748312199631947284e-01
-6.748273928392092280e-01
-6.748233704975505898e-01
-6.748191472673271685e-01
-6.748147173925557185e-01
-6.748100750333582143e-01
-6.748052142668025111e-01
-6.748001290873822944e-01
-6.747948134072293547e-01
-6.747892610562744586e-01
-6.747834657826816684e-01
-6.747774212539418004e-01
-6.747711210590210396e-01
-6.747645587118636934e-01
-6.747577276563959670e-01
-6.747506212729006414e-01
-6.747432328853609773e-01
-6.747355557690666306e-01
-6.747275831575515470e-01
-6.747193082478526449e-01
-6.747107242031908925e-01
-6.747018241525049032e-01
-6.746926011868331630e-01
-6.746830483532537670e-01
-6.746731586478741383e-01
-6.746629250100374398e-01
-6.746523403203239511e-01
-6.746413974048969253e-01
-6.746300890481623513e-01
-6.746184080145255502e-01
-6.746063470783358884e-01
-6.745938990591072715e-01
-6.745810568571536381e-01
-6.745678134832835404e-01
-6.745541620756472234e-01
-6.745400958975973360e-01
-6.745256083127424418e-01
-6.745106927371983252e-01
-6.744953425740017883e-01
-6.744795511400114574e-01
-6.744633116003306839e-01
-6.744466169281971846e-01
-6.744294599081321895e-01
-6.744118331961579393e-01
-6.743937294427164719e-01
-6.743751414720898785e-01
-6.743560624981015383e-01
-6.743364863420202582e-01
-6.743164076079261049e-01
-6.742958217666067400e-01
-6.742747251041674161e-01
-6.742531145076263721e-01
-6.742309870866920463e-01
-6.742083396660902839e-01
-6.741851682211247310e-01
-6.741614673632874144e-01
-6.741372300040608945e-01
-6.741124473250805771e-01
-6.740871091551826622e-01
-6.740612047971177301e-01
-6.740347242623322410e-01
-6.740076597713996476e-01
-6.739800072772323958e-01
-6.739517676900389498e-01
-6.739229474506586159e-01
-6.738935581333419522e-01
-6.738636148728729403e-01
-6.738331336035634500e-01
-6.738021273511561882e-01
-6.737706020965504861e-01
-6.737385529797017547e-01
-6.737059617703938796e-01
-6.736727965380090444e-01
-6.736390142574837370e-01
-6.736045666750344330e-01
-6.735694091484805135e-01
-6.735335114460184736e-01
-6.734968687556649458e-01
-6.734595105837273277e-01
-6.734215049767153793e-01
-6.733829557398025578e-01
-6.733439911404165423e-01
-6.733047439752805063e-01
-6.732653247153495002e-01
-6.732257914621214701e-01
-6.731861222679204060e-01
-6.731461965367467881e-01
-6.731057922806304994e-01
-6.730646046123384130e-01
-6.730222878725758973e-01
-6.729785193858970338e-01
-6.729330775409644305e-01
-6.728859215774803948e-01
-6.728372562830357007e-01
-6.727875630082695846e-01
-6.727375801079117368e-01
-6.726882217944807341e-01
-6.726404344354003362e-01
-6.725950026079061672e-01
-6.725523318408779261e-01
-6.725122481454123280e-01
-6.724738628714420630e-01
-6.724355518680166233e-01
-6.723950878675185594e-01
-6.723499434815161102e-01
-6.722977504049912900e-01
-6.722368621841211533e-01
-6.721669295657574095e-01
-6.720893673098555787e-01
-6.720075784329739843e-01
-6.719268141703192976e-01
-6.718535904313094331e-01
-6.717946540247388132e-01
-6.717555876881159405e-01
-6.717392481052176789e-01
-6.717443255742874264e-01
-6.717643740885370640e-01
-6.717876630389915116e-01
-6.717981288571494014e-01
-6.717775499760608726e-01
-6.717088404074577079e-01
-6.715800832467944126e-01
-6.713886508557744826e-01
-6.711445426811418757e-01
-6.708719796409011726e-01
-6.706083839025296367e-01
-6.704001807122588197e-01
-6.702953831321366573e-01
-6.703336103069426066e-01
-6.705349419662520738e-01
-6.708896792731908754e-01
-6.713514956142884182e-01
-6.718364603699275017e-01
-6.722298884069628500e-01
-6.724018691018496252e-01
-6.722307238047606770e-01
-6.716317093509953651e-01
-6.705863287280967588e-01
-6.691660399434009587e-01
-6.675434521748706551e-01
-6.659847299716394886e-01
-6.648192034794653260e-01
-6.643860993853547559e-01
-6.649634118576793762e-01
-6.666893188578265628e-01
-6.694910178947046653e-01
-6.730382187086272339e-01
-6.767379314877645102e-01
-6.797832732163858749e-01
-6.812618614179506427e-01
-6.803192734581482437e-01
-6.763604623287786666e-01
-6.692578937494783053e-01
-6.595218220214865701e-01
-6.483799680378190544e-01
-6.377169476383526270e-01
-6.298432776116960063e-01
-6.270999224902664704e-01
-6.313495162225131185e-01
-6.434452133020575060e-01
-6.627876714926539403e-01
-6.870730034134394648e-01
-7.123061114997860654e-01
-7.331219236522313887e-01
-7.434376361807331079e-01
-7.374489596380533474e-01
-7.109486394140263066e-01
-6.628349431155375893e-01
-5.964734244228236948e-01
-5.203586384882721294e-01
-4.474833651483354213e-01
-3.931358594291187170e-01
-3.714678545411413957e-01
-3.917875972888589242e-01
-4.557562689286793756e-01
-5.563539495216058839e-01
-6.787642381606275865e-01
-8.025197484442967433e-01
-9.038202719680001884e-01
-9.573532762676583152e-01
-9.382196503819293376e-01
-8.258030000170584195e-01
-6.110194778856187225e-01
-3.052375774767246419e-01
5.517689034008611826e-02
4.150717760968367642e-01
7.165054144535070169e-01
9.145520709948601334e-01
9.837494001964200985e-01
9.162518639330777814e-01
7.197041344710004562e-01
4.193253647166041986e-01
5.981306186825518373e-02
-3.009688464102070471e-01
-6.077166782527225752e-01
-8.237596582534130185e-01
-9.374238960257316178e-01
-9.575908512121324989e-01
-9.047875409275164538e-01
-8.038957340168733090e-01
-6.802447155514325106e-01
-5.576720678433161327e-01
-4.567059191436228516e-01
-3.922484409400904815e-01
-3.714206908230050508e-01
-3.926581585411014208e-01
-4.467229943124768621e-01
-5.194929307786474437e-01
-5.956664415958390357e-01
-6.622056506264595299e-01
-7.105569856058071565e-01
-7.372990525832567865e-01
-7.434918256495561817e-01
-7.333185967371161906e-01
-7.125761184826054917e-01
-6.873523831378642868e-01
-6.630261797226389975e-01
-6.436108847070811656e-01
-6.314296480687332513e-01
-6.270989810842824141e-01
-6.297784847286922449e-01
-6.376126015120875401e-01
-6.482616964820763217e-01
-6.594118341370523995e-01
-6.691719163950553551e-01
-6.763065571030008050e-01
-6.802982956668439662e-01
-6.812690556429459310e-01
-6.798104234099933141e-01
-6.767755511291941861e-01
-6.730774084586368389e-01
-6.695247763046079381e-01
-6.667132330398669593e-01
-6.649757667658293681e-01
-6.643875232677675102e-01
-6.648120124687754151e-01
-6.659721470839270463e-01
-6.675288583582970059e-01
-6.691523746003740225e-01
-6.705757051812080149e-01
-6.716252588156379488e-01
-6.722286392553735723e-01
-6.724035935306034162e-01
-6.722343814232608628e-01
-6.718424804260018091e-01
-6.713578480343008748e-01
-6.708953979911406185e-01
-6.705393913218827828e-01
-6.703365093484306980e-01
-6.702967667306809485e-01
-6.704003185918122609e-01
-6.706076805404946883e-01
-6.708708757340668960e-01
-6.711434337881643231e-01
-6.713878323891353528e-01
-6.715797245586369035e-01
-6.717089853486404305e-01
-6.717781376359482914e-01
-6.717990264098411268e-01
-6.717887025663883405e-01
-6.717653865163843996e-01
-6.717451669251652824e-01
-6.717398156219964722e-01
-6.717558255731583827e-01
-6.717945502635889188e-01
-6.718531672603406113e-01
-6.719261151786233288e-01
-6.720066551426359114e-01
-6.720882675110469995e-01
-6.721656888807920893e-01
-6.722354994796216898e-01
-6.722962669124346036e-01
-6.723483249231396730e-01
-6.723933085622767480e-01
-6.724335797075419174e-01
-6.724716641682089158e-01
-6.725097916018597521e-01
-6.725495911993333298e-01
-6.725919578525153542e-01
-6.726370716791456594e-01
-6.726845321660355204e-01
-6.727335580434696816e-01
-6.727832043585709743e-01
-6.728325565838375599e-01
-6.728808747276052715e-01
-6.729276750119070893e-01
-6.729727499736499752e-01
-6.730161379125613186e-01
-6.730580585212854183e-01
-6.730988332668359497e-01
-6.731388073283181006e-01
-6.731782857392325514e-01
-6.732174910818770064e-01
-6.732565447856277974e-01
-6.732954696717019516e-01
-6.733342083936291189e-01
-6.733726510154312006e-01
-6.734106650148239392e-01
-6.734481221520162153e-01
-6.734849184564986047e-01
-6.735209855998628425e-01
-6.735562937590144905e-01
-6.735908474668357293e-01
-6.736246767674691771e-01
-6.736578262372638903e-01
-6.736903441932940995e-01
-6.737222738411632328e-01
-6.737536473844422114e-01
-6.737844833878341433e-01
-6.738147870768836922e-01
-6.738445528419529928e-01
-6.738737680173330080e-01
-6.739024170097692723e-01
-6.739304850073086772e-01
-6.739579607475846279e-01
-6.739848381018952450e-01
-6.740111164848644476e-01
-6.740368002924732593e-01
-6.740618976857678524e-01
-6.740864190727461347e-01
-6.741103756093834720e-01
-6.741337779631644267e-01
-6.741566354824614082e-01
-6.741789558144157812e-01
-6.742007449295611687e-01
-6.742220074534888141e-01
-6.742427471779034454e-01
-6.742629676231496338e-01
-6.742826725453099357e-01
-6.743018663149180636e-01
-6.743205541325145713e-01
-6.743387420814326294e-01
-6.743564370451363699e-01
-6.743736465326679586e-01
-6.743903784609650565e-01
-6.744066409387545757e-01
-6.744224420861714142e-01
-6.744377899104676555e-01
-6.744526922441800298e-01
-6.744671567402993340e-01
-6.744811909107792935e-01
-6.744948021906801428e-01
-6.745079980100622263e-01
-6.745207858585792193e-01
-6.745331733324075874e-01
-6.745451681584841985e-01
-6.745567781959715958e-01
-6.745680114187100340e-01
-6.745788758847360844e-01
-6.745893796997534109e-01
-6.745995309809021956e-01
-6.746093378256970974e-01
-6.746188082890804960e-01
-6.746279503695246094e-01
-6.746367720034353033e-01
-6.746452810659201438e-01
-6.746534853753866079e-01
-6.746613926994062815e-01
-6.746690107596717834e-01
-6.746763472345576051e-01
-6.746834097585572287e-01
-6.746902059185948541e-01
-6.746967432477574134e-01
-6.747030292173525901e-01
-6.747090712282903802e-01
-6.747148766027190048e-01
-6.747204525766287153e-01
-6.747258062938350509e-01
-6.747309448014703337e-01
-6.747358750468563926e-01
-6.747406038754543145e-01
-6.747451380295084178e-01
-6.747494841469974247e-01
-6.747536487605674260e-01
-6.747576382962361397e-01
-6.747614590717607719e-01
-6.747651172946868003e-01
-6.747686190601654976e-01
-6.747719703486795284e-01
-6.747751770238313851e-01
-6.747782448303327740e-01
-6.747811793922898760e-01
-6.747839862118404364e-01
-6.747866706681454607e-01
-6.747892380167100912e-01
-6.747916933889678281e-01
-6.747940417920729184e-01
-6.747962881088277465e-01
-6.747984370976981561e-01
-6.748004933928845039e-01
-6.748024615044333485e-01
-6.748043458183932142e-01
-6.748061505970281981e-01
-6.748078799791125126e-01
-6.748095379803242810e-01
-6.748111284937553522e-01
-6.748126552905470144e-01
-6.748141220206511637e-01
-6.748155322137094903e-01
-6.748168892800436858e-01
-6.748181965117373560e-01
-6.748194570837920958e-01
-6.748206740553532867e-01
-6.748218503709855209e-01
-6.748229888619945438e-01
-6.748240922477901638e-01
-6.748251631372914616e-01
-6.748262040303707465e-01
-6.748272173193357037e-01
-6.748282052904532868e-01
-6.748291701255098030e-01
-6.748301139034045271e-01
-6.748310386017767337e-01
-6.748319460986534901e-01
-6.748328381741186544e-01
-6.748337165119939751e-01
-6.748345827015259646e-01
-6.748354382390774342e-01
-6.748362845298141455e-01
-6.748371228893887963e-01
-6.748379545456130169e-01
-6.748387806401199285e-01
-6.748396022300103825e-01
-6.748404202894875414e-01
-6.748412357114645932e-01
-6.748420493091579209e-01
-6.748428618176471883e-01
-6.748436738954118885e-01
-6.748444861258336980e-01
-6.748452990186645239e-01
-6.748461130114566942e-01
-6.748469284709498472e-01
-6.748477456944208530e-01
-6.748485649109831064e-01
-6.748493862828400802e-01
-6.748502099064919157e-01
-6.748510358138873899e-01
-6.748518639735280322e-01
-6.748526942915149540e-01
-6.748535266125411658e-01
-6.748543607208291606e-01
-6.748551963410068799e-01
-6.748560331389261702e-01
-6.748568707224212870e-01
