-6.748576687536886887e-01
-6.748585358115553046e-01
-6.748594049374412318e-01
-6.748602754904442502e-01
-6.748611467778887762e-01
-6.748620180557164394e-01
-6.748628885288040502e-01
-6.748637573512119570e-01
-6.748646236263615705e-01
-6.748654864071433890e-01
-6.748663446959540790e-01
-6.748671974446620592e-01
-6.748680435545048040e-01
-6.748688818759150942e-01
-6.748697112082802096e-01
-6.748705302996308442e-01
-6.748713378462689594e-01
-6.748721324923317999e-01
-6.748729128292924040e-01
-6.748736773954063795e-01
-6.748744246750979503e-01
-6.748751530982909363e-01
-6.748758610396856650e-01
-6.748765468179779292e-01
-6.748772086950217686e-01
-6.748778448749386261e-01
-6.748784535031711052e-01
-6.748790326654826588e-01
-6.748795803869124255e-01
-6.748800946306861004e-01
-6.748805732970935001e-01
-6.748810142223399255e-01
-6.748814151773742109e-01
-6.748817738667027832e-01
-6.748820879271871798e-01
-6.748823549268265776e-01
-6.748825723635168972e-01
-6.748827376637827058e-01
-6.748828481814767022e-01
-6.748829011964394553e-01
-6.748828939131269467e-01
-6.748828234592125774e-01
-6.748826868841804050e-01
-6.748824811579312577e-01
-6.748822031694259316e-01
-6.748818497253911142e-01
-6.748814175490975842e-01
-6.748809032792165707e-01
-6.748803034687445024e-01
-6.748796145839646154e-01
-6.748788330034137806e-01
-6.748779550168185759e-01
-6.748769768239631928e-01
-6.748758945334834003e-01
-6.748747041616043330e-01
-6.748734016308658434e-01
-6.748719827689162454e-01
-6.748704433074645959e-01
-6.748687788814837774e-01
-6.748669850287319916e-01
-6.748650571896143147e-01
-6.748629907073399048e-01
-6.748607808282671705e-01
-6.748584227022720317e-01
-6.748559113829604161e-01
-6.748532418275461353e-01
-6.748504088962995473e-01
-6.748474073515849936e-01
-6.748442318566332254e-01
-6.748408769743512448e-01
-6.748373371665533638e-01
-6.748336067940324812e-01
-6.748296801178126358e-01
-6.748255513017366036e-01
-6.748212144162780701e-01
-6.748166634431451705e-01
-6.748118922799711816e-01
-6.748068947442079635e-01
-6.748016645753586173e-01
-6.747961954349147584e-01
-6.747904809038466345e-01
-6.747845144781194904e-01
-6.747782895634060196e-01
-6.747717994707174149e-01
-6.747650374149670727e-01
-6.747579965183040374e-01
-6.747506698193813657e-01
-6.747430502885602976e-01
-6.747351308475818543e-01
-6.747269043907536679e-01
-6.747183638035481046e-01
-6.747095019741143895e-01
-6.747003117938117356e-01
-6.746907861446420629e-01
-6.746809178742229074e-01
-6.746706997622802238e-01
-6.746601244858883017e-01
-6.746491845930053799e-01
-6.746378724944259719e-01
-6.746261804825146591e-01
-6.746141007808180712e-01
-6.746016256222397978e-01
-6.745887473459447614e-01
-6.745754584960016453e-01
-6.745617518998499040e-01
-6.745476207036877891e-01
-6.745330583461078833e-01
-6.745180584610719343e-01
-6.745026147157433538e-01
-6.744867206056029962e-01
-6.744703692453369870e-01
-6.744535532052843285e-01
-6.744362644459304112e-01
-6.744184943942180821e-01
-6.744002341844068660e-01
-6.743814750544814274e-01
-6.743622088511226353e-01
-6.743424285589704192e-01
-6.743221287418201815e-01
-6.743013057731522819e-01
-6.742799577478244544e-01
-6.742580840090917071e-01
-6.742356842932923922e-01
-6.742127575804077733e-01
-6.741893008282060507e-01
-6.741653078423534007e-01
-6.741407685745962608e-01
-6.741156691278952229e-01
-6.740899926697057065e-01
-6.740637213114660797e-01
-6.740368388164650337e-01
-6.740093337769194060e-01
-6.739812026947359369e-01
-6.739524522577794441e-01
-6.739231000736803923e-01
-6.738931732457397183e-01
-6.738627044687213186e-01
-6.738317257734567356e-01
-6.738002606073595357e-01
-6.737683155135135715e-01
-6.737358731428865211e-01
-6.737028885663592925e-01
-6.736692907199728353e-01
-6.736349902337271933e-01
-6.735998938506017053e-01
-6.735639242271687088e-01
-6.735270423211452417e-01
-6.734892681182943486e-01
-6.734506945022846747e-01
-6.734114890016360544e-01
-6.733718792524802099e-01
-6.733321204148080552e-01
-6.732924463348471944e-01
-6.732530105088391226e-01
-6.732138271196668189e-01
-6.731747256048129513e-01
-6.731353333158900387e-01
-6.730950989389513639e-01
-6.730533639594539208e-01
-6.730094807244922928e-01
-6.729629645448977904e-01
-6.729136556077416342e-01
-6.728618567452593346e-01
-6.728084081654721604e-01
-6.727546627011435909e-01
-6.727023366855690023e-01
-6.726532323551372983e-01
-6.726088557689395842e-01
-6.725699854194282512e-01
-6.725362747953573805e-01
-6.725059897947194276e-01
-6.724759818821063329e-01
-6.724419749030212667e-01
-6.723991957814350329e-01
-6.723433102929019523e-01
-6.722715439281574668e-01
-6.721837892799680247e-01
-6.720834440265827103e-01
-6.719777069423162885e-01
-6.718770996434256793e-01
-6.717940871795948787e-01
-6.717408369608284247e-01
-6.717263635167665115e-01
-6.717535214750385286e-01
-6.718164841042647550e-01
-6.718994280058160351e-01
-6.719770895373500252e-01
-6.720176359956201440e-01
-6.719879038614026134e-01
-6.718605342291655846e-01
-6.716219592920193993e-01
-6.712796773311316967e-01
-6.708669340492779964e-01
-6.704429417493488197e-01
-6.700872181024153384e-01
-6.698875461758365679e-01
-6.699223772437673530e-01
-6.702400288438465914e-01
-6.708384760697917448e-01
-6.716505338390720281e-01
-6.725394278325778075e-01
-6.733088848116287606e-01
-6.737298305670498255e-01
-6.735826671413269739e-01
-6.727102522919122807e-01
-6.710727231014584904e-01
-6.687920445071601216e-01
-6.661726629548890832e-01
-6.636859505749472810e-01
-6.619109484460753423e-01
-6.614322082834586114e-01
-6.627061468642388986e-01
-6.659180522187374551e-01
-6.708599471206828646e-01
-6.768624773010790685e-01
-6.828105220145116450e-01
-6.872623316624014711e-01
-6.886764742224049662e-01
-6.857304294187824834e-01
-6.776897863370012765e-01
-6.647594502949774053e-01
-6.483239939908148619e-01
-6.309751734307657012e-01
-6.162454371285422949e-01
-6.080253931929171518e-01
-6.097318606946726671e-01
-6.233823931360159554e-01
-6.487845156507733302e-01
-6.830389073252077781e-01
-7.204921142716304017e-01
-7.531952001943001962e-01
-7.718787790698492524e-01
-7.674567906228549896e-01
-7.330597453684950526e-01
-6.664451962916240202e-01
-5.722557446631680866e-01
-4.631343957076863860e-01
-3.585874673637213239e-01
-2.811142825448987859e-01
-2.503690030676470335e-01
-2.772213668332886294e-01
-3.598139221873969396e-01
-4.829956054522125952e-01
-6.212206037944485448e-01
-7.436437254760824844e-01
-8.194936792550403526e-01
-8.225643379089773166e-01
-7.353166503906439777e-01
-5.536997125576579304e-01
-2.918849914036767412e-01
1.698913205859661421e-02
3.280993763926976503e-01
5.990886131836414830e-01
8.036653642861046887e-01
9.368148216280969276e-01
1.010446450627608739e+00
1.043666174337280816e+00
1.052710467813426698e+00
1.043874866838832460e+00
1.011004734127932458e+00
9.379479590252337573e-01
8.055793476033262790e-01
6.018461890192775554e-01
3.315253238650407996e-01
2.066737294514223167e-02
-2.884947950693698138e-01
-5.510782321188854027e-01
-7.337485909078645951e-01
-8.221043663118864364e-01
-8.200080815933118439e-01
-7.448707890831550715e-01
-6.228208445792451364e-01
-4.845988790805724200e-01
-3.610774564936248265e-01
-2.778949999152363071e-01
-2.503466645948961844e-01
-2.804503355334608816e-01
-3.574699182478850989e-01
-4.618237786737955930e-01
-5.710114489322846154e-01
-6.654647480555361261e-01
-7.324481257585206961e-01
-7.672272650719679232e-01
-7.719744812349077501e-01
-7.535179610854746413e-01
-7.209293481225563793e-01
-6.834848700550762990e-01
-6.491553662369462518e-01
-6.236251716309703097e-01
-6.098273306736304855e-01
-6.079849321015872166e-01
-6.161030268375004004e-01
-6.307765574098582739e-01
-6.481156098584084368e-01
-6.645795013017365971e-01
-6.775629019646506324e-01
-6.856662046285735279e-01
-6.886712179079431673e-01
-6.873028463115006259e-01
-6.828786726718738542e-01
-6.769395292191001667e-01
-6.709299835007009882e-01
-6.659701153287488351e-01
-6.627350329231678217e-01
-6.614380762720102336e-01
-6.618980663703692979e-01
-6.636609874747420035e-01
-6.661429345979087424e-01
-6.687640443878978269e-01
-6.710511443922028141e-01
-6.726975664288903367e-01
-6.735792038719338182e-01
-6.737342237671604117e-01
-6.733187144825615311e-01
-6.725518954441672692e-01
-6.716630429189820450e-01
-6.708490384959711061e-01
-6.702474674141902788e-01
-6.699263378509944244e-01
-6.698883629725875810e-01
-6.700856903880558768e-01
-6.704400827639160898e-01
-6.708637423876071537e-01
-6.712769655157305726e-01
-6.716202556525406875e-01
-6.718600574775981382e-01
-6.719885972348489389e-01
-6.720192407282854496e-01
-6.719792355944596007e-01
-6.719017224269858701e-01
-6.718185824615674484e-01
-6.717551742851500807e-01
-6.717274356086464504e-01
-6.717413028182255275e-01
-6.717940086074037920e-01
-6.718765936065919098e-01
-6.719769112782663090e-01
-6.720824873395409016e-01
-6.721827691977356745e-01
-6.722705155524321130e-01
-6.723422845387784230e-01
-6.723981456864118744e-01
-6.724408470463303367e-01
-6.724747098038017512e-01
-6.725045066373898095e-01
-6.725345231306539828e-01
-6.725679231563649330e-01
-6.726064579696690027e-01
-6.726504895462472877e-01
-6.726992507489250039e-01
-6.727512416246418381e-01
-6.728046608574562715e-01
-6.728577888376049421e-01
-6.729092667852963894e-01
-6.729582475377339223e-01
-6.730044217620909652e-01
-6.730479442619190511e-01
-6.730892967270154514e-01
-6.731291258473105499e-01
-6.731680908577123423e-01
-6.732067449015755045e-01
-6.732454629324173823e-01
-6.732844177350101322e-01
-6.733235968681066108e-01
-6.733628478930362427e-01
-6.734019373154556121e-01
-6.734406097376827161e-01
-6.734786368914670307e-01
-6.735158504381563160e-01
-6.735521566979177921e-01
-6.735875350423206065e-01
-6.736220241016166455e-01
-6.736557010573019921e-01
-6.736886592302935295e-01
-6.737209882298466068e-01
-6.737527594744383563e-01
-6.737840183060133104e-01
-6.738147824988152124e-01
-6.738450459158574768e-01
-6.738747854796234282e-01
-6.739039694882874576e-01
-6.739325655400476567e-01
-6.739605467999424393e-01
-6.739878959193648100e-01
-6.740146064769911849e-01
-6.740406822612552418e-01
-6.740661350080107139e-01
-6.740909813298774367e-01
-6.741152395444861556e-01
-6.741389269668290884e-01
-6.741620580253215866e-01
-6.741846433405458416e-01
-6.742066897102622081e-01
-6.742282008013511518e-01
-6.742491782714998827e-01
-6.742696230297464677e-01
-6.742895363840382128e-01
-6.743089208978980675e-01
-6.743277808671908069e-01
-6.743461224134531529e-01
-6.743639532583310947e-01
-6.743812822861903200e-01
-6.743981190167801509e-01
-6.744144731000661919e-01
-6.744303539177348705e-01
-6.744457703389232783e-01
-6.744607306399235114e-01
-6.744752425658608885e-01
-6.744893134911467136e-01
-6.745029506265329822e-01
-6.745161612230139436e-01
-6.745289527338866886e-01
-6.745413329121796586e-01
-6.745533098375365855e-01
-6.745648918810975836e-01
-6.745760876268155348e-01
-6.745869057720089712e-01
-6.745973550291173293e-01
-6.746074440457887622e-01
-6.746171813533472505e-01
-6.746265753461426762e-01
-6.746356342878556678e-01
-6.746443663364672938e-01
-6.746527795777980119e-01
-6.746608820580070054e-01
-6.746686818077543002e-01
-6.746761868539330465e-01
-6.746834052182539843e-01
-6.746903449047517709e-01
-6.746970138800788552e-01
-6.747034200511071722e-01
-6.747095712439703519e-01
-6.747154751875544809e-01
-6.747211395029466541e-01
-6.747265716988796180e-01
-6.747317791720220947e-01
-6.747367692102780312e-01
-6.747415489970740587e-01
-6.747461256148900022e-01
-6.747505060468429461e-01
-6.747546971758341394e-01
-6.747587057814062872e-01
-6.747625385349430571e-01
-6.747662019940727784e-01
-6.747697025971820528e-01
-6.747730466587488207e-01
-6.747762403659378627e-01
-6.747792897765757525e-01
-6.747822008183558262e-01
-6.747849792889289988e-01
-6.747876308564656478e-01
-6.747901610602878852e-01
-6.747925753112817837e-01
-6.747948788919294616e-01
-6.747970769559425985e-01
-6.747991745276059605e-01
-6.748011765009929164e-01
-6.748030876392456801e-01
-6.748049125740857024e-01
-6.748066558056611264e-01
-6.748083217027788239e-01
-6.748099145034962554e-01
-6.748114383160062069e-01
-6.748128971197268067e-01
-6.748142947664951263e-01
-6.748156349817910904e-01
-6.748169213659446219e-01
-6.748181573953035972e-01
-6.748193464233788186e-01
-6.748204916819914301e-01
-6.748215962824660741e-01
-6.748226632168984329e-01
-6.748236953595302401e-01
-6.748246954682380894e-01
-6.748256661861318229e-01
-6.748266100432512848e-01
-6.748275294583342410e-01
-6.748284267406323700e-01
-6.748293040917506813e-01
-6.748301636074934828e-01
-6.748310072797099046e-01
-6.748318369981312070e-01
-6.748326545522046471e-01
-6.748334616329293434e-01
-6.748342598346986909e-01
-6.748350506571522134e-01
-6.748358355070411818e-01
-6.748366157001013388e-01
-6.748373924629308407e-01
-6.748381669348632039e-01
-6.748389401698317025e-01
-6.748397131382101177e-01
-6.748404867286306175e-01
-6.748412617497648869e-01
-6.748420389320742840e-01
-6.748428189295203605e-01
-6.748436023212366353e-01
-6.748443896131623987e-01
-6.748451812396314420e-01
-6.748459775649278125e-01
-6.748467788847914983e-01
-6.748475854278821462e-01
-6.748483973571918204e-01
-6.748492147714083567e-01
-6.748500377062202071e-01
-6.748508661355676619e-01
-6.748516999728322308e-01
-6.748525390719649630e-01
-6.748533832285507073e-01
-6.748542321808095323e-01
-6.748550856105309803e-01
-6.748559431439427048e-01
-6.748568043525136062e-01
