-6.748573033001924459e-01
-6.748582210832260175e-01
-6.748591451063084001e-01
-6.748600746895011548e-01
-6.748610091073390382e-01
-6.748619475892307928e-01
-6.748628893197754497e-01
-6.748638334389995830e-01
-6.748647790425126303e-01
-6.748657251815828317e-01
-6.748666708631314570e-01
-6.748676150496474291e-01
-6.748685566590227891e-01
-6.748694945643104459e-01
-6.748704275934038765e-01
-6.748713545286401105e-01
-6.748722741063256647e-01
-6.748731850161929779e-01
-6.748740859007799076e-01
-6.748749753547406138e-01
-6.748758519240852793e-01
-6.748767141053537699e-01
-6.748775603447224603e-01
-6.748783890370475547e-01
-6.748791985248465686e-01
-6.748799870972211901e-01
-6.748807529887194123e-01
-6.748814943781438203e-01
-6.748822093873064754e-01
-6.748828960797321752e-01
-6.748835524593140844e-01
-6.748841764689261780e-01
-6.748847659889903872e-01
-6.748853188360096622e-01
-6.748858327610640639e-01
-6.748863054482778789e-01
-6.748867345132588680e-01
-6.748871175015144219e-01
-6.748874518868482886e-01
-6.748877350697393140e-01
-6.748879643757038638e-01
-6.748881370536472524e-01
-6.748882502742045153e-01
-6.748883011280738531e-01
-6.748882866243491874e-01
-6.748882036888497193e-01
-6.748880491624617006e-01
-6.748878197994920836e-01
-6.748875122660423775e-01
-6.748871231384167002e-01
-6.748866489015648007e-01
-6.748860859475718232e-01
-6.748854305742001403e-01
-6.748846789834832549e-01
-6.748838272803783234e-01
-6.748828714714676380e-01
-6.748818074637094044e-01
-6.748806310632321503e-01
-6.748793379741638843e-01
-6.748779237975011114e-01
-6.748763840300160410e-01
-6.748747140632204156e-01
-6.748729091824051673e-01
-6.748709645657889888e-01
-6.748688752838086780e-01
-6.748666362985914491e-01
-6.748642424636389636e-01
-6.748616885237381791e-01
-6.748589691150933545e-01
-6.748560787656524562e-01
-6.748530118955660129e-01
-6.748497628177033691e-01
-6.748463257381472902e-01
-6.748426947565874245e-01
-6.748388638665784311e-01
-6.748348269556743162e-01
-6.748305778055131432e-01
-6.748261100920031064e-01
-6.748214173858084752e-01
-6.748164931533693345e-01
-6.748113307586665055e-01
-6.748059234658897454e-01
-6.748002644430410868e-01
-6.747943467663636286e-01
-6.747881634253165561e-01
-6.747817073276705102e-01
-6.747749713041942821e-01
-6.747679481124115863e-01
-6.747606304389811571e-01
-6.747530109004876708e-01
-6.747450820427201013e-01
-6.747368363389097956e-01
-6.747282661877463950e-01
-6.747193639123174602e-01
-6.747101217612692103e-01
-6.747005319134411483e-01
-6.746905864869352509e-01
-6.746802775530059693e-01
-6.746695971543826831e-01
-6.746585373266900110e-01
-6.746470901206870208e-01
-6.746352476222591266e-01
-6.746230019666632494e-01
-6.746103453436494979e-01
-6.745972699909126291e-01
-6.745837681749339287e-01
-6.745698321606065084e-01
-6.745554541738500998e-01
-6.745406263643071165e-01
-6.745253407775912979e-01
-6.745095893477072169e-01
-6.744933639195355157e-01
-6.744766563081195931e-01
-6.744594583957727041e-01
-6.744417622601137641e-01
-6.744235603170487536e-01
-6.744048454541119453e-01
-6.743856111235945194e-01
-6.743658513638216556e-01
-6.743455607226779280e-01
-6.743247340710364357e-01
-6.743033663145598933e-01
-6.742814520380059351e-01
-6.742589851423240743e-01
-6.742359585555740553e-01
-6.742123641075196128e-01
-6.741881926488375587e-01
-6.741634344658021805e-01
-6.741380799904016508e-01
-6.741121207394840109e-01
-6.740855503452263253e-01
-6.740583654777159150e-01
-6.740305664255873408e-01
-6.740021571080941909e-01
-6.739731443521791432e-01
-6.739435363825762026e-01
-6.739133406314673502e-01
-6.738825611537910820e-01
-6.738511961011487417e-01
-6.738192358211831934e-01
-6.737866621711324777e-01
-6.737534495345176566e-01
-6.737195677977894093e-01
-6.736849871941427148e-01
-6.736496844984665167e-01
-6.736136496311454502e-01
-6.735768913882832498e-01
-6.735394408553758705e-01
-6.735013511600915770e-01
-6.734626926234769106e-01
-6.734235430725830085e-01
-6.733839740137811392e-01
-6.733440344040643177e-01
-6.733037347135893969e-01
-6.732630346334849136e-01
-6.732218379404670827e-01
-6.731799975227178434e-01
-6.731373323274955078e-01
-6.730936560627581722e-01
-6.730488150717247597e-01
-6.730027302456293992e-01
-6.729554356092540823e-01
-6.729071048316592751e-01
-6.728580568858244515e-01
-6.728087337889024910e-01
-6.727596469538860147e-01
-6.727112940044970291e-01
-6.726640543937342231e-01
-6.726180788766786822e-01
-6.725731935487171409e-01
-6.725288423256403636e-01
-6.724840910240916791e-01
-6.724377105639260943e-01
-6.723883458943019642e-01
-6.723347616384203196e-01
-6.722761369001315490e-01
-6.722123630813272577e-01
-6.721442837608704313e-01
-6.720738089636507651e-01
-6.720038414666111848e-01
-6.719379728506882365e-01
-6.718799422626794415e-01
-6.718328986562756011e-01
-6.717985614608997791e-01
-6.717764256580373017e-01
-6.717631932389106497e-01
-6.717526215316188543e-01
-6.717359494299466327e-01
-6.717029894687938096e-01
-6.716438588875636162e-01
-6.715511777954323858e-01
-6.714224089728307865e-01
-6.712618821765907740e-01
-6.710819715580467193e-01
-6.709029123172912668e-01
-6.707508771911319112e-01
-6.706541921162664233e-01
-6.706379353919206254e-01
-6.707175886173198931e-01
-6.708928158967295552e-01
-6.711427468729466161e-01
-6.714242321922271328e-01
-6.716743463670196146e-01
-6.718178890870774023e-01
-6.717797937467492320e-01
-6.715012718595473329e-01
-6.709573585861517975e-01
-6.701725004580096900e-01
-6.692302108781910119e-01
-6.682728854365074245e-01
-6.674888288377910373e-01
-6.670854666313675851e-01
-6.672504496825505393e-01
-6.681055102229646048e-01
-6.696608879521968039e-01
-6.717802108043943177e-01
-6.741662500318429396e-01
-6.763765421732331751e-01
-6.778743252610951453e-01
-6.781146816423228030e-01
-6.766585657904662376e-01
-6.732991903272337320e-01
-6.681772542313317853e-01
-6.618557158544506880e-01
-6.553239557436646434e-01
-6.499079460372993999e-01
-6.470786960002266053e-01
-6.481740338265934431e-01
-6.540734727553420003e-01
-6.648852137968056519e-01
-6.797121342413814382e-01
-6.965582254545926721e-01
-7.124221986519055916e-01
-7.236073654565081670e-01
-7.262593047885392838e-01
-7.171183012876235496e-01
-6.944255681186188855e-01
-6.588377196102142008e-01
-6.140970877286381358e-01
-5.671352824393363079e-01
-5.273392232256374212e-01
-5.049294679770575112e-01
-5.087298822924133379e-01
-5.438836442344209265e-01
-6.101278915387123858e-01
-7.010198712036022073e-01
-8.041041129710650992e-01
-9.016551465230887574e-01
-9.716389261130654598e-01
-9.891276916136215736e-01
-9.293680555913542696e-01
-7.741097196335219310e-01
-5.212332331546449815e-01
-1.937452684735777864e-01
1.591764101845976331e-01
4.735640091593590340e-01
6.895513882661499228e-01
7.668496506891497866e-01
6.915000643475924802e-01
4.771059827019079602e-01
1.636407375812702902e-01
-1.892016039652420212e-01
-5.173815134702416385e-01
-7.714316990495846404e-01
-9.279883762607821218e-01
-9.888940587361332302e-01
-9.722557933708676492e-01
-9.027905545275008992e-01
-8.054480096447181880e-01
-7.023101125584166882e-01
-6.111647622538055602e-01
-5.445419487836308248e-01
-5.089663323332654921e-01
-5.047793886312668121e-01
-5.268996515000555769e-01
-5.665372273189009933e-01
-6.134742275322974114e-01
-6.582999168331427065e-01
-6.940430752923956170e-01
-7.169180888572633803e-01
-7.262310183980215106e-01
-7.237146162476986166e-01
-7.126151896193717583e-01
-6.967850621729627658e-01
-6.799275089005194506e-01
-6.650560197872581458e-01
-6.541813570773150621e-01
-6.482151654483788716e-01
-6.470612808330906685e-01
-6.498482616293315139e-01
-6.552418270575678383e-01
-6.617703281664897297e-01
-6.681039894305395022e-01
-6.732478435416072715e-01
-6.766329536626665142e-01
-6.781133834973134267e-01
-6.778921508661333029e-01
-6.764062930496803627e-01
-6.742004025786328958e-01
-6.718122578678441537e-01
-6.696861969600046427e-01
-6.681216681777442101e-01
-6.672571552056518751e-01
-6.670840899008304570e-01
-6.674817889571369456e-01
-6.682629929327263962e-01
-6.692200963933137015e-01
-6.701642084990846460e-01
-6.709521381656761152e-01
-6.714995537462967734e-01
-6.717813136281255426e-01
-6.718219001251638511e-01
-6.716798627469452443e-01
-6.714302541580559058e-01
-6.711484331036862150e-01
-6.708975865602608835e-01
-6.707211584855652386e-01
-6.706402886002493791e-01
-6.706555173502569689e-01
-6.707514842603177208e-01
-6.709031490714871815e-01
-6.710821552874601803e-01
-6.712622535523298239e-01
-6.714231106258845561e-01
-6.715522548304428962e-01
-6.716452755445894152e-01
-6.717046548858726096e-01
-6.717377457654379880e-01
-6.717544291042720772e-01
-6.717649092908976050e-01
-6.717779753471068149e-01
-6.717999013751262405e-01
-6.718340143106800166e-01
-6.718808416257957550e-01
-6.719386780244955837e-01
-6.720043803417967698e-01
-6.720742081571363657e-01
-6.721445635659279993e-01
-6.722125346385899869e-01
-6.722762014003789144e-01
-6.723347111208877180e-01
-6.723881650985893410e-01
-6.724373792994359222e-01
-6.724835866002389917e-01
-6.725281417026440778e-01
-6.725722749941671630e-01
-6.726169230285276024e-01
-6.726626447258946540e-01
-6.727096167632108381e-01
-6.727576906814898283e-01
-6.728064885781683824e-01
-6.728555135148520661e-01
-6.729042539187495287e-01
-6.729522669022288683e-01
-6.729992321245780174e-01
-6.730449743030163523e-01
-6.730894578009601892e-01
-6.731327603261283432e-01
-6.731750344892104554e-01
-6.732164659581756361e-01
-6.732572355748209780e-01
-6.732974905815192201e-01
-6.733373275608941499e-01
-6.733767872815411559e-01
-6.734158597136192803e-01
-6.734544962289692460e-01
-6.734926254855057026e-01
-6.735301696444829789e-01
-6.735670582221994218e-01
-6.736032378280415456e-01
-6.736386770760481868e-01
-6.736733668936808472e-01
-6.737073171577674380e-01
-6.737405509954178529e-01
-6.737730981909345607e-01
-6.738049889833279682e-01
-6.738362492018438177e-01
-6.738668972620596165e-01
-6.738969431217767259e-01
-6.739263889450204381e-01
-6.739552309883315440e-01
-6.739834621215977650e-01
-6.740110744155819456e-01
-6.740380613409289179e-01
-6.740644192896566578e-01
-6.740901483098096225e-01
-6.741152521030285838e-01
-6.741397374501514328e-01
-6.741636132910842072e-01
-6.741868896934068989e-01
-6.742095769098621627e-01
-6.742316846636015049e-01
-6.742532217286969498e-01
-6.742741958068174668e-01
-6.742946136497185439e-01
-6.743144813467384369e-01
-6.743338046872965341e-01
-6.743525895170182638e-01
-6.743708420267795489e-01
-6.743885689401485362e-01
-6.744057775904562790e-01
-6.744224758996656410e-01
-6.744386722848889626e-01
-6.744543755242369265e-01
-6.744695946126784136e-01
-6.744843386326238033e-01
-6.744986166553436080e-01
-6.745124376802078547e-01
-6.745258106107858698e-01
-6.745387442610990547e-01
-6.745512473821324573e-01
-6.745633286979660914e-01
-6.745749969420308245e-01
-6.745862608863680832e-01
-6.745971293596604301e-01
-6.746076112526260271e-01
-6.746177155117019097e-01
-6.746274511235548221e-01
-6.746368270938007949e-01
-6.746458524234295595e-01
-6.746545360860132234e-01
-6.746628870079822704e-01
-6.746709140533148075e-01
-6.746786260130442914e-01
-6.746860315992027068e-01
-6.746931394422482908e-01
-6.746999580907392380e-01
-6.747064960119454335e-01
-6.747127615922694499e-01
-6.747187631366392546e-01
-6.747245088664121093e-01
-6.747300069156974001e-01
-6.747352653263255506e-01
-6.747402920418891226e-01
-6.747450949013938937e-01
-6.747496816330441627e-01
-6.747540598485944896e-01
-6.747582370385495354e-01
-6.747622205683289076e-01
-6.747660176753654815e-01
-6.747696354669869834e-01
-6.747730809188686729e-01
-6.747763608738237551e-01
-6.747794820407330141e-01
-6.747824509934672310e-01
-6.747852741697244472e-01
-6.747879578697664193e-01
-6.747905082551021172e-01
-6.747929313471825452e-01
-6.747952330261979270e-01
-6.747974190300508601e-01
-6.747994949535652820e-01
-6.748014662479631109e-01
-6.748033382206132247e-01
-6.748051160350400091e-01
-6.748068047111573931e-01
-6.748084091256937311e-01
-6.748099340127741153e-01
-6.748113839646222578e-01
-6.748127634323687341e-01
-6.748140767269440454e-01
-6.748153280200536175e-01
-6.748165213452392841e-01
-6.748176605990264809e-01
-6.748187495421676951e-01
-6.748197918009798402e-01
-6.748207908687838819e-01
-6.748217501074412761e-01
-6.748226727489878840e-01
-6.748235618973528194e-01
-6.748244205301616727e-01
-6.748252515006075702e-01
-6.748260575393866256e-01
-6.748268412566897911e-01
-6.748276051442343437e-01
-6.748283515773418895e-01
-6.748290828170461220e-01
-6.748298010122312229e-01
-6.748305082017936884e-01
-6.748312063168276920e-01
-6.748318971828278778e-01
-6.748325825219065877e-01
-6.748332639550225220e-01
-6.748339430042122888e-01
-6.748346210948299451e-01
-6.748352995577777680e-01
-6.748359796317335846e-01
-6.748366624653658885e-01
-6.748373491195305274e-01
-6.748380405694472950e-01
-6.748387377068485460e-01
-6.748394413421023863e-01
-6.748401522062986713e-01
-6.748408709533035843e-01
-6.748415981617712500e-01
-6.748423343371140470e-01
-6.748430799134281788e-01
-6.748438352553705055e-01
-6.748446006599864155e-01
-6.748453763584791876e-01
-6.748461625179263956e-01
-6.748469592429372499e-01
-6.748477665772485423e-01
-6.748485845052542009e-01
-6.748494129534724495e-01
-6.748502517919430232e-01
-6.748511008355541074e-01
-6.748519598453002200e-01
-6.748528285294659312e-01
-6.748537065447337557e-01
-6.748545934972199900e-01
-6.748554889434302817e-01
-6.748563923911391482e-01
