-6.748574866880250323e-01
-6.748583844258757569e-01
-6.748592868529481592e-01
-6.748601933046044499e-01
-6.748611030681636036e-01
-6.748620153832960433e-01
-6.748629294423417191e-01
-6.748638443905520257e-01
-6.748647593262526723e-01
-6.748656733009325004e-01
-6.748665853192551412e-01
-6.748674943389955105e-01
-6.748683992708974788e-01
-6.748692989784610408e-01
-6.748701922776527695e-01
-6.748710779365436618e-01
-6.748719546748789266e-01
-6.748728211635705021e-01
-6.748736760241293986e-01
-6.748745178280276535e-01
-6.748753450959947831e-01
-6.748761562972528383e-01
-6.748769498486851814e-01
-6.748777241139479743e-01
-6.748784774025233801e-01
-6.748792079687102596e-01
-6.748799140105634642e-01
-6.748805936687777285e-01
-6.748812450255243789e-01
-6.748818661032390809e-01
-6.748824548633693965e-01
-6.748830092050840390e-01
-6.748835269639470447e-01
-6.748840059105565281e-01
-6.748844437491593462e-01
-6.748848381162280141e-01
-6.748851865790138627e-01
-6.748854866340701086e-01
-6.748857357057558293e-01
-6.748859311447152898e-01
-6.748860702263472788e-01
-6.748861501492712245e-01
-6.748861680337915336e-01
-6.748861209203783629e-01
-6.748860057681597135e-01
-6.748858194534307353e-01
-6.748855587681795720e-01
-6.748852204186192028e-01
-6.748848010237268324e-01
-6.748842971137849478e-01
-6.748837051289282574e-01
-6.748830214177105047e-01
-6.748822422357092510e-01
-6.748813637441986035e-01
-6.748803820089122052e-01
-6.748792929989254619e-01
-6.748780925856581181e-01
-6.748767765419918518e-01
-6.748753405414669171e-01
-6.748737801575157569e-01
-6.748720908626734127e-01
-6.748702680277257615e-01
-6.748683069207767060e-01
-6.748662027062685143e-01
-6.748639504440314685e-01
-6.748615450884875022e-01
-6.748589814881650328e-01
-6.748562543856609919e-01
-6.748533584181465317e-01
-6.748502881184111901e-01
-6.748470379163303834e-01
-6.748436021405136431e-01
-6.748399750198087466e-01
-6.748361506843154611e-01
-6.748321231656195796e-01
-6.748278863961482132e-01
-6.748234342077757963e-01
-6.748187603301066817e-01
-6.748138583891093445e-01
-6.748087219069136555e-01
-6.748033443035565959e-01
-6.747977189012036581e-01
-6.747918389309097709e-01
-6.747856975413897285e-01
-6.747792878086470436e-01
-6.747726027448338604e-01
-6.747656353045369260e-01
-6.747583783869425256e-01
-6.747508248330369440e-01
-6.747429674181234516e-01
-6.747347988412391029e-01
-6.747263117142870970e-01
-6.747174985544973635e-01
-6.747083517839043143e-01
-6.746988637386801546e-01
-6.746890266894043364e-01
-6.746788328709233395e-01
-6.746682745178260721e-01
-6.746573438993473948e-01
-6.746460333463837333e-01
-6.746343352637481638e-01
-6.746222421230552158e-01
-6.746097464354935402e-01
-6.745968407085746188e-01
-6.745835173957123176e-01
-6.745697688509871837e-01
-6.745555873025187443e-01
-6.745409648558240434e-01
-6.745258935332754113e-01
-6.745103653480393202e-01
-6.744943724022004483e-01
-6.744779069912247849e-01
-6.744609616925958395e-01
-6.744435294170841866e-01
-6.744256034073565775e-01
-6.744071771798170190e-01
-6.743882444195549164e-01
-6.743687988517736986e-01
-6.743488341222774185e-01
-6.743283437212348463e-01
-6.743073209766788922e-01
-6.742857591275444040e-01
-6.742636514637121437e-01
-6.742409914980150853e-01
-6.742177731193521595e-01
-6.741939906733339649e-01
-6.741696389312862303e-01
-6.741447129397492022e-01
-6.741192077853228604e-01
-6.740931183532368198e-01
-6.740664391884522155e-01
-6.740391645712791036e-01
-6.740112888853589945e-01
-6.739828072825380101e-01
-6.739537165462021751e-01
-6.739240159437672739e-01
-6.738937077717596091e-01
-6.738627972686219714e-01
-6.738312916313219381e-01
-6.737991980368395195e-01
-6.737665208287656471e-01
-6.737332583422127597e-01
-6.736994001374815300e-01
-6.736649256047757550e-01
-6.736298048968886176e-01
-6.735940028742815056e-01
-6.735574861855893047e-01
-6.735202328047651399e-01
-6.734822424330515478e-01
-6.734435453528869742e-01
-6.734042068400821757e-01
-6.733643243443400150e-01
-6.733240155117926617e-01
-6.732833967855432755e-01
-6.732425546286335827e-01
-6.732015140003891895e-01
-6.731602110211576395e-01
-6.731184781072209189e-01
-6.730760495903114204e-01
-6.730325934853667036e-01
-6.729877705310257641e-01
-6.729413153021049920e-01
-6.728931270538833775e-01
-6.728433514889528011e-01
-6.727924306348745942e-01
-6.727410982534409722e-01
-6.726903039722883504e-01
-6.726410610111824839e-01
-6.725942290344129049e-01
-6.725502628729386201e-01
-6.725089758310837107e-01
-6.724693783447371898e-01
-6.724296541742438293e-01
-6.723873234487218742e-01
-6.723396133426141619e-01
-6.722840148466443511e-01
-6.722189537027382089e-01
-6.721444544546226751e-01
-6.720626406236271944e-01
-6.719779036931811111e-01
-6.718965991071266242e-01
-6.718261938139342693e-01
-6.717738939519911634e-01
-6.717449102831508645e-01
-6.717406505333836098e-01
-6.717572322439415711e-01
-6.717847549490536530e-01
-6.718077285430192891e-01
-6.718069093959794236e-01
-6.717625496835376575e-01
-6.716587446040813703e-01
-6.714882173053222658e-01
-6.712565835856039165e-01
-6.709849697101698540e-01
-6.707098944160662102e-01
-6.704796239575294692e-01
-6.703467764245520932e-01
-6.703577380027329058e-01
-6.705403426087077623e-01
-6.708920834864861016e-01
-6.713716654597261524e-01
-6.718967720672174293e-01
-6.723503683679973308e-01
-6.725966380981508452e-01
-6.725058384672326639e-01
-6.719851635001236057e-01
-6.710104950352270281e-01
-6.696521684895769821e-01
-6.680871368962378876e-01
-6.665906976121914740e-01
-6.655035782185422244e-01
-6.651746156259255027e-01
-6.658849495395542384e-01
-6.677655245793928662e-01
-6.707243812979644115e-01
-6.744023885457508527e-01
-6.781748151441451267e-01
-6.812111497342054900e-01
-6.825970734923468841e-01
-6.815109865997331928e-01
-6.774337300078810964e-01
-6.703555140377572830e-01
-6.609314294178525451e-01
-6.505311818562355963e-01
-6.411359455614178415e-01
-6.350597869564674758e-01
-6.345134557101034245e-01
-6.410748379566411081e-01
-6.551676018410571567e-01
-6.756635391668293078e-01
-6.997105665165136434e-01
-7.228565311571228946e-01
-7.395063325816757516e-01
-7.437276217998549654e-01
-7.303963951249851094e-01
-6.966084939780274876e-01
-6.431358933007466083e-01
-5.754957344863670388e-01
-5.040511528212229253e-01
-4.426682488084769385e-01
-4.059074393345263876e-01
-4.053676676130238965e-01
-4.462673267549409628e-01
-5.253447997859613805e-01
-6.306695109533545507e-01
-7.431939302209464859e-01
-8.392510368271197674e-01
-8.931985716970083367e-01
-8.802350118217722175e-01
-7.804648295614640130e-01
-5.851815293230504533e-01
-3.039803274609506056e-01
3.211154134149258460e-02
3.766167527623905387e-01
6.819607283366984074e-01
9.136633050804956468e-01
1.055197599886030790e+00
1.102698822398132883e+00
1.056232040658745541e+00
9.157314431552223688e-01
6.849745791074307588e-01
3.803022767412175820e-01
3.599361531669959674e-02
-3.004625560568038867e-01
-5.824865218331540806e-01
-7.788226425101658634e-01
-8.796381984007178856e-01
-8.934726628945079963e-01
-8.401369669964895426e-01
-7.444058605152302777e-01
-6.319299322026282750e-01
-5.264124530422078507e-01
-4.469655521761650707e-01
-4.056082037112541672e-01
-4.056995110856900788e-01
-4.421066446217122858e-01
-5.032852672316423526e-01
-5.746890667642027273e-01
-6.424286793190632228e-01
-6.960936040831700033e-01
-7.301120491293179304e-01
-7.436639122559639548e-01
-7.396193284796768186e-01
-7.230841943730280663e-01
-6.999869593084021568e-01
-6.759298632579929800e-01
-6.553796921327069702e-01
-6.412070721525802153e-01
-6.345591854248384678e-01
-6.350286826697983944e-01
-6.410490744733007284e-01
-6.504150025071984142e-01
-6.608119901998544821e-01
-6.702539194269624412e-01
-6.773634791740522632e-01
-6.814772708167443627e-01
-6.825977044946371919e-01
-6.812385627647851161e-01
-6.782185424036911714e-01
-6.744514755720146804e-01
-6.707693587864176354e-01
-6.677997074203114725e-01
-6.659049887593070371e-01
-6.651803628722418038e-01
-6.654974243139345491e-01
-6.665766060330861054e-01
-6.680696046579942537e-01
-6.696353145637493620e-01
-6.709974128317652831e-01
-6.719775971747025123e-01
-6.725041708085873760e-01
-6.726001237393444132e-01
-6.723575163981052594e-01
-6.719057766365161832e-01
-6.713807969258323016e-01
-6.708999790029912536e-01
-6.705461663873147904e-01
-6.703612112636602172e-01
-6.703481004387142894e-01
-6.704793337895389449e-01
-6.707086853430286322e-01
-6.709835340459517905e-01
-6.712554853587678894e-01
-6.714878191194522117e-01
-6.716591881331828162e-01
-6.717637810007405230e-01
-6.718087340525016327e-01
-6.718098792912945427e-01
-6.717869566452178143e-01
-6.717592526165758748e-01
-6.717423308048894315e-01
-6.717461748128974452e-01
-6.717747421859644463e-01
-6.718266803451301561e-01
-6.718968084714674882e-01
-6.719779258934291954e-01
-6.720625517569096541e-01
-6.721443047663059334e-01
-6.722187634029124226e-01
-6.722837764734724830e-01
-6.723392985318329407e-01
-6.723868916920114902e-01
-6.724290614089016849e-01
-6.724685838233953605e-01
-6.725079464635423943e-01
-6.725489749304170983e-01
-6.725926676347536715e-01
-6.726392181043500118e-01
-6.726881756228239029e-01
-6.727386819182148425e-01
-6.727897229304672377e-01
-6.728403467047224806e-01
-6.728898164517571612e-01
-6.729376870879379968e-01
-6.729838102976175573e-01
-6.730282849077035001e-01
-6.730713751815643464e-01
-6.731134198976352900e-01
-6.731547510815184543e-01
-6.731956347833321086e-01
-6.732362391377336719e-01
-6.732766286029187031e-01
-6.733167787228996337e-01
-6.733566033982967269e-01
-6.733959863794672929e-01
-6.734348100413924954e-01
-6.734729768038065778e-01
-6.735104211466511615e-01
-6.735471124788888764e-01
-6.735830507802731404e-01
-6.736182577987409603e-01
-6.736527666901575007e-01
-6.736866125078774248e-01
-6.737198251311056207e-01
-6.737524253112608941e-01
-6.737844237168496564e-01
-6.738158222982948420e-01
-6.738466170226455887e-01
-6.738768010222098148e-01
-6.739063673912061292e-01
-6.739353111591891432e-01
-6.739636302802856083e-01
-6.739913257342310393e-01
-6.740184009989258485e-01
-6.740448612150192753e-01
-6.740707123355437203e-01
-6.740959604678444794e-01
-6.741206115058854254e-01
-6.741446710495452299e-01
-6.741681445351916935e-01
-6.741910374680077922e-01
-6.742133556494349644e-01
-6.742351053227655377e-01
-6.742562932025297773e-01
-6.742769263951450265e-01
-6.742970122489914120e-01
-6.743165581862161639e-01
-6.743355715659400396e-01
-6.743540596130888076e-01
-6.743720294250499236e-01
-6.743894880464905706e-01
-6.744064425863677270e-01
-6.744229003435697756e-01
-6.744388689092247757e-01
-6.744543562227501843e-01
-6.744693705719562171e-01
-6.744839205412478389e-01
-6.744980149229592437e-01
-6.745116626130225335e-01
-6.745248725128064615e-01
-6.745376534547409264e-01
-6.745500141619170664e-01
-6.745619632433275115e-01
-6.745735092187714610e-01
-6.745846605622459746e-01
-6.745954257505720753e-01
-6.746058133050485406e-01
-6.746158318173328672e-01
-6.746254899554394724e-01
-6.746347964505291506e-01
-6.746437600689951797e-01
-6.746523895766118883e-01
-6.746606937019956618e-01
-6.746686811055249144e-01
-6.746763603577053958e-01
-6.746837399283702741e-01
-6.746908281856898171e-01
-6.746976334022157795e-01
-6.747041637643170775e-01
-6.747104273814220621e-01
-6.747164322922513113e-01
-6.747221864664432189e-01
-6.747276978012655135e-01
-6.747329741142213955e-01
-6.747380231330771805e-01
-6.747428524851050158e-01
-6.747474696871601507e-01
-6.747518821377584963e-01
-6.747560971117014805e-01
-6.747601217571977950e-01
-6.747639630949694434e-01
-6.747676280185760378e-01
-6.747711232951403293e-01
-6.747744555658037324e-01
-6.747776313454851849e-01
-6.747806570217947941e-01
-6.747835388532104073e-01
-6.747862829667926610e-01
-6.747888953557822367e-01
-6.747913818774107231e-01
-6.747937482511696672e-01
-6.747960000576549433e-01
-6.747981427379970976e-01
-6.748001815937878511e-01
-6.748021217873620969e-01
-6.748039683422810686e-01
-6.748057261438989984e-01
-6.748073999399196721e-01
-6.748089943409242286e-01
-6.748105138208756459e-01
-6.748119627176470958e-01
-6.748133452336259053e-01
-6.748146654364408636e-01
-6.748159272598435177e-01
-6.748171345047603298e-01
-6.748182908405003788e-01
-6.748193998061012833e-01
-6.748204648117847038e-01
-6.748214891404932247e-01
-6.748224759494872993e-01
-6.748234282719896004e-01
-6.748243490188737814e-01
-6.748252409803977558e-01
-6.748261068279796104e-01
-6.748269491160296951e-01
-6.748277702838364478e-01
-6.748285726575014021e-01
-6.748293584519197141e-01
-6.748301297727997694e-01
-6.748308886187105449e-01
-6.748316368831520640e-01
-6.748323763566342892e-01
-6.748331087287664509e-01
-6.748338355903457098e-01
-6.748345584354479287e-01
-6.748352786635158918e-01
-6.748359975814436362e-01
-6.748367164056524592e-01
-6.748374362641604840e-01
-6.748381581986310218e-01
-6.748388831664084986e-01
-6.748396120425259603e-01
-6.748403456216849339e-01
-6.748410846202045343e-01
-6.748418296779288283e-01
-6.748425813600981149e-01
-6.748433401591777958e-01
-6.748441064966403946e-01
-6.748448807247017234e-01
-6.748456631280078666e-01
-6.748464539252699845e-01
-6.748472532708448268e-01
-6.748480612562609560e-01
-6.748488779116811331e-01
-6.748497032073064172e-01
-6.748505370547159821e-01
-6.748513793081409862e-01
-6.748522297656709412e-01
-6.748530881703909134e-01
-6.748539542114504464e-01
-6.748548275250578765e-01
-6.748557076954048162e-01
-6.748565942555159181e-01
