-6.748571144928324772e-01
-6.748580492173191780e-01
-6.748589913975546750e-01
-6.748599403408094277e-01
-6.748608953109999087e-01
-6.748618555290920584e-01
-6.748628201734199195e-01
-6.748637883799148973e-01
-6.748647592422563068e-01
-6.748657318119332116e-01
-6.748667050982266602e-01
-6.748676780681063248e-01
-6.748686496460455375e-01
-6.748696187137551705e-01
-6.748705841098348035e-01
-6.748715446293448439e-01
-6.748724990233040399e-01
-6.748734459981018396e-01
-6.748743842148432481e-01
-6.748753122886129718e-01
-6.748762287876713950e-01
-6.748771322325786137e-01
-6.748780210952489700e-01
-6.748788937979401936e-01
-6.748797487121755978e-01
-6.748805841576057674e-01
-6.748813984008065203e-01
-6.748821896540206922e-01
-6.748829560738413003e-01
-6.748836957598449704e-01
-6.748844067531700741e-01
-6.748850870350505682e-01
-6.748857345253039819e-01
-6.748863470807774378e-01
-6.748869224937575906e-01
-6.748874584903471474e-01
-6.748879527288118574e-01
-6.748884027979018541e-01
-6.748888062151476852e-01
-6.748891604251398002e-01
-6.748894627977886085e-01
-6.748897106265697721e-01
-6.748899011267558423e-01
-6.748900314336407913e-01
-6.748900986007558833e-01
-6.748900995980852136e-01
-6.748900313102854653e-01
-6.748898905349184352e-01
-6.748896739806996559e-01
-6.748893782657791052e-01
-6.748889999160583297e-01
-6.748885353635507567e-01
-6.748879809447920763e-01
-6.748873328993053589e-01
-6.748865873681166860e-01
-6.748857403923197440e-01
-6.748847879116869342e-01
-6.748837257633156783e-01
-6.748825496803115831e-01
-6.748812552905060214e-01
-6.748798381152149028e-01
-6.748782935680579520e-01
-6.748766169538541471e-01
-6.748748034676327334e-01
-6.748728481937876778e-01
-6.748707461054122003e-01
-6.748684920638423623e-01
-6.748660808184171467e-01
-6.748635070064504804e-01
-6.748607651533835572e-01
-6.748578496730696097e-01
-6.748547548681176345e-01
-6.748514749302287896e-01
-6.748480039404554098e-01
-6.748443358693522187e-01
-6.748404645770279542e-01
-6.748363838131605785e-01
-6.748320872171066354e-01
-6.748275683182817231e-01
-6.748228205370255806e-01
-6.748178371861626168e-01
-6.748126114734168679e-01
-6.748071365047537684e-01
-6.748014052885784597e-01
-6.747954107405639279e-01
-6.747891456887215034e-01
-6.747826028782027974e-01
-6.747757749752769652e-01
-6.747686545699718152e-01
-6.747612341770568012e-01
-6.747535062353386959e-01
-6.747454631056497565e-01
-6.747370970683347347e-01
-6.747284003214478743e-01
-6.747193649811263905e-01
-6.747099830856320146e-01
-6.747002466042676394e-01
-6.746901474517474906e-01
-6.746796775076618902e-01
-6.746688286395372547e-01
-6.746575927268211315e-01
-6.746459616821998129e-01
-6.746339274661776741e-01
-6.746214820911489163e-01
-6.746086176123442524e-01
-6.745953261051127470e-01
-6.745815996308031082e-01
-6.745674301966547715e-01
-6.745528097180398808e-01
-6.745377299934128823e-01
-6.745221827027243489e-01
-6.745061594383054970e-01
-6.744896517730185614e-01
-6.744726513640219023e-01
-6.744551500824912393e-01
-6.744371401513300501e-01
-6.744186142659399641e-01
-6.743995656693887453e-01
-6.743799881545468056e-01
-6.743598759731356251e-01
-6.743392236454346378e-01
-6.743180256836021069e-01
-6.742962762637227936e-01
-6.742739689030223804e-01
-6.742510962144139253e-01
-6.742276498156822839e-01
-6.742036204608971017e-01
-6.741789984346648890e-01
-6.741537742061173288e-01
-6.741279392833416928e-01
-6.741014871484897197e-01
-6.740744141006970169e-01
-6.740467198018017525e-01
-6.740184073219083194e-01
-6.739894825279808543e-01
-6.739599527522917022e-01
-6.739298248127584268e-01
-6.738991026174180332e-01
-6.738677847433743873e-01
-6.738358625018987524e-01
-6.738033190488658120e-01
-6.737701300413839745e-01
-6.737362661587117385e-01
-6.737016975011077546e-01
-6.736663994838978375e-01
-6.736303594136874295e-01
-6.735935825512140429e-01
-6.735560962258558826e-01
-6.735179505621312623e-01
-6.734792146768709964e-01
-6.734399678310482029e-01
-6.734002859345982195e-01
-6.733602248970702586e-01
-6.733198034144083355e-01
-6.732789886544333635e-01
-6.732376887042066382e-01
-6.731957553517662340e-01
-6.731529996525377202e-01
-6.731092207677304984e-01
-6.730642459198539207e-01
-6.730179763387970082e-01
-6.729704312926745313e-01
-6.729217803492603123e-01
-6.728723535543417178e-01
-6.728226207892111788e-01
-6.727731354663526453e-01
-6.727244438230212120e-01
-6.726769687551981125e-01
-6.726308852469268240e-01
-6.725860113894417402e-01
-6.725417429016553594e-01
-6.724970581874305520e-01
-6.724506140137289645e-01
-6.724009385090111701e-01
-6.723467092963628655e-01
-6.722870826124690558e-01
-6.722220180590831040e-01
-6.721525280299084359e-01
-6.720807759352712685e-01
-6.720099573801437964e-01
-6.719439257047014058e-01
-6.718865669327452883e-01
-6.718409845187764962e-01
-6.718086127467192137e-01
-6.717884274674211786e-01
-6.717764508510915000e-01
-6.717657407468952124e-01
-6.717470067492743446e-01
-6.717099025575247184e-01
-6.716449149470858915e-01
-6.715456206627947733e-01
-6.714109396657508277e-01
-6.712469082002396892e-01
-6.710674608276465669e-01
-6.708937740005315176e-01
-6.707518990719201213e-01
-6.706686943610005169e-01
-6.706664245496725130e-01
-6.707567775311490399e-01
-6.709353808822197118e-01
-6.711781005217336560e-01
-6.714403966248673195e-01
-6.716607421476418205e-01
-6.717685601122452832e-01
-6.716963386887416787e-01
-6.713946253488269900e-01
-6.708476266091722984e-01
-6.700863405506534143e-01
-6.691957468385897334e-01
-6.683127875029505338e-01
-6.676128440993892577e-01
-6.672841806009092158e-01
-6.674922238352646309e-01
-6.683382425432851104e-01
-6.698194490995744710e-01
-6.717992065264075663e-01
-6.739963601423369921e-01
-6.760013778197964118e-01
-6.773238408549943079e-01
-6.774709530575367955e-01
-6.760504084812595238e-01
-6.728837477311291337e-01
-6.681092996244594184e-01
-6.622487037767536000e-01
-6.562102170316890248e-01
-6.512078804479940475e-01
-6.485892765852134811e-01
-6.495846053739928738e-01
-6.550117281750378329e-01
-6.649894436393770647e-01
-6.787191809148993560e-01
-6.943917721253018982e-01
-7.092638468025863618e-01
-7.199328731660274983e-01
-7.228233160156811721e-01
-7.148730819829229866e-01
-6.943656737440854210e-01
-6.617781823240345140e-01
-6.204200178926863041e-01
-5.765717650629392788e-01
-5.388717434164140840e-01
-5.168846217595557402e-01
-5.190771603923777233e-01
-5.506839995442744939e-01
-6.120210294108417992e-01
-6.976311220874178431e-01
-7.962971195939618774e-01
-8.916296267109601326e-01
-9.629138065244817746e-01
-9.863937500348437526e-01
-9.380427856214413884e-01
-7.993309226419450519e-01
-5.662640402716343502e-01
-2.584407705240133746e-01
7.862398197448922099e-02
3.829633532556921405e-01
5.941952224834493590e-01
6.702218174563374653e-01
5.961257176560418314e-01
3.864411918789351641e-01
8.294855088164389267e-02
-2.541142381594757027e-01
-5.626718772561092319e-01
-7.969030647407739920e-01
-9.368606940450633358e-01
-9.862824042839158922e-01
-9.635734941498211859e-01
-8.927366469952554562e-01
-7.975578678901207308e-01
-6.988059107377047052e-01
-6.129361675039782797e-01
-5.512398063696546391e-01
-5.192502671278919069e-01
-5.167204247982121190e-01
-5.384657951059165226e-01
-5.760435167207448304e-01
-6.198855337354941542e-01
-6.613286511450682248e-01
-6.940559290701329154e-01
-7.147205097413620312e-01
-7.228144703089888212e-01
-7.200339425253249326e-01
-7.094316140309030461e-01
-6.945829613920270207e-01
-6.788972537330197898e-01
-6.651286488575226530e-01
-6.550985890537115441e-01
-6.496172295251622097e-01
-6.485750300236932109e-01
-6.511600924653009326e-01
-6.561446313710834755e-01
-6.621803211886913010e-01
-6.680500707073410149e-01
-6.728413239422750269e-01
-6.760279148088881307e-01
-6.774675667967116066e-01
-6.773358730124942051e-01
-6.760235495011767126e-01
-6.740230189647454795e-01
-6.718253074296656191e-01
-6.698412066601346915e-01
-6.683534344291981455e-01
-6.675001811816304587e-01
-6.672855387409264427e-01
-6.676091461579193309e-01
-6.683060351732279525e-01
-6.691879801230400382e-01
-6.700793058085100506e-01
-6.708425653013726508e-01
-6.713921896701138259e-01
-6.716966189480659821e-01
-6.717711946314691707e-01
-6.716650741529308632e-01
-6.714456432329265478e-01
-6.711835047379495212e-01
-6.709403264639434150e-01
-6.707608566228573377e-01
-6.706694574660663211e-01
-6.706707085119074652e-01
-6.707530790203029003e-01
-6.708943967656039176e-01
-6.710678300048087408e-01
-6.712472978581237593e-01
-6.714115551151959016e-01
-6.715465789481920300e-01
-6.716462440630515118e-01
-6.717115555042900699e-01
-6.717488848980032179e-01
-6.717677206118499722e-01
-6.717784090605142255e-01
-6.717902601494115666e-01
-6.718102473061495772e-01
-6.718423835062856675e-01
-6.718877251097074010e-01
-6.719448623170081181e-01
-6.720107060186989445e-01
-6.720813742378114464e-01
-6.721530089962461929e-01
-6.722224040741080486e-01
-6.722873825602123654e-01
-6.723469185353265765e-01
-6.724010410476742861e-01
-6.724505860078875408e-01
-6.724968718648317578e-01
-6.725413701591063109e-01
-6.725854265417233746e-01
-6.726300666725608668e-01
-6.726758994285377824e-01
-6.727231109091941219e-01
-6.727715292679590231e-01
-6.728207333710979343e-01
-6.728701773475329606e-01
-6.729193069668994998e-01
-6.729676507013365727e-01
-6.730148764374794812e-01
-6.730608125013375354e-01
-6.731054377818791457e-01
-6.731488496617863415e-01
-6.731912200639325050e-01
-6.732327494819593250e-01
-6.732736269275324537e-01
-6.733140009531495274e-01
-6.733539639369539032e-01
-6.733935491683584740e-01
-6.734327383019679258e-01
-6.734714756158075577e-01
-6.735096852105622034e-01
-6.735472876803801912e-01
-6.735842136538493508e-01
-6.736204126996513386e-01
-6.736558571867260481e-01
-6.736905416056996332e-01
-6.737244784871576631e-01
-6.737576923544522645e-01
-6.737902131472920386e-01
-6.738220703152567603e-01
-6.738532883991739109e-01
-6.738838844880951084e-01
-6.739138675425073721e-01
-6.739432392686832696e-01
-6.739719960447957403e-01
-6.740001313396624116e-01
-6.740276381113970983e-01
-6.740545107938840097e-01
-6.740807466368682332e-01
-6.741063463258143429e-01
-6.741313139433240398e-01
-6.741556564280914987e-01
-6.741793827340955003e-01
-6.742025028952446375e-01
-6.742250271688934316e-01
-6.742469653786945516e-01
-6.742683265168001316e-01
-6.742891186091191091e-01
-6.743093488034364036e-01
-6.743290236130201620e-01
-6.743481492384251208e-01
-6.743667318951878098e-01
-6.743847780907432643e-01
-6.744022948151783270e-01
-6.744192896326197673e-01
-6.744357706792996066e-01
-6.744517465882329255e-01
-6.744672263678909152e-01
-6.744822192635530067e-01
-6.744967346263374131e-01
-6.745107818079751905e-01
-6.745243700911028872e-01
-6.745375086568077272e-01
-6.745502065847005513e-01
-6.745624728765556855e-01
-6.745743164927612279e-01
-6.745857463912106056e-01
-6.745967715602614323e-01
-6.746074010403105836e-01
-6.746176439316868834e-01
-6.746275093893728814e-01
-6.746370066071527560e-01
-6.746461447949567702e-01
-6.746549331534645866e-01
-6.746633808495899887e-01
-6.746714969955246444e-01
-6.746792906328620276e-01
-6.746867707221761989e-01
-6.746939461374890090e-01
-6.747008256644276836e-01
-6.747074180005837585e-01
-6.747137317566064274e-01
-6.747197754568169392e-01
-6.747255575385342485e-01
-6.747310863497262279e-01
-6.747363701450176388e-01
-6.747414170803720523e-01
-6.747462352069626412e-01
-6.747508324647895073e-01
-6.747552166765574677e-01
-6.747593955422086509e-01
-6.747633766343392736e-01
-6.747671673945703219e-01
-6.747707751308146262e-01
-6.747742070152701332e-01
-6.747774700829404226e-01
-6.747805712304656423e-01
-6.747835172150885574e-01
-6.747863146536265955e-01
-6.747889700213829389e-01
-6.747914896509920046e-01
-6.747938797312342807e-01
-6.747961463058823606e-01
-6.747982952726534478e-01
-6.748003323823374977e-01
-6.748022632381530661e-01
-6.748040932953609516e-01
-6.748058278611458460e-01
-6.748074720947517813e-01
-6.748090310078471710e-01
-6.748105094650838076e-01
-6.748119121848197288e-01
-6.748132437399700922e-01
-6.748145085589639658e-01
-6.748157109267922671e-01
-6.748168549861399690e-01
-6.748179447385994623e-01
-6.748189840459711819e-01
-6.748199766316558268e-01
-6.748209260821399491e-01
-6.748218358485835733e-01
-6.748227092485028500e-01
-6.748235494675490775e-01
-6.748243595613770962e-01
-6.748251424575935076e-01
-6.748259009577749490e-01
-6.748266377395496507e-01
-6.748273553587290641e-01
-6.748280562514855641e-01
-6.748287427365666780e-01
-6.748294170175397344e-01
-6.748300811850653780e-01
-6.748307372191939546e-01
-6.748313869916806595e-01
-6.748320322683140082e-01
-6.748326747112622925e-01
-6.748333158814237009e-01
-6.748339572407812126e-01
-6.748346001547588235e-01
-6.748352458945688914e-01
-6.748358956395517083e-01
-6.748365504795000858e-01
-6.748372114169616243e-01
-6.748378793695178901e-01
-6.748385551720360587e-01
-6.748392395788859188e-01
-6.748399332661240146e-01
-6.748406368336361538e-01
-6.748413508072356182e-01
-6.748420756407191856e-01
-6.748428117178713048e-01
-6.748435593544188649e-01
-6.748443187999313420e-01
-6.748450902396617712e-01
-6.748458737963279885e-01
-6.748466695318322550e-01
-6.748474774489179318e-01
-6.748482974927538791e-01
-6.748491295524547962e-01
-6.748499734625252877e-01
-6.748508290042338764e-01
-6.748516959069107424e-01
-6.748525738491687465e-01
-6.748534624600465159e-01
-6.748543613200751468e-01
-6.748552699622600848e-01
-6.748561878729854024e-01
