-6.748572168723485643e-01
-6.748579922084707583e-01
-6.748587597932785842e-01
-6.748595190587328707e-01
-6.748602693750300752e-01
-6.748610100509601084e-01
-6.748617403342158649e-01
-6.748624594116492403e-01
-6.748631664094798532e-01
-6.748638603934514757e-01
-6.748645403689402800e-01
-6.748652052810120150e-01
-6.748658540144326645e-01
-6.748664853936251484e-01
-6.748670981825858339e-01
-6.748676910847459798e-01
-6.748682627427928793e-01
-6.748688117384442631e-01
-6.748693365921757392e-01
-6.748698357629127065e-01
-6.748703076476768592e-01
-6.748707505811932794e-01
-6.748711628354614467e-01
-6.748715426192888334e-01
-6.748718880777938578e-01
-6.748721972918722001e-01
-6.748724682776363615e-01
-6.748726989858231384e-01
-6.748728873011772267e-01
-6.748730310418072920e-01
-6.748731279585191700e-01
-6.748731757341281945e-01
-6.748731719827543163e-01
-6.748731142491019019e-01
-6.748730000077326485e-01
-6.748728266623250649e-01
-6.748725915449358403e-01
-6.748722919152634336e-01
-6.748719249599108849e-01
-6.748714877916627275e-01
-6.748709774487680058e-01
-6.748703908942339513e-01
-6.748697250151326488e-01
-6.748689766219170272e-01
-6.748681424477488422e-01
-6.748672191478369831e-01
-6.748662032987936543e-01
-6.748650913980092092e-01
-6.748638798630555158e-01
-6.748625650311330659e-01
-6.748611431585670450e-01
-6.748596104203747892e-01
-6.748579629099091814e-01
-6.748561966385911992e-01
-6.748543075357329446e-01
-6.748522914484448298e-01
-6.748501441416147051e-01
-6.748478612979391666e-01
-6.748454385179808446e-01
-6.748428713202302420e-01
-6.748401551411548072e-01
-6.748372853352346823e-01
-6.748342571750045593e-01
-6.748310658511368354e-01
-6.748277064726354579e-01
-6.748241740672117350e-01
-6.748204635819317065e-01
-6.748165698841986915e-01
-6.748124877631206386e-01
-6.748082119312472926e-01
-6.748037370266146695e-01
-6.747990576149635045e-01
-6.747941681919461532e-01
-6.747890631851047871e-01
-6.747837369554118281e-01
-6.747781837982255171e-01
-6.747723979436169861e-01
-6.747663735561882925e-01
-6.747601047346691860e-01
-6.747535855117564596e-01
-6.747468098547766413e-01
-6.747397716677899782e-01
-6.747324647956502996e-01
-6.747248830303069767e-01
-6.747170201192618233e-01
-6.747088697756039588e-01
-6.747004256885842377e-01
-6.746916815332514306e-01
-6.746826309774619501e-01
-6.746732676846683985e-01
-6.746635853113465142e-01
-6.746535774987896250e-01
-6.746432378601875390e-01
-6.746325599652652771e-01
-6.746215373260326942e-01
-6.746101633880871029e-01
-6.745984315321021940e-01
-6.745863350893546162e-01
-6.745738673732782908e-01
-6.745610217261490682e-01
-6.745477915764253041e-01
-6.745341704985681197e-01
-6.745201522641145475e-01
-6.745057308712630872e-01
-6.744909005410540948e-01
-6.744756556719225804e-01
-6.744599907510551162e-01
-6.744439002300288699e-01
-6.744273783824074053e-01
-6.744104191704174411e-01
-6.743930161542043278e-01
-6.743751624781637588e-01
-6.743568509625080809e-01
-6.743380743137887823e-01
-6.743188254461481845e-01
-6.742990978781974176e-01
-6.742788861429771519e-01
-6.742581861263439169e-01
-6.742369952388058696e-01
-6.742153123332418341e-01
-6.741931373098701830e-01
-6.741704704005545556e-01
-6.741473111925723183e-01
-6.741236575276904341e-01
-6.740995044814904746e-01
-6.740748436731459625e-01
-6.740496631600008115e-01
-6.740239481207994654e-01
-6.739976824206055372e-01
-6.739708509851776164e-01
-6.739434427124499916e-01
-6.739154534471079039e-01
-6.738868883848881941e-01
-6.738577632041365950e-01
-6.738281032862079023e-01
-6.737979406101884949e-01
-6.737673082909346745e-01
-6.737362332372273110e-01
-6.737047279653800569e-01
-6.736727831057929272e-01
-6.736403624580905580e-01
-6.736074024584500775e-01
-6.735738175237852010e-01
-6.735395118947120618e-01
-6.735043973619881941e-01
-6.734684147804014254e-01
-6.734315558005584679e-01
-6.733938801085209702e-01
-6.733555230079657505e-01
-6.733166887190349392e-01
-6.732776264878321815e-01
-6.732385894837087381e-01
-6.731997802303665290e-01
-6.731612904143731146e-01
-6.731230465415880548e-01
-6.730847751282392766e-01
-6.730460010018406436e-01
-6.730060891618446783e-01
-6.729643342771733927e-01
-6.729200926852447751e-01
-6.728729408600513384e-01
-6.728228336127545228e-01
-6.727702271854419935e-01
-6.727161294697420191e-01
-6.726620440487289798e-01
-6.726097878983970935e-01
-6.725611841525638290e-01
-6.725176591645632973e-01
-6.724798029858389814e-01
-6.724469783903629372e-01
-6.724170788187315839e-01
-6.723865334836967023e-01
-6.723506335600462069e-01
-6.723042054645615995e-01
-6.722425890373663337e-01
-6.721627987293170570e-01
-6.720646686386499979e-01
-6.719517251181182926e-01
-6.718315123959403001e-01
-6.717151331247374069e-01
-6.716158656978495900e-01
-6.715468808800384437e-01
-6.715182848283222095e-01
-6.715339321225238800e-01
-6.715886369856973737e-01
-6.716665134217357780e-01
-6.717411486723601222e-01
-6.717781265030827731e-01
-6.717400597776614912e-01
-6.715937918810541696e-01
-6.713188485706901298e-01
-6.709156673808820415e-01
-6.704117296070106757e-01
-6.698636072459412949e-01
-6.693532310728628199e-01
-6.689774483171010422e-01
-6.688311417826796612e-01
-6.689856869924413196e-01
-6.694660782660856180e-01
-6.702313258403109764e-01
-6.711633594984226514e-01
-6.720693661703476263e-01
-6.727010551458129095e-01
-6.727917681805715144e-01
-6.721088138180768556e-01
-6.705143091925127585e-01
-6.680238132561990838e-01
-6.648490502092777588e-01
-6.614101601214591453e-01
-6.583052433945395521e-01
-6.562310968396386501e-01
-6.558586401803523369e-01
-6.576780437487066422e-01
-6.618394005497599819e-01
-6.680220751072368790e-01
-6.753675039428725935e-01
-6.825055927032138703e-01
-6.876946502172828213e-01
-6.890799429951159905e-01
-6.850562975211142991e-01
-6.746944452909612311e-01
-6.581590362183895593e-01
-6.370143033622714945e-01
-6.142960964967174586e-01
-5.942467778455945426e-01
-5.816756456274062570e-01
-5.810129666564068929e-01
-5.952337176185540368e-01
-6.248886624443615867e-01
-6.674627865127791271e-01
-7.171926613753605295e-01
-7.653687514341759313e-01
-8.011025995957923307e-01
-8.125997712116727056e-01
-7.890963797832124538e-01
-7.236032607263320759e-01
-6.162185533787613023e-01
-4.769868962891567477e-01
-3.265781527166425335e-01
-1.932926024182361202e-01
-1.064625567648310733e-01
-8.831690574362421886e-02
-1.472993592760310222e-01
-2.752132444287527235e-01
-4.491115413684907409e-01
-6.370963057706259258e-01
-8.054438455823299536e-01
-9.238707900564674391e-01
-9.674854070990223098e-01
-9.171501163786814903e-01
-7.618097523547606720e-01
-5.045458450956795682e-01
-1.691816617744937856e-01
1.996313806270078317e-01
5.470875616393597873e-01
8.245990463364242240e-01
1.000734913491668099e+00
1.061135703467148028e+00
1.002179439143940476e+00
8.273940861612582021e-01
5.509679299206616809e-01
2.041024259928278239e-01
-1.647798750530125866e-01
-5.008530460609398327e-01
-7.592610054931147046e-01
-9.159101787566269470e-01
-9.675021254478209931e-01
-9.249613295350145314e-01
-8.073427492727967003e-01
-6.394610482662395068e-01
-4.515282772182380167e-01
-2.772428674643057644e-01
-1.485652629954106185e-01
-8.859886152033288886e-02
-1.057541228290971441e-01
-1.917978836504500850e-01
-3.246479570169667483e-01
-4.750161233978464348e-01
-6.145426974049164048e-01
-7.224313133592262792e-01
-7.884958507327118893e-01
-8.125226496915923802e-01
-8.014283775423359790e-01
-7.659452458784064000e-01
-7.178667593852455786e-01
-6.681013876159676013e-01
-6.253923419421356655e-01
-5.955444106737711740e-01
-5.811154793699833121e-01
-5.815926745057085068e-01
-5.940282844076322233e-01
-6.140053828659938207e-01
-6.367139982641167872e-01
-6.578999603723184597e-01
-6.745091456710906597e-01
-6.849575197042511165e-01
-6.890630854718262643e-01
-6.877426508852857445e-01
-6.825946982113776373e-01
-6.754727154862081306e-01
-6.681214965693547114e-01
-6.619170966271297196e-01
-6.577253154058453344e-01
-6.558738583809802236e-01
-6.562184144481928438e-01
-6.582726206617913745e-01
-6.613671744303867284e-01
-6.648049103366576729e-01
-6.679858786596473141e-01
-6.704872602104553492e-01
-6.720944686613212760e-01
-6.727894280697985785e-01
-6.727081946785358202e-01
-6.720824710305915994e-01
-6.711787367895726275e-01
-6.702457587454881960e-01
-6.694772524374612566e-01
-6.689923700318217703e-01
-6.688331417266691892e-01
-6.689754075889463580e-01
-6.693483271451672323e-01
-6.698572311179893379e-01
-6.704052011781127529e-01
-6.709100273812811377e-01
-6.713147448151594032e-01
-6.715914575928966235e-01
-6.717393666570272703e-01
-6.717786865554071785e-01
-6.717424365550306309e-01
-6.716679840860161343e-01
-6.715898199390091250e-01
-6.715344917998760099e-01
-6.715180446166530981e-01
-6.715458149794764076e-01
-6.716140674501775987e-01
-6.717127704445478020e-01
-6.718287807133805911e-01
-6.719488063179277493e-01
-6.720617015598595589e-01
-6.721598635882843897e-01
-6.722397052572918197e-01
-6.723013402510988890e-01
-6.723477173508413118e-01
-6.723834781135613614e-01
-6.724137947208558286e-01
-6.724433881444593641e-01
-6.724758497447830274e-01
-6.725133096851493297e-01
-6.725564271288292373e-01
-6.726046289333971195e-01
-6.726564988702685710e-01
-6.727102169338774473e-01
-6.727639633026969435e-01
-6.728162273830636808e-01
-6.728659922204746069e-01
-6.729127924482953826e-01
-6.729566656269635461e-01
-6.729980301070513926e-01
-6.730375271556797712e-01
-6.730758622701626948e-01
-6.731136725738698923e-01
-6.731514365158947077e-01
-6.731894311908376283e-01
-6.732277333453419166e-01
-6.732662537118511148e-01
-6.733047911277000308e-01
-6.733430927359189688e-01
-6.733809087440950636e-01
-6.734180338252930831e-01
-6.734543313399627973e-01
-6.734897403374444647e-01
-6.735242681982829271e-01
-6.735579735212652297e-01
-6.735909444201942931e-01
-6.736232769571547374e-01
-6.736550573088830873e-01
-6.736863497928237132e-01
-6.737171913961593761e-01
-6.737475922070227385e-01
-6.737775402953521953e-01
-6.738070091827540464e-01
-6.738359660410010443e-01
-6.738643790717617765e-01
-6.738922230199525520e-01
-6.739194823319605288e-01
-6.739461519800938882e-01
-6.739722363616568179e-01
-6.739977469087580220e-01
-6.740226991124125266e-01
-6.740471095978798344e-01
-6.740709937301353483e-01
-6.740943640268648451e-01
-6.741172294555144440e-01
-6.741395955242857063e-01
-6.741614649645837343e-01
-6.741828387504329445e-01
-6.742037172033924497e-01
-6.742241009760896464e-01
-6.742439917764149193e-01
-6.742633927703766128e-01
-6.742823086701725810e-01
-6.743007455654153048e-01
-6.743187105850179108e-01
-6.743362114851594313e-01
-6.743532562487731807e-01
-6.743698527599717440e-01
-6.743860085893320644e-01
-6.744017308988686787e-01
-6.744170264533202452e-01
-6.744319017096476188e-01
-6.744463629500927482e-01
-6.744604164249826672e-01
-6.744740684777964512e-01
-6.744873256344683377e-01
-6.745001946491845368e-01
-6.745126825080905997e-01
-6.745247963990925744e-01
-6.745365436597322573e-01
-6.745479317160079091e-01
-6.745589680235171137e-01
-6.745696600192523373e-01
-6.745800150886388513e-01
-6.745900405487820217e-01
-6.745997436459492125e-01
-6.746091315634209495e-01
-6.746182114350181003e-01
-6.746269903598038908e-01
-6.746354754143488730e-01
-6.746436736602307027e-01
-6.746515921458281495e-01
-6.746592379026772335e-01
-6.746666179375360173e-01
-6.746737392217769802e-01
-6.746806086798321500e-01
-6.746872331781811338e-01
-6.746936195159612959e-01
-6.746997744177746226e-01
-6.747057045287873089e-01
-6.747114164118355184e-01
-6.747169165460116247e-01
-6.747222113260992193e-01
-6.747273070622699098e-01
-6.747322099795726169e-01
-6.747369262169157222e-01
-6.747414618254332641e-01
-6.747458227662732622e-01
-6.747500149079670440e-01
-6.747540440235906267e-01
-6.747579157879414202e-01
-6.747616357749234295e-01
-6.747652094552659685e-01
-6.747686421946594848e-01
-6.747719392522967263e-01
-6.747751057797932717e-01
-6.747781468204002708e-01
-6.747810673084382316e-01
-6.747838720688598135e-01
-6.747865658168922254e-01
-6.747891531577108193e-01
-6.747916385861242317e-01
-6.747940264862849480e-01
-6.747963211314325083e-01
-6.747985266836967755e-01
-6.748006471939860251e-01
-6.748026866019788406e-01
-6.748046487362384660e-01
-6.748065373144451762e-01
-6.748083559437533241e-01
-6.748101081212589669e-01
-6.748117972345649695e-01
-6.748134265624310402e-01
-6.748149992754967075e-01
-6.748165184370623626e-01
-6.748179870039233696e-01
-6.748194078272472529e-01
-6.748207836534946269e-01
-6.748221171253820927e-01
-6.748234107828839923e-01
-6.748246670642749079e-01
-6.748258883072104641e-01
-6.748270767498475431e-01
-6.748282345319983611e-01
-6.748293636963168529e-01
-6.748304661895113687e-01
-6.748315438635814623e-01
-6.748325984770692232e-01
-6.748336316963285952e-01
-6.748346450968011334e-01
-6.748356401642958691e-01
-6.748366182962727278e-01
-6.748375808031238376e-01
-6.748385289094493977e-01
-6.748394637553265518e-01
-6.748403863975692696e-01
-6.748412978109759042e-01
-6.748421988895615398e-01
-6.748430904477733527e-01
-6.748439732216874321e-01
-6.748448478701812858e-01
-6.748457149760832552e-01
-6.748465750472940616e-01
-6.748474285178795995e-01
-6.748482757491301998e-01
-6.748491170305881415e-01
-6.748499525810385258e-01
-6.748507825494632906e-01
-6.748516070159560343e-01
-6.748524259925939850e-01
-6.748532394242723331e-01
-6.748540471894913795e-01
-6.748548491011001627e-01
-6.748556449069966767e-01
-6.748564342907785729e-01
