-6.748575846167288450e-01
-6.748584685461760380e-01
-6.748593560230583543e-01
-6.748602463933768281e-01
-6.748611389533926141e-01
-6.748620329500183423e-01
-6.748629275811366401e-01
-6.748638219958447149e-01
-6.748647152946222194e-01
-6.748656065294266204e-01
-6.748664947037170680e-01
-6.748673787724026596e-01
-6.748682576417192047e-01
-6.748691301690352695e-01
-6.748699951625874993e-01
-6.748708513811443321e-01
-6.748716975336026547e-01
-6.748725322785159575e-01
-6.748733542235552108e-01
-6.748741619249051249e-01
-6.748749538865996822e-01
-6.748757285597918321e-01
-6.748764843419671200e-01
-6.748772195761005843e-01
-6.748779325497538117e-01
-6.748786214941242534e-01
-6.748792845830401399e-01
-6.748799199319085451e-01
-6.748805255966148220e-01
-6.748810995723789619e-01
-6.748816397925646582e-01
-6.748821441274522881e-01
-6.748826103829703715e-01
-6.748830362993961662e-01
-6.748834195500256206e-01
-6.748837577398193455e-01
-6.748840484040294907e-01
-6.748842890068093014e-01
-6.748844769398159027e-01
-6.748846095208020923e-01
-6.748846839922023610e-01
-6.748846975197115849e-01
-6.748846471908531708e-01
-6.748845300135437597e-01
-6.748843429146497153e-01
-6.748840827385411689e-01
-6.748837462456515057e-01
-6.748833301110509497e-01
-6.748828309230522349e-01
-6.748822451818580204e-01
-6.748815692982709225e-01
-6.748807995924653858e-01
-6.748799322928380473e-01
-6.748789635349219385e-01
-6.748778893603616380e-01
-6.748767057159267280e-01
-6.748754084525502295e-01
-6.748739933243681488e-01
-6.748724559877654627e-01
-6.748707920004249905e-01
-6.748689968204122369e-01
-6.748670658053330662e-01
-6.748649942116182743e-01
-6.748627771939867959e-01
-6.748604098051395050e-01
-6.748578869957080340e-01
-6.748552036144607191e-01
-6.748523544087264847e-01
-6.748493340249723804e-01
-6.748461370094382961e-01
-6.748427578087368151e-01
-6.748391907703381598e-01
-6.748354301428889368e-01
-6.748314700763869967e-01
-6.748273046222853511e-01
-6.748229277336669218e-01
-6.748183332656761957e-01
-6.748135149764046270e-01
-6.748084665283995420e-01
-6.748031814909101200e-01
-6.747976533428712287e-01
-6.747918754765251936e-01
-6.747858412014650087e-01
-6.747795437488022241e-01
-6.747729762751328852e-01
-6.747661318659949892e-01
-6.747590035386087370e-01
-6.747515842438213118e-01
-6.747438668673521045e-01
-6.747358442305912973e-01
-6.747275090913492646e-01
-6.747188541450248600e-01
-6.747098720266825334e-01
-6.747005553144632684e-01
-6.746908965346585241e-01
-6.746808881686098269e-01
-6.746705226614498896e-01
-6.746597924325170581e-01
-6.746486898871032478e-01
-6.746372074290080123e-01
-6.746253374731578933e-01
-6.746130724573213833e-01
-6.746004048517200147e-01
-6.745873271651815495e-01
-6.745738319464859023e-01
-6.745599117798511957e-01
-6.745455592741979034e-01
-6.745307670470050976e-01
-6.745155277051411158e-01
-6.744998338268737292e-01
-6.744836779509457703e-01
-6.744670525796568894e-01
-6.744499502027463400e-01
-6.744323633469913037e-01
-6.744142846525786883e-01
-6.743957069715217356e-01
-6.743766234763698408e-01
-6.743570277604149510e-01
-6.743369139052644012e-01
-6.743162764899954809e-01
-6.742951105199882500e-01
-6.742734112640802469e-01
-6.742511740058751979e-01
-6.742283937371557068e-01
-6.742050648449274819e-01
-6.741811808635612691e-01
-6.741567343737349116e-01
-6.741317171246553608e-01
-6.741061204311367128e-01
-6.740799358516247342e-01
-6.740531560908108455e-01
-6.740257759998293796e-01
-6.739977934819123551e-01
-6.739692100686451859e-01
-6.739400309289748092e-01
-6.739102641235883429e-01
-6.738799190271204109e-01
-6.738490040039820661e-01
-6.738175236204200225e-01
-6.737854758715747794e-01
-6.737528500530322040e-01
-6.737196259629201212e-01
-6.736857750403609790e-01
-6.736512638039577894e-01
-6.736160595536061502e-01
-6.735801377808250390e-01
-6.735434901765599003e-01
-6.735061316438661905e-01
-6.734681044469990052e-01
-6.734294776835120233e-01
-6.733903407418541098e-01
-6.733507903272234474e-01
-6.733109119349307559e-01
-6.732707581506389705e-01
-6.732303275902585815e-01
-6.731895493212659565e-01
-6.731482778811372913e-01
-6.731063032375079747e-01
-6.730633780715057357e-01
-6.730192616818032603e-01
-6.729737759417619980e-01
-6.729268647090512756e-01
-6.728786447212160571e-01
-6.728294342512300963e-01
-6.727797465133932286e-01
-6.727302385897773185e-01
-6.726816135841038324e-01
-6.726344832343587044e-01
-6.725892090227586495e-01
-6.725457499372481385e-01
-6.725035520496520647e-01
-6.724615165265518391e-01
-6.724180766035937618e-01
-6.723713995064936055e-01
-6.723197069294345463e-01
-6.722616800088860867e-01
-6.721968861851483901e-01
-6.721261418614096206e-01
-6.720517129598608808e-01
-6.719772613850727438e-01
-6.719074730413936436e-01
-6.718473528907312753e-01
-6.718012403706263846e-01
-6.717716749486399852e-01
-6.717583126504392821e-01
-6.717571430863042981e-01
-6.717602656857661891e-01
-6.717564398993075558e-01
-6.717325208258567715e-01
-6.716757337491516822e-01
-6.715765461615482712e-01
-6.714316949499355980e-01
-6.712467610262580209e-01
-6.710376002501129422e-01
-6.708299808476274606e-01
-6.706569723161586172e-01
-6.705539825640421947e-01
-6.705518186025444249e-01
-6.706686842500539925e-01
-6.709025261802639140e-01
-6.712254780833279977e-01
-6.715822141254026434e-01
-6.718937163218550168e-01
-6.720672461500768469e-01
-6.720122202462309735e-01
-6.716603388261621621e-01
-6.709869063228495190e-01
-6.700290974992326731e-01
-6.688962897338055491e-01
-6.677678288852680888e-01
-6.668749577590135091e-01
-6.664661558309290523e-01
-6.667585793840630215e-01
-6.678821084552382104e-01
-6.698259208833444722e-01
-6.723996749743456069e-01
-6.752215793373810282e-01
-6.777434457800165513e-01
-6.793181799891930828e-01
-6.793082604108267031e-01
-6.772250105120973807e-01
-6.728786616049869940e-01
-6.665098241788022237e-01
-6.588666065049101350e-01
-6.511917609243604854e-01
-6.450942476014972504e-01
-6.423006031821314465e-01
-6.443104191228832267e-01
-6.520095689777730685e-01
-6.653151652218999290e-01
-6.829308233345410262e-01
-7.022796028551545611e-01
-7.196620020793541572e-01
-7.306666989539448709e-01
-7.308443611579650279e-01
-7.166268871159360287e-01
-6.864109246896579197e-01
-6.416098877778725340e-01
-5.873414382709395420e-01
-5.323481804590919353e-01
-4.878610578670009024e-01
-4.654428131384121259e-01
-4.742717557712556320e-01
-5.186140211022122193e-01
-5.962026111072419310e-01
-6.978781162324316778e-01
-8.083125824952493987e-01
-9.072449589165908490e-01
-9.707780538124900493e-01
-9.731006497348437811e-01
-8.900845711244783631e-01
-7.063450617234759976e-01
-4.250931352081357972e-01
-7.570966343583949987e-02
2.883984582728943979e-01
6.039849383988935561e-01
8.164504835953653172e-01
8.915725021707011644e-01
8.180414696036218958e-01
6.069232376149085173e-01
2.921936670385747448e-01
-7.172470697567279174e-02
-4.215850652163538603e-01
-7.037816521073823051e-01
-8.886400588389615773e-01
-9.726957965716610532e-01
-9.711868200321885913e-01
-9.081902872679550320e-01
-8.095215408007677693e-01
-6.991066892623425399e-01
-5.972502329183068115e-01
-5.193383974481904364e-01
-4.746023063062146941e-01
-4.653854608963647888e-01
-4.874889971141178613e-01
-5.317790837141526117e-01
-5.867072376234898634e-01
-6.410279621153628371e-01
-6.859642008565564053e-01
-7.163560972621790812e-01
-7.307510759027010527e-01
-7.307230546176902708e-01
-7.198228101126991074e-01
-7.024938030310083903e-01
-6.831507335810319548e-01
-6.655029780043356658e-01
-6.521410088289993912e-01
-6.443756874163208970e-01
-6.423029378538642753e-01
-6.450466804669539034e-01
-6.511128835605113352e-01
-6.587762433031070231e-01
-6.664254011762910102e-01
-6.728127845626007408e-01
-6.771844219669486131e-01
-6.792940394787644331e-01
-6.793268500175011493e-01
-6.777685796684694841e-01
-6.752555160140680801e-01
-6.724350431999839284e-01
-6.698567727889661594e-01
-6.679045716382084885e-01
-6.667710299426383713e-01
-6.664689878921371546e-01
-6.668700728827202662e-01
-6.677579886426728839e-01
-6.688844678213101691e-01
-6.700179393059927380e-01
-6.709783626543827095e-01
-6.716554964151002505e-01
-6.720113133880132317e-01
-6.720698069017256859e-01
-6.718988072651290722e-01
-6.715886867674039085e-01
-6.712322086431476986e-01
-6.709085950506352702e-01
-6.706734821207458452e-01
-6.705550779572567732e-01
-6.705557457507698160e-01
-6.706575153568977710e-01
-6.708297152737390245e-01
-6.710369740336302735e-01
-6.712461752370278978e-01
-6.714314465255690756e-01
-6.715768005622717585e-01
-6.716765254723159329e-01
-6.717337755672313504e-01
-6.717580099152220541e-01
-6.717619695711937178e-01
-6.717588023766897232e-01
-6.717597798448031732e-01
-6.717728501582858058e-01
-6.718020763007241936e-01
-6.718478498703805979e-01
-6.719076671059268646e-01
-6.719772089235038770e-01
-6.720514752529722635e-01
-6.721257721326177048e-01
-6.721964207952493275e-01
-6.722611343748912116e-01
-6.723190758261384792e-01
-6.723706607443162842e-01
-6.724171967243326442e-01
-6.724604571119621177e-01
-6.725022754385933110e-01
-6.725442235085271614e-01
-6.725874076272785329e-01
-6.726323897656286688e-01
-6.726792179962826079e-01
-6.727275358710191888e-01
-6.727767341914080435e-01
-6.728261099634629261e-01
-6.728750042557242184e-01
-6.729229007531409845e-01
-6.729694776019020663e-01
-6.730146146911362148e-01
-6.730583655002640997e-01
-6.731009064744397641e-01
-6.731424776573609048e-01
-6.731833265904589858e-01
-6.732236641449351744e-01
-6.732636369269957566e-01
-6.733033170240917409e-01
-6.733427067587756110e-01
-6.733817541315839650e-01
-6.734203738413150342e-01
-6.734584690270672969e-01
-6.734959498937649336e-01
-6.735327468117329186e-01
-6.735688169828057958e-01
-6.736041450684214782e-01
-6.736387391044382777e-01
-6.736726235126563322e-01
-6.737058310820619456e-01
-6.737383955223146259e-01
-6.737703457128746409e-01
-6.738017022145452728e-01
-6.738324760896008403e-01
-6.738626696726121024e-01
-6.738922786879782967e-01
-6.739212950265197621e-01
-6.739497095476736366e-01
-6.739775144234542159e-01
-6.740047047365965716e-01
-6.740312792431255584e-01
-6.740572403744600205e-01
-6.740825936656592576e-01
-6.741073468483248510e-01
-6.741315088446432346e-01
-6.741550888567904298e-01
-6.741780956807276182e-01
-6.742005373023406412e-01
-6.742224207707663286e-01
-6.742437522975853748e-01
-6.742645375050798640e-01
-6.742847817411312672e-01
-6.743044903884438668e-01
-6.743236691157495910e-01
-6.743423240424412102e-01
-6.743604618104823700e-01
-6.743780895749065252e-01
-6.743952149349945469e-01
-6.744118458322354570e-01
-6.744279904395587000e-01
-6.744436570609517734e-01
-6.744588540534219856e-01
-6.744735897761232613e-01
-6.744878725655736318e-01
-6.745017107319365435e-01
-6.745151125694281991e-01
-6.745280863737658228e-01
-6.745406404606584250e-01
-6.745527831810729236e-01
-6.745645229308828705e-01
-6.745758681541217383e-01
-6.745868273402686466e-01
-6.745974090166839687e-01
-6.746076217376076878e-01
-6.746174740711118334e-01
-6.746269745852260247e-01
-6.746361318341952407e-01
-6.746449543455872444e-01
-6.746534506087472627e-01
-6.746616290649087855e-01
-6.746694980991092550e-01
-6.746770660338923253e-01
-6.746843411246280509e-01
-6.746913315561404723e-01
-6.746980454402382588e-01
-6.747044908136731189e-01
-6.747106756360754520e-01
-6.747166077874788837e-01
-6.747222950651836637e-01
-6.747277451798635584e-01
-6.747329657509804068e-01
-6.747379643017170636e-01
-6.747427482537238230e-01
-6.747473249220010683e-01
-6.747517015102139082e-01
-6.747558851066609575e-01
-6.747598826810020656e-01
-6.747637010817454373e-01
-6.747673470343923396e-01
-6.747708271400719715e-01
-6.747741478744732069e-01
-6.747773155868906914e-01
-6.747803364992397412e-01
-6.747832167049685470e-01
-6.747859621678424791e-01
-6.747885787206505670e-01
-6.747910720639108684e-01
-6.747934477646738705e-01
-6.747957112555144077e-01
-6.747978678337798186e-01
-6.747999226611369750e-01
-6.748018807634157401e-01
-6.748037470307234331e-01
-6.748055262177887759e-01
-6.748072229444715964e-01
-6.748088416963933245e-01
-6.748103868256424276e-01
-6.748118625515326929e-01
-6.748132729614015890e-01
-6.748146220114609184e-01
-6.748159135277086440e-01
-6.748171512069228717e-01
-6.748183386177533105e-01
-6.748194792019233113e-01
-6.748205762755430381e-01
-6.748216330305342181e-01
-6.748226525361517014e-01
-6.748236377405886222e-01
-6.748245914726508365e-01
-6.748255164434853182e-01
-6.748264152483489653e-01
-6.748272903684143786e-01
-6.748281441726009522e-01
-6.748289789194352739e-01
-6.748297967589383939e-01
-6.748305997345360741e-01
-6.748313897849965715e-01
-6.748321687463901819e-01
-6.748329383540667692e-01
-6.748337002446521682e-01
-6.748344559580516933e-01
-6.748352069394535357e-01
-6.748359545413371574e-01
-6.748367000254656967e-01
-6.748374445648711584e-01
-6.748381892458205078e-01
-6.748389350697594491e-01
-6.748396829552377740e-01
-6.748404337398034025e-01
-6.748411881818681124e-01
-6.748419469625459577e-01
-6.748427106874511638e-01
-6.748434798884612729e-01
-6.748442550254386552e-01
-6.748450364879080565e-01
-6.748458245966857394e-01
-6.748466196054601074e-01
-6.748474217023207045e-01
-6.748482310112298155e-01
-6.748490475934416644e-01
-6.748498714488589956e-01
-6.748507025173302587e-01
-6.748515406798842875e-01
-6.748523857599030285e-01
-6.748532375242241033e-01
-6.748540956841808658e-01
-6.748549598965715157e-01
-6.748558297645607107e-01
-6.748567048385084588e-01
