-6.748576413758006209e-01
-6.748584582668429865e-01
-6.748592722454870296e-01
-6.748600827103701238e-01
-6.748608890026545071e-01
-6.748616904063998723e-01
-6.748624861488772275e-01
-6.748632754008214718e-01
-6.748640572766271273e-01
-6.748648308344803448e-01
-6.748655950764372857e-01
-6.748663489484387767e-01
-6.748670913402694538e-01
-6.748678210854596182e-01
-6.748685369611274742e-01
-6.748692376877681864e-01
-6.748699219289855389e-01
-6.748705882911693044e-01
-6.748712353231226535e-01
-6.748718615156343859e-01
-6.748724653010048646e-01
-6.748730450525236568e-01
-6.748735990839003218e-01
-6.748741256486496809e-01
-6.748746229394420038e-01
-6.748750890874041231e-01
-6.748755221613867983e-01
-6.748759201671945540e-01
-6.748762810467782147e-01
-6.748766026773983517e-01
-6.748768828707524259e-01
-6.748771193720775052e-01
-6.748773098592243391e-01
-6.748774519417131135e-01
-6.748775431597685559e-01
-6.748775809833448269e-01
-6.748775628111391978e-01
-6.748774859696032857e-01
-6.748773477119525133e-01
-6.748771452171759000e-01
-6.748768755890526272e-01
-6.748765358551682692e-01
-6.748761229659379079e-01
-6.748756337936331340e-01
-6.748750651314137095e-01
-6.748744136923704451e-01
-6.748736761085787350e-01
-6.748728489301714095e-01
-6.748719286244416748e-01
-6.748709115749860210e-01
-6.748697940808996432e-01
-6.748685723560352567e-01
-6.748672425283381848e-01
-6.748658006392617148e-01
-6.748642426432586161e-01
-6.748625644073471541e-01
-6.748607617107382772e-01
-6.748588302445053255e-01
-6.748567656112856028e-01
-6.748545633249920517e-01
-6.748522188105398056e-01
-6.748497274035885063e-01
-6.748470843503222572e-01
-6.748442848073140654e-01
-6.748413238415197357e-01
-6.748381964304599467e-01
-6.748348974626530161e-01
-6.748314217383307723e-01
-6.748277639704570730e-01
-6.748239187860261001e-01
-6.748198807275798128e-01
-6.748156442548333134e-01
-6.748112037462835611e-01
-6.748065535006545490e-01
-6.748016877380610401e-01
-6.747966006008245810e-01
-6.747912861539542284e-01
-6.747857383854141133e-01
-6.747799512064124317e-01
-6.747739184520386013e-01
-6.747676338826366083e-01
-6.747610911862895744e-01
-6.747542839826973227e-01
-6.747472058285536312e-01
-6.747398502242645257e-01
-6.747322106215593029e-01
-6.747242804312467701e-01
-6.747160530301501424e-01
-6.747075217661755442e-01
-6.746986799605929619e-01
-6.746895209069597721e-01
-6.746800378667134890e-01
-6.746702240622215463e-01
-6.746600726688893879e-01
-6.746495768086692157e-01
-6.746387295477462853e-01
-6.746275239011653158e-01
-6.746159528465257571e-01
-6.746040093476108890e-01
-6.745916863869637625e-01
-6.745789770042218692e-01
-6.745658743348481590e-01
-6.745523716422144878e-01
-6.745384623353157805e-01
-6.745241399652026626e-01
-6.745093981957379636e-01
-6.744942307485568556e-01
-6.744786313276761591e-01
-6.744625935353119051e-01
-6.744461107959126567e-01
-6.744291763088493541e-01
-6.744117830502475153e-01
-6.743939238400599168e-01
-6.743755914812592511e-01
-6.743567789645081856e-01
-6.743374797154509936e-01
-6.743176878455779955e-01
-6.742973983549540584e-01
-6.742766072297924351e-01
-6.742553113833326117e-01
-6.742335084067967443e-01
-6.742111961283225874e-01
-6.741883720188565077e-01
-6.741650325291310697e-01
-6.741411724824728502e-01
-6.741167846741012992e-01
-6.740918598286416152e-01
-6.740663870359806520e-01
-6.740403547182369781e-01
-6.740137520812397032e-01
-6.739865708843523207e-01
-6.739588072425833909e-01
-6.739304630806828289e-01
-6.739015468186404512e-01
-6.738720729069541671e-01
-6.738420599638587083e-01
-6.738115274952725109e-01
-6.737804914806306833e-01
-6.737489594407746196e-01
-6.737169259044445413e-01
-6.736843693823640900e-01
-6.736512519675942334e-01
-6.736175224499000302e-01
-6.735831233373004157e-01
-6.735480014470667243e-01
-6.735121208483608735e-01
-6.734754760556955766e-01
-6.734381026779230339e-01
-6.734000824302850408e-01
-6.733615397029319993e-01
-6.733226278636469386e-01
-6.732835051534611370e-01
-6.732443022572294211e-01
-6.732050860775968815e-01
-6.731658264447202278e-01
-6.731263739014198277e-01
-6.730864567648681129e-01
-6.730457039586191792e-01
-6.730036964668407728e-01
-6.729600448915267208e-01
-6.729144841383655207e-01
-6.728669697956205509e-01
-6.728177557100502026e-01
-6.727674301343469221e-01
-6.727168899775595179e-01
-6.726672399659331392e-01
-6.726196158842897566e-01
-6.725749473644073717e-01
-6.725336935541847971e-01
-6.724956010171547760e-01
-6.724595433203255368e-01
-6.724235019745475883e-01
-6.723847356510611606e-01
-6.723401577664174233e-01
-6.722869031845171151e-01
-6.722230177118274641e-01
-6.721481571788811005e-01
-6.720641464943846177e-01
-6.719752342614374596e-01
-6.718878951619430273e-01
-6.718100862558329389e-01
-6.717499541246019223e-01
-6.717141086912704617e-01
-6.717057090348005355e-01
-6.717227214597072393e-01
-6.717567810348370472e-01
-6.717930861722155589e-01
-6.718116602402143256e-01
-6.717901173034434015e-01
-6.717077830438424879e-01
-6.715506817385122895e-01
-6.713165631734354655e-01
-6.710188839614894540e-01
-6.706885567405399540e-01
-6.703724095707120911e-01
-6.701276991077544931e-01
-6.700126890447313244e-01
-6.700741715411276944e-01
-6.703337399303428423e-01
-6.707754289720269103e-01
-6.713378132116284425e-01
-6.719135998028689105e-01
-6.723590344018863796e-01
-6.725140202598504091e-01
-6.722318198841645831e-01
-6.714147972033285283e-01
-6.700502480850223375e-01
-6.682384800997932528e-01
-6.662045507355791596e-01
-6.642860449282831370e-01
-6.628923438646044941e-01
-6.624359488418219977e-01
-6.632429209497581191e-01
-6.654561435156391980e-01
-6.689503523374757954e-01
-6.732802667875075198e-01
-6.776817798386746139e-01
-6.811407953598836995e-01
-6.825351777072311554e-01
-6.808427322587063957e-01
-6.753924942549520694e-01
-6.661188617716581328e-01
-6.537613171613915197e-01
-6.399428589529748690e-01
-6.270663025664575674e-01
-6.179960008721816500e-01
-6.155422413783090407e-01
-6.218241321831108337e-01
-6.376333217195256919e-01
-6.619362439414797628e-01
-6.916312395097372612e-01
-7.216329306489187578e-01
-7.453171372448357257e-01
-7.553470759211297070e-01
-7.449052098479158612e-01
-7.093178604520683495e-01
-6.479033079044356214e-01
-5.655811195201277952e-01
-4.734914311150661415e-01
-3.878769913339433217e-01
-3.269954211292039892e-01
-3.067044190061875009e-01
-3.360854047989144111e-01
-4.145803188295136277e-01
-5.315534704908339014e-01
-6.682115625147712068e-01
-8.008202297193225405e-01
-9.037258180480616243e-01
-9.513740535144417088e-01
-9.201467283454070056e-01
-7.921479414123224760e-01
-5.622855044577330652e-01
-2.463735875912674012e-01
1.161124456772093388e-01
4.701382934510977551e-01
7.614317584225082092e-01
9.504317539877861210e-01
1.016119607072559772e+00
9.523374835648762415e-01
7.650535373382474358e-01
4.750299461618646135e-01
1.215545958695190415e-01
-2.412340336151531928e-01
-5.581812843643200184e-01
-7.894906174568144808e-01
-9.189930696356122253e-01
-9.515254150504934838e-01
-9.048539018230713493e-01
-8.025503252798759091e-01
-6.701616174666791270e-01
-5.333603850785665346e-01
-4.159369797802766056e-01
-3.367869194236480790e-01
-3.066844876905447936e-01
-3.263336391075880027e-01
-3.867700198745103179e-01
-4.721959498638488295e-01
-5.643475129526561718e-01
-6.469216912200559388e-01
-7.086907547783355410e-01
-7.446482904401395819e-01
-7.554090422932645543e-01
-7.456068142675045252e-01
-7.220448411114785969e-01
-6.920656587807338944e-01
-6.623129818661507295e-01
-6.378996318413434619e-01
-6.219572147431713383e-01
-6.155468404067485633e-01
-6.178980109274757604e-01
-6.269039174957287130e-01
-6.397572107746714032e-01
-6.535884818123895990e-01
-6.659845386513887355e-01
-6.753098283478756736e-01
-6.808129564613859541e-01
-6.825502408928768583e-01
-6.811869743449916470e-01
-6.777433765758700268e-01
-6.733427369414594077e-01
-6.690024886760229661e-01
-6.654911861327920120e-01
-6.632586637110212680e-01
-6.624340522316503055e-01
-6.628771463571551115e-01
-6.642631868858419608e-01
-6.661796909186369353e-01
-6.682163083863807973e-01
-6.700338998885686514e-01
-6.714056785098393432e-01
-6.722297756997928087e-01
-6.725177339283152644e-01
-6.723665318522012990e-01
-6.719227454866294469e-01
-6.713467139573200404e-01
-6.707826985118600094e-01
-6.703386123285841602e-01
-6.700764805043130101e-01
-6.700127490171461364e-01
-6.701261323513605372e-01
-6.703699621776265660e-01
-6.706859381386328645e-01
-6.710166520481510855e-01
-6.713150638741195442e-01
-6.715500401205160008e-01
-6.717079348035934760e-01
-6.717908651542747744e-01
-6.718127392268361531e-01
-6.717942243680321557e-01
-6.717577462708205216e-01
-6.717233495056926795e-01
-6.717059130233189457e-01
-6.717138728790669200e-01
-6.717493170199907437e-01
-6.718091187099229922e-01
-6.718866784730649355e-01
-6.719738420536054413e-01
-6.720626325157754710e-01
-6.721465495915489585e-01
-6.722213191753542150e-01
-6.722850952176666617e-01
-6.723382075289093818e-01
-6.723826033575958094e-01
-6.724211475145845940e-01
-6.724569311695879348e-01
-6.724927030608686129e-01
-6.725304898989669100e-01
-6.725714255368810957e-01
-6.726157689809790785e-01
-6.726630643439814872e-01
-6.727123829936912935e-01
-6.727625882937495749e-01
-6.728125734201155783e-01
-6.728614387660318830e-01
-6.729085933512771733e-01
-6.729537809934096337e-01
-6.729970444062026713e-01
-6.730386477030149139e-01
-6.730789799643324134e-01
-6.731184604110326264e-01
-6.731574606655157389e-01
-6.731962531146805651e-01
-6.732349879224224232e-01
-6.732736958558883655e-01
-6.733123104365860145e-01
-6.733507012115208523e-01
-6.733887099954816158e-01
-6.734261833403856201e-01
-6.734629966914437160e-01
-6.734990681378414390e-01
-6.735343618915430319e-01
-6.735688833116020291e-01
-6.736026682783478048e-01
-6.736357700099694368e-01
-6.736682461184891890e-01
-6.737001480087104754e-01
-6.737315138412175441e-01
-6.737623654004178952e-01
-6.737927084773290831e-01
-6.738225358815556065e-01
-6.738518319651785049e-01
-6.738805775500991135e-01
-6.739087543420532178e-01
-6.739363482142853856e-01
-6.739633510764683200e-01
-6.739897613467242810e-01
-6.740155832732281915e-01
-6.740408254859762138e-01
-6.740654991985948197e-01
-6.740896164402294666e-01
-6.741131886036743071e-01
-6.741362254763287876e-01
-6.741587348011868208e-01
-6.741807223157423312e-01
-6.742021921492847847e-01
-6.742231474273117087e-01
-6.742435909326602861e-01
-6.742635256986652115e-01
-6.742829554501093003e-01
-6.743018848527509990e-01
-6.743203195732283550e-01
-6.743382661822813207e-01
-6.743557319525894655e-01
-6.743727246080846172e-01
-6.743892520763760112e-01
-6.744053222833606975e-01
-6.744209430129538552e-01
-6.744361218387053825e-01
-6.744508661205549371e-01
-6.744651830507454315e-01
-6.744790797284955230e-01
-6.744925632430356366e-01
-6.745056407480136684e-01
-6.745183195156848610e-01
-6.745306069653947967e-01
-6.745425106664298953e-01
-6.745540383195685052e-01
-6.745651977242184127e-01
-6.745759967388240685e-01
-6.745864432415894507e-01
-6.745965450968827160e-01
-6.746063101305225240e-01
-6.746157461149620005e-01
-6.746248607635311201e-01
-6.746336617316189832e-01
-6.746421566220586197e-01
-6.746503529919374298e-01
-6.746582583585051252e-01
-6.746658802025609081e-01
-6.746732259685345179e-01
-6.746803030612299468e-01
-6.746871188397869368e-01
-6.746936806097821870e-01
-6.746999956145121047e-01
-6.747060710264223271e-01
-6.747119139394316401e-01
-6.747175313626090354e-01
-6.747229302153594510e-01
-6.747281173240208263e-01
-6.747330994195949172e-01
-6.747378831362368379e-01
-6.747424750101237434e-01
-6.747468814783698088e-01
-6.747511088777613519e-01
-6.747551634431836476e-01
-6.747590513057294404e-01
-6.747627784905534387e-01
-6.747663509145958027e-01
-6.747697743843118490e-01
-6.747730545935449742e-01
-6.747761971216429400e-01
-6.747792074318884614e-01
-6.747820908702599763e-01
-6.747848526645133793e-01
-6.747874979235476411e-01
-6.747900316369893625e-01
-6.747924586749497466e-01
-6.747947837878943700e-01
-6.747970116065896695e-01
-6.747991466421041640e-01
-6.748011932858583029e-01
-6.748031558097223881e-01
-6.748050383661787777e-01
-6.748068449885663567e-01
-6.748085795914178231e-01
-6.748102459709113266e-01
-6.748118478054306868e-01
-6.748133886562436290e-01
-6.748148719682888208e-01
-6.748163010710612753e-01
-6.748176791795886809e-01
-6.748190093954805624e-01
-6.748202947080408354e-01
-6.748215379954348725e-01
-6.748227420259008680e-01
-6.748239094590037235e-01
-6.748250428469253492e-01
-6.748261446357920468e-01
-6.748272171670374187e-01
-6.748282626787986960e-01
-6.748292833073459285e-01
-6.748302810885433711e-01
-6.748312579593355176e-01
-6.748322157592581139e-01
-6.748331562319677124e-01
-6.748340810267836609e-01
-6.748349917002379739e-01
-6.748358897176277571e-01
-6.748367764545688541e-01
-6.748376531985411653e-01
-6.748385211504250858e-01
-6.748393814260293944e-01
-6.748402350576000464e-01
-6.748410829953165324e-01
-6.748419261087645893e-01
-6.748427651883873724e-01
-6.748436009469138686e-01
-6.748444340207597758e-01
-6.748452649713929663e-01
-6.748460942866741918e-01
-6.748469223821574881e-01
-6.748477496023520539e-01
-6.748485762219462725e-01
-6.748494024469856578e-01
-6.748502284160101672e-01
-6.748510542011412205e-01
-6.748518798091244220e-01
-6.748527051823176581e-01
-6.748535301996313462e-01
-6.748543546774160573e-01
-6.748551783702956275e-01
-6.748560009719450914e-01
-6.748568221158158797e-01
