-6.748577114538865107e-01
-6.748585523938626096e-01
-6.748593929209145692e-01
-6.748602324146292242e-01
-6.748610701997924677e-01
-6.748619055467688366e-01
-6.748627376718154824e-01
-6.748635657373284191e-01
-6.748643888520268197e-01
-6.748652060710718104e-01
-6.748660163961212044e-01
-6.748668187753233960e-01
-6.748676121032466391e-01
-6.748683952207503722e-01
-6.748691669147933725e-01
-6.748699259181825116e-01
-6.748706709092592293e-01
-6.748714005115262760e-01
-6.748721132932159472e-01
-6.748728077667950354e-01
-6.748734823884174894e-01
-6.748741355573141254e-01
-6.748747656151372620e-01
-6.748753708452546185e-01
-6.748759494719978047e-01
-6.748764996598720645e-01
-6.748770195127302696e-01
-6.748775070729118308e-01
-6.748779603203464150e-01
-6.748783771716243551e-01
-6.748787554790293131e-01
-6.748790930295310853e-01
-6.748793875437418821e-01
-6.748796366748288644e-01
-6.748798380073952607e-01
-6.748799890563317305e-01
-6.748800872656488536e-01
-6.748801300073019593e-01
-6.748801145800261692e-01
-6.748800382081870941e-01
-6.748798980406611747e-01
-6.748796911497396689e-01
-6.748794145300620606e-01
-6.748790650975604599e-01
-6.748786396884045580e-01
-6.748781350579299287e-01
-6.748775478795346894e-01
-6.748768747435380799e-01
-6.748761121560128418e-01
-6.748752565376032742e-01
-6.748743042223663835e-01
-6.748732514566810892e-01
-6.748720943982674525e-01
-6.748708291153642236e-01
-6.748694515860883536e-01
-6.748679576979828010e-01
-6.748663432477290947e-01
-6.748646039409699204e-01
-6.748627353921673455e-01
-6.748607331244090846e-01
-6.748585925690809839e-01
-6.748563090653506569e-01
-6.748538778594573850e-01
-6.748512941038523616e-01
-6.748485528563060720e-01
-6.748456490791493456e-01
-6.748425776388502495e-01
-6.748393333061313282e-01
-6.748359107567851733e-01
-6.748323045732632641e-01
-6.748285092469982205e-01
-6.748245191812715094e-01
-6.748203286943068591e-01
-6.748159320221650548e-01
-6.748113233209770412e-01
-6.748064966680932253e-01
-6.748014460618804167e-01
-6.747961654201288795e-01
-6.747906485773568219e-01
-6.747848892816354915e-01
-6.747788811918676855e-01
-6.747726178766475513e-01
-6.747660928158559779e-01
-6.747592994059178340e-01
-6.747522309691870168e-01
-6.747448807672066229e-01
-6.747372420167356832e-01
-6.747293079065534993e-01
-6.747210716123361873e-01
-6.747125263065418821e-01
-6.747036651604317870e-01
-6.746944813362202309e-01
-6.746849679689068680e-01
-6.746751181394814445e-01
-6.746649248436139557e-01
-6.746543809622503884e-01
-6.746434792421497351e-01
-6.746322122947788769e-01
-6.746205726206605524e-01
-6.746085526629531648e-01
-6.745961448888613265e-01
-6.745833418909074064e-01
-6.745701364932076283e-01
-6.745565218420047637e-01
-6.745424914565588681e-01
-6.745280392176010720e-01
-6.745131592771382856e-01
-6.744978458857840975e-01
-6.744820931511595896e-01
-6.744658947609866173e-01
-6.744492437236582205e-01
-6.744321321926507462e-01
-6.744145514441034495e-01
-6.743964920649804240e-01
-6.743779443801004581e-01
-6.743588991008427902e-01
-6.743393481214922103e-01
-6.743192853302999445e-01
-6.742987072544751603e-01
-6.742776133364207780e-01
-6.742560056565706228e-01
-6.742338879855166445e-01
-6.742112641655940708e-01
-6.741881359790522499e-01
-6.741645008326213606e-01
-6.741403497412054024e-01
-6.741156661837282016e-01
-6.740904263894356152e-01
-6.740646014614887216e-01
-6.740381614467128024e-01
-6.740110810376925832e-01
-6.739833461048616581e-01
-6.739549597958968130e-01
-6.739259466262330633e-01
-6.738963529408754649e-01
-6.738662424533233830e-01
-6.738356863067785918e-01
-6.738047482163714852e-01
-6.737734665974398629e-01
-6.737418369204015711e-01
-6.737097985365727570e-01
-6.736772305440154041e-01
-6.736439606086089826e-01
-6.736097888583238991e-01
-6.735745260820344971e-01
-6.735380418195999752e-01
-6.735003141483058009e-01
-6.734614699093233181e-01
-6.734218027423455322e-01
-6.733817574855086585e-01
-6.733418738025926942e-01
-6.733026893048184025e-01
-6.732646121752502433e-01
-6.732277838037177276e-01
-6.731919609267640325e-01
-6.731564515925997361e-01
-6.731201374299025098e-01
-6.730816044806601228e-01
-6.730393860171077769e-01
-6.729922950592251985e-01
-6.729397957253295814e-01
-6.728823370466805454e-01
-6.728215575929052950e-01
-6.727602711408282588e-01
-6.727021676938014227e-01
-6.726512116629758120e-01
-6.726107859080140416e-01
-6.725827065694834905e-01
-6.725663037455413829e-01
-6.725578082398979696e-01
-6.725502861609061744e-01
-6.725343071323387489e-01
-6.724994138777964370e-01
-6.724362900919657049e-01
-6.723393244601519880e-01
-6.722090804996406765e-01
-6.720540531843596233e-01
-6.718910735177369142e-01
-6.717438498633967470e-01
-6.716394246460444251e-01
-6.716027567487919958e-01
-6.716501524550767543e-01
-6.717827618190806982e-01
-6.719817085469294016e-01
-6.722065034883192292e-01
-6.723981059495613977e-01
-6.724873026732215431e-01
-6.724080140809791661e-01
-6.721138506304701332e-01
-6.715949625723562910e-01
-6.708912592889623161e-01
-6.700977500844336188e-01
-6.693583604685159338e-01
-6.688462528900366300e-01
-6.687313466821547259e-01
-6.691390212159162854e-01
-6.701072584368737983e-01
-6.715519259491156134e-01
-6.732507188266801945e-01
-6.748548769936970615e-01
-6.759339510408979290e-01
-6.760528162011255615e-01
-6.748724916022291742e-01
-6.722582256466617112e-01
-6.683713754677179653e-01
-6.637179506309233146e-01
-6.591286356187779916e-01
-6.556544362799119341e-01
-6.543789029233423316e-01
-6.561695810737341317e-01
-6.614126868567415940e-01
-6.697896154789264589e-01
-6.801568064715244333e-01
-6.905803304380188079e-01
-6.985556825600004460e-01
-7.014153149323356651e-01
-6.968928017964870492e-01
-6.837711309504815871e-01
-6.624924831817859960e-01
-6.355579054314491882e-01
-6.075252039907379498e-01
-5.844593622959620705e-01
-5.728209001326561856e-01
-5.779651317873699679e-01
-6.025916810106313193e-01
-6.455426628024971691e-01
-7.012615876485552846e-01
-7.600377264278129763e-01
-8.089895040530206138e-01
-8.337117388775822091e-01
-8.206440737925434492e-01
-7.603135660119906269e-01
-6.512955545464352847e-01
-5.038300934242343487e-01
-3.410085233144724004e-01
-1.954788301192409150e-01
-1.014627609573476308e-01
-8.452806252203594328e-02
-1.529454247596288008e-01
-2.938178517093073538e-01
-4.753837073442919170e-01
-6.546237507581250670e-01
-7.870605523529208281e-01
-8.351711139772238779e-01
-7.742579984885650246e-01
-5.974079258005154935e-01
-3.202752589358829893e-01
1.794182157621725116e-02
3.627547050910490678e-01
6.614423357135823522e-01
8.798910432463213915e-01
1.009328139716596962e+00
1.061849214766187099e+00
1.060583373546234220e+00
1.030623179687269131e+00
9.935133752096806381e-01
9.649589374994195223e-01
9.543239254996397358e-01
9.647236893541911718e-01
9.931126355921126025e-01
1.030199096105745005e+00
1.060351394884500698e+00
1.062086552959870867e+00
1.010332156075395060e+00
8.818931058127892353e-01
6.644863678137828966e-01
3.665960390097416921e-01
2.204901109799993833e-02
-3.165727381449045530e-01
-5.946921768960953258e-01
-7.728611911359976050e-01
-8.351399666750048967e-01
-7.882015512743114627e-01
-6.565624171176038804e-01
-4.776232727139686496e-01
-2.958214850719309563e-01
-1.542493415746395424e-01
-8.485307195098051869e-02
-1.007786937089757556e-01
-1.939963323987269062e-01
-3.391014010139636325e-01
-5.019161265375099434e-01
-6.497207321797993096e-01
-7.592815512764984343e-01
-8.202053380395520898e-01
-8.337960141348168541e-01
-8.094537225422668847e-01
-7.607098390852505831e-01
-7.019739464495061698e-01
-6.461560439174950377e-01
-6.030115475204939068e-01
-5.781497028266114890e-01
-5.727797925894627662e-01
-5.842429806330822206e-01
-6.072075411416221202e-01
-6.352173129131817308e-01
-6.621951976561747388e-01
-6.835608725645843098e-01
-6.967874330290462215e-01
-7.014094796338035120e-01
-6.986272363380326977e-01
-6.906982576684511654e-01
-6.802887943530862014e-01
-6.699080903946976751e-01
-6.614986838060793461e-01
-6.562142752728499229e-01
-6.543830141677540180e-01
-6.556260253269610150e-01
-6.590800097219947640e-01
-6.636624394098383783e-01
-6.683206216155107571e-01
-6.722204006645348118e-01
-6.748515705323944180e-01
-6.760488029659181830e-01
-6.759437863914888878e-01
-6.748736973801929828e-01
-6.732731519461384595e-01
-6.715731794662929133e-01
-6.701238539509580816e-01
-6.691491230714736727e-01
-6.687347185454971532e-01
-6.688439340179378467e-01
-6.693521836298196304e-01
-6.700898247751415626e-01
-6.708835225803403413e-01
-6.715888643511809253e-01
-6.721101999591913012e-01
-6.724069775827201667e-01
-6.724885200832628751e-01
-6.724008747209411219e-01
-6.722099830138980048e-01
-6.719851024986240873e-01
-6.717854506430855910e-01
-6.716517634658258906e-01
-6.716031733815230886e-01
-6.716387470605045262e-01
-6.717423251357247382e-01
-6.718890150513163739e-01
-6.720517664882632580e-01
-6.722068074313255481e-01
-6.723372119004211722e-01
-6.724343831808662353e-01
-6.724976694012931855e-01
-6.725326199558271378e-01
-6.725485208365866718e-01
-6.725558287754461739e-01
-6.725639964809229099e-01
-6.725799935531862062e-01
-6.726076285284691147e-01
-6.726476061534595319e-01
-6.726981352572691808e-01
-6.727558457933173752e-01
-6.728167745146844680e-01
-6.728772234724396117e-01
-6.729343654471715563e-01
-6.729865466873039548e-01
-6.730333044109250151e-01
-6.730751643196445366e-01
-6.731133077484903193e-01
-6.731492002155226029e-01
-6.731842580209562721e-01
-6.732196041192125557e-01
-6.732559358933898341e-01
-6.732935016863931255e-01
-6.733321639986475926e-01
-6.733715169347723739e-01
-6.734110235481813866e-01
-6.734501434950355137e-01
-6.734884303656517579e-01
-6.735255885613696814e-01
-6.735614893476108422e-01
-6.735961531536744928e-01
-6.736297095323009465e-01
-6.736623474143527135e-01
-6.736942669429203390e-01
-6.737256411233072395e-01
-6.737565917468260057e-01
-6.737871803963965123e-01
-6.738174124444787916e-01
-6.738472501434640272e-01
-6.738766302419905152e-01
-6.739054818751216702e-01
-6.739337414735507847e-01
-6.739613627699346798e-01
-6.739883213277366725e-01
-6.740146141351268660e-01
-6.740402555508318017e-01
-6.740652712196478769e-01
-6.740896915361048736e-01
-6.741135459242355576e-01
-6.741368587424121372e-01
-6.741596471334357910e-01
-6.741819207160538729e-01
-6.742036827141101307e-01
-6.742249319659809892e-01
-6.742456652404600348e-01
-6.742658793743621093e-01
-6.742855728995272857e-01
-6.743047469996956700e-01
-6.743234057951915661e-01
-6.743415560716145007e-01
-6.743592066368196969e-01
-6.743763675091647425e-01
-6.743930491185016196e-01
-6.744092616537068485e-01
-6.744250146316209671e-01
-6.744403167052309689e-01
-6.744551756832084521e-01
-6.744695987035366214e-01
-6.744835924918308745e-01
-6.744971636377967705e-01
-6.745103188367707059e-01
-6.745230650624666202e-01
-6.745354096571629654e-01
-6.745473603430152121e-01
-6.745589251706320955e-01
-6.745701124276950456e-01
-6.745809305315795257e-01
-6.745913879267754210e-01
-6.746014930020667322e-01
-6.746112540355071463e-01
-6.746206791686635285e-01
-6.746297764063869939e-01
-6.746385536350415491e-01
-6.746470186507682598e-01
-6.746551791897332784e-01
-6.746630429539212104e-01
-6.746706176283246981e-01
-6.746779108878151465e-01
-6.746849303941246934e-01
-6.746916837849405990e-01
-6.746981786579760998e-01
-6.747044225530900441e-01
-6.747104229351759130e-01
-6.747161871798198485e-01
-6.747217225628516779e-01
-6.747270362540449540e-01
-6.747321353145152578e-01
-6.747370266968859553e-01
-6.747417172470719926e-01
-6.747462137065503018e-01
-6.747505227141783468e-01
-6.747546508069405258e-01
-6.747586044193324417e-01
-6.747623898814145704e-01
-6.747660134158123268e-01
-6.747694811340789744e-01
-6.747727990328866721e-01
-6.747759729904786452e-01
-6.747790087636957868e-01
-6.747819119857677572e-01
-6.747846881649155470e-01
-6.747873426836891175e-01
-6.747898807988792491e-01
-6.747923076418052002e-01
-6.747946282187737843e-01
-6.747968474115443316e-01
-6.747989699776858474e-01
-6.748010005507724118e-01
-6.748029436404344716e-01
-6.748048036323099907e-01
-6.748065847879836099e-01
-6.748082912449974158e-01
-6.748099270170108133e-01
-6.748114959941615698e-01
-6.748130019436535676e-01
-6.748144485105649348e-01
-6.748158392188478016e-01
-6.748171774724815997e-01
-6.748184665567289464e-01
-6.748197096394499273e-01
-6.748209097724436889e-01
-6.748220698927955841e-01
-6.748231928242223177e-01
-6.748242812784217559e-01
-6.748253378564379457e-01
-6.748263650500598843e-01
-6.748273652432669190e-01
-6.748283407137295464e-01
-6.748292936343702753e-01
-6.748302260749826642e-01
-6.748311400038969898e-01
-6.748320372896839947e-01
-6.748329197028810622e-01
-6.748337889177247195e-01
-6.748346465138860273e-01
-6.748354939781939787e-01
-6.748363327063459094e-01
-6.748371640046014752e-01
-6.748379890914615320e-01
-6.748388090993325816e-01
-6.748396250761778958e-01
-6.748404379871579817e-01
-6.748412487162505080e-01
-6.748420580678581304e-01
-6.748428667683946669e-01
-6.748436754678397431e-01
-6.748444847412662373e-01
-6.748452950903331971e-01
-6.748461069447329042e-01
-6.748469206635970830e-01
-6.748477365368558134e-01
-6.748485547865485934e-01
-6.748493755680863293e-01
-6.748501989714627003e-01
-6.748510250224148965e-01
-6.748518536835313997e-01
-6.748526848553075830e-01
-6.748535183771464663e-01
-6.748543540283010733e-01
-6.748551915287631653e-01
-6.748560305400871373e-01
-6.748568706661567385e-01
