-6.748576348836434757e-01
-6.748585097616528472e-01
-6.748593874051247443e-01
-6.748602671670752562e-01
-6.748611483496840258e-01
-6.748620302046860475e-01
-6.748629119336886362e-01
-6.748637926884166749e-01
-6.748646715708850330e-01
-6.748655476335005954e-01
-6.748664198790917945e-01
-6.748672872608690865e-01
-6.748681486823112641e-01
-6.748690029969846016e-01
-6.748698490082922774e-01
-6.748706854691548518e-01
-6.748715110816225771e-01
-6.748723244964242030e-01
-6.748731243124476142e-01
-6.748739090761610715e-01
-6.748746772809722794e-01
-6.748754273665282799e-01
-6.748761577179590576e-01
-6.748768666650646342e-01
-6.748775524814516480e-01
-6.748782133836146446e-01
-6.748788475299681844e-01
-6.748794530198301000e-01
-6.748800278923559048e-01
-6.748805701254313449e-01
-6.748810776345198770e-01
-6.748815482714732861e-01
-6.748819798233096634e-01
-6.748823700109620738e-01
-6.748827164880020213e-01
-6.748830168393449291e-01
-6.748832685799373010e-01
-6.748834691534311148e-01
-6.748836159308435612e-01
-6.748837062092062355e-01
-6.748837372102002297e-01
-6.748837060787760134e-01
-6.748836098817658780e-01
-6.748834456064878307e-01
-6.748832101593474908e-01
-6.748829003644520874e-01
-6.748825129622406660e-01
-6.748820446081509328e-01
-6.748814918713259559e-01
-6.748808512333749343e-01
-6.748801190871881461e-01
-6.748792917358087395e-01
-6.748783653913483782e-01
-6.748773361739466292e-01
-6.748762001107539987e-01
-6.748749531349386155e-01
-6.748735910847079023e-01
-6.748721097023577808e-01
-6.748705046333617341e-01
-6.748687714255235948e-01
-6.748669055282308094e-01
-6.748649022918351559e-01
-6.748627569671905579e-01
-6.748604647053605410e-01
-6.748580205575034352e-01
-6.748554194749142310e-01
-6.748526563091953312e-01
-6.748497258125234488e-01
-6.748466226379671307e-01
-6.748433413398312597e-01
-6.748398763740184325e-01
-6.748362220984114312e-01
-6.748323727733194222e-01
-6.748283225620357317e-01
-6.748240655315660419e-01
-6.748195956535866236e-01
-6.748149068056698008e-01
-6.748099927727905234e-01
-6.748048472491080529e-01
-6.747994638399908984e-01
-6.747938360642503630e-01
-6.747879573565567224e-01
-6.747818210700321506e-01
-6.747754204790488153e-01
-6.747687487822695562e-01
-6.747617991059832177e-01
-6.747545645077456244e-01
-6.747470379802770202e-01
-6.747392124554725257e-01
-6.747310808082971345e-01
-6.747226358602701479e-01
-6.747138703822617156e-01
-6.747047770964299529e-01
-6.746953486773631381e-01
-6.746855777528160125e-01
-6.746754569048006855e-01
-6.746649786721251596e-01
-6.746541355556369135e-01
-6.746429200273265092e-01
-6.746313245439780060e-01
-6.746193415652128600e-01
-6.746069635746215765e-01
-6.745941831014153900e-01
-6.745809927389283533e-01
-6.745673851557087985e-01
-6.745533530952118051e-01
-6.745388893614493453e-01
-6.745239867904884168e-01
-6.745086382111323831e-01
-6.744928364019985301e-01
-6.744765740556859512e-01
-6.744598437628555043e-01
-6.744426380287987799e-01
-6.744249493317419075e-01
-6.744067702254653573e-01
-6.743880934792707560e-01
-6.743689122372491518e-01
-6.743492201682527165e-01
-6.743290115706792598e-01
-6.743082813948185761e-01
-6.742870251524163416e-01
-6.742652386992665781e-01
-6.742429179013041951e-01
-6.742200582248143448e-01
-6.741966543218336216e-01
-6.741726997056715076e-01
-6.741481866211954666e-01
-6.741231062034548360e-01
-6.740974489823911009e-01
-6.740712057312531202e-01
-6.740443685779572425e-01
-6.740169322141214003e-01
-6.739888949629897485e-01
-6.739602594249070044e-01
-6.739310324264349283e-01
-6.739012240702679790e-01
-6.738708458213231722e-01
-6.738399077593686393e-01
-6.738084153541045174e-01
-6.737763663337951181e-01
-6.737437483724570964e-01
-6.737105383605036524e-01
-6.736767039063583651e-01
-6.736422074203823884e-01
-6.736070126690023585e-01
-6.735710931080880481e-01
-6.735344407032193281e-01
-6.734970734460629105e-01
-6.734590395212032288e-01
-6.734204161953870615e-01
-6.733813020772311253e-01
-6.733418024409759672e-01
-6.733020087345684690e-01
-6.732619750020409910e-01
-6.732216954457557190e-01
-6.731810883747856300e-01
-6.731399919668851206e-01
-6.730981763229553216e-01
-6.730553740840801158e-01
-6.730113285170502557e-01
-6.729658538423217706e-01
-6.729188983483955777e-01
-6.728705973991245815e-01
-6.728213017789548278e-01
-6.727715678261089183e-01
-6.727221000520381411e-01
-6.726736444815355487e-01
-6.726268411160259975e-01
-6.725820553009544955e-01
-6.725392182600320456e-01
-6.724977141058116059e-01
-6.724563516991427514e-01
-6.724134527993848032e-01
-6.723670721447784215e-01
-6.723153412067689461e-01
-6.722568981320473647e-01
-6.721913365536761331e-01
-6.721195817903409253e-01
-6.720440913786910331e-01
-6.719687841583207311e-01
-6.718986322997108074e-01
-6.718389040232848330e-01
-6.717941166485507098e-01
-6.717668399769766152e-01
-6.717565639751167383e-01
-6.717588944075357782e-01
-6.717653475807564556e-01
-6.717639666352793748e-01
-6.717408707339701524e-01
-6.716826804481859092e-01
-6.715795568087308265e-01
-6.714283808352881078e-01
-6.712354288272165403e-01
-6.710178151763487309e-01
-6.708030237046583855e-01
-6.706260599591175042e-01
-6.705241331288467332e-01
-6.705292841130215953e-01
-6.706599434982531971e-01
-6.709129234967612376e-01
-6.712576953136241142e-01
-6.716348546919651552e-01
-6.719603393827360271e-01
-6.721361936574323792e-01
-6.720675128638817775e-01
-6.716837700251739873e-01
-6.709612430945497419e-01
-6.699420243827890475e-01
-6.687444537644116060e-01
-6.675601184841294389e-01
-6.666340501674482555e-01
-6.662274605345674949e-01
-6.665660260244713475e-01
-6.677807660385307598e-01
-6.698521231801120024e-01
-6.725700495063271500e-01
-6.755229949499266251e-01
-6.781262708492821201e-01
-6.796952641798329475e-01
-6.795616206093441081e-01
-6.772212315856932507e-01
-6.724924635145402840e-01
-6.656531570914411278e-01
-6.575183050070168012e-01
-6.494208255202877922e-01
-6.430690768258876533e-01
-6.402777494742354358e-01
-6.425999242234706754e-01
-6.509190154507327186e-01
-6.650798555049103333e-01
-6.836414132488444206e-01
-7.038202279849895548e-01
-7.216718522172766992e-01
-7.325374527593769836e-01
-7.317657187013074660e-01
-7.156909864006135713e-01
-6.827787959512091609e-01
-6.347238418804312943e-01
-5.771371887993714811e-01
-5.193928933749821786e-01
-4.733410918373664455e-01
-4.509630012962083101e-01
-4.614969197169868087e-01
-5.088498407350934283e-01
-5.900426630845080345e-01
-6.950214049656566750e-01
-8.075903189650591729e-01
-9.068206381852484954e-01
-9.684510474977826577e-01
-9.666794694868559024e-01
-8.778589024980931743e-01
-6.876590445250218009e-01
-4.008223122926650728e-01
-4.821152122058428718e-02
3.161645281259991558e-01
6.298351572850767743e-01
8.399661867226766443e-01
9.140480462308460119e-01
8.414722011465494145e-01
6.326273178660757335e-01
3.197927472348655598e-01
-4.437219364206382993e-02
-3.974102927552883857e-01
-6.851350268132466725e-01
-8.764068682964988311e-01
-9.662373942004802707e-01
-9.688102594014783575e-01
-9.077182035288239303e-01
-8.087631088527992285e-01
-6.962305265129019594e-01
-5.910879726681882440e-01
-5.095854068419767291e-01
-4.618459325066537891e-01
-4.509245480684737073e-01
-4.729828180079584388e-01
-5.188294202868904970e-01
-5.765001226184444105e-01
-6.341323220789917281e-01
-6.823185388477374103e-01
-7.154055654554233312e-01
-7.316589885830812046e-01
-7.325830492056425447e-01
-7.218253169576548389e-01
-7.040305788895243611e-01
-6.838605393680559086e-01
-6.652691712931898538e-01
-6.510532901075091194e-01
-6.426684021601233310e-01
-6.402828643582320067e-01
-6.430233138068167653e-01
-6.493425263394693170e-01
-6.574273171589521958e-01
-6.655671342056743711e-01
-6.724243557909652669e-01
-6.771781585623637412e-01
-6.795450042259602030e-01
-6.797018926069832157e-01
-6.781498821879955452e-01
-6.755559907358181793e-01
-6.726050298826025120e-01
-6.698830417910774937e-01
-6.678036090815189230e-01
-6.665790134408947631e-01
-6.662308408236060631e-01
-6.666296090147486586e-01
-6.675505426702048606e-01
-6.687326864086203804e-01
-6.699307204803101046e-01
-6.709523939984546326e-01
-6.716785218529879309e-01
-6.720661654649014993e-01
-6.721383395116447002e-01
-6.719650878192803267e-01
-6.716410852680506638e-01
-6.712642922580277505e-01
-6.709189571196956248e-01
-6.706647807482953860e-01
-6.705326259341929385e-01
-6.705259886938331748e-01
-6.706266759347891959e-01
-6.708027900832340684e-01
-6.710171683305805601e-01
-6.712347683665266240e-01
-6.714280109128076823e-01
-6.715796561420571686e-01
-6.716832996348969242e-01
-6.717419512563773676e-01
-6.717653736186388613e-01
-6.717669078641993474e-01
-6.717604324812465055e-01
-6.717579303328276019e-01
-6.717679288810288751e-01
-6.717948727062170722e-01
-6.718393189462888992e-01
-6.718987345352275264e-01
-6.719686246668603591e-01
-6.720437287542614380e-01
-6.721190693290886031e-01
-6.721907129863291530e-01
-6.722561827552732128e-01
-6.723145332602226132e-01
-6.723661536108100911e-01
-6.724123934142661740e-01
-6.724551148612317730e-01
-6.724962625027021135e-01
-6.725375183389356026e-01
-6.725800800886825304e-01
-6.726245712765580587e-01
-6.726710678172205249e-01
-6.727192098698668854e-01
-6.727683606894597768e-01
-6.728177751561484898e-01
-6.728667476275896897e-01
-6.729147191904457648e-01
-6.729613357500211501e-01
-6.730064585792425724e-01
-6.730501365195677987e-01
-6.730925533208539369e-01
-6.731339646591539827e-01
-6.731746377496244937e-01
-6.732148030615836554e-01
-6.732546234257461570e-01
-6.732941816910895660e-01
-6.733334847134309076e-01
-6.733724792312366647e-01
-6.734110742157800589e-01
-6.734491644457422099e-01
-6.734866510633311654e-01
-6.735234563566556698e-01
-6.735595316209198602e-01
-6.735948583808420986e-01
-6.736294443089292372e-01
-6.736633157585519838e-01
-6.736965089565316589e-01
-6.737290616516325992e-01
-6.737610065211725452e-01
-6.737923670381820163e-01
-6.738231559219559630e-01
-6.738533758289430020e-01
-6.738830216413168595e-01
-6.739120835896396100e-01
-6.739405504828760440e-01
-6.739684124708167356e-01
-6.739956629781850284e-01
-6.740222996753383322e-01
-6.740483245463830819e-01
-6.740737432551509034e-01
-6.740985640820971181e-01
-6.741227967139881150e-01
-6.741464511266789250e-01
-6.741695367282738438e-01
-6.741920618454839698e-01
-6.742140335572565091e-01
-6.742354578190361547e-01
-6.742563397845250384e-01
-6.742766842201191047e-01
-6.742964959164757799e-01
-6.743157800252815859e-01
-6.743345422797175637e-01
-6.743527890874124742e-01
-6.743705275095933649e-01
-6.743877651565824971e-01
-6.744045100369623347e-01
-6.744207703965696687e-01
-6.744365545762828207e-01
-6.744518709070336238e-01
-6.744667276493231389e-01
-6.744811329748616746e-01
-6.744950949811675533e-01
-6.745086217265056083e-01
-6.745217212722275368e-01
-6.745344017216590160e-01
-6.745466712481592575e-01
-6.745585381088941013e-01
-6.745700106443558441e-01
-6.745810972662507066e-01
-6.745918064377690593e-01
-6.746021466505570663e-01
-6.746121264021401887e-01
-6.746217541764305548e-01
-6.746310384286733353e-01
-6.746399875750237474e-01
-6.746486099860701247e-01
-6.746569139831269935e-01
-6.746649078360260621e-01
-6.746725997612731396e-01
-6.746799979197918296e-01
-6.746871104138388864e-01
-6.746939452830269524e-01
-6.747005104996318670e-01
-6.747068139634704309e-01
-6.747128634966569338e-01
-6.747186668384922426e-01
-6.747242316406308893e-01
-6.747295654625948824e-01
-6.747346757676117024e-01
-6.747395699187426210e-01
-6.747442551752400597e-01
-6.747487386891133365e-01
-6.747530275018995827e-01
-6.747571285416598119e-01
-6.747610486202409996e-01
-6.747647944308331480e-01
-6.747683725458309967e-01
-6.747717894149982687e-01
-6.747750513638895997e-01
-6.747781645924819660e-01
-6.747811351739599894e-01
-6.747839690536034940e-01
-6.747866720477392333e-01
-6.747892498427494612e-01
-6.747917079941463392e-01
-6.747940519257382697e-01
-6.747962869289271248e-01
-6.747984181621712318e-01
-6.748004506506496414e-01
-6.748023892861391149e-01
-6.748042388271003889e-01
-6.748060038989671661e-01
-6.748076889946039714e-01
-6.748092984749048950e-01
-6.748108365695024702e-01
-6.748123073775587066e-01
-6.748137148686228493e-01
-6.748150628835514198e-01
-6.748163551354855461e-01
-6.748175952108996789e-01
-6.748187865707282462e-01
-6.748199325515785718e-01
-6.748210363670387180e-01
-6.748221011090785870e-01
-6.748231297495428382e-01
-6.748241251417239628e-01
-6.748250900220045256e-01
-6.748260270115589154e-01
-6.748269386181006135e-01
-6.748278272376592168e-01
-6.748286951563913227e-01
-6.748295445524100655e-01
-6.748303774976351921e-01
-6.748311959596619003e-01
-6.748320018036468859e-01
-6.748327967942134853e-01
-6.748335825973683644e-01
-6.748343607824340840e-01
-6.748351328239862168e-01
-6.748359001037946836e-01
-6.748366639127616473e-01
-6.748374254528500815e-01
-6.748381858389987942e-01
-6.748389461010184665e-01
-6.748397071854634888e-01
-6.748404699574795940e-01
-6.748412352026200711e-01
-6.748420036286331136e-01
-6.748427758672118637e-01
-6.748435524757115944e-01
-6.748443339388262574e-01
-6.748451206702232863e-01
-6.748459130141347684e-01
-6.748467112469008766e-01
-6.748475155784635637e-01
-6.748483261538098521e-01
-6.748491430543569480e-01
-6.748499662992817338e-01
-6.748507958467910850e-01
-6.748516315953301259e-01
-6.748524733847307555e-01
-6.748533209972941149e-01
-6.748541741588088838e-01
-6.748550325395035188e-01
-6.748558957549306569e-01
-6.748567633667837962e-01
