-6.748577056322236922e-01
-6.748585412637641001e-01
-6.748593759488077382e-01
-6.748602090711316448e-01
-6.748610399591107312e-01
-6.748618678860980324e-01
-6.748626920707340160e-01
-6.748635116771960485e-01
-6.748643258153845803e-01
-6.748651335410442709e-01
-6.748659338558263832e-01
-6.748667257072854531e-01
-6.748675079888201145e-01
-6.748682795395501977e-01
-6.748690391441325431e-01
-6.748697855325208605e-01
-6.748705173796587520e-01
-6.748712333051195555e-01
-6.748719318726810190e-01
-6.748726115898446842e-01
-6.748732709072996494e-01
-6.748739082183344840e-01
-6.748745218581988503e-01
-6.748751101034194955e-01
-6.748756711710752754e-01
-6.748762032180324333e-01
-6.748767043401426857e-01
-6.748771725714073355e-01
-6.748776058831025271e-01
-6.748780021828666431e-01
-6.748783593137517300e-01
-6.748786750532327350e-01
-6.748789471121791061e-01
-6.748791731337928645e-01
-6.748793506925149233e-01
-6.748794772929106456e-01
-6.748795503685455222e-01
-6.748795672808595159e-01
-6.748795253180500664e-01
-6.748794216939765223e-01
-6.748792535470835574e-01
-6.748790179393454602e-01
-6.748787118552221909e-01
-6.748783322006218777e-01
-6.748778758018523227e-01
-6.748773394045526342e-01
-6.748767196725971029e-01
-6.748760131869763201e-01
-6.748752164446646384e-01
-6.748743258574996240e-01
-6.748733377511035858e-01
-6.748722483638860403e-01
-6.748710538461638597e-01
-6.748697502594296349e-01
-6.748683335757840185e-01
-6.748667996775252753e-01
-6.748651443568648434e-01
-6.748633633157258283e-01
-6.748614521655561527e-01
-6.748594064270839743e-01
-6.748572215299566412e-01
-6.748548928122298785e-01
-6.748524155197104246e-01
-6.748497848052035231e-01
-6.748469957277741793e-01
-6.748440432521658483e-01
-6.748409222485495240e-01
-6.748376274927764262e-01
-6.748341536672659569e-01
-6.748304953625885449e-01
-6.748266470797085193e-01
-6.748226032327232504e-01
-6.748183581518221175e-01
-6.748139060860933736e-01
-6.748092412057538070e-01
-6.748043576034123969e-01
-6.747992492940787512e-01
-6.747939102138458267e-01
-6.747883342174409993e-01
-6.747825150751758372e-01
-6.747764464701351272e-01
-6.747701219966958375e-01
-6.747635351615546284e-01
-6.747566793883287284e-01
-6.747495480264025236e-01
-6.747421343640426228e-01
-6.747344316449263024e-01
-6.747264330862429160e-01
-6.747181318956106955e-01
-6.747095212834411937e-01
-6.747005944672868072e-01
-6.746913446653737267e-01
-6.746817650780276843e-01
-6.746718488580218942e-01
-6.746615890737487353e-01
-6.746509786721250901e-01
-6.746400104505716477e-01
-6.746286770485713236e-01
-6.746169709684555205e-01
-6.746048846317013181e-01
-6.745924104710516733e-01
-6.745795410506697509e-01
-6.745662691974687597e-01
-6.745525881184655237e-01
-6.745384914737210247e-01
-6.745239733744093913e-01
-6.745090282826232686e-01
-6.744936508044753198e-01
-6.744778353901033086e-01
-6.744615759806011912e-01
-6.744448656679847831e-01
-6.744276964537734287e-01
-6.744100591977967296e-01
-6.743919438353225271e-01
-6.743733399040197085e-01
-6.743542373633321096e-01
-6.743346276138461048e-01
-6.743145045454882469e-01
-6.742938653783523417e-01
-6.742727110289233883e-01
-6.742510457565414894e-01
-6.742288759331391823e-01
-6.742062079351495152e-01
-6.741830453657876587e-01
-6.741593860465492360e-01
-6.741352194204462966e-01
-6.741105251277546007e-01
-6.740852734900881771e-01
-6.740594284277384718e-01
-6.740329529262306663e-01
-6.740058165931113177e-01
-6.739780041885494732e-01
-6.739495234054015960e-01
-6.739204097806398286e-01
-6.738907266081700653e-01
-6.738605582239630687e-01
-6.738299960971927405e-01
-6.737991187137757354e-01
-6.737679680653954062e-01
-6.737365273030301305e-01
-6.737047053267979368e-01
-6.736723342924296754e-01
-6.736391848386709125e-01
-6.736050011132113102e-01
-6.735695535562375991e-01
-6.735327024412751662e-01
-6.734944603080124104e-01
-6.734550378665459247e-01
-6.734148569949893748e-01
-6.733745171614204938e-01
-6.733347084942690186e-01
-6.732960754651288182e-01
-6.732590483515599189e-01
-6.732236728903747691e-01
-6.731894786093964855e-01
-6.731554297872409665e-01
-6.731199969036143482e-01
-6.730813692698791595e-01
-6.730378019434141157e-01
-6.729880554428849804e-01
-6.729318513812803104e-01
-6.728702392469024796e-01
-6.728057583048611123e-01
-6.727422918938738006e-01
-6.726845536939842773e-01
-6.726372156058880725e-01
-6.726037763312462392e-01
-6.725853628742354262e-01
-6.725797325501707835e-01
-6.725807769648879386e-01
-6.725788009021724800e-01
-6.725617459395650810e-01
-6.725173530333159455e-01
-6.724360305331057441e-01
-6.723139531453685702e-01
-6.721557174408706592e-01
-6.719757815192007877e-01
-6.717979753465138648e-01
-6.716526176660637670e-01
-6.715712124282450235e-01
-6.715792725229241533e-01
-6.716884324132540440e-01
-6.718895265457619503e-01
-6.721485739626225087e-01
-6.724074855781881910e-01
-6.725907176318872693e-01
-6.726180386732820704e-01
-6.724221725810328731e-01
-6.719685541246773752e-01
-6.712731100111231086e-01
-6.704132345082493005e-01
-6.695273249996817055e-01
-6.687996257206414441e-01
-6.684297215022250160e-01
-6.685895415189002655e-01
-6.693745575483628363e-01
-6.707591217094632796e-01
-6.725676451629647445e-01
-6.744727982721948623e-01
-6.760287126282559234e-01
-6.767413632104957166e-01
-6.761704652352853451e-01
-6.740483542409095863e-01
-6.703929384425808546e-01
-6.655859824728108665e-01
-6.603872128432988209e-01
-6.558614087877104870e-01
-6.532108475207382137e-01
-6.535276745655641539e-01
-6.575052134168167806e-01
-6.651669599519312026e-01
-6.756804921143640952e-01
-6.873176003498341347e-01
-6.976031104092941248e-01
-7.036675736786592861e-01
-7.027865097178734866e-01
-6.930499394199763907e-01
-6.740567119963490894e-01
-6.474716144005887575e-01
-6.172408936306943428e-01
-5.892737227904271125e-01
-5.704993710676254937e-01
-5.673970143959351509e-01
-5.843007504695155729e-01
-6.219057795048790194e-01
-6.763703797159710263e-01
-7.392315367227894063e-01
-7.981322471152573206e-01
-8.382481905008629663e-01
-8.443968564707232671e-01
-8.040081153270528525e-01
-7.110692793999947581e-01
-5.704390669378356371e-01
-4.006866349929735227e-01
-2.329172142740895124e-01
-1.042127044229788219e-01
-4.716524824437984958e-02
-7.934833014144102026e-02
-1.966911912724748634e-01
-3.731402469150869594e-01
-5.667773089019075838e-01
-7.300133218213925579e-01
-8.197675659476004739e-01
-8.048311607173462834e-01
-6.710554486899468207e-01
-4.261363002094936681e-01
-1.022636482284047105e-01
2.488360922330213054e-01
5.709030350494842532e-01
8.217084597026657056e-01
9.838605617127169634e-01
1.063457954187584376e+00
1.080886122478401434e+00
1.060627987467939626e+00
1.024442790660476055e+00
9.884931655551866259e-01
9.631759679446798561e-01
9.540832682962172573e-01
9.629658007295727185e-01
9.881160981587719938e-01
1.023993444989482970e+00
1.060264430923383738e+00
1.080836460646903641e+00
1.064004918539425582e+00
9.852856272057129994e-01
8.241877728620325971e-01
5.743815371289415772e-01
2.529518390925496463e-01
-9.812515621316343639e-02
-4.226523779929267088e-01
-6.687477607071887764e-01
-8.039424748927194164e-01
-8.202568310971436460e-01
-7.316058790018348246e-01
-5.690205631170066614e-01
-3.754730691307736623e-01
-1.985511928669170534e-01
-8.030375587595904585e-02
-4.702247773642934808e-02
-1.030554063199701220e-01
-2.310633216645036903e-01
-3.985788856439956285e-01
-5.685091794743920568e-01
-7.096279864478217680e-01
-8.031973963245596648e-01
-8.442038906915634300e-01
-8.385531375786708930e-01
-7.987606359793640864e-01
-7.399965708100063599e-01
-6.771035093812676209e-01
-6.224781975369789722e-01
-5.846368163637305493e-01
-5.674784006706578010e-01
-5.703588910975209147e-01
-5.889801237500232878e-01
-6.168785897207930136e-01
-6.471207027595899941e-01
-6.737779577848510559e-01
-6.928772018402364896e-01
-7.027264992809744149e-01
-7.037050028771911769e-01
-6.977086612986218572e-01
-6.874564204998182548e-01
-6.758196093779652580e-01
-6.652806787239257114e-01
-6.575780872967216251e-01
-6.535550715127487198e-01
-6.531974778710530893e-01
-6.558184625886858132e-01
-6.603288996227654195e-01
-6.655262446101989360e-01
-6.703429295855248826e-01
-6.740149988679202675e-01
-6.761561294258370269e-01
-6.767444416381410699e-01
-6.760448089408913619e-01
-6.744961450579667339e-01
-6.725924523909447839e-01
-6.707806287962283509e-01
-6.693896673199761782e-01
-6.685970141264055977e-01
-6.684299885055740020e-01
-6.687943397173060633e-01
-6.695187840269144486e-01
-6.704038142553622182e-01
-6.712648071899034452e-01
-6.719627013090988532e-01
-6.724193395153702513e-01
-6.726180968036684638e-01
-6.725930193070009944e-01
-6.724110989050259279e-01
-6.721525172471470855e-01
-6.718929589517559364e-01
-6.716907753530811931e-01
-6.715802548901367297e-01
-6.715708485067984901e-01
-6.716511371222622095e-01
-6.717957292829784821e-01
-6.719731476025173622e-01
-6.721530220190038429e-01
-6.723114209479581493e-01
-6.724337649081583157e-01
-6.725153432554471511e-01
-6.725598938701304874e-01
-6.725769574892472846e-01
-6.725787794927041707e-01
-6.725774355707626606e-01
-6.725826586109898697e-01
-6.726006032977351889e-01
-6.726335566593136805e-01
-6.726804263966766895e-01
-6.727377347817992126e-01
-6.728008165507831650e-01
-6.728649524816402439e-01
-6.729262453813581457e-01
-6.729821382801366436e-01
-6.730315642385711339e-01
-6.730747875323925822e-01
-6.731130386224178919e-01
-6.731480589367931922e-01
-6.731816604762793643e-01
-6.732153775071673119e-01
-6.732502522449543836e-01
-6.732867617996753928e-01
-6.733248659652562029e-01
-6.733641381350317090e-01
-6.734039354145592293e-01
-6.734435673653207388e-01
-6.734824328283769423e-01
-6.735201074977306135e-01
-6.735563781293317787e-01
-6.735912300487394422e-01
-6.736248015629531238e-01
-6.736573216407272247e-01
-6.736890463089563186e-01
-6.737202056837714448e-01
-6.737509687002599668e-01
-6.737814276412408265e-01
-6.738116004327614483e-01
-6.738414459279056246e-01
-6.738708862048188308e-01
-6.738998300972558475e-01
-6.739281933783780598e-01
-6.739559127604495270e-01
-6.739829527013267985e-01
-6.740093055667988331e-01
-6.740349867679836793e-01
-6.740600270012656603e-01
-6.740844637123982741e-01
-6.741083335164469448e-01
-6.741316666987978712e-01
-6.741544842644616731e-01
-6.741767974259966767e-01
-6.741986090088036843e-01
-6.742199160390299761e-01
-6.742407127522452859e-01
-6.742609933779394327e-01
-6.742807542579920543e-01
-6.742999950880423921e-01
-6.743187192805945029e-01
-6.743369336054101382e-01
-6.743546473518121642e-01
-6.743718712803443704e-01
-6.743886166007084793e-01
-6.744048941481199932e-01
-6.744207138515111444e-01
-6.744360845118333447e-01
-6.744510138495399820e-01
-6.744655087434385798e-01
-6.744795755693250294e-01
-6.744932205526090740e-01
-6.745064500685252762e-01
-6.745192708495273415e-01
-6.745316900859420484e-01
-6.745437154280649050e-01
-6.745553549129548188e-01
-6.745666168463502199e-01
-6.745775096701964735e-01
-6.745880418410533652e-01
-6.745982217363798439e-01
-6.746080575966177939e-01
-6.746175575028718896e-01
-6.746267293839590673e-01
-6.746355810432050903e-01
-6.746441201944662902e-01
-6.746523544979871057e-01
-6.746602915891500851e-01
-6.746679390961511924e-01
-6.746753046455439273e-01
-6.746823958569236890e-01
-6.746892203295443702e-01
-6.746957856243387397e-01
-6.747020992447286813e-01
-6.747081686190030680e-01
-6.747140010861178983e-01
-6.747196038857902201e-01
-6.747249841528735192e-01
-6.747301489153406662e-01
-6.747351050948127149e-01
-6.747398595084538320e-01
-6.747444188711315682e-01
-6.747487897970089188e-01
-6.747529788000260487e-01
-6.747569922930805042e-01
-6.747608365859774082e-01
-6.747645178824381862e-01
-6.747680422765579555e-01
-6.747714157491413456e-01
-6.747746441642851201e-01
-6.747777332664901540e-01
-6.747806886784672997e-01
-6.747835158996726701e-01
-6.747862203055158270e-01
-6.747888071471034310e-01
-6.747912815513560369e-01
-6.747936485213177349e-01
-6.747959129365184161e-01
-6.747980795532776410e-01
-6.748001530049000385e-01
-6.748021378017573513e-01
-6.748040383312915447e-01
-6.748058588579987083e-01
-6.748076035234658043e-01
-6.748092763465214361e-01
-6.748108812235553700e-01
-6.748124219290330128e-01
-6.748139021162085083e-01
-6.748153253180263489e-01
-6.748166949481764210e-01
-6.748180143022649569e-01
-6.748192865590680878e-01
-6.748205147818269189e-01
-6.748217019195719146e-01
-6.748228508084540556e-01
-6.748239641730824356e-01
-6.748250446278818426e-01
-6.748260946784669922e-01
-6.748271167230573964e-01
-6.748281130539334205e-01
-6.748290858589467422e-01
-6.748300372230799926e-01
-6.748309691300550250e-01
-6.748318834639827069e-01
-6.748327820110365804e-01
-6.748336664611467306e-01
-6.748345384096976485e-01
-6.748353993592222100e-01
-6.748362507210883265e-01
-6.748370938171659450e-01
-6.748379298814821681e-01
-6.748387600618596105e-01
-6.748395854215368805e-01
-6.748404069407769601e-01
-6.748412255184544906e-01
-6.748420419736308462e-01
-6.748428570471042276e-01
-6.748436714029367733e-01
-6.748444856299535832e-01
-6.748453002432075465e-01
-6.748461156854040910e-01
-6.748469323282895171e-01
-6.748477504739900379e-01
-6.748485703563046334e-01
-6.748493921419513875e-01
-6.748502159317607552e-01
-6.748510417618206469e-01
-6.748518696045679999e-01
-6.748526993698296117e-01
-6.748535309058074638e-01
-6.748543640000088661e-01
-6.748551983801214238e-01
-6.748560337148287180e-01
-6.748568696145677004e-01
