-6.748576357818260041e-01
-6.748584516484850138e-01
-6.748592644915240024e-01
-6.748600737103961356e-01
-6.748608786469685317e-01
-6.748616785858936318e-01
-6.748624727549251689e-01
-6.748632603251696338e-01
-6.748640404112805635e-01
-6.748648120715948773e-01
-6.748655743082082603e-01
-6.748663260669948150e-01
-6.748670662375635398e-01
-6.748677936531641830e-01
-6.748685070905310335e-01
-6.748692052696710908e-01
-6.748698868536003870e-01
-6.748705504480242423e-01
-6.748711946009650076e-01
-6.748718178023389580e-01
-6.748724184834848927e-01
-6.748729950166437730e-01
-6.748735457143936189e-01
-6.748740688290407741e-01
-6.748745625519690927e-01
-6.748750250129481598e-01
-6.748754542794058731e-01
-6.748758483556602794e-01
-6.748762051821193264e-01
-6.748765226344454193e-01
-6.748767985226895583e-01
-6.748770305903978306e-01
-6.748772165136924794e-01
-6.748773539003320998e-01
-6.748774402887528501e-01
-6.748774731471004484e-01
-6.748774498722492909e-01
-6.748773677888210143e-01
-6.748772241481979517e-01
-6.748770161275433610e-01
-6.748767408288185443e-01
-6.748763952778100705e-01
-6.748759764231586633e-01
-6.748754811353923078e-01
-6.748749062059670178e-01
-6.748742483463135988e-01
-6.748735041869008411e-01
-6.748726702763157004e-01
-6.748717430803740092e-01
-6.748707189812699347e-01
-6.748695942767818368e-01
-6.748683651795395200e-01
-6.748670278163676484e-01
-6.748655782277065418e-01
-6.748640123671155733e-01
-6.748623261008441787e-01
-6.748605152074671487e-01
-6.748585753775609986e-01
-6.748565022134127567e-01
-6.748542912287408546e-01
-6.748519378484276743e-01
-6.748494374082703029e-01
-6.748467851547728102e-01
-6.748439762450151314e-01
-6.748410057466573964e-01
-6.748378686381305558e-01
-6.748345598090755848e-01
-6.748310740610671266e-01
-6.748274061086418918e-01
-6.748235505806038370e-01
-6.748195020215469464e-01
-6.748152548934910344e-01
-6.748108035774962321e-01
-6.748061423751169352e-01
-6.748012655095734225e-01
-6.747961671265718664e-01
-6.747908412947887236e-01
-6.747852820061394086e-01
-6.747794831760646206e-01
-6.747734386441667231e-01
-6.747671421755817578e-01
-6.747605874634625689e-01
-6.747537681328632519e-01
-6.747466777461275100e-01
-6.747393098096265973e-01
-6.747316577813966543e-01
-6.747237150789254789e-01
-6.747154750861162897e-01
-6.747069311583780982e-01
-6.746980766249068839e-01
-6.746889047875941348e-01
-6.746794089165741859e-01
-6.746695822432026146e-01
-6.746594179520752910e-01
-6.746489091744457545e-01
-6.746380489858371243e-01
-6.746268304106318725e-01
-6.746152464357962897e-01
-6.746032900346116135e-01
-6.745909541994281611e-01
-6.745782319802426930e-01
-6.745651165236958846e-01
-6.745516011053959149e-01
-6.745376791477769585e-01
-6.745233442165172733e-01
-6.745085899910716609e-01
-6.744934102091749706e-01
-6.744777985907906004e-01
-6.744617487531445743e-01
-6.744452541339805984e-01
-6.744283079436640405e-01
-6.744109031667996357e-01
-6.743930326296357913e-01
-6.743746891402304655e-01
-6.743558656947206131e-01
-6.743365557266850496e-01
-6.743167533602267838e-01
-6.742964536146170973e-01
-6.742756525029582892e-01
-6.742543469728050631e-01
-6.742325346551417686e-01
-6.742102134195037122e-01
-6.741873807744878100e-01
-6.741640331984622980e-01
-6.741401655263422610e-01
-6.741157705444997816e-01
-6.740908389470293693e-01
-6.740653597747671144e-01
-6.740393213905270242e-01
-6.740127129437283315e-01
-6.739855261568602485e-01
-6.739577571451240701e-01
-6.739294078853149683e-01
-6.739004869091899108e-01
-6.738710088357151573e-01
-6.738409924915946814e-01
-6.738104576001817669e-01
-6.737794203242991609e-01
-6.737478882848879636e-01
-6.737158559810167979e-01
-6.736833017314424188e-01
-6.736501872680424885e-01
-6.736164608784996899e-01
-6.735820644962158266e-01
-6.735469443971190406e-01
-6.735110642737524023e-01
-6.734744185645522574e-01
-6.734370432140267537e-01
-6.733990207386559845e-01
-6.733604767616747644e-01
-6.733215661741931424e-01
-6.732824487787443246e-01
-6.732432565185917372e-01
-6.732040568691115556e-01
-6.731648191958438110e-01
-6.731253923069550060e-01
-6.730855014904212341e-01
-6.730447716004503977e-01
-6.730027790755485073e-01
-6.729591303399260482e-01
-6.729135575128907254e-01
-6.728660158176326123e-01
-6.728167619646215902e-01
-6.727663906331665666e-01
-6.727158083587474469e-01
-6.726661314954001103e-01
-6.726185074286438192e-01
-6.725738746979276206e-01
-6.725326957574813136e-01
-6.724947122975466485e-01
-6.724587832609598692e-01
-6.724228658819474402e-01
-6.723841871665986458e-01
-6.723396260734499918e-01
-6.722862868399778202e-01
-6.722221962806471662e-01
-6.721470104713623828e-01
-6.720625794443269019e-01
-6.719732036108991835e-01
-6.718854325218051038e-01
-6.718073112325988472e-01
-6.717470714622929551e-01
-6.717113850662242980e-01
-6.717034283232994341e-01
-6.717211217212281094e-01
-6.717559815116268540e-01
-6.717930173692284734e-01
-6.718120134733236437e-01
-6.717903308138004626e-01
-6.717070789137129516e-01
-6.715481609388141981e-01
-6.713113553992069438e-01
-6.710103356657057816e-01
-6.706764271176904879e-01
-6.703570331188599685e-01
-6.701100681278141513e-01
-6.699944130323243208e-01
-6.700572847787166220e-01
-6.703203536667264872e-01
-6.707672579064576368e-01
-6.713356425950536277e-01
-6.719167923261036846e-01
-6.723651971125487181e-01
-6.725189532177405782e-01
-6.722298439501752654e-01
-6.713995052463418434e-01
-6.700156438394971881e-01
-6.681803704297593072e-01
-6.661219566061540309e-01
-6.641823178201752276e-01
-6.627756452416171395e-01
-6.623187944002433269e-01
-6.631406193503847080e-01
-6.653841610514714677e-01
-6.689208787936331557e-01
-6.732984977641375268e-01
-6.777426201070034795e-01
-6.812267892302980021e-01
-6.826164592036927381e-01
-6.808796332896139836e-01
-6.753411150586671186e-01
-6.659393555023981337e-01
-6.534278758319583824e-01
-6.394535340483858965e-01
-6.264501306296341721e-01
-6.173148059198523274e-01
-6.148852299554643519e-01
-6.212949407050948336e-01
-6.373310683173840641e-01
-6.619336849700031555e-01
-6.919537720749910914e-01
-7.222418694119432381e-01
-7.461000382243710982e-01
-7.561178361151745797e-01
-7.454176784130169819e-01
-7.092976279791156635e-01
-6.471002680608957114e-01
-5.638374703978586977e-01
-4.708071633390485400e-01
-3.844453310987244743e-01
-3.231843236104978700e-01
-3.029795279384850937e-01
-3.328949143942356304e-01
-4.122388952912409699e-01
-5.301638125745778973e-01
-6.676485306499129191e-01
-8.007779068949469892e-01
-9.038035412862530649e-01
-9.511695475426642510e-01
-9.193381740936868995e-01
-7.905650304514398874e-01
-5.599664832035941009e-01
-2.435777915704554486e-01
1.189806472167860701e-01
4.726922869630204027e-01
7.634714099486163974e-01
9.520180812589985608e-01
1.017525843419171405e+00
9.539172681422685152e-01
7.670825823145644984e-01
4.775734852994367730e-01
1.244168027899488632e-01
-2.384374006852875982e-01
-5.558552735323046834e-01
-7.878976183967919544e-01
-9.181751958743797903e-01
-9.513157965266091365e-01
-9.049330987772324919e-01
-8.025169944473564687e-01
-6.696142212889428791e-01
-5.319902191113387024e-01
-4.136146885933353334e-01
-3.336106580277650169e-01
-3.029653908822734221e-01
-3.225184352762044404e-01
-3.833253268201543551e-01
-4.694927148224632418e-01
-5.625829495416809767e-01
-6.460995901774639893e-01
-7.086560464735683906e-01
-7.451521845275430600e-01
-7.561771435594110136e-01
-7.463920372507011347e-01
-7.226595928507025812e-01
-6.923957913461770142e-01
-6.623181685235121074e-01
-6.376039116862625145e-01
-6.214324300649453070e-01
-6.148917203116005537e-01
-6.172163135301860226e-01
-6.262853761683283560e-01
-6.392644131944029695e-01
-6.532512781356073495e-01
-6.658016823624713920e-01
-6.752559954410176646e-01
-6.808485246798384738e-01
-6.826312918039162403e-01
-6.812736340295026949e-01
-6.778054620889213400e-01
-6.733624426976693167e-01
-6.689744037334220961e-01
-6.654202720607442778e-01
-6.631569819564019364e-01
-6.623170473783122070e-01
-6.627601939590344049e-01
-6.641589278667513474e-01
-6.660964356038923118e-01
-6.681575488642583771e-01
-6.699987657395901630e-01
-6.713900403450663301e-01
-6.722276541978411402e-01
-6.725226991101029839e-01
-6.723728546751782664e-01
-6.719261639557385646e-01
-6.713447748150415118e-01
-6.707747164896564751e-01
-6.703253431384327277e-01
-6.700596291340663591e-01
-6.699944343011723369e-01
-6.701084082829381616e-01
-6.703544637891385438e-01
-6.706736830742746625e-01
-6.710079952766677680e-01
-6.713097774348368851e-01
-6.715474749573492330e-01
-6.717072177430198909e-01
-6.717910890944907010e-01
-6.718131156312402430e-01
-6.717941808636679335e-01
-6.717569655511999027e-01
-6.717217566173179222e-01
-6.717036252289076970e-01
-6.717111293244455439e-01
-6.717464048315134884e-01
-6.718063088660994886e-01
-6.718841800093465766e-01
-6.719717780352787440e-01
-6.720610367025315890e-01
-6.721453794461369480e-01
-6.722204791074615216e-01
-6.722844636505199700e-01
-6.723376622394793278e-01
-6.723820411489702664e-01
-6.724204961802783265e-01
-6.724561535097998144e-01
-6.724917941261681076e-01
-6.725294695167530756e-01
-6.725703284965715012e-01
-6.726146350926976991e-01
-6.726619300840139815e-01
-6.727112757743349825e-01
-6.727615237022098738e-01
-6.728115551834091823e-01
-6.728604607921201408e-01
-6.729076429975531237e-01
-6.729528427069593199e-01
-6.729961030213618134e-01
-6.730376909112767425e-01
-6.730779997292791750e-01
-6.731174533358544876e-01
-6.731564274981020057e-01
-6.731951976785819358e-01
-6.732339157912706762e-01
-6.732726130568245093e-01
-6.733112223950781239e-01
-6.733496120580425570e-01
-6.733876222640573506e-01
-6.734250980151562649e-01
-6.734619135087621666e-01
-6.734979860302376942e-01
-6.735332794632016284e-01
-6.735677992563059435e-01
-6.736015816821845359e-01
-6.736346805146923300e-01
-6.736671539510094009e-01
-6.736990539036936676e-01
-6.737304188954484907e-01
-6.737612708998889088e-01
-6.737916157327558109e-01
-6.738214460979929932e-01
-6.738507461594172021e-01
-6.738794965181308383e-01
-6.739076786698638966e-01
-6.739352783195364793e-01
-6.739622872664231545e-01
-6.739887038785883355e-01
-6.740145324060310417e-01
-6.740397815171996765e-01
-6.740644624829963405e-01
-6.740885873919418847e-01
-6.741121676852459554e-01
-6.741352131796862768e-01
-6.741577316256668340e-01
-6.741797287475878031e-01
-6.742012086456916631e-01
-6.742221744065964861e-01
-6.742426287707088406e-01
-6.742625747307282591e-01
-6.742820159763348586e-01
-6.743009571456102247e-01
-6.743194038851254568e-01
-6.743373627520238278e-01
-6.743548410099161616e-01
-6.743718463759739157e-01
-6.743883867713047486e-01
-6.744044701139917386e-01
-6.744201041778806749e-01
-6.744352965238941122e-01
-6.744500544970196687e-01
-6.744643852728217093e-01
-6.744782959328914362e-01
-6.744917935486662852e-01
-6.745048852564868858e-01
-6.745175783122375757e-01
-6.745298801200507732e-01
-6.745417982351671338e-01
-6.745533403453436438e-01
-6.745645142377533210e-01
-6.745753277591332031e-01
-6.745857887762691796e-01
-6.745959051422247832e-01
-6.746056846715330346e-01
-6.746151351253565354e-01
-6.746242642057682648e-01
-6.746330795570140149e-01
-6.746415887709905634e-01
-6.746497993941470428e-01
-6.746577189334659330e-01
-6.746653548598996464e-01
-6.746727146084711135e-01
-6.746798055750153900e-01
-6.746866351101248327e-01
-6.746932105112248834e-01
-6.746995390138261772e-01
-6.747056277829324156e-01
-6.747114839053470758e-01
-6.747171143833402551e-01
-6.747225261298331889e-01
-6.747277259649968606e-01
-6.747327206139864808e-01
-6.747375167054371348e-01
-6.747421207703337975e-01
-6.747465392409309759e-01
-6.747507784494835015e-01
-6.747548446266723454e-01
-6.747587438997058040e-01
-6.747624822901687747e-01
-6.747660657117394711e-01
-6.747694999679130223e-01
-6.747727907498672906e-01
-6.747759436345749373e-01
-6.747789640832247970e-01
-6.747818574399782054e-01
-6.747846289310428514e-01
-6.747872836640298466e-01
-6.747898266275332846e-01
-6.747922626908772203e-01
-6.747945966039774479e-01
-6.747968329972817703e-01
-6.747989763817626718e-01
-6.748010311489580637e-01
-6.748030015710624330e-01
-6.748048918010819408e-01
-6.748067058730721213e-01
-6.748084477024686167e-01
-6.748101210865276034e-01
-6.748117297048797925e-01
-6.748132771201992286e-01
-6.748147667789818893e-01
-6.748162020124228722e-01
-6.748175860373835100e-01
-6.748189219574300957e-01
-6.748202127639395531e-01
-6.748214613372583992e-01
-6.748226704479047822e-01
-6.748238427578152621e-01
-6.748249808216268963e-01
-6.748260870879972950e-01
-6.748271639009599809e-01
-6.748282135013118355e-01
-6.748292380280360714e-01
-6.748302395197559589e-01
-6.748312199162120883e-01
-6.748321810597672776e-01
-6.748331246969276886e-01
-6.748340524798768225e-01
-6.748349659680185075e-01
-6.748358666295245500e-01
-6.748367558428790547e-01
-6.748376348984193029e-01
-6.748385049998663066e-01
-6.748393672658450360e-01
-6.748402227313874402e-01
-6.748410723494236985e-01
-6.748419169922497129e-01
-6.748427574529722861e-01
-6.748435944469319825e-01
-6.748444286130993452e-01
-6.748452605154375838e-01
-6.748460906442355078e-01
-6.748469194174042673e-01
-6.748477471817364570e-01
-6.748485742141242527e-01
-6.748494007227366920e-01
-6.748502268481493260e-01
-6.748510526644315721e-01
-6.748518781801838839e-01
-6.748527033395239627e-01
-6.748535280230246736e-01
-6.748543520485997815e-01
-6.748551751723333991e-01
-6.748559970892583637e-01
-6.748568174340769943e-01
