-6.748575167435725275e-01
-6.748583164554271541e-01
-6.748591113367248262e-01
-6.748599007998217214e-01
-6.748606841977713433e-01
-6.748614608246941149e-01
-6.748622299160872418e-01
-6.748629906490805075e-01
-6.748637421426364469e-01
-6.748644834576947860e-01
-6.748652135972599275e-01
-6.748659315064359232e-01
-6.748666360724046021e-01
-6.748673261243516297e-01
-6.748680004333370563e-01
-6.748686577121164598e-01
-6.748692966149071326e-01
-6.748699157371075286e-01
-6.748705136149649730e-01
-6.748710887251982982e-01
-6.748716394845717392e-01
-6.748721642494279749e-01
-6.748726613151764253e-01
-6.748731289157408053e-01
-6.748735652229688187e-01
-6.748739683460047711e-01
-6.748743363306239917e-01
-6.748746671585372781e-01
-6.748749587466611466e-01
-6.748752089463577741e-01
-6.748754155426480716e-01
-6.748755762534011104e-01
-6.748756887285003447e-01
-6.748757505489918485e-01
-6.748757592262187854e-01
-6.748757122009448883e-01
-6.748756068424700549e-01
-6.748754404477493862e-01
-6.748752102405051190e-01
-6.748749133703467740e-01
-6.748745469118938578e-01
-6.748741078639065583e-01
-6.748735931484205475e-01
-6.748729996098928874e-01
-6.748723240143541524e-01
-6.748715630485753181e-01
-6.748707133192463070e-01
-6.748697713521790709e-01
-6.748687335915387608e-01
-6.748675963991175308e-01
-6.748663560536636297e-01
-6.748650087502713335e-01
-6.748635505998462625e-01
-6.748619776286516325e-01
-6.748602857779326669e-01
-6.748584709036159479e-01
-6.748565287760701636e-01
-6.748544550799171482e-01
-6.748522454138692339e-01
-6.748498952905815917e-01
-6.748474001365171171e-01
-6.748447552918176440e-01
-6.748419560102165704e-01
-6.748389974590198737e-01
-6.748358747192143570e-01
-6.748325827857611925e-01
-6.748291165681399306e-01
-6.748254708911820554e-01
-6.748216404962260606e-01
-6.748176200425649585e-01
-6.748134041091310431e-01
-6.748089871963014463e-01
-6.748043637276878171e-01
-6.747995280517488093e-01
-6.747944744430851571e-01
-6.747891971033324054e-01
-6.747836901616491856e-01
-6.747779476749258265e-01
-6.747719636279534416e-01
-6.747657319339169790e-01
-6.747592464356440001e-01
-6.747525009080369562e-01
-6.747454890620404599e-01
-6.747382045502751113e-01
-6.747306409742140909e-01
-6.747227918924163514e-01
-6.747146508289958433e-01
-6.747062112812344248e-01
-6.746974667251403046e-01
-6.746884106178506757e-01
-6.746790363961688852e-01
-6.746693374711815183e-01
-6.746593072197670793e-01
-6.746489389747716281e-01
-6.746382260164929257e-01
-6.746271615686784129e-01
-6.746157388022909762e-01
-6.746039508496346482e-01
-6.745917908300137489e-01
-6.745792518860016518e-01
-6.745663272268166422e-01
-6.745530101727320593e-01
-6.745392941923762375e-01
-6.745251729238534999e-01
-6.745106401713799604e-01
-6.744956898719292049e-01
-6.744803160312479173e-01
-6.744645126351059838e-01
-6.744482735488677161e-01
-6.744315924250855465e-01
-6.744144626431457512e-01
-6.743968773054540566e-01
-6.743788293098768039e-01
-6.743603115076228782e-01
-6.743413169399751217e-01
-6.743218391280635382e-01
-6.743018723703708694e-01
-6.742814119870400580e-01
-6.742604544429039448e-01
-6.742389972866924541e-01
-6.742170388647474866e-01
-6.741945778039916126e-01
-6.741716123076866296e-01
-6.741481393618088402e-01
-6.741241539994945464e-01
-6.740996488037035439e-01
-6.740746138315915070e-01
-6.740490371083550647e-01
-6.740229057592432849e-01
-6.739962077300173382e-01
-6.739689339021421866e-01
-6.739410802630795283e-01
-6.739126496755650786e-01
-6.738836527372444873e-01
-6.738541072646960783e-01
-6.738240360936224027e-01
-6.737934631606644631e-01
-6.737624081975863710e-01
-6.737308807736577254e-01
-6.736988747903339680e-01
-6.736663647719275394e-01
-6.736333053147542937e-01
-6.735996347834333209e-01
-6.735652837467529519e-01
-6.735301877585665453e-01
-6.734943030167451772e-01
-6.734576223534152195e-01
-6.734201881569513715e-01
-6.733820984568666956e-01
-6.733435027459117039e-01
-6.733045853122099356e-01
-6.732655359072763357e-01
-6.732265102946842772e-01
-6.731875862166883939e-01
-6.731487230100136054e-01
-6.731097348155973270e-01
-6.730702873853285917e-01
-6.730299263735153303e-01
-6.729881405119199078e-01
-6.729444564638844550e-01
-6.728985542369687600e-01
-6.728503841386301865e-01
-6.728002601221971801e-01
-6.727489018716776847e-01
-6.726974007708297343e-01
-6.726470939952737815e-01
-6.725993462809477519e-01
-6.725552589945221760e-01
-6.725153480091425884e-01
-6.724792513263215810e-01
-6.724455393828179250e-01
-6.724117006547249975e-01
-6.723743588523539705e-01
-6.723297444077334095e-01
-6.722743941973721160e-01
-6.722059955752121008e-01
-6.721242337068363826e-01
-6.720314576326753553e-01
-6.719329641102598227e-01
-6.718367209699751541e-01
-6.717524203797400340e-01
-6.716898659420799111e-01
-6.716568445942887600e-01
-6.716567926743071126e-01
-6.716867039213058055e-01
-6.717358093187951740e-01
-6.717855498161493522e-01
-6.718112378341786206e-01
-6.717855544464892414e-01
-6.716836729510482495e-01
-6.714893809584460138e-01
-6.712011640332985474e-01
-6.708369066574606521e-01
-6.704357601565236191e-01
-6.700559086437172240e-01
-6.697674820962611353e-01
-6.696407079620307901e-01
-6.697304681346419875e-01
-6.700595648399934046e-01
-6.706039623624321377e-01
-6.712838025531597808e-01
-6.719638583289095912e-01
-6.724661375329037405e-01
-6.725955482752666859e-01
-6.721770066753245398e-01
-6.710994007073519674e-01
-6.693588948019446594e-01
-6.670918201493593047e-01
-6.645866137682794328e-01
-6.622656805860518414e-01
-6.606321045543177561e-01
-6.601826883332174711e-01
-6.612969299200880391e-01
-6.641195968436277575e-01
-6.684605547066324593e-01
-6.737377516629473595e-01
-6.789868596805722634e-01
-6.829540237594621255e-01
-6.842769223870004414e-01
-6.817441743504545348e-01
-6.746040547870194581e-01
-6.628713935282855019e-01
-6.475603802379010787e-01
-6.307594651905322758e-01
-6.154744187237911612e-01
-6.052054942689935046e-01
-6.032913299969416832e-01
-6.121264630959788455e-01
-6.324118872782057421e-01
-6.626052343247251786e-01
-6.986966970470465110e-01
-7.343738500602955410e-01
-7.615943901897352930e-01
-7.715891319169901896e-01
-7.563465822572054131e-01
-7.105937969992210945e-01
-6.340680507165878943e-01
-5.334537628622663119e-01
-4.229676506912749545e-01
-3.226448791954825146e-01
-2.541750938498228418e-01
-2.353337253135354967e-01
-2.748733124300253849e-01
-3.696633141157986135e-01
-5.050043220051888548e-01
-6.577804739943150514e-01
-8.009020256835782670e-01
-9.070556122433988122e-01
-9.507905183864991949e-01
-9.100383026127523145e-01
-7.695814322986695988e-01
-5.278235600599847643e-01
-2.041567197188769445e-01
1.596638848951282830e-01
5.089256202846684785e-01
7.922991726434543969e-01
9.742913997619735422e-01
1.037168358337294372e+00
9.760146712923880585e-01
7.956010557490231783e-01
5.134421763156754581e-01
1.647719176448837197e-01
-1.992363441348049546e-01
-5.237998649915133198e-01
-7.668927094553453783e-01
-9.087978825644332792e-01
-9.508635898227150163e-01
-9.081693239598013223e-01
-8.027173142797444649e-01
-6.599212048290977739e-01
-5.070784566959138928e-01
-3.713052921286056907e-01
-2.758071000819200536e-01
-2.354316086552263598e-01
-2.534842294783133387e-01
-3.213675928520237091e-01
-4.214004838218617377e-01
-5.319062909408457385e-01
-6.327898653004793150e-01
-7.097320989318114393e-01
-7.559404316778696176e-01
-7.715906391440611189e-01
-7.619011287990780090e-01
-7.348602596540644294e-01
-6.992389608416519353e-01
-6.630988678989957474e-01
-6.327828268061315153e-01
-6.123361802879523363e-01
-6.033361393203778844e-01
-6.051105598708770295e-01
-6.152838598537775372e-01
-6.305247974456523741e-01
-6.473297870001102350e-01
-6.626818349204783853e-01
-6.744772172435051782e-01
-6.816861739872556170e-01
-6.842808791227502629e-01
-6.830042799930353681e-01
-6.790636651948229741e-01
-6.738215055070329029e-01
-6.685350277029806776e-01
-6.641738659970867209e-01
-6.613260093904389514e-01
-6.601870377737149020e-01
-6.606163319016208346e-01
-6.622368250413724899e-01
-6.645523907537475017e-01
-6.670591404929130386e-01
-6.693328566563744308e-01
-6.710828246847780898e-01
-6.721704712511847868e-01
-6.725978033648996046e-01
-6.724747364794357862e-01
-6.719758487353499898e-01
-6.712963442967391225e-01
-6.706147845286531961e-01
-6.700672209943290270e-01
-6.697343925815373300e-01
-6.696411085952520548e-01
-6.697651251399080463e-01
-6.700518566522062347e-01
-6.704311189365126378e-01
-6.708326227414563858e-01
-6.711978961833888757e-01
-6.714874509949584347e-01
-6.716830862083870146e-01
-6.717860702878476475e-01
-6.718124664715088290e-01
-6.717870525955894623e-01
-6.717371842965534912e-01
-6.716876452890717664e-01
-6.716571197552134720e-01
-6.716565023889569108e-01
-6.716889036883103570e-01
-6.717509569287469784e-01
-6.718349060572975651e-01
-6.719309432294271467e-01
-6.720293458156167965e-01
-6.721221007323472385e-01
-6.722038625403561340e-01
-6.722722394068233465e-01
-6.723275153726014919e-01
-6.723719868605054772e-01
-6.724091147449671180e-01
-6.724426773986479366e-01
-6.724760667830151917e-01
-6.725118125440859851e-01
-6.725513610065990688e-01
-6.725950868986652065e-01
-6.726424817203303652e-01
-6.726924460629540858e-01
-6.727436126530589311e-01
-6.727946387850316512e-01
-6.728444262329169590e-01
-6.728922486731694352e-01
-6.729377868330360668e-01
-6.729810870200052531e-01
-6.730224678967625662e-01
-6.730624032495680087e-01
-6.731014060479636463e-01
-6.731399329673170007e-01
-6.731783206308091794e-01
-6.732167568713998129e-01
-6.732552836630606441e-01
-6.732938238364182260e-01
-6.733322215437120839e-01
-6.733702864755766182e-01
-6.734078335397245541e-01
-6.734447124117841632e-01
-6.734808243754794033e-01
-6.735161266062136276e-01
-6.735506261224051272e-01
-6.735843668410197438e-01
-6.736174135251391526e-01
-6.736498360447420453e-01
-6.736816965170587812e-01
-6.737130408078497723e-01
-6.737438947958984681e-01
-6.737742649096246650e-01
-6.738041418434127516e-01
-6.738335060843511082e-01
-6.738623338978889654e-01
-6.738906026612387912e-01
-6.739182948035569165e-01
-6.739454000194118333e-01
-6.739719157896703061e-01
-6.739978465194040869e-01
-6.740232017612320936e-01
-6.740479940354711097e-01
-6.740722367056494191e-01
-6.740959422507344367e-01
-6.741191211286392537e-01
-6.741417812807787291e-01
-6.741639282084206375e-01
-6.741855654721946589e-01
-6.742066954303219672e-01
-6.742273200346341477e-01
-6.742474415364068108e-01
-6.742670630039718782e-01
-6.742861886086335410e-01
-6.743048236843762755e-01
-6.743229746033548855e-01
-6.743406485300258435e-01
-6.743578531222302885e-01
-6.743745962402881711e-01
-6.743908857094332854e-01
-6.744067291613362602e-01
-6.744221339612020971e-01
-6.744371072111408072e-01
-6.744516558099946657e-01
-6.744657865450892631e-01
-6.744795061918514856e-01
-6.744928216016290445e-01
-6.745057397646558872e-01
-6.745182678423555789e-01
-6.745304131696677752e-01
-6.745421832329316914e-01
-6.745535856316373646e-01
-6.745646280331172306e-01
-6.745753181282879707e-01
-6.745856635945088886e-01
-6.745956720690237107e-01
-6.746053511339045183e-01
-6.746147083113152032e-01
-6.746237510665078485e-01
-6.746324868153066312e-01
-6.746409229328930168e-01
-6.746490667612616843e-01
-6.746569256135848125e-01
-6.746645067746769309e-01
-6.746718174976251703e-01
-6.746788649972874641e-01
-6.746856564417527125e-01
-6.746921989429627287e-01
-6.746984995475789892e-01
-6.747045652289157536e-01
-6.747104028804120635e-01
-6.747160193107897275e-01
-6.747214212407455225e-01
-6.747266153008489864e-01
-6.747316080302117047e-01
-6.747364058755053184e-01
-6.747410151899664310e-01
-6.747454422321492729e-01
-6.747496931643039986e-01
-6.747537740503829484e-01
-6.747576908537553653e-01
-6.747614494347776715e-01
-6.747650555483695189e-01
-6.747685148417418288e-01
-6.747718328523882869e-01
-6.747750150064003583e-01
-6.747780666171290243e-01
-6.747809928841700389e-01
-6.747837988926320696e-01
-6.747864896126227752e-01
-6.747890698988944225e-01
-6.747915444905958626e-01
-6.747939180110944513e-01
-6.747961949678460414e-01
-6.747983797523071647e-01
-6.748004766398975063e-01
-6.748024897900259944e-01
-6.748044232461966052e-01
-6.748062809362155301e-01
-6.748080666725001509e-01
-6.748097841525081408e-01
-6.748114369592755901e-01
-6.748130285620652646e-01
-6.748145623171138974e-01
-6.748160414684662989e-01
-6.748174691488806332e-01
-6.748188483808014171e-01
-6.748201820773843673e-01
-6.748214730435716513e-01
-6.748227239772078834e-01
-6.748239374701964222e-01
-6.748251160096950807e-01
-6.748262619793484740e-01
-6.748273776605554497e-01
-6.748284652337709355e-01
-6.748295267798388730e-01
-6.748305642813540173e-01
-6.748315796240468289e-01
-6.748325745981909041e-01
-6.748335509000247256e-01
-6.748345101331812979e-01
-6.748354538101284383e-01
-6.748363833536066281e-01
-6.748373000980688596e-01
-6.748382052911111595e-01
-6.748391000948984475e-01
-6.748399855875721887e-01
-6.748408627646526048e-01
-6.748417325404177936e-01
-6.748425957492664162e-01
-6.748434531470555164e-01
-6.748443054124184659e-01
-6.748451531480519350e-01
-6.748459968819738863e-01
-6.748468370687527029e-01
-6.748476740906992344e-01
-6.748485082590229833e-01
-6.748493398149487676e-01
-6.748501689307934148e-01
-6.748509957109981583e-01
-6.748518201931181792e-01
-6.748526423487662962e-01
-6.748534620845076937e-01
-6.748542792427074666e-01
-6.748550936023275382e-01
-6.748559048796722859e-01
-6.748567127290814316e-01
