-6.748576112491850854e-01
-6.748584230357316249e-01
-6.748592313517249863e-01
-6.748600355998691791e-01
-6.748608351248434056e-01
-6.748616292136735417e-01
-6.748624170960432211e-01
-6.748631979445500750e-01
-6.748639708748991328e-01
-6.748647349460421552e-01
-6.748654891602572370e-01
-6.748662324631696796e-01
-6.748669637437166857e-01
-6.748676818340567651e-01
-6.748683855094188555e-01
-6.748690734879022601e-01
-6.748697444302177439e-01
-6.748703969393783364e-01
-6.748710295603380649e-01
-6.748716407795783967e-01
-6.748722290246501609e-01
-6.748727926636659546e-01
-6.748733300047481398e-01
-6.748738392954362064e-01
-6.748743187220492823e-01
-6.748747664090124498e-01
-6.748751804181423175e-01
-6.748755587478986184e-01
-6.748758993326007261e-01
-6.748762000416113072e-01
-6.748764586784912201e-01
-6.748766729801269904e-01
-6.748768406158307531e-01
-6.748769591864258732e-01
-6.748770262233098061e-01
-6.748770391875087427e-01
-6.748769954687244832e-01
-6.748768923843749823e-01
-6.748767271786363375e-01
-6.748764970214850001e-01
-6.748761990077444262e-01
-6.748758301561369466e-01
-6.748753874083377458e-01
-6.748748676280371672e-01
-6.748742676000074603e-01
-6.748735840291804067e-01
-6.748728135397394912e-01
-6.748719526742308350e-01
-6.748709978927057707e-01
-6.748699455719051610e-01
-6.748687920044939004e-01
-6.748675333983626956e-01
-6.748661658760040094e-01
-6.748646854739638323e-01
-6.748630881423718364e-01
-6.748613697445475790e-01
-6.748595260566636611e-01
-6.748575527674539609e-01
-6.748554454779530642e-01
-6.748531997012500172e-01
-6.748508108622535140e-01
-6.748482742974745152e-01
-6.748455852548527201e-01
-6.748427388936564242e-01
-6.748397302845213774e-01
-6.748365544096682767e-01
-6.748332061633728340e-01
-6.748296803527189525e-01
-6.748259716986547696e-01
-6.748220748373318090e-01
-6.748179843216615126e-01
-6.748136946229850164e-01
-6.748092001327258282e-01
-6.748044951638783040e-01
-6.747995739522080205e-01
-6.747944306570938799e-01
-6.747890593620227140e-01
-6.747834540748540721e-01
-6.747776087280942248e-01
-6.747715171795131139e-01
-6.747651732134976044e-01
-6.747585705435309444e-01
-6.747517028160980868e-01
-6.747445636161240046e-01
-6.747371464738043390e-01
-6.747294448723627491e-01
-6.747214522559765726e-01
-6.747131620368737037e-01
-6.747045676005135606e-01
-6.746956623078952386e-01
-6.746864394943802301e-01
-6.746768924650393684e-01
-6.746670144873208042e-01
-6.746567987826782575e-01
-6.746462385195869382e-01
-6.746353268108241652e-01
-6.746240567179031533e-01
-6.746124212649093899e-01
-6.746004134626710780e-01
-6.745880263422877610e-01
-6.745752529947427467e-01
-6.745620866110512148e-01
-6.745485205156099839e-01
-6.745345481846924951e-01
-6.745201632428193816e-01
-6.745053594323586754e-01
-6.744901305561118443e-01
-6.744744703984754119e-01
-6.744583726371479182e-01
-6.744418307630910547e-01
-6.744248380301059997e-01
-6.744073874554975534e-01
-6.743894718888118200e-01
-6.743710841560427438e-01
-6.743522172726054142e-01
-6.743328647014060762e-01
-6.743130206153208350e-01
-6.742926801100301848e-01
-6.742718393074311756e-01
-6.742504952953931596e-01
-6.742286458686262973e-01
-6.742062890679331177e-01
-6.741834225581166962e-01
-6.741600429322348598e-01
-6.741361450727046956e-01
-6.741117217272840634e-01
-6.740867634595035796e-01
-6.740612591003998233e-01
-6.740351967580658910e-01
-6.740085653374010555e-01
-6.739813563968066745e-01
-6.739535660422698582e-01
-6.739251964595797117e-01
-6.738962566421825562e-01
-6.738667619121181396e-01
-6.738367319713016723e-01
-6.738061874601956047e-01
-6.737751453189888551e-01
-6.737436135973448037e-01
-6.737115866761566041e-01
-6.736790420690912384e-01
-6.736459399839250795e-01
-6.736122265823408783e-01
-6.735778413571720247e-01
-6.735427282762671553e-01
-6.735068494137423922e-01
-6.734701988564564257e-01
-6.734328139382300682e-01
-6.733947805374853601e-01
-6.733562294724764197e-01
-6.733173220649200097e-01
-6.732782247166175793e-01
-6.732390746924169500e-01
-6.731999418891904119e-01
-6.731607937022741073e-01
-6.731214715911897351e-01
-6.730816880135160885e-01
-6.730410505908852592e-01
-6.729991165178371704e-01
-6.729554745398009796e-01
-6.729098449941464111e-01
-6.728621815705133624e-01
-6.728127530953609270e-01
-6.727621814028087455e-01
-6.727114136561543889e-01
-6.726616152127118387e-01
-6.726139822410138747e-01
-6.725694905757649833e-01
-6.725286162203045759e-01
-6.724910798431678050e-01
-6.724556782603072769e-01
-6.724202660135760734e-01
-6.723819365309997576e-01
-6.723374237918744445e-01
-6.722837036231433805e-01
-6.722187238294640155e-01
-6.721421427397211712e-01
-6.720559173709690359e-01
-6.719645670789606839e-01
-6.718749566536218465e-01
-6.717955005316709194e-01
-6.717347865210856472e-01
-6.716997437755169997e-01
-6.716936169767141473e-01
-6.717141300131037607e-01
-6.717522966066129531e-01
-6.717923320628703676e-01
-6.718130171693809105e-01
-6.717906547238891024e-01
-6.717034545756062069e-01
-6.715368219544409767e-01
-6.712886674362817940e-01
-6.709735843310652426e-01
-6.706246363795684839e-01
-6.702916408834117545e-01
-6.700352641959237410e-01
-6.699169604790884414e-01
-6.699857065446385151e-01
-6.702634714995154841e-01
-6.707322101904857892e-01
-6.713256600788962691e-01
-6.719291470379100684e-01
-6.723898263679460863e-01
-6.725382651916592680e-01
-6.722201083189754955e-01
-6.713340095960148579e-01
-6.698694618083452790e-01
-6.679361766147445811e-01
-6.657759049938087870e-01
-6.637486748372221079e-01
-6.622887506396317736e-01
-6.618311120793423097e-01
-6.627161788662621067e-01
-6.650875347627961398e-01
-6.688028548582086730e-01
-6.733806034980055477e-01
-6.780034296854797748e-01
-6.815933636283801889e-01
-6.829642081129024822e-01
-6.810432484997354097e-01
-6.751378405652447290e-01
-6.652035592735496827e-01
-6.520526909194817033e-01
-6.374317595074603382e-01
-6.239038124055463763e-01
-6.145025350875652492e-01
-6.121793622295956805e-01
-6.191274477034928170e-01
-6.361146395291938926e-01
-6.619710728426891899e-01
-6.933508700828441285e-01
-7.248385059960831267e-01
-7.494296377444243928e-01
-7.594070592528769925e-01
-7.476417872961207411e-01
-7.093117469099612382e-01
-6.438582834871269256e-01
-5.566767120566096239e-01
-4.597232401810557589e-01
-3.702408582208610577e-01
-3.073911558034893576e-01
-2.875363099539374190e-01
-3.196667941817049052e-01
-4.025351545888954941e-01
-5.244140551678964091e-01
-6.653406943181467970e-01
-8.006583825016634348e-01
-9.042373865550139556e-01
-9.505254950389414592e-01
-9.163208660669019956e-01
-7.844944404931698534e-01
-5.509957363897522997e-01
-2.327329782526041946e-01
1.301076680671324759e-01
4.825858882852467335e-01
7.713501508178576271e-01
9.581219044981548194e-01
1.022922095319232172e+00
9.599865423188331803e-01
7.749027234342611425e-01
4.874028992941327743e-01
1.354942105118612239e-01
-2.276142855466668780e-01
-5.468773346794877366e-01
-7.818007918734024564e-01
-9.151274669553980390e-01
-9.506517422122022776e-01
-9.053686014756557876e-01
-8.024266055060759184e-01
-6.673615911026407055e-01
-5.263123765577338853e-01
-4.039839312393391779e-01
-3.204389072545307804e-01
-2.875475529641131622e-01
-3.067129622037628178e-01
-3.690736356516017835e-01
-4.583375405627705956e-01
-5.553420516235669790e-01
-6.427833574023561480e-01
-7.086126802061580854e-01
-7.473410592658198404e-01
-7.594538517060643867e-01
-7.497286073733736567e-01
-7.252772310203075001e-01
-6.938215239485976404e-01
-6.623855208948653539e-01
-6.364134195629281843e-01
-6.192830854639954641e-01
-6.121944214702534914e-01
-6.144032227826921044e-01
-6.237306722258564307e-01
-6.372295268129254397e-01
-6.518613960330508217e-01
-6.650524036896607871e-01
-6.750424692647071234e-01
-6.810061539363362337e-01
-6.829774027429343919e-01
-6.816422389617725619e-01
-6.780708082487693078e-01
-6.734502444175611835e-01
-6.688619708145571163e-01
-6.651281484664659516e-01
-6.627353658728063479e-01
-6.618303379242274076e-01
-6.622726105556430154e-01
-6.637233801005272271e-01
-6.657478329764942027e-01
-6.679107240617442320e-01
-6.698503347262106944e-01
-6.713229744267031895e-01
-6.722171401125541790e-01
-6.725419725356934775e-01
-6.723980126720694450e-01
-6.719393779380369303e-01
-6.713357372999402273e-01
-6.707404923959138232e-01
-6.702690231312294911e-01
-6.699882896244081509e-01
-6.699169077792372917e-01
-6.700332836571485373e-01
-6.702886014340029286e-01
-6.706213768327954350e-01
-6.709707732251108947e-01
-6.712867261687404108e-01
-6.715359095038306858e-01
-6.717035016767464173e-01
-6.717914295821990622e-01
-6.718142035811011104e-01
-6.717936032641494970e-01
-6.717533729724231017e-01
-6.717148144473374938e-01
-6.716938072455715947e-01
-6.716994252623197381e-01
-6.717340114674568152e-01
-6.717943607199656775e-01
-6.718735559327413398e-01
-6.719629985878123879e-01
-6.720542482872796652e-01
-6.721404073538536084e-01
-6.722169240750004438e-01
-6.722818150969753770e-01
-6.723354048214458256e-01
-6.723797379243255934e-01
-6.724178396060280782e-01
-6.724529830644895290e-01
-6.724880853365846622e-01
-6.725253029306084152e-01
-6.725658485597000302e-01
-6.726100082711026218e-01
-6.726573095024239723e-01
-6.727067768188276231e-01
-6.727572121157874285e-01
-6.728074466919445884e-01
-6.728565295596419249e-01
-6.729038353443697051e-01
-6.729490924735836987e-01
-6.729923455413606703e-01
-6.730338735181915499e-01
-6.730740878111886039e-01
-6.731134319494093132e-01
-6.731522993123240095e-01
-6.731909784644262151e-01
-6.732296288040111598e-01
-6.732682835272776334e-01
-6.733068730375392219e-01
-6.733452601127090098e-01
-6.733832782061794919e-01
-6.734207657471636965e-01
-6.734575916427496534e-01
-6.734936697765772085e-01
-6.735289626542417807e-01
-6.735634761247050184e-01
-6.735972481472572992e-01
-6.736303348738895691e-01
-6.736627970002987409e-01
-6.736946886025916292e-01
-6.737260497424164551e-01
-6.737569031933333674e-01
-6.737872548701578923e-01
-6.738170970223889000e-01
-6.738464130109994565e-01
-6.738751824998835405e-01
-6.739033860976118007e-01
-6.739310088026583268e-01
-6.739580419563621083e-01
-6.739844837260856591e-01
-6.740103383809451509e-01
-6.740356147623947081e-01
-6.740603243919587317e-01
-6.740844796152930529e-01
-6.741080920821558298e-01
-6.741311717356668343e-01
-6.741537263587189521e-01
-6.741757616213159832e-01
-6.741972815022972965e-01
-6.742182889261703060e-01
-6.742387864572386702e-01
-6.742587769206327408e-01
-6.742782638625670621e-01
-6.742972518094511036e-01
-6.743157463284310538e-01
-6.743337539243896561e-01
-6.743512818274577381e-01
-6.743683377306514126e-01
-6.743849295315977876e-01
-6.744010651190055494e-01
-6.744167522275777982e-01
-6.744319983681532626e-01
-6.744468108257679617e-01
-6.744611967087669191e-01
-6.744751630275739318e-01
-6.744887167818230944e-01
-6.745018650381663372e-01
-6.745146149867848884e-01
-6.745269739709899293e-01
-6.745389494901022909e-01
-6.745505491802217257e-01
-6.745617807801039811e-01
-6.745726520901823564e-01
-6.745831709320444514e-01
-6.745933451139179970e-01
-6.746031824054503634e-01
-6.746126905227803894e-01
-6.746218771229917088e-01
-6.746307498057163565e-01
-6.746393161190263887e-01
-6.746475835667313792e-01
-6.746555596146812661e-01
-6.746632516944074398e-01
-6.746706672033179197e-01
-6.746778135014251943e-01
-6.746846979052113502e-01
-6.746913276795801773e-01
-6.746977100289849316e-01
-6.747038520887239654e-01
-6.747097609171697208e-01
-6.747154434893948283e-01
-6.747209066923440801e-01
-6.747261573214515806e-01
-6.747312020783992059e-01
-6.747360475696418947e-01
-6.747407003053008667e-01
-6.747451666980915919e-01
-6.747494530620546938e-01
-6.747535656109675539e-01
-6.747575104564229598e-01
-6.747612936056498478e-01
-6.747649209591994879e-01
-6.747683983086388837e-01
-6.747717313343880585e-01
-6.747749256038053645e-01
-6.747779865695828772e-01
-6.747809195684777439e-01
-6.747837298203632761e-01
-6.747864224275573752e-01
-6.747890023743741139e-01
-6.747914745268407399e-01
-6.747938436325296996e-01
-6.747961143204656009e-01
-6.747982911010887985e-01
-6.748003783662637201e-01
-6.748023803893400396e-01
-6.748043013252754685e-01
-6.748061452108433667e-01
-6.748079159649318370e-01
-6.748096173889540639e-01
-6.748112531673681191e-01
-6.748128268683143416e-01
-6.748143419443585200e-01
-6.748158017333336645e-01
-6.748172094592729264e-01
-6.748185682334156832e-01
-6.748198810552766824e-01
-6.748211508137706982e-01
-6.748223802883843714e-01
-6.748235721503893503e-01
-6.748247289640947333e-01
-6.748258531881352607e-01
-6.748269471767950334e-01
-6.748280131813669813e-01
-6.748290533515426404e-01
-6.748300697368369017e-01
-6.748310642880359644e-01
-6.748320388586714902e-01
-6.748329952065118542e-01
-6.748339349950670529e-01
-6.748348597951036032e-01
-6.748357710861654368e-01
-6.748366702580909093e-01
-6.748375586125279213e-01
-6.748384373644413792e-01
-6.748393076436063343e-01
-6.748401704960929059e-01
-6.748410268857283345e-01
-6.748418776955456000e-01
-6.748427237292078384e-01
-6.748435657124103315e-01
-6.748444042942545185e-01
-6.748452400485939195e-01
-6.748460734753477519e-01
-6.748469050017797954e-01
-6.748477349837396222e-01
-6.748485637068670773e-01
-6.748493913877532391e-01
-6.748502181750574147e-01
-6.748510441505788382e-01
-6.748518693302839599e-01
-6.748526936652822217e-01
-6.748535170427533147e-01
-6.748543392868213697e-01
-6.748551601593785199e-01
-6.748559793608538415e-01
-6.748567965309263395e-01
