-6.748576112708822849e-01
-6.748584906593108057e-01
-6.748593732062281303e-01
-6.748602582611521461e-01
-6.748611451233080816e-01
-6.748620330420213032e-01
-6.748629212170340619e-01
-6.748638087987498535e-01
-6.748646948884057251e-01
-6.748655785381701966e-01
-6.748664587511703505e-01
-6.748673344814435371e-01
-6.748682046338230212e-01
-6.748690680637482453e-01
-6.748699235770064808e-01
-6.748707699294075324e-01
-6.748716058263877215e-01
-6.748724299225473677e-01
-6.748732408211226552e-01
-6.748740370733943283e-01
-6.748748171780324379e-01
-6.748755795803822455e-01
-6.748763226716928409e-01
-6.748770447882886936e-01
-6.748777442106868030e-01
-6.748784191626618911e-01
-6.748790678102625229e-01
-6.748796882607759340e-01
-6.748802785616473399e-01
-6.748808366993513941e-01
-6.748813605982235675e-01
-6.748818481192487839e-01
-6.748822970588173042e-01
-6.748827051474445282e-01
-6.748830700484693690e-01
-6.748833893567274256e-01
-6.748836605972093894e-01
-6.748838812237044626e-01
-6.748840486174330078e-01
-6.748841600856699818e-01
-6.748842128603592672e-01
-6.748842040967134581e-01
-6.748841308718064314e-01
-6.748839901831551469e-01
-6.748837789472962312e-01
-6.748834939983635595e-01
-6.748831320866793826e-01
-6.748826898773679916e-01
-6.748821639490105717e-01
-6.748815507923506818e-01
-6.748808468090615742e-01
-6.748800483105766856e-01
-6.748791515169829669e-01
-6.748781525559699457e-01
-6.748770474618126514e-01
-6.748758321743870692e-01
-6.748745025381909235e-01
-6.748730543013792271e-01
-6.748714831148097115e-01
-6.748697845311261156e-01
-6.748679540039086433e-01
-6.748659868869333334e-01
-6.748638784335857510e-01
-6.748616237964655262e-01
-6.748592180272044994e-01
-6.748566560765033584e-01
-6.748539327943581245e-01
-6.748510429304337421e-01
-6.748479811345197144e-01
-6.748447419570055006e-01
-6.748413198493160570e-01
-6.748377091642770997e-01
-6.748339041564235252e-01
-6.748298989822977267e-01
-6.748256877008229626e-01
-6.748212642738737888e-01
-6.748166225671555774e-01
-6.748117563515095840e-01
-6.748066593046907480e-01
-6.748013250136488672e-01
-6.747957469772558614e-01
-6.747899186093728741e-01
-6.747838332421316476e-01
-6.747774841292802916e-01
-6.747708644494611052e-01
-6.747639673093378532e-01
-6.747567857465238683e-01
-6.747493127323201945e-01
-6.747415411743006297e-01
-6.747334639187936300e-01
-6.747250737533179166e-01
-6.747163634090250772e-01
-6.747073255632271005e-01
-6.746979528421325201e-01
-6.746882378240262046e-01
-6.746781730432522828e-01
-6.746677509954955854e-01
-6.746569641449233767e-01
-6.746458049336991891e-01
-6.746342657941234444e-01
-6.746223391631777089e-01
-6.746100174985646403e-01
-6.745972932945311085e-01
-6.745841590950333311e-01
-6.745706075013657710e-01
-6.745566311715035512e-01
-6.745422228093098660e-01
-6.745273751435285625e-01
-6.745120808990249239e-01
-6.744963327657018670e-01
-6.744801233733135337e-01
-6.744634452822589887e-01
-6.744462910005123435e-01
-6.744286530344575370e-01
-6.744105239762198112e-01
-6.743918966223442224e-01
-6.743727641093553160e-01
-6.743531200425393335e-01
-6.743329585874673349e-01
-6.743122744918026434e-01
-6.742910630099849811e-01
-6.742693197166214070e-01
-6.742470402155454900e-01
-6.742242197781549429e-01
-6.742008529724206056e-01
-6.741769333667393393e-01
-6.741524534036115179e-01
-6.741274045305142293e-01
-6.741017776451018184e-01
-6.740755638585911313e-01
-6.740487555098050310e-01
-6.740213472833606057e-01
-6.739933372146083013e-01
-6.739647273198985378e-01
-6.739355235920946319e-01
-6.739057351619582859e-01
-6.738753725509614156e-01
-6.738444451220669817e-01
-6.738129580486779124e-01
-6.737809093303279706e-01
-6.737482875383115077e-01
-6.737150710240360496e-01
-6.736812292240095257e-01
-6.736467264244829778e-01
-6.736115279136284384e-01
-6.735756078963718307e-01
-6.735389579636514856e-01
-6.735015944141331534e-01
-6.734635624589597747e-01
-6.734249354268549981e-01
-6.733858076160136319e-01
-6.733462804276848512e-01
-6.733064427851103151e-01
-6.732663484037150203e-01
-6.732259939488778322e-01
-6.731853031453878256e-01
-6.731441221291322163e-01
-6.731022304662197531e-01
-6.730593701694574937e-01
-6.730152918065915868e-01
-6.729698127847720812e-01
-6.729228787555679991e-01
-6.728746156795566424e-01
-6.728253583819862049e-01
-6.727756423013321330e-01
-6.727261491616735034e-01
-6.726776045537522508e-01
-6.726306352721249660e-01
-6.725856053596771522e-01
-6.725424601118670243e-01
-6.725006143140753734e-01
-6.724589222249991449e-01
-6.724157602871169148e-01
-6.723692383451587151e-01
-6.723175319993615062e-01
-6.722593002599523970e-01
-6.721941234863469949e-01
-6.721228727939629888e-01
-6.720479104534692327e-01
-6.719730274386672697e-01
-6.719030532159766533e-01
-6.718431244836734484e-01
-6.717976694224141454e-01
-6.717692423914063404e-01
-6.717574164542855497e-01
-6.717579902287150739e-01
-6.717627738329874365e-01
-6.717601723250051782e-01
-6.717366778437039443e-01
-6.716792187237039524e-01
-6.715781136193268441e-01
-6.714301730753261532e-01
-6.712413227096513113e-01
-6.710280388439201493e-01
-6.708169327699956552e-01
-6.706420228585315835e-01
-6.705395974545248494e-01
-6.705410643097895473e-01
-6.706647344826391910e-01
-6.709079972158183969e-01
-6.712416848614386478e-01
-6.716084831631659036e-01
-6.719269196799873001e-01
-6.721017223576866151e-01
-6.720402150347345449e-01
-6.716730269356129268e-01
-6.709759483765460608e-01
-6.699885544299647444e-01
-6.688245825862160210e-01
-6.676693238771401750e-01
-6.667607097607352040e-01
-6.663533891817537969e-01
-6.666686408684993070e-01
-6.678368878977700707e-01
-6.698430675345878882e-01
-6.724872869253479823e-01
-6.753733412836042671e-01
-6.779353719536280742e-01
-6.795081280867018014e-01
-6.794391721900293613e-01
-6.772323651229122943e-01
-6.727018745731917493e-01
-6.661063169422986041e-01
-6.582261479716432495e-01
-6.503477353405339167e-01
-6.441281401193432732e-01
-6.413365899555577565e-01
-6.434986204031921675e-01
-6.514989717919436041e-01
-6.652197758873791278e-01
-6.832945220012932586e-01
-7.030460293400103700e-01
-7.206557895975156391e-01
-7.315921203509500037e-01
-7.313073548285445868e-01
-7.161857028983866780e-01
-6.846569296543278949e-01
-6.382707807484157003e-01
-5.823845835377229330e-01
-5.260483414147805181e-01
-4.807954083843742343e-01
-4.583942632624651292e-01
-4.680548755156522245e-01
-5.138702790591329617e-01
-5.932264992134237414e-01
-6.965252530356137450e-01
-8.080093151336208424e-01
-9.070827754154515699e-01
-9.696597040639961529e-01
-9.699226522813835238e-01
-8.839720871624076048e-01
-6.969421318521342723e-01
-4.128106988485307216e-01
-6.171364750828797069e-02
3.026193647694967459e-01
6.173125692649547025e-01
8.286452089160921686e-01
9.032566156797298129e-01
8.301916294343932856e-01
6.201741707035882678e-01
3.063267874731800955e-01
-5.780552892122335640e-02
-4.093537360183710505e-01
-6.944002822460452196e-01
-8.825245205163297912e-01
-9.694989908041642401e-01
-9.700429118227031910e-01
-9.080031648288608981e-01
-8.091991149690531682e-01
-6.977432065148889695e-01
-5.942723820023572134e-01
-5.146000390493145060e-01
-4.683948089827466021e-01
-4.583468052007343974e-01
-4.804308646336722943e-01
-5.254827265418946514e-01
-5.817495439342915686e-01
-6.376844864449632277e-01
-6.842036604690625579e-01
-7.159076177691462428e-01
-7.312072093870358724e-01
-7.316428634352757365e-01
-7.208126635177289909e-01
-7.032580687433402922e-01
-6.835138688794238915e-01
-6.654082523268065597e-01
-6.516318246147863036e-01
-6.435655576280784329e-01
-6.413404231327195504e-01
-6.440816001465177187e-01
-6.502692635679112598e-01
-6.581355615716520946e-01
-6.660211458321001476e-01
-6.726348958913698217e-01
-6.771905165743037358e-01
-6.794237157644610337e-01
-6.795157326925341801e-01
-6.779597051047486778e-01
-6.754067820232387831e-01
-6.725224542328518407e-01
-6.698739644460923737e-01
-6.678595678037603234e-01
-6.666813958932790163e-01
-6.663565338447344777e-01
-6.667560814024890981e-01
-6.676596419899124557e-01
-6.688128031111751914e-01
-6.699773274208171703e-01
-6.709672467672694873e-01
-6.716679703503140031e-01
-6.720390742955122398e-01
-6.721040632629710077e-01
-6.719318308846778942e-01
-6.716148317035977033e-01
-6.712483511798047475e-01
-6.709140557540971272e-01
-6.706695623635147152e-01
-6.705443761977458728e-01
-6.705414171420776004e-01
-6.706426101590929889e-01
-6.708166875736402135e-01
-6.710274031788308058e-01
-6.712406974225351153e-01
-6.714298596842495082e-01
-6.715782854065045493e-01
-6.716799193999470896e-01
-6.717378419224211417e-01
-6.717616590475736782e-01
-6.717644060469708522e-01
-6.717595906954957341e-01
-6.717588361402525576e-01
-6.717703778149508587e-01
-6.717984685783829901e-01
-6.718435828611563077e-01
-6.719032027357109138e-01
-6.719729216951761952e-01
-6.720476095242421399e-01
-6.721224302407177165e-01
-6.721935772381717467e-01
-6.722586680543234383e-01
-6.723168111501498512e-01
-6.723684089345071113e-01
-6.724147905017762161e-01
-6.724577744762144649e-01
-6.724992509435495647e-01
-6.725408478148074964e-01
-6.725837178592182219e-01
-6.726284541741403000e-01
-6.726751186329916754e-01
-6.727233525408626846e-01
-6.727725320726561931e-01
-6.728219321966482092e-01
-6.728708697235421532e-01
-6.729188063743396508e-01
-6.729654038528115612e-01
-6.730105327902049517e-01
-6.730542447240340787e-01
-6.730967203518889441e-01
-6.731382082207031381e-01
-6.731789663445278959e-01
-6.732192158647157809e-01
-6.732591117369214340e-01
-6.732987314159046832e-01
-6.733380792595899944e-01
-6.733771022586290123e-01
-6.734157118111756546e-01
-6.734538064705329896e-01
-6.734912916079716094e-01
-6.735280933967980888e-01
-6.735641660856708235e-01
-6.735994929026266620e-01
-6.736340819276555036e-01
-6.736679588097527205e-01
-6.737011582994184566e-01
-6.737337163063635836e-01
-6.737656637019860950e-01
-6.737970225035897487e-01
-6.738278045229966207e-01
-6.738580121239208243e-01
-6.738876404577996970e-01
-6.739166804452614290e-01
-6.739451218171408353e-01
-6.739729556818601086e-01
-6.740001762938623298e-01
-6.740267819119770687e-01
-6.740527748188488433e-01
-6.740781606990995378e-01
-6.741029476361655171e-01
-6.741271449903577517e-01
-6.741507623774422031e-01
-6.741738088964052134e-01
-6.741962926758816588e-01
-6.742182207368003777e-01
-6.742395991148546486e-01
-6.742604331554932218e-01
-6.742807278859697107e-01
-6.743004883794837534e-01
-6.743197200491077847e-01
-6.743384288370845026e-01
-6.743566212919528402e-01
-6.743743045473876707e-01
-6.743914862301617630e-01
-6.744081743298990794e-01
-6.744243770614617439e-01
-6.744401027440046770e-01
-6.744553597114965049e-01
-6.744701562600784461e-01
-6.744845006297692791e-01
-6.744984010127286211e-01
-6.745118655778082895e-01
-6.745249025011639255e-01
-6.745375199945403688e-01
-6.745497263256807763e-01
-6.745615298283201833e-01
-6.745729389018183531e-01
-6.745839620023051930e-01
-6.745946076281561510e-01
-6.746048843027366848e-01
-6.746148005569339023e-01
-6.746243649132336317e-01
-6.746335858722749546e-01
-6.746424719021105743e-01
-6.746510314299005717e-01
-6.746592728354997570e-01
-6.746672044463480900e-01
-6.746748345331432528e-01
-6.746821713059222292e-01
-6.746892229103157446e-01
-6.746959974238598834e-01
-6.747025028522961598e-01
-6.747087471258290670e-01
-6.747147380953003593e-01
-6.747204835282387680e-01
-6.747259911047557290e-01
-6.747312684132822369e-01
-6.747363229461821321e-01
-6.747411620953344125e-01
-6.747457931477984783e-01
-6.747502232817091938e-01
-6.747544595625316610e-01
-6.747585089397809543e-01
-6.747623782442577767e-01
-6.747660741857923750e-01
-6.747696033514344327e-01
-6.747729722039971234e-01
-6.747761870808277607e-01
-6.747792541926992405e-01
-6.747821796227361224e-01
-6.747849693253163972e-01
-6.747876291249493841e-01
-6.747901647151488547e-01
-6.747925816573657753e-01
-6.747948853800382896e-01
-6.747970811778264411e-01
-6.747991742110783786e-01
-6.748011695055510240e-01
-6.748030719523875343e-01
-6.748048863083286886e-01
-6.748066171961217830e-01
-6.748082691050815152e-01
-6.748098463917623357e-01
-6.748113532807117343e-01
-6.748127938652767055e-01
-6.748141721084649491e-01
-6.748154918438592498e-01
-6.748167567765950281e-01
-6.748179704844211590e-01
-6.748191364188532715e-01
-6.748202579064274120e-01
-6.748213381500623997e-01
-6.748223802305175489e-01
-6.748233871079448720e-01
-6.748243616235165554e-01
-6.748253065011171614e-01
-6.748262243490831258e-01
-6.748271176619817791e-01
-6.748279888224198997e-01
-6.748288401028758043e-01
-6.748296736675573060e-01
-6.748304915742774357e-01
-6.748312957763555886e-01
-6.748320881245385428e-01
-6.748328703689421282e-01
-6.748336441610034431e-01
-6.748344110554513886e-01
-6.748351725122787581e-01
-6.748359298987169907e-01
-6.748366844912043749e-01
-6.748374374773408180e-01
-6.748381899578315135e-01
-6.748389429484062951e-01
-6.748396973817168965e-01
-6.748404541092061226e-01
-6.748412139029511536e-01
-6.748419774574715424e-01
-6.748427453915071261e-01
-6.748435182497553031e-01
-6.748442965045696740e-01
-6.748450805576177158e-01
-6.748458707414920488e-01
-6.748466673212719646e-01
-6.748474704960364390e-01
-6.748482804003198554e-01
-6.748490971055133292e-01
-6.748499206212091872e-01
-6.748507508964846080e-01
-6.748515878211217567e-01
-6.748524312267691894e-01
-6.748532808880339795e-01
-6.748541365235105616e-01
-6.748549977967419622e-01
-6.748558643171126414e-01
-6.748567356406710571e-01
