-6.748571398411754574e-01
-6.748579104256151595e-01
-6.748586726612478826e-01
-6.748594259838736065e-01
-6.748601697670669752e-01
-6.748609033225330123e-01
-6.748616259004146523e-01
-6.748623366895506459e-01
-6.748630348176867244e-01
-6.748637193516333621e-01
-6.748643892973769098e-01
-6.748650436001427666e-01
-6.748656811444088133e-01
-6.748663007538741043e-01
-6.748669011913780436e-01
-6.748674811587752620e-01
-6.748680392967648656e-01
-6.748685741846740527e-01
-6.748690843402022077e-01
-6.748695682191210299e-01
-6.748700242149368034e-01
-6.748704506585121443e-01
-6.748708458176541081e-01
-6.748712078966647709e-01
-6.748715350358602816e-01
-6.748718253110583820e-01
-6.748720767330359527e-01
-6.748722872469598011e-01
-6.748724547317891398e-01
-6.748725769996565260e-01
-6.748726517952242654e-01
-6.748726767950213867e-01
-6.748726496067630753e-01
-6.748725677686573388e-01
-6.748724287487009033e-01
-6.748722299439690042e-01
-6.748719686799037332e-01
-6.748716422096024958e-01
-6.748712477131154630e-01
-6.748707822967490166e-01
-6.748702429923827406e-01
-6.748696267567964036e-01
-6.748689304710089321e-01
-6.748681509396302625e-01
-6.748672848902214083e-01
-6.748663289726692938e-01
-6.748652797585739105e-01
-6.748641337406576790e-01
-6.748628873321974586e-01
-6.748615368665025205e-01
-6.748600785964425919e-01
-6.748585086940465105e-01
-6.748568232501800379e-01
-6.748550182743164871e-01
-6.748530896944012758e-01
-6.748510333568057407e-01
-6.748488450263523397e-01
-6.748465203863944772e-01
-6.748440550389185333e-01
-6.748414445046477805e-01
-6.748386842231239857e-01
-6.748357695527642530e-01
-6.748326957709155360e-01
-6.748294580739444548e-01
-6.748260515774295865e-01
-6.748224713165454913e-01
-6.748187122467261823e-01
-6.748147692446805346e-01
-6.748106371098184786e-01
-6.748063105660707661e-01
-6.748017842640380293e-01
-6.747970527833200283e-01
-6.747921106348294673e-01
-6.747869522628469063e-01
-6.747815720465969447e-01
-6.747759643011732589e-01
-6.747701232777728597e-01
-6.747640431633579183e-01
-6.747577180800585772e-01
-6.747511420848190111e-01
-6.747443091699147910e-01
-6.747372132650081289e-01
-6.747298482413053300e-01
-6.747222079181205423e-01
-6.747142860717502133e-01
-6.747060764460505178e-01
-6.746975727635761144e-01
-6.746887687357020491e-01
-6.746796580699002677e-01
-6.746702344724528899e-01
-6.746604916453813328e-01
-6.746504232773028464e-01
-6.746400230292093347e-01
-6.746292845176209418e-01
-6.746182012989390131e-01
-6.746067668597782729e-01
-6.745949746182398066e-01
-6.745828179402499902e-01
-6.745702901730739054e-01
-6.745573846950104757e-01
-6.745440949764339722e-01
-6.745304146433842574e-01
-6.745163375316628462e-01
-6.745018577177975816e-01
-6.744869695141437749e-01
-6.744716674193974582e-01
-6.744559460229373471e-01
-6.744397998711125775e-01
-6.744232233144890065e-01
-6.744062103651278228e-01
-6.743887545997406807e-01
-6.743708491455050469e-01
-6.743524867784865817e-01
-6.743336601490628190e-01
-6.743143621252482012e-01
-6.742945862160935055e-01
-6.742743270081090756e-01
-6.742535805241635094e-01
-6.742323444035405178e-01
-6.742106178099966929e-01
-6.741884010058215582e-01
-6.741656945842556814e-01
-6.741424984253313601e-01
-6.741188105209300341e-01
-6.740946258883018238e-01
-6.740699358390908058e-01
-6.740447278746770632e-01
-6.740189864240331286e-01
-6.739926945214091969e-01
-6.739658363444055444e-01
-6.739384003194588413e-01
-6.739103822871248539e-01
-6.738817880505680868e-01
-6.738526345585554855e-01
-6.738229490444627157e-01
-6.737927656835819290e-01
-6.737621197416838736e-01
-6.737310397301959908e-01
-6.736995386786397422e-01
-6.736676061685870076e-01
-6.736352031091717985e-01
-6.736022612378187446e-01
-6.735686888987922893e-01
-6.735343837480826101e-01
-6.734992517097928566e-01
-6.734632299289533552e-01
-6.734263098970625361e-01
-6.733885557177140546e-01
-6.733501120059930400e-01
-6.733111965058732329e-01
-6.732720743603275437e-01
-6.732330140580807809e-01
-6.731942291089448860e-01
-6.731558138686811743e-01
-6.731176857888560017e-01
-6.730795487035471369e-01
-6.730408916062491365e-01
-6.730010339899044070e-01
-6.729592219791902252e-01
-6.729147696220606489e-01
-6.728672280707177489e-01
-6.728165539835613274e-01
-6.727632398947774872e-01
-6.727083662715599433e-01
-6.726535398723669790e-01
-6.726006971756876007e-01
-6.725517747832651105e-01
-6.725082784690121773e-01
-6.724708144260150844e-01
-6.724386739007439662e-01
-6.724095784386447949e-01
-6.723796903555466775e-01
-6.723439667030134403e-01
-6.722968834737692578e-01
-6.722334837263682639e-01
-6.721506181435652483e-01
-6.720481642547335710e-01
-6.719299500854203355e-01
-6.718040893105254874e-01
-6.716824749874822365e-01
-6.715792867724112991e-01
-6.715085390915587205e-01
-6.714809166603480373e-01
-6.715003747733068185e-01
-6.715611777520681391e-01
-6.716461563814164482e-01
-6.717269342406748667e-01
-6.717666690578217858e-01
-6.717254710605589096e-01
-6.715681245164870639e-01
-6.712731210161755335e-01
-6.708414225599637071e-01
-6.703029470918244748e-01
-6.697186553069330861e-01
-6.691764399867723423e-01
-6.687798429436097036e-01
-6.686299185094564113e-01
-6.688021740513766522e-01
-6.693221751545099796e-01
-6.701447486464745529e-01
-6.711423726618908070e-01
-6.721079895801460591e-01
-6.727759242546624829e-01
-6.728618240987932486e-01
-6.721187543243913876e-01
-6.704022095692553362e-01
-6.677325389701086467e-01
-6.643401083831850240e-01
-6.606776378765869540e-01
-6.573867109580607826e-01
-6.552121074550392166e-01
-6.548679798201062496e-01
-6.568722426662257918e-01
-6.613770391049268449e-01
-6.680307005802175180e-01
-6.759080483973515241e-01
-6.835406832682580092e-01
-6.890679932966998766e-01
-6.905140325346141861e-01
-6.861748682639282615e-01
-6.750737331279826892e-01
-6.574070336337676235e-01
-6.348692726690000621e-01
-6.107258284235157486e-01
-5.895221452376798732e-01
-5.763909804391973424e-01
-5.760350403674940889e-01
-5.915790561361513600e-01
-6.235485796381017298e-01
-6.692077098910900190e-01
-7.223860464984587226e-01
-7.738081927825481987e-01
-8.118938788070230173e-01
-8.240769046124546415e-01
-7.988379414792273758e-01
-7.286444170540278265e-01
-6.135615087923850242e-01
-4.644021348280157335e-01
-3.034728546899405077e-01
-1.612511306693254487e-01
-6.912954443576356522e-02
-5.059352665615043237e-02
-1.141236107465713190e-01
-2.503220364901971862e-01
-4.341792394048669124e-01
-6.315497698932974746e-01
-8.070007609106477631e-01
-9.294968521142910056e-01
-9.742951660662673152e-01
-9.229403361255861249e-01
-7.652298838864642905e-01
-5.050847066392599727e-01
-1.670830172065577435e-01
2.035649807919653886e-01
5.518538079764888638e-01
8.294089368153916286e-01
1.005265104880758598e+00
1.065499632083067416e+00
1.006666469607344627e+00
8.321246597315646865e-01
5.556326189030287299e-01
2.079309899205371848e-01
-1.627712298030456750e-01
-5.014545758990891500e-01
-7.627138655452091465e-01
-9.217101335812735163e-01
-9.743126009845478608e-01
-9.305961246931745423e-01
-8.089311215969001712e-01
-6.339750332337688032e-01
-4.366795205588556161e-01
-2.524407973815029349e-01
-1.154615739888431303e-01
-5.091071036621196144e-02
-6.840926247999237764e-02
-1.596999543350894057e-01
-3.014557840793585242e-01
-4.623347751731556321e-01
-6.117991301595933074e-01
-7.274089812101782737e-01
-7.982014176205127765e-01
-8.239891553214867548e-01
-8.122288292432455759e-01
-7.744070865499348422e-01
-7.230894070464262136e-01
-6.698767290912107653e-01
-6.240790399864016846e-01
-5.919093555546274255e-01
-5.761480607511882956e-01
-5.763092751926486290e-01
-5.892971425039168487e-01
-6.104234013473562870e-01
-6.345550366890827521e-01
-6.571345506423716953e-01
-6.748775819140931942e-01
-6.860689182338096659e-01
-6.904939326779354625e-01
-6.891162416546284808e-01
-6.836326404776855714e-01
-6.760176274836225963e-01
-6.681349254026384132e-01
-6.614590632849083329e-01
-6.569227286725318748e-01
-6.548849762330085644e-01
-6.551997473763423452e-01
-6.573531777477366056e-01
-6.606328865145704166e-01
-6.642937834412050435e-01
-6.676924085491896532e-01
-6.703732740215312402e-01
-6.721030309768648570e-01
-6.728586878230280455e-01
-6.727828148454214618e-01
-6.721212798883039463e-01
-6.711582146142470728e-01
-6.701597620218995299e-01
-6.693339016169126410e-01
-6.688092750080074644e-01
-6.686321419157771340e-01
-6.687778164219569943e-01
-6.691713636401576126e-01
-6.697119681305184757e-01
-6.702960289393622428e-01
-6.708353737859036325e-01
-6.712686392788472789e-01
-6.715654773516083198e-01
-6.717245469619986808e-01
-6.717670805291153791e-01
-6.717281436468393041e-01
-6.716475983109332359e-01
-6.715623582064016439e-01
-6.715009358638317494e-01
-6.714806638225749857e-01
-6.715074347599200300e-01
-6.715774191691799011e-01
-6.716800128867589370e-01
-6.718012335350045383e-01
-6.719268906124704621e-01
-6.720450488616817042e-01
-6.721475352440552387e-01
-6.722304590666180468e-01
-6.722938881050640747e-01
-6.723409323382413261e-01
-6.723765278586275596e-01
-6.724061956309799193e-01
-6.724349898453230168e-01
-6.724667685817193874e-01
-6.725038343312618183e-01
-6.725469186397982080e-01
-6.725954332859067630e-01
-6.726478836862628263e-01
-6.727023372714817651e-01
-6.727568553519081007e-01
-6.728098244775642112e-01
-6.728601551341311104e-01
-6.729073454321261583e-01
-6.729514306920058031e-01
-6.729928541253930030e-01
-6.730322988472777768e-01
-6.730705185447275474e-01
-6.731081956218534224e-01
-6.731458442782065621e-01
-6.731837643374504188e-01
-6.732220417473274710e-01
-6.732605847765775753e-01
-6.732991814972536515e-01
-6.733375639310669181e-01
-6.733754665363783642e-01
-6.734126705451543016e-01
-6.734490300229767357e-01
-6.734844795618302182e-01
-6.735190266225767886e-01
-6.735527334167514812e-01
-6.735856938296630458e-01
-6.736180104308909788e-01
-6.736497754209284095e-01
-6.736810577988997517e-01
-6.737118974547162686e-01
-6.737423055597802080e-01
-6.737722697177634945e-01
-6.738017618968820122e-01
-6.738307471607308807e-01
-6.738591915447948999e-01
-6.738870679563331301e-01
-6.739143595702553613e-01
-6.739410607378030216e-01
-6.739671758386654998e-01
-6.739927167516439610e-01
-6.740176996926799946e-01
-6.740421420996610680e-01
-6.740660600760973731e-01
-6.740894666916319444e-01
-6.741123712233506593e-01
-6.741347792439634778e-01
-6.741566933425379160e-01
-6.741781142073638433e-01
-6.741990418030370247e-01
-6.742194764208259139e-01
-6.742394194544758523e-01
-6.742588738344116317e-01
-6.742778441264282163e-01
-6.742963363558989176e-01
-6.743143576503339842e-01
-6.743319158018559190e-01
-6.743490188407615937e-01
-6.743656746880786201e-01
-6.743818909257801586e-01
-6.743976746944732037e-01
-6.744130327046288231e-01
-6.744279713316109204e-01
-6.744424967576572172e-01
-6.744566151247406438e-01
-6.744703326688882283e-01
-6.744836558165852036e-01
-6.744965912348331871e-01
-6.745091458362248993e-01
-6.745213267476667385e-01
-6.745331412554798067e-01
-6.745445967406142884e-01
-6.745557006161622127e-01
-6.745664602761224371e-01
-6.745768830603907640e-01
-6.745869762370720890e-01
-6.745967470000540089e-01
-6.746062024777265131e-01
-6.746153497478453165e-01
-6.746241958537064765e-01
-6.746327478177371884e-01
-6.746410126499978732e-01
-6.746489973505535032e-01
-6.746567089059808398e-01
-6.746641542812336079e-01
-6.746713404085979970e-01
-6.746782741755935620e-01
-6.746849624134284573e-01
-6.746914118871734090e-01
-6.746976292882863602e-01
-6.747036212295981494e-01
-6.747093942424498003e-01
-6.747149547754163201e-01
-6.747203091939442121e-01
-6.747254637802555521e-01
-6.747304247330138116e-01
-6.747351981664250209e-01
-6.747397901086560346e-01
-6.747442064996077571e-01
-6.747484531882211867e-01
-6.747525359295433178e-01
-6.747564603817941542e-01
-6.747602321036485495e-01
-6.747638565518763176e-01
-6.747673390794112214e-01
-6.747706849338626078e-01
-6.747738992564175087e-01
-6.747769870810542692e-01
-6.747799533339802203e-01
-6.747828028331966932e-01
-6.747855402881329789e-01
-6.747881702993052677e-01
-6.747906973579730350e-01
-6.747931258458121917e-01
-6.747954600346136589e-01
-6.747977040860372311e-01
-6.747998620514522594e-01
-6.748019378718821404e-01
-6.748039353780752592e-01
-6.748058582906990566e-01
-6.748077102206602174e-01
-6.748094946695374352e-01
-6.748112150301166512e-01
-6.748128745870080047e-01
-6.748144765173357262e-01
-6.748160238914848730e-01
-6.748175196738984694e-01
-6.748189667239186118e-01
-6.748203677966692071e-01
-6.748217255439806772e-01
-6.748230425153509682e-01
-6.748243211589524115e-01
-6.748255638226762221e-01
-6.748267727552147432e-01
-6.748279501071814401e-01
-6.748290979322641991e-01
-6.748302181884036077e-01
-6.748313127389961030e-01
-6.748323833541164385e-01
-6.748334317117533621e-01
-6.748344593990535101e-01
-6.748354679135717404e-01
-6.748364586645241303e-01
-6.748374329740398636e-01
-6.748383920784070122e-01
-6.748393371293145426e-01
-6.748402691950845522e-01
-6.748411892618919605e-01
-6.748420982349749853e-01
-6.748429969398235251e-01
-6.748438861233535535e-01
-6.748447664550581981e-01
-6.748456385281332848e-01
-6.748465028605800109e-01
-6.748473598962780873e-01
-6.748482100060260169e-01
-6.748490534885509540e-01
-6.748498905714823692e-01
-6.748507214122906328e-01
-6.748515460991856285e-01
-6.748523646519780650e-01
-6.748531770228997084e-01
-6.748539830973782072e-01
-6.748547826947737249e-01
-6.748555755690658353e-01
-6.748563614094981178e-01
