-6.748573738736787231e-01
-6.748582845165678190e-01
-6.748592008613056858e-01
-6.748601222333853178e-01
-6.748610479118680727e-01
-6.748619771297830194e-01
-6.748629090744447945e-01
-6.748638428876931883e-01
-6.748647776660519071e-01
-6.748657124608063995e-01
-6.748666462780070763e-01
-6.748675780783893741e-01
-6.748685067772182133e-01
-6.748694312440560727e-01
-6.748703503024530148e-01
-6.748712627295621047e-01
-6.748721672556826645e-01
-6.748730625637295866e-01
-6.748739472886308155e-01
-6.748748200166568845e-01
-6.748756792846807295e-01
-6.748765235793721118e-01
-6.748773513363272025e-01
-6.748781609391335534e-01
-6.748789507183752256e-01
-6.748797189505814087e-01
-6.748804638571163084e-01
-6.748811836030161881e-01
-6.748818762957733419e-01
-6.748825399840732153e-01
-6.748831726564834543e-01
-6.748837722400993222e-01
-6.748843365991491483e-01
-6.748848635335616963e-01
-6.748853507774977833e-01
-6.748857959978532550e-01
-6.748861967927346495e-01
-6.748865506899153210e-01
-6.748868551452699149e-01
-6.748871075411964071e-01
-6.748873051850295957e-01
-6.748874453074396040e-01
-6.748875250608281640e-01
-6.748875415177131298e-01
-6.748874916691091075e-01
-6.748873724229063065e-01
-6.748871806022515019e-01
-6.748869129439413195e-01
-6.748865660968380586e-01
-6.748861366203220413e-01
-6.748856209827883701e-01
-6.748850155602049705e-01
-6.748843166347288092e-01
-6.748835203933850613e-01
-6.748826229268015675e-01
-6.748816202279819265e-01
-6.748805081911096737e-01
-6.748792826103695575e-01
-6.748779391787878001e-01
-6.748764734870961179e-01
-6.748748810226480321e-01
-6.748731571684176700e-01
-6.748712972021283507e-01
-6.748692962955392671e-01
-6.748671495139267895e-01
-6.748648518157635001e-01
-6.748623980525881860e-01
-6.748597829690279326e-01
-6.748570012029303511e-01
-6.748540472855557582e-01
-6.748509156417948907e-01
-6.748476005904023856e-01
-6.748440963442596807e-01
-6.748403970107085259e-01
-6.748364965920090608e-01
-6.748323889859720870e-01
-6.748280679867969534e-01
-6.748235272861136114e-01
-6.748187604742085233e-01
-6.748137610414085552e-01
-6.748085223796225218e-01
-6.748030377840950056e-01
-6.747973004555051224e-01
-6.747913035026088524e-01
-6.747850399456343240e-01
-6.747785027205792652e-01
-6.747716846843899718e-01
-6.747645786207294716e-01
-6.747571772457426897e-01
-6.747494732129591943e-01
-6.747414591163659603e-01
-6.747331274908415777e-01
-6.747244708096419297e-01
-6.747154814794372735e-01
-6.747061518344277253e-01
-6.746964741320496950e-01
-6.746864405534276354e-01
-6.746760432117122619e-01
-6.746652741705028156e-01
-6.746541254726258208e-01
-6.746425891768309535e-01
-6.746306573969585996e-01
-6.746183223355746161e-01
-6.746055763028334651e-01
-6.745924117122139574e-01
-6.745788210481981073e-01
-6.745647968068467781e-01
-6.745503314177377918e-01
-6.745354171633415330e-01
-6.745200461176278361e-01
-6.745042101274308921e-01
-6.744879008562105760e-01
-6.744711098997271392e-01
-6.744538289676723641e-01
-6.744360501069762703e-01
-6.744177659252931223e-01
-6.743989697617807089e-01
-6.743796557511566592e-01
-6.743598187391316445e-01
-6.743394540329873399e-01
-6.743185570072135482e-01
-6.742971226243329452e-01
-6.742751449662408580e-01
-6.742526168917479801e-01
-6.742295299330669511e-01
-6.742058745132332165e-01
-6.741816405093081777e-01
-6.741568181108450464e-01
-6.741313988439209259e-01
-6.741053765662110564e-01
-6.740787482063841374e-01
-6.740515140352281165e-01
-6.740236773214505206e-01
-6.739952433355224093e-01
-6.739662178019311112e-01
-6.739366050361574878e-01
-6.739064061062066679e-01
-6.738756174015386735e-01
-6.738442299575934102e-01
-6.738122297711512942e-01
-6.737795991685558983e-01
-6.737463190894308340e-01
-6.737123719659324772e-01
-6.736777447529020968e-01
-6.736424316256197642e-01
-6.736064359153910441e-01
-6.735697709800819721e-01
-6.735324598674131691e-01
-6.734945337751013783e-01
-6.734560294035515371e-01
-6.734169853187401689e-01
-6.733774374166180410e-01
-6.733374135636567281e-01
-6.732969275606097703e-01
-6.732559728106013441e-01
-6.732145164967939799e-01
-6.731724956386387904e-01
-6.731298169502836215e-01
-6.730863627311853836e-01
-6.730420047925685934e-01
-6.729966274125396275e-01
-6.729501584010355586e-01
-6.729026046631078062e-01
-6.728540855996464343e-01
-6.728048550096907832e-01
-6.727553008069797613e-01
-6.727059128138161981e-01
-6.726572128859190647e-01
-6.726096488466918322e-01
-6.725634635526531735e-01
-6.725185613079860403e-01
-6.724744033463319060e-01
-6.724299691963642189e-01
-6.723838184703851972e-01
-6.723342758043530099e-01
-6.722797398339273034e-01
-6.722190870777945415e-01
-6.721521079862856629e-01
-6.720798822536232509e-01
-6.720049824079595835e-01
-6.719313972671289159e-01
-6.718640964960378437e-01
-6.718082161849252554e-01
-6.717679286533547733e-01
-6.717451557455977884e-01
-6.717383749757855904e-01
-6.717418286401770633e-01
-6.717454535543825322e-01
-6.717357844639469944e-01
-6.716979394081767918e-01
-6.716185785576498368e-01
-6.714894668084600005e-01
-6.713110113181556260e-01
-6.710949492587470200e-01
-6.708652942770825245e-01
-6.706567693833406230e-01
-6.705102905357007703e-01
-6.704656088584962648e-01
-6.705519077183840215e-01
-6.707778679385523191e-01
-6.711233031002973304e-01
-6.715347540931314585e-01
-6.719272640396840579e-01
-6.721938354246407288e-01
-6.722227969845279150e-01
-6.719215920999639380e-01
-6.712435850429150364e-01
-6.702127307332576001e-01
-6.689398223546688671e-01
-6.676239951064064648e-01
-6.665346058241982119e-01
-6.659716668131878681e-01
-6.662074437243978853e-01
-6.674169392716596816e-01
-6.696097135001710665e-01
-6.725786325040857827e-01
-6.758816558881493020e-01
-6.788700590815927027e-01
-6.807704364841127287e-01
-6.808187547086027580e-01
-6.784332424550105767e-01
-6.734000894636679169e-01
-6.660338029382648628e-01
-6.572661375114079441e-01
-6.486185707849615456e-01
-6.420277786615607996e-01
-6.395225714138091933e-01
-6.427893464778566823e-01
-6.527003554535711904e-01
-6.689021115078627178e-01
-6.895619709438992606e-01
-7.113511709820208306e-01
-7.297136581638130615e-01
-7.394442337244236940e-01
-7.355768986137902754e-01
-7.145432544888947746e-01
-6.754673034452315372e-01
-6.213064393399522212e-01
-5.593889923623235338e-01
-5.008738841041516787e-01
-4.588973389905802724e-01
-4.456537016399423901e-01
-4.691553722344925514e-01
-5.306358819157139806e-01
-6.233489606460649313e-01
-7.329551918431319590e-01
-8.390584176947223360e-01
-9.171856526063992820e-01
-9.409724688701572859e-01
-8.853865038236679030e-01
-7.324724981158335924e-01
-4.797827130674110485e-01
-1.479376779645755202e-01
2.193799653607561018e-01
5.668337188128272919e-01
8.449001566342529967e-01
1.021496486888447519e+00
1.082052803605901614e+00
1.022944288257114920e+00
8.477018962013387338e-01
5.707197794132871094e-01
2.238463362909256515e-01
-1.435594430951305234e-01
-4.761293526690268951e-01
-7.299532895696196899e-01
-8.841105858818698593e-01
-9.408052963132188529e-01
-9.178556298799097624e-01
-8.402447982768006529e-01
-7.343398942910978056e-01
-6.246476337086032116e-01
-5.316246812828853141e-01
-4.696960938355337900e-01
-4.457090749517544359e-01
-4.585275281621356003e-01
-5.002120597654554635e-01
-5.586024002735012761e-01
-6.205549276537376535e-01
-6.748712905114369054e-01
-7.141680335287502457e-01
-7.354332083217061111e-01
-7.395000216651939073e-01
-7.299106535586110667e-01
-7.116213232367438746e-01
-6.898410177608065297e-01
-6.691391810225018055e-01
-6.528633445481877295e-01
-6.428662281199039041e-01
-6.395191473522322534e-01
-6.419628140224775681e-01
-6.485175974364379980e-01
-6.571553165512578065e-01
-6.659350162319143118e-01
-6.733279565132626043e-01
-6.783942016561480548e-01
-6.808118822423263605e-01
-6.807894060012139592e-01
-6.789055827971776091e-01
-6.759238394283645368e-01
-6.726188480378180179e-01
-6.696417866173646205e-01
-6.674376159268047282e-01
-6.662162345290083554e-01
-6.659702487372594071e-01
-6.665259947481436686e-01
-6.676116915686373110e-01
-6.689270881519037149e-01
-6.702020910010820787e-01
-6.712365853118462677e-01
-6.719187859574273780e-01
-6.722239051836681467e-01
-6.721980031934638999e-01
-6.719333466814608746e-01
-6.715415758111430433e-01
-6.711298539891249471e-01
-6.707834240409566995e-01
-6.705560755308165310e-01
-6.704683070594351646e-01
-6.705116878113562828e-01
-6.706571987581224636e-01
-6.708651625021728737e-01
-6.710946558527841610e-01
-6.713108869396875455e-01
-6.714897356709540466e-01
-6.716193451962619854e-01
-6.716991966461821617e-01
-6.717374370855204724e-01
-6.717473510091829247e-01
-6.717438000195787851e-01
-6.717402603584907705e-01
-6.717468295796121813e-01
-6.717693128232617994e-01
-6.718092824720111045e-01
-6.718648599464362992e-01
-6.719319032739627939e-01
-6.720052909299961685e-01
-6.720800525119829949e-01
-6.721521863099093608e-01
-6.722190995149650572e-01
-6.722796899667379256e-01
-6.723341471420806181e-01
-6.723835800439323940e-01
-6.724295826268885667e-01
-6.724738297167461853e-01
-6.725177665430326357e-01
-6.725624215761385472e-01
-6.726083423828258523e-01
-6.726556322749864814e-01
-6.727040535346375805e-01
-6.727531605089366318e-01
-6.728024307760771539e-01
-6.728513719494736423e-01
-6.728995925249954269e-01
-6.729468350323013492e-01
-6.729929770426555935e-01
-6.730380096699271064e-01
-6.730820042459706443e-01
-6.731250765734403396e-01
-6.731673555250081709e-01
-6.732089597153051441e-01
-6.732499832583261901e-01
-6.732904896742324397e-01
-6.733305119576811215e-01
-6.733700565591189680e-01
-6.734091093156983066e-01
-6.734476419166701699e-01
-6.734856180582058371e-01
-6.735229988810798041e-01
-6.735597475356235320e-01
-6.735958328054897359e-01
-6.736312317144810269e-01
-6.736659310174417659e-01
-6.736999274956788630e-01
-6.737332270629021735e-01
-6.737658428266941613e-01
-6.737977924049036726e-01
-6.738290949192718982e-01
-6.738597681410209983e-01
-6.738898262258733451e-01
-6.739192783542953258e-01
-6.739481284136760175e-01
-6.739763756627720204e-01
-6.740040161473609404e-01
-6.740310445235370151e-01
-6.740574559096006446e-01
-6.740832474288984688e-01
-6.741084192075769144e-01
-6.741329747255528915e-01
-6.741569205549490240e-01
-6.741802656303912400e-01
-6.742030202614748280e-01
-6.742251951127038456e-01
-6.742468003450460268e-01
-6.742678450493667652e-01
-6.742883370234746820e-01
-6.743082828694213493e-01
-6.743276883304230029e-01
-6.743465587556239926e-01
-6.743648995774365051e-01
-6.743827167060022498e-01
-6.744000167801195156e-01
-6.744168072539674652e-01
-6.744330963351009567e-01
-6.744488928150135232e-01
-6.744642058459433542e-01
-6.744790447167517966e-01
-6.744934186695616951e-01
-6.745073367817758792e-01
-6.745208079198187212e-01
-6.745338407554319904e-01
-6.745464438251130845e-01
-6.745586256092614974e-01
-6.745703946092076464e-01
-6.745817594059080324e-01
-6.745927286916706400e-01
-6.746033112737879200e-01
-6.746135160548696330e-01
-6.746233519981738036e-01
-6.746328280871650707e-01
-6.746419532873545455e-01
-6.746507365159427616e-01
-6.746591866217891420e-01
-6.746673123754993728e-01
-6.746751224674808478e-01
-6.746826255108377968e-01
-6.746898300459404085e-01
-6.746967445441279798e-01
-6.747033774089920000e-01
-6.747097369747072637e-01
-6.747158315017065533e-01
-6.747216691705009151e-01
-6.747272580746143111e-01
-6.747326062135100555e-01
-6.747377214861152162e-01
-6.747426116852488498e-01
-6.747472844929851554e-01
-6.747517474768075507e-01
-6.747560080863485021e-01
-6.747600736505066088e-01
-6.747639513748134865e-01
-6.747676483389871693e-01
-6.747711714946708073e-01
-6.747745276633829725e-01
-6.747777235347063307e-01
-6.747807656647123453e-01
-6.747836604746004774e-01
-6.747864142494983675e-01
-6.747890331373804784e-01
-6.747915231480569043e-01
-6.747938901522211319e-01
-6.747961398805696343e-01
-6.747982779230246031e-01
-6.748003097281068952e-01
-6.748022406025071529e-01
-6.748040757108899612e-01
-6.748058200759408098e-01
-6.748074785786497554e-01
-6.748090559588069137e-01
-6.748105568156662626e-01
-6.748119856087436697e-01
-6.748133466587102891e-01
-6.748146441483586777e-01
-6.748158821236325267e-01
-6.748170644947202312e-01
-6.748181950372192928e-01
-6.748192773933894273e-01
-6.748203150735019307e-01
-6.748213114572928495e-01
-6.748222697955207350e-01
-6.748231932116262044e-01
-6.748240847034793211e-01
-6.748249471452026915e-01
-6.748257832890581787e-01
-6.748265957673859061e-01
-6.748273870945833419e-01
-6.748281596691207973e-01
-6.748289157755871237e-01
-6.748296575867651637e-01
-6.748303871657341801e-01
-6.748311064679940463e-01
-6.748318173436130829e-01
-6.748325215393939924e-01
-6.748332207010506734e-01
-6.748339163753949155e-01
-6.748346100125264257e-01
-6.748353029680180803e-01
-6.748359965050958476e-01
-6.748366917968043888e-01
-6.748373899281581156e-01
-6.748380918982712640e-01
-6.748387986224666513e-01
-6.748395109343527931e-01
-6.748402295878740409e-01
-6.748409552593238603e-01
-6.748416885493221384e-01
-6.748424299847504138e-01
-6.748431800206434739e-01
-6.748439390420338801e-01
-6.748447073657461992e-01
-6.748454852421394978e-01
-6.748462728567943270e-01
-6.748470703321427511e-01
-6.748478777290376485e-01
-6.748486950482593949e-01
-6.748495222319603748e-01
-6.748503591650426570e-01
-6.748512056764659484e-01
-6.748520615404860479e-01
-6.748529264778236891e-01
-6.748538001567587763e-01
-6.748546821941506790e-01
-6.748555721563848087e-01
-6.748564695602392582e-01
