-6.748577098052711554e-01
-6.748585486164522251e-01
-6.748593868019714392e-01
-6.748602237430900708e-01
-6.748610587660230919e-01
-6.748618911423197586e-01
-6.748627200891790245e-01
-6.748635447696998968e-01
-6.748643642930657327e-01
-6.748651777146683628e-01
-6.748659840361643791e-01
-6.748667822054708054e-01
-6.748675711166958191e-01
-6.748683496100090773e-01
-6.748691164714509805e-01
-6.748698704326793196e-01
-6.748706101706590799e-01
-6.748713343072904047e-01
-6.748720414089831587e-01
-6.748727299861697615e-01
-6.748733984927678398e-01
-6.748740453255883676e-01
-6.748746688236925140e-01
-6.748752672676994191e-01
-6.748758388790473406e-01
-6.748763818192130559e-01
-6.748768941888864115e-01
-6.748773740271071242e-01
-6.748778193103645018e-01
-6.748782279516577498e-01
-6.748785977995263030e-01
-6.748789266370454065e-01
-6.748792121807926092e-01
-6.748794520797860574e-01
-6.748796439144001402e-01
-6.748797851952579308e-01
-6.748798733621129697e-01
-6.748799057827161718e-01
-6.748798797516820658e-01
-6.748797924893500388e-01
-6.748796411406529083e-01
-6.748794227739903784e-01
-6.748791343801112674e-01
-6.748787728710030631e-01
-6.748783350787889157e-01
-6.748778177546310708e-01
-6.748772175676419627e-01
-6.748765311038066317e-01
-6.748757548649209070e-01
-6.748748852675564569e-01
-6.748739186420662506e-01
-6.748728512316444217e-01
-6.748716791914534108e-01
-6.748703985878352629e-01
-6.748690053976102998e-01
-6.748674955074634996e-01
-6.748658647134145872e-01
-6.748641087203496314e-01
-6.748622231416012696e-01
-6.748602034985476950e-01
-6.748580452202228575e-01
-6.748557436429258871e-01
-6.748532940098480593e-01
-6.748506914707445015e-01
-6.748479310816997145e-01
-6.748450078050548528e-01
-6.748419165095629335e-01
-6.748386519708272635e-01
-6.748352088720664943e-01
-6.748315818051973114e-01
-6.748277652721903497e-01
-6.748237536866055208e-01
-6.748195413751647553e-01
-6.748151225792182739e-01
-6.748104914559550638e-01
-6.748056420792597487e-01
-6.748005684402055282e-01
-6.747952644472720030e-01
-6.747897239265008285e-01
-6.747839406219097169e-01
-6.747779081965592507e-01
-6.747716202346557557e-01
-6.747650702450118665e-01
-6.747582516660042273e-01
-6.747511578719179726e-01
-6.747437821802757529e-01
-6.747361178594485365e-01
-6.747281581356258107e-01
-6.747198961981281107e-01
-6.747113252021536001e-01
-6.747024382683870503e-01
-6.746932284794456836e-01
-6.746836888738649840e-01
-6.746738124391010727e-01
-6.746635921057124730e-01
-6.746530207452960948e-01
-6.746420911747323945e-01
-6.746307961687103560e-01
-6.746191284813476408e-01
-6.746070808760056270e-01
-6.745946461604144240e-01
-6.745818172222692866e-01
-6.745685870589619437e-01
-6.745549487945531331e-01
-6.745408956778478071e-01
-6.745264210577469610e-01
-6.745115183358488808e-01
-6.744961809012305354e-01
-6.744804020576655734e-01
-6.744641749582648282e-01
-6.744474925653881625e-01
-6.744303476535764563e-01
-6.744127328692713919e-01
-6.743946408529482017e-01
-6.743760644175338381e-01
-6.743569967630080875e-01
-6.743374316932985169e-01
-6.743173637909690710e-01
-6.742967885010318074e-01
-6.742757020802850887e-01
-6.742541013845870790e-01
-6.742319834932439804e-01
-6.742093452046429292e-01
-6.741861824753616617e-01
-6.741624899088886069e-01
-6.741382604212844409e-01
-6.741134852111251297e-01
-6.740881541335982385e-01
-6.740622565212516237e-01
-6.740357824101005368e-01
-6.740087240296563920e-01
-6.739810773157300927e-01
-6.739528431272596709e-01
-6.739240278163544096e-01
-6.738946428349528173e-01
-6.738647031745077509e-01
-6.738342246263234747e-01
-6.738032201017361000e-01
-6.737716955270837138e-01
-6.737396460758648953e-01
-6.737070536575764379e-01
-6.736738865880494975e-01
-6.736401021727169702e-01
-6.736056525239352277e-01
-6.735704933296652319e-01
-6.735345945658108846e-01
-6.734979514188920158e-01
-6.734605931165558168e-01
-6.734225871214489789e-01
-6.733840363805118079e-01
-6.733450681301846874e-01
-6.733058141358062576e-01
-6.732663840638907216e-01
-6.732268356878045035e-01
-6.731871474311663661e-01
-6.731471999079214896e-01
-6.731067731768114459e-01
-6.730655650472430196e-01
-6.730232328180916213e-01
-6.729794564666077283e-01
-6.729340160528757275e-01
-6.728868708380042474e-01
-6.728382234699308295e-01
-6.727885508080984067e-01
-6.727385846373445943e-01
-6.726892313424803760e-01
-6.726414295640572583e-01
-6.725959580171029240e-01
-6.725532201383261910e-01
-6.725130452866019404e-01
-6.724745545919736944e-01
-6.724361400013771917e-01
-6.723955951236877393e-01
-6.723504151609052126e-01
-6.722982517278944803e-01
-6.722374704778585341e-01
-6.721677214564724112e-01
-6.720904022197362604e-01
-6.720088809083127890e-01
-6.719283586117070772e-01
-6.718552923766989426e-01
-6.717963719756376850e-01
-6.717571383751312908e-01
-6.717404360158205634e-01
-6.717449846706289307e-01
-6.717644163142771907e-01
-6.717871250532635452e-01
-6.717972061891864799e-01
-6.717766072415199963e-01
-6.717083880112161287e-01
-6.715807154496842291e-01
-6.713909470555927683e-01
-6.711489424984325991e-01
-6.708786515186963006e-01
-6.706171145041462944e-01
-6.704103162418973971e-01
-6.703058517761379953e-01
-6.703430459548141984e-01
-6.705419130933342187e-01
-6.708930048227795817e-01
-6.713506050728266228e-01
-6.718317325842046994e-01
-6.722228884780977465e-01
-6.723954003190617534e-01
-6.722286264494874430e-01
-6.716383726003934962e-01
-6.706059348295859701e-01
-6.692016258928962236e-01
-6.675959426648577777e-01
-6.660521508287030601e-01
-6.648963089586611419e-01
-6.644646231183883867e-01
-6.650330712561719482e-01
-6.667395704539225143e-01
-6.695133949707103849e-01
-6.730289121059721547e-01
-6.767001328494156587e-01
-6.797287167749018755e-01
-6.812109995285263730e-01
-6.802996237890900355e-01
-6.764028944520020792e-01
-6.693909996526926642e-01
-6.597650297449272339e-01
-6.487366329633820206e-01
-6.381691215615337143e-01
-6.303499786092853219e-01
-6.276003169919578406e-01
-6.317714640025821060e-01
-6.437183527906230607e-01
-6.628590545580116400e-01
-6.869226158626577927e-01
-7.119595590147822506e-01
-7.326578571170263565e-01
-7.429876352439954701e-01
-7.371873241299334856e-01
-7.110694197674032324e-01
-6.635151335903157754e-01
-5.978261347362237021e-01
-5.223877365883499158e-01
-4.500573413229053688e-01
-3.959974024381994195e-01
-3.742842946323891584e-01
-3.942307307116452164e-01
-4.575870630060768218e-01
-5.574845928163240094e-01
-6.792781438055078835e-01
-8.026464181761949757e-01
-9.038786126553196576e-01
-9.576832756696742610e-01
-9.391139917379353053e-01
-8.274382270598555911e-01
-6.133908052583449955e-01
-3.081282919221854932e-01
5.214194386677953319e-02
4.122765870504002672e-01
7.141672458910051091e-01
9.126307717724732038e-01
9.819866560993504301e-01
9.143062041841960585e-01
7.173187240406329046e-01
4.164644433248224642e-01
5.670234788916053703e-02
-3.039339408584268987e-01
-6.101500520404771200e-01
-8.254375681635046647e-01
-9.383396705814391892e-01
-9.579232583517099942e-01
-9.048337872869406384e-01
-8.040012569933352449e-01
-6.807340634354787090e-01
-5.587800769478593610e-01
-4.585204227963538548e-01
-3.946844398000091680e-01
-3.742398593701338760e-01
-3.955308659319772269e-01
-4.493135236608790106e-01
-5.215402131470594504e-01
-5.970354988497477144e-01
-6.628979315653515947e-01
-7.106845490577815561e-01
-7.370390965780885262e-01
-7.430394787320496741e-01
-7.328496614369029993e-01
-7.122237163356024414e-01
-6.871964764201302645e-01
-6.630933002588699221e-01
-6.438815014812275805e-01
-6.318508745783220082e-01
-6.276001791367081806e-01
-6.302870231318552507e-01
-6.380670792780386291e-01
-6.486206118135138254e-01
-6.596568544105928522e-01
-6.693061890205308506e-01
-6.763494746575667849e-01
-6.802785501652640621e-01
-6.812176983297486554e-01
-6.797551799812774354e-01
-6.767370627583619846e-01
-6.730675490668928118e-01
-6.695468150633725468e-01
-6.667633778835720948e-01
-6.650455199880165313e-01
-6.644662804046473914e-01
-6.648894190151406480e-01
-6.660398701588271519e-01
-6.675816022929192961e-01
-6.691881370817351904e-01
-6.705954042583364139e-01
-6.716319420127911943e-01
-6.722265100329996024e-01
-6.723970661294401685e-01
-6.722273192670328301e-01
-6.718377041458454269e-01
-6.713569325305672741e-01
-6.708987245299475877e-01
-6.705463859620617306e-01
-6.703459840065472131e-01
-6.703072815992999756e-01
-6.704104999843046864e-01
-6.706164510774706988e-01
-6.708775786303248223e-01
-6.711478552064529257e-01
-6.713901422092124482e-01
-6.715803649897859051e-01
-6.717085387259789098e-01
-6.717772008470761502e-01
-6.717981117523387224e-01
-6.717881756475829746e-01
-6.717654430106854146e-01
-6.717458429970498690e-01
-6.717410223583988316e-01
-6.717573959926047555e-01
-6.717962880418225646e-01
-6.718548885820357919e-01
-6.719276783098848682e-01
-6.720079756666180737e-01
-6.720893200750620577e-01
-6.721664983797445148e-01
-6.722361256912781080e-01
-6.722967867530428299e-01
-6.723488159034097800e-01
-6.723938359694112687e-01
-6.724341888080407337e-01
-6.724723775688629113e-01
-6.725106110008542970e-01
-6.725505021988523735e-01
-6.725929363014150342e-01
-6.726380901184217942e-01
-6.726855652704664124e-01
-6.727345863843779972e-01
-6.727842162558667072e-01
-6.728335481926511763e-01
-6.728818487678404070e-01
-6.729286386805547471e-01
-6.729737125887833571e-01
-6.730171087521282791e-01
-6.730590451762874515e-01
-6.730998406652131116e-01
-6.731398374351875713e-01
-6.731793378234848246e-01
-6.732185623697456434e-01
-6.732576312993285850e-01
-6.732965670682444781e-01
-6.733353126630648999e-01
-6.733737589551487268e-01
-6.734117744542078565e-01
-6.734492319499618684e-01
-6.734860283270989179e-01
-6.735220958371823663e-01
-6.735574049317368805e-01
-6.735919601415450986e-01
-6.736257913002903219e-01
-6.736589426524621782e-01
-6.736914621482855692e-01
-6.737233926629987435e-01
-6.737547661544202038e-01
-6.737856010485053782e-01
-6.738159025382098877e-01
-6.738456650691920791e-01
-6.738748760905439728e-01
-6.739035201520415796e-01
-6.739315825847580488e-01
-6.739590522481150314e-01
-6.739859231015282726e-01
-6.740121946103287964e-01
-6.740378711872021533e-01
-6.740629609841070069e-01
-6.740874743846114736e-01
-6.741114225153143069e-01
-6.741348160180202775e-01
-6.741576642250194373e-01
-6.741799747798530307e-01
-6.742017536620908968e-01
-6.742230055170872483e-01
-6.742437341638947146e-01
-6.742639431542313266e-01
-6.742836362762821834e-01
-6.743028179308289127e-01
-6.743214933451632254e-01
-6.743396686251715844e-01
-6.743573506727946754e-01
-6.743745470121659258e-01
-6.743912655729459305e-01
-6.744075144753109985e-01
-6.744233018505628729e-01
-6.744386357175990998e-01
-6.744535239215588840e-01
-6.744679741291896846e-01
-6.744819938673147774e-01
-6.744955905867566770e-01
-6.745087717339048883e-01
-6.745215448149480819e-01
-6.745339174424552775e-01
-6.745458973593256857e-01
-6.745574924400459249e-01
-6.745687106730183791e-01
-6.745795601300484945e-01
-6.745900489298500835e-01
-6.746001852019039013e-01
-6.746099770555195052e-01
-6.746194325570151751e-01
-6.746285597159432657e-01
-6.746373664795881631e-01
-6.746458607337940672e-01
-6.746540503075849626e-01
-6.746619429790110534e-01
-6.746695464800633868e-01
-6.746768684991666376e-01
-6.746839166805458365e-01
-6.746906986204652679e-01
-6.746972218609113003e-01
-6.747034938816116600e-01
-6.747095220914085534e-01
-6.747153138199050160e-01
-6.747208763100970286e-01
-6.747262167123957433e-01
-6.747313420801607231e-01
-6.747362593666094144e-01
-6.747409754227965406e-01
-6.747454969962738414e-01
-6.747498307300442422e-01
-6.747539831614891570e-01
-6.747579607210565378e-01
-6.747617697306137474e-01
-6.747654164014794675e-01
-6.747689068322310080e-01
-6.747722470064266842e-01
-6.747754427903982499e-01
-6.747784999312486098e-01
-6.747814240551551768e-01
-6.747842206660250586e-01
-6.747868951445069596e-01
-6.747894527473274895e-01
-6.747918986068902614e-01
-6.747942377310779394e-01
-6.747964750031848480e-01
-6.747986151819370670e-01
-6.748006629015655955e-01
-6.748026226719181508e-01
-6.748044988786195963e-01
-6.748062957832905440e-01
-6.748080175238483358e-01
-6.748096681149103881e-01
-6.748112514483163293e-01
-6.748127712937734834e-01
-6.748142312996306957e-01
-6.748156349937702858e-01
-6.748169857846093578e-01
-6.748182869621899282e-01
-6.748195416993464368e-01
-6.748207530529363174e-01
-6.748219239651234158e-01
-6.748230572647065939e-01
-6.748241556684901887e-01
-6.748252217826967714e-01
-6.748262581044168762e-01
-6.748272670231034720e-01
-6.748282508221019604e-01
-6.748292116802196983e-01
-6.748301516733298255e-01
-6.748310727760062910e-01
-6.748319768631799720e-01
-6.748328657118156659e-01
-6.748337410025989636e-01
-6.748346043216335577e-01
-6.748354571621368869e-01
-6.748363009261354462e-01
-6.748371369261524366e-01
-6.748379663868880884e-01
-6.748387904468879928e-01
-6.748396101601971120e-01
-6.748404264979984690e-01
-6.748412403502289658e-01
-6.748420525271755510e-01
-6.748428637610440761e-01
-6.748436747075006181e-01
-6.748444859471787183e-01
-6.748452979871525370e-01
-6.748461112623705960e-01
-6.748469261370495520e-01
-6.748477429060258936e-01
-6.748485617960594540e-01
-6.748493829670906274e-01
-6.748502065134502903e-01
-6.748510324650170977e-01
-6.748518607883219333e-01
-6.748526913875999567e-01
-6.748535241057860290e-01
-6.748543587254527409e-01
-6.748551949696895980e-01
-6.748560325029231421e-01
-6.748568709316776770e-01
