-6.748577116560574574e-01
-6.748585590260344214e-01
-6.748594066159462335e-01
-6.748602538003115603e-01
-6.748610998995815402e-01
-6.748619441805212560e-01
-6.748627858565271476e-01
-6.748636240878747028e-01
-6.748644579819015332e-01
-6.748652865931217271e-01
-6.748661089232766974e-01
-6.748669239213167526e-01
-6.748677304833211599e-01
-6.748685274523560373e-01
-6.748693136182701835e-01
-6.748700877174315105e-01
-6.748708484324019707e-01
-6.748715943915547522e-01
-6.748723241686291896e-01
-6.748730362822263906e-01
-6.748737291952467965e-01
-6.748744013142653486e-01
-6.748750509888526983e-01
-6.748756765108414601e-01
-6.748762761135453925e-01
-6.748768479709349455e-01
-6.748773901967741740e-01
-6.748779008437240101e-01
-6.748783779024151164e-01
-6.748788193004907621e-01
-6.748792229016189470e-01
-6.748795865044696640e-01
-6.748799078416538588e-01
-6.748801845786218667e-01
-6.748804143125186616e-01
-6.748805945710042442e-01
-6.748807228110391687e-01
-6.748807964176559704e-01
-6.748808127027245973e-01
-6.748807689037310542e-01
-6.748806621825849117e-01
-6.748804896244640084e-01
-6.748802482366956790e-01
-6.748799349476741760e-01
-6.748795466057949666e-01
-6.748790799783833672e-01
-6.748785317506028614e-01
-6.748778985243214512e-01
-6.748771768169292695e-01
-6.748763630601205543e-01
-6.748754535986603020e-01
-6.748744446891846716e-01
-6.748733324990828786e-01
-6.748721131055196443e-01
-6.748707824946477141e-01
-6.748693365610325401e-01
-6.748677711072881280e-01
-6.748660818438864117e-01
-6.748642643890659931e-01
-6.748623142687417698e-01
-6.748602269163155309e-01
-6.748579976722887119e-01
-6.748556217836361171e-01
-6.748530944029451639e-01
-6.748504105874125747e-01
-6.748475652978512818e-01
-6.748445533979398059e-01
-6.748413696539520279e-01
-6.748380087351972811e-01
-6.748344652153196455e-01
-6.748307335744822000e-01
-6.748268082022885750e-01
-6.748226834011349373e-01
-6.748183533895216746e-01
-6.748138123047813242e-01
-6.748090542046928375e-01
-6.748040730675953780e-01
-6.747988627908749759e-01
-6.747934171880677345e-01
-6.747877299852194088e-01
-6.747817948175207636e-01
-6.747756052274798133e-01
-6.747691546659214668e-01
-6.747624364968730637e-01
-6.747554440068400661e-01
-6.747481704182045625e-01
-6.747406089055264511e-01
-6.747327526126075670e-01
-6.747245946674752526e-01
-6.747161281921564280e-01
-6.747073463044493957e-01
-6.746982421099025906e-01
-6.746888086838842558e-01
-6.746790390457796383e-01
-6.746689261296534568e-01
-6.746584627577277837e-01
-6.746476416242490615e-01
-6.746364552972626827e-01
-6.746248962441472319e-01
-6.746129568833710843e-01
-6.746006296600436380e-01
-6.745879071370276536e-01
-6.745747820876336620e-01
-6.745612475714509726e-01
-6.745472969730328394e-01
-6.745329239851171055e-01
-6.745181225246197343e-01
-6.745028865807511931e-01
-6.744872100093280975e-01
-6.744710863036131876e-01
-6.744545083867262703e-01
-6.744374684800887865e-01
-6.744199581027175983e-01
-6.744019682444131192e-01
-6.743834897307431353e-01
-6.743645137604170614e-01
-6.743450325506961107e-01
-6.743250399815122753e-01
-6.743045320941811749e-01
-6.742835072872460644e-01
-6.742619660701218987e-01
-6.742399102909413244e-01
-6.742173418478876190e-01
-6.741942610140966297e-01
-6.741706646363593292e-01
-6.741465445804682988e-01
-6.741218868596158265e-01
-6.740966718662032564e-01
-6.740708760097183783e-01
-6.740444748380922668e-01
-6.740174474042394115e-01
-6.739897812767072782e-01
-6.739614772518571773e-01
-6.739325525902933878e-01
-6.739030415610807179e-01
-6.738729923059066929e-01
-6.738424595657903637e-01
-6.738114936204566696e-01
-6.737801267783262160e-01
-6.737483597530070645e-01
-6.737161510422983168e-01
-6.736834127360867841e-01
-6.736500157950485734e-01
-6.736158066257550425e-01
-6.735806347417059303e-01
-6.735443886515982692e-01
-6.735070342748458172e-01
-6.734686477519691294e-01
-6.734294331976836689e-01
-6.733897164104213351e-01
-6.733499082767914201e-01
-6.733104366882545211e-01
-6.732716527898711112e-01
-6.732337252808999750e-01
-6.731965437097441329e-01
-6.731596563238790853e-01
-6.731222681126642904e-01
-6.730833187307760923e-01
-6.730416474766999224e-01
-6.729962342756387050e-01
-6.729464841641019657e-01
-6.728925021475222756e-01
-6.728352906625814089e-01
-6.727767986130629430e-01
-6.727197634682166028e-01
-6.726673182669729023e-01
-6.726223820115111440e-01
-6.725869089356211195e-01
-6.725611292287497767e-01
-6.725429574589205650e-01
-6.725277605891274435e-01
-6.725086526349641769e-01
-6.724774108816662377e-01
-6.724259914589991727e-01
-6.723484736124853978e-01
-6.722431075436933190e-01
-6.721140149306217282e-01
-6.719720330122497254e-01
-6.718342374386496729e-01
-6.717218475070719785e-01
-6.716565085073356034e-01
-6.716553283321944345e-01
-6.717254562379637584e-01
-6.718593415613348663e-01
-6.720319978202080602e-01
-6.722015296139371987e-01
-6.723137950501038018e-01
-6.723113694515890915e-01
-6.721460138295958231e-01
-6.717927802634485746e-01
-6.712629234317376570e-01
-6.706121958815433048e-01
-6.699411456652730745e-01
-6.693849030546804579e-01
-6.690916896555298976e-01
-6.691917515238722247e-01
-6.697612153663073942e-01
-6.707879018143423355e-01
-6.721477173594370136e-01
-6.736002630648647571e-01
-6.748103363890814999e-01
-6.753979833656506004e-01
-6.750139841900293369e-01
-6.734308296943480876e-01
-6.706325004441506810e-01
-6.668812719136526512e-01
-6.627382619274448938e-01
-6.590183839157245371e-01
-6.566708234910854092e-01
-6.565924124854768396e-01
-6.594003260160590241e-01
-6.652075038460704137e-01
-6.734539420593096404e-01
-6.828461330173380972e-01
-6.914451252209676824e-01
-6.969230989667646314e-01
-6.969813482574519492e-01
-6.898893372295282767e-01
-6.750638030284533686e-01
-6.535614157942594149e-01
-6.283226053084920437e-01
-6.040054380227716235e-01
-5.863149167664821748e-01
-5.808681336034907661e-01
-5.917996697371056269e-01
-6.204325848153597889e-01
-6.643546392408321566e-01
-7.171357626929780738e-01
-7.687603873728477977e-01
-8.067336591728205830e-01
-8.178370686641663889e-01
-7.906137461196943717e-01
-7.186295871729639906e-01
-6.040946003403261377e-01
-4.605476336862209252e-01
-3.126517499241119324e-01
-1.917071848543740742e-01
-1.274713895992849733e-01
-1.389998081582239919e-01
-2.279071463589708579e-01
-3.765078523633889618e-01
-5.514961809041809548e-01
-7.116711406759451686e-01
-8.165675908042279163e-01
-8.333496043538333176e-01
-7.419625726198828541e-01
-5.402499112580955165e-01
-2.485893777699683393e-01
9.058964388778978361e-02
4.230607721310060132e-01
7.003819964881344839e-01
8.946665658001810018e-01
1.002734283347912481e+00
1.040363804808566384e+00
1.032624981773138551e+00
1.005385932218078260e+00
9.798590760474705785e-01
9.696919550564701007e-01
9.796067719046220867e-01
1.004998562697233977e+00
1.032326865436281382e+00
1.040461515441793106e+00
1.003566301957679929e+00
8.965145435118661021e-01
7.033476764990029828e-01
4.269537625993514718e-01
9.490657793022189148e-02
-2.445359805256555052e-01
-5.370982598332505464e-01
-7.401113912526834371e-01
-8.328979350164008588e-01
-8.173577477478922715e-01
-7.133596292925422633e-01
-5.536176493492035444e-01
-3.785472510915079414e-01
-2.293965188333837446e-01
-1.396221426775011432e-01
-1.271319784150417576e-01
-1.905430013717460958e-01
-3.109749665345634129e-01
-4.587434417028767863e-01
-6.025108437076840406e-01
-7.174981418732720995e-01
-7.900245396158724898e-01
-8.177574835204141079e-01
-8.070499482101202160e-01
-7.693202240963969984e-01
-7.177823095197511938e-01
-6.649511835403084659e-01
-6.208792846893194106e-01
-5.920428371033485959e-01
-5.809013701812713037e-01
-5.861719804491068997e-01
-6.037465493659814886e-01
-6.280176990353466548e-01
-6.532744984002597510e-01
-6.748417667831857480e-01
-6.897567833843900598e-01
-6.969410783425507017e-01
-6.969606733077963190e-01
-6.915354850544717102e-01
-6.829605146236329416e-01
-6.735658140355627044e-01
-6.652967754306906567e-01
-6.594555155141432756e-01
-6.566108336205063178e-01
-6.566571515738439668e-01
-6.589821797756704180e-01
-6.626911222982052596e-01
-6.668342233606177061e-01
-6.705940829954933902e-01
-6.734060831993814444e-01
-6.750043223926127656e-01
-6.754017700003056568e-01
-6.748238879955320568e-01
-6.736189911937749963e-01
-6.721671682637445633e-01
-6.708045293683221333e-01
-6.697728101375214349e-01
-6.691975284753685083e-01
-6.690920975494425438e-01
-6.693812543607251531e-01
-6.699351757946894192e-01
-6.706056485014770807e-01
-6.712572314164167997e-01
-6.717888779696433721e-01
-6.721442838219197080e-01
-6.723117014469878194e-01
-6.723157197440339239e-01
-6.722043854674406571e-01
-6.720350930254463950e-01
-6.718620833195052544e-01
-6.717274319647135172e-01
-6.716563356153699704e-01
-6.716565405038558145e-01
-6.717210468146131985e-01
-6.718328340299779544e-01
-6.719702810145102845e-01
-6.721121397917053653e-01
-6.722412705914405651e-01
-6.723467562852147861e-01
-6.724243974511917576e-01
-6.724758816620068913e-01
-6.725070904603794864e-01
-6.725260531584162926e-01
-6.725409994078807019e-01
-6.725588373398625475e-01
-6.725842297828562577e-01
-6.726192924156862984e-01
-6.726638201470340750e-01
-6.727158753218168696e-01
-6.727725459555781162e-01
-6.728306974042851385e-01
-6.728875842584124412e-01
-6.729412462438697506e-01
-6.729906689703866185e-01
-6.730357371761104268e-01
-6.730770386948445871e-01
-6.731155901167790168e-01
-6.731525520336772983e-01
-6.731889872366862981e-01
-6.732256946532675368e-01
-6.732631303381438892e-01
-6.733014085437792895e-01
-6.733403632965379026e-01
-6.733796448683651015e-01
-6.734188255412087987e-01
-6.734574936351072072e-01
-6.734953219765794641e-01
-6.735321048904371333e-01
-6.735677648235441906e-01
-6.736023348183558523e-01
-6.736359258093524982e-01
-6.736686882062467019e-01
-6.737007759242401583e-01
-6.737323185961104910e-01
-6.737634048585373625e-01
-6.737940769501646887e-01
-6.738243348132327837e-01
-6.738541466642268274e-01
-6.738834626058372024e-01
-6.739122281566791717e-01
-6.739403953519336188e-01
-6.739679300652975380e-01
-6.739948151917970476e-01
-6.740210501412703392e-01
-6.740466476260974504e-01
-6.740716289586338172e-01
-6.740960190372912164e-01
-6.741198419673403164e-01
-6.741431179218154712e-01
-6.741658614850383202e-01
-6.741880814047692683e-01
-6.742097814525386257e-01
-6.742309619726410963e-01
-6.742516216830448661e-01
-6.742717593541192045e-01
-6.742913751032629799e-01
-6.743104711736007673e-01
-6.743290521860195730e-01
-6.743471249471838513e-01
-6.743646979524748897e-01
-6.743817807414267396e-01
-6.743983832502474796e-01
-6.744145152714098312e-01
-6.744301860853296748e-01
-6.744454042840727359e-01
-6.744601777695430345e-01
-6.744745138832435316e-01
-6.744884196127554077e-01
-6.745019018203092243e-01
-6.745149674481946134e-01
-6.745276236704595973e-01
-6.745398779766601516e-01
-6.745517381881918073e-01
-6.745632124189318013e-01
-6.745743089984995722e-01
-6.745850363784656745e-01
-6.745954030400053147e-01
-6.746054174170323936e-01
-6.746150878430995368e-01
-6.746244225245265902e-01
-6.746334295373308532e-01
-6.746421168421116166e-01
-6.746504923093827877e-01
-6.746585637477759967e-01
-6.746663389287553825e-01
-6.746738256034953141e-01
-6.746810315098673572e-01
-6.746879643696426232e-01
-6.746946318776828599e-01
-6.747010416859147153e-01
-6.747072013852014605e-01
-6.747131184879683330e-01
-6.747188004137246731e-01
-6.747242544787083185e-01
-6.747294878899429138e-01
-6.747345077431992078e-01
-6.747393210238196160e-01
-6.747439346091134160e-01
-6.747483552710672461e-01
-6.747525896783499455e-01
-6.747566443969684746e-01
-6.747605258893261126e-01
-6.747642405118107201e-01
-6.747677945112934284e-01
-6.747711940210702197e-01
-6.747744450567902952e-01
-6.747775535128389679e-01
-6.747805251594908293e-01
-6.747833656409827352e-01
-6.747860804744797436e-01
-6.747886750497862351e-01
-6.747911546295844998e-01
-6.747935243499473268e-01
-6.747957892209069941e-01
-6.747979541269187864e-01
-6.748000238271346651e-01
-6.748020029554681054e-01
-6.748038960205071657e-01
-6.748057074053644966e-01
-6.748074413675616556e-01
-6.748091020390580841e-01
-6.748106934264832546e-01
-6.748122194116231709e-01
-6.748136837521561127e-01
-6.748150900826173082e-01
-6.748164419155415761e-01
-6.748177426427276471e-01
-6.748189955365734294e-01
-6.748202037514348106e-01
-6.748213703249846818e-01
-6.748224981795590827e-01
-6.748235901235002387e-01
-6.748246488525083686e-01
-6.748256769510253550e-01
-6.748266768936703741e-01
-6.748276510467398071e-01
-6.748286016697778722e-01
-6.748295309172185341e-01
-6.748304408400837007e-01
-6.748313333877257181e-01
-6.748322104095964002e-01
-6.748330736570283817e-01
-6.748339247850090317e-01
-6.748347653539488178e-01
-6.748355968314293518e-01
-6.748364205939390015e-01
-6.748372379285942912e-01
-6.748380500348490907e-01
-6.748388580261946990e-01
-6.748396629318548223e-01
-6.748404656984660077e-01
-6.748412671917483063e-01
-6.748420681981545100e-01
-6.748428694264971828e-01
-6.748436715095443850e-01
-6.748444750055752062e-01
-6.748452803998986615e-01
-6.748460881063264027e-01
-6.748468984685978000e-01
-6.748477117617621701e-01
-6.748485281935083790e-01
-6.748493479054483712e-01
-6.748501709743515153e-01
-6.748509974133271028e-01
-6.748518271729539997e-01
-6.748526601423576743e-01
-6.748534961502272722e-01
-6.748543349657770696e-01
-6.748551762996466419e-01
-6.748560198047361958e-01
-6.748568650769802835e-01
