-6.748574067900459106e-01
-6.748583138897024103e-01
-6.748592264183320699e-01
-6.748601437041295004e-01
-6.748610650284142531e-01
-6.748619896260273920e-01
-6.748629166856490169e-01
-6.748638453500388490e-01
-6.748647747161964361e-01
-6.748657038354418658e-01
-6.748666317134195403e-01
-6.748675573100243463e-01
-6.748684795392494440e-01
-6.748693972689591147e-01
-6.748703093205846715e-01
-6.748712144687497583e-01
-6.748721114408172683e-01
-6.748729989163663179e-01
-6.748738755265997202e-01
-6.748747398536817377e-01
-6.748755904300065556e-01
-6.748764257374031406e-01
-6.748772442062737076e-01
-6.748780442146731229e-01
-6.748788240873271338e-01
-6.748795820945910906e-01
-6.748803164513580422e-01
-6.748810253159097661e-01
-6.748817067887173948e-01
-6.748823589111939691e-01
-6.748829796643968093e-01
-6.748835669676889193e-01
-6.748841186773580914e-01
-6.748846325851981520e-01
-6.748851064170604541e-01
-6.748855378313753928e-01
-6.748859244176533823e-01
-6.748862636949621852e-01
-6.748865531103920290e-01
-6.748867900375035145e-01
-6.748869717747629782e-01
-6.748870955439643105e-01
-6.748871584886368957e-01
-6.748871576724434496e-01
-6.748870900775737480e-01
-6.748869526031349153e-01
-6.748867420635579206e-01
-6.748864551870203954e-01
-6.748860886139065318e-01
-6.748856388953111685e-01
-6.748851024915912822e-01
-6.748844757709695497e-01
-6.748837550081866477e-01
-6.748829363831940764e-01
-6.748820159798755158e-01
-6.748809897847983796e-01
-6.748798536859863528e-01
-6.748786034717280113e-01
-6.748772348294341805e-01
-6.748757433445677911e-01
-6.748741244996732114e-01
-6.748723736735228185e-01
-6.748704861403979072e-01
-6.748684570695034912e-01
-6.748662815245045632e-01
-6.748639544631618303e-01
-6.748614707370553800e-01
-6.748588250913872821e-01
-6.748560121648721211e-01
-6.748530264897547593e-01
-6.748498624919950784e-01
-6.748465144916772074e-01
-6.748429767036717708e-01
-6.748392432385305062e-01
-6.748353081035597389e-01
-6.748311652039431507e-01
-6.748268083437655163e-01
-6.748222312268093992e-01
-6.748174274570558628e-01
-6.748123905389689092e-01
-6.748071138777992362e-01
-6.748015907803259772e-01
-6.747958144565404659e-01
-6.747897780227766207e-01
-6.747834745066128015e-01
-6.747768968535142742e-01
-6.747700379347219002e-01
-6.747628905553725298e-01
-6.747554474614512188e-01
-6.747477013440233984e-01
-6.747396448394873403e-01
-6.747312705252982434e-01
-6.747225709117585790e-01
-6.747135384318335705e-01
-6.747041654322231130e-01
-6.746944441697062533e-01
-6.746843668167457064e-01
-6.746739254791690454e-01
-6.746631122264753477e-01
-6.746519191321812547e-01
-6.746403383182352220e-01
-6.746283619947105459e-01
-6.746159824846745812e-01
-6.746031922250864676e-01
-6.745899837381866826e-01
-6.745763495739199866e-01
-6.745622822315346934e-01
-6.745477740760695839e-01
-6.745328172710118864e-01
-6.745174037500107911e-01
-6.745015252467739808e-01
-6.744851733927087478e-01
-6.744683398775512817e-01
-6.744510166515931271e-01
-6.744331961328154934e-01
-6.744148713724078537e-01
-6.743960361315287644e-01
-6.743766848329222352e-01
-6.743568123729936081e-01
-6.743364138101388683e-01
-6.743154839777859566e-01
-6.742940170982442138e-01
-6.742720064883696018e-01
-6.742494444441284873e-01
-6.742263223659034077e-01
-6.742026311421166485e-01
-6.741783617528984696e-01
-6.741535059995970025e-01
-6.741280572233970814e-01
-6.741020108592737925e-01
-6.740753646876179728e-01
-6.740481186954204729e-01
-6.740202745339138879e-01
-6.739918346445104014e-01
-6.739628012000179469e-01
-6.739331750540988875e-01
-6.739029548954668103e-01
-6.738721367614479707e-01
-6.738407139880846497e-01
-6.738086775820434360e-01
-6.737760169206885585e-01
-6.737427206465642637e-01
-6.737087776361790903e-01
-6.736741779871365798e-01
-6.736389140577668799e-01
-6.736029816671428305e-01
-6.735663815714431069e-01
-6.735291212353694545e-01
-6.734912167031704699e-01
-6.734526940746872192e-01
-6.734135897886200928e-01
-6.733739487292712544e-01
-6.733338192406357336e-01
-6.732932445645554154e-01
-6.732522510578837771e-01
-6.732108347138493487e-01
-6.731689488049644732e-01
-6.731264965412533385e-01
-6.730833330831519357e-01
-6.730392806614734491e-01
-6.729941586691340349e-01
-6.729478273921107867e-01
-6.729002398900423287e-01
-6.728514921647260616e-01
-6.728018582499030176e-01
-6.727517954713962967e-01
-6.727019070173619886e-01
-6.726528548440591226e-01
-6.726052257712307192e-01
-6.725593663161641977e-01
-6.725152151983053717e-01
-6.724721734124554651e-01
-6.724290567529069840e-01
-6.723841713797322761e-01
-6.723355373331284524e-01
-6.722812577861549954e-01
-6.722199960198358415e-01
-6.721514833648485343e-01
-6.720769480472172930e-01
-6.719993368064419714e-01
-6.719232076725655256e-01
-6.718542098918790506e-01
-6.717981368471552805e-01
-6.717596337761311265e-01
-6.717407498224108320e-01
-6.717396217828787153e-01
-6.717496386713259771e-01
-6.717594359974258245e-01
-6.717539869742745751e-01
-6.717168881247289614e-01
-6.716336907315586524e-01
-6.714958403691638766e-01
-6.713045078502851704e-01
-6.710733943252705780e-01
-6.708295423707498761e-01
-6.706113427548007211e-01
-6.704633217560430625e-01
-6.704279077821995170e-01
-6.705351322450141538e-01
-6.707919851848681558e-01
-6.711737468966340048e-01
-6.716198673698968724e-01
-6.720367082236736733e-01
-6.723086084172025245e-01
-6.723173005874333308e-01
-6.719678316044872535e-01
-6.712171062827536616e-01
-6.700993791828590007e-01
-6.687419545050171665e-01
-6.673645141063345720e-01
-6.662572548834087005e-01
-6.657364751100668387e-01
-6.660810768278642158e-01
-6.674588462242886377e-01
-6.698561695124718440e-01
-6.730277756505350650e-01
-6.764831469887158111e-01
-6.795228720331331074e-01
-6.813314317242180618e-01
-6.811231085394076068e-01
-6.783255680509104879e-01
-6.727723463207182508e-01
-6.648632021714353524e-01
-6.556438979995760086e-01
-6.467595879579027818e-01
-6.402530770588220621e-01
-6.382112726926152391e-01
-6.423040609355459285e-01
-6.532974194567860993e-01
-6.706434788505348799e-01
-6.922471583414112617e-01
-7.144856465066267148e-01
-7.325264346101018065e-01
-7.409643365086193700e-01
-7.347753910480485651e-01
-7.105397234061427980e-01
-6.677798499358410522e-01
-6.100904881890514275e-01
-5.455759964425248576e-01
-4.861147109142908151e-01
-4.452610278111967523e-01
-4.351228889099465480e-01
-4.630508641087443533e-01
-5.291439724075066575e-01
-6.252938968801401431e-01
-7.358715794835259949e-01
-8.395237002377080593e-01
-9.113400829023773353e-01
-9.252182909631586627e-01
-8.573385384957066258e-01
-6.921281726128571954e-01
-4.304623750676859761e-01
-9.610377629917109255e-02
2.660454658582285803e-01
6.024463667442895298e-01
8.677356369480840881e-01
1.034425390031429970e+00
1.091234611239349173e+00
1.035695481599011369e+00
8.702148692295602617e-01
6.059314245420539535e-01
2.701207452561266154e-01
-9.202501747631829099e-02
-4.269727059257566459e-01
-6.896399270663639003e-01
-8.559965123498051165e-01
-9.249339284104090009e-01
-9.118830520864033007e-01
-8.406040484854661043e-01
-7.371903716404979434e-01
-6.265740245028444955e-01
-5.301572591347332164e-01
-4.636452507187056593e-01
-4.352419462996177657e-01
-4.449459148444162016e-01
-4.854847109008064154e-01
-5.447924671603344704e-01
-6.093154837439345162e-01
-6.671418633728208869e-01
-7.101147206947701074e-01
-7.345843687633963892e-01
-7.409830611263569233e-01
-7.327010733929952835e-01
-7.147491068758233812e-01
-6.925331312737433853e-01
-6.708969028861799799e-01
-6.534809573077053901e-01
-6.424005628889262187e-01
-6.382225282895290785e-01
-6.401955937308843048e-01
-6.466585723541818931e-01
-6.555268457384547665e-01
-6.647543966149384032e-01
-6.726891558016586670e-01
-6.782768701969078551e-01
-6.811096501729521080e-01
-6.813475869981959754e-01
-6.795591286502059569e-01
-6.765286924093274479e-01
-6.730727021751383710e-01
-6.698930048501164913e-01
-6.674833012353463824e-01
-6.660920593923114197e-01
-6.657355339359928292e-01
-6.662476812291576733e-01
-6.673503411214135594e-01
-6.687270597301012698e-01
-6.700868301425938478e-01
-6.712088110513194650e-01
-6.719644841505669763e-01
-6.723185579425547953e-01
-6.723134092427985875e-01
-6.720436391815982624e-01
-6.716274990117766519e-01
-6.711808866551710606e-01
-6.707978237425459289e-01
-6.705392849917590770e-01
-6.704303714605924780e-01
-6.704643762501604209e-01
-6.706114297724817819e-01
-6.708291483236454855e-01
-6.710729565329290880e-01
-6.713043538269257704e-01
-6.714961614705188264e-01
-6.716345451640189923e-01
-6.717182247575134157e-01
-6.717556803765326601e-01
-6.717613240400208685e-01
-6.717515561100927401e-01
-6.717414257433662605e-01
-6.717423354788608636e-01
-6.717609404252992134e-01
-6.717991458882910383e-01
-6.718549369512654135e-01
-6.719236913491698493e-01
-6.719996263869670861e-01
-6.720770921613830051e-01
-6.721515210237737348e-01
-6.722199508825649206e-01
-6.722811359005711473e-01
-6.723353280595533166e-01
-6.723838507834286604e-01
-6.724285924880795129e-01
-6.724715300379464633e-01
-6.725143589602625704e-01
-6.725582686738259541e-01
-6.726038652735237822e-01
-6.726512173191250277e-01
-6.726999843475414131e-01
-6.727495834402948960e-01
-6.727993540378450765e-01
-6.728486920340803756e-01
-6.728971374676809836e-01
-6.729444127646797558e-01
-6.729904183058188494e-01
-6.730351980112270205e-01
-6.730788895878665468e-01
-6.731216727740849670e-01
-6.731637254774469614e-01
-6.732051933767289054e-01
-6.732461744224265132e-01
-6.732867164674261051e-01
-6.733268243464884950e-01
-6.733664721005416798e-01
-6.734056164513148035e-01
-6.734442086799868887e-01
-6.734822033400044150e-01
-6.735195634022690392e-01
-6.735562622780837394e-01
-6.735922836137367975e-01
-6.736276198354658185e-01
-6.736622702520699280e-01
-6.736962392281357070e-01
-6.737295346441606325e-01
-6.737621666426180100e-01
-6.737941465550771891e-01
-6.738254859057453139e-01
-6.738561954537587440e-01
-6.738862843223173416e-01
-6.739157593255618028e-01
-6.739446246190313738e-01
-6.739728817624336399e-01
-6.740005302081496508e-01
-6.740275681401196595e-01
-6.740539935122848991e-01
-6.740798050944635245e-01
-6.741050033363729099e-01
-6.741295909050112334e-01
-6.741535728239569369e-01
-6.741769562265925719e-01
-6.741997498093019736e-01
-6.742219631200163654e-01
-6.742436058339773552e-01
-6.742646871523502172e-01
-6.742852154177021440e-01
-6.743051979852519029e-01
-6.743246413334348377e-01
-6.743435513532068937e-01
-6.743619337300699179e-01
-6.743797943284818297e-01
-6.743971395027027471e-01
-6.744139762853413878e-01
-6.744303124372366121e-01
-6.744461563723835873e-01
-6.744615169936771792e-01
-6.744764034862110735e-01
-6.744908251144930977e-01
-6.745047910603544361e-01
-6.745183103232165189e-01
-6.745313916878066252e-01
-6.745440437501072362e-01
-6.745562749826656823e-01
-6.745680938165073970e-01
-6.745795087183745764e-01
-6.745905282474757847e-01
-6.746011610834518057e-01
-6.746114160248468661e-01
-6.746213019634759167e-01
-6.746308278437542771e-01
-6.746400026170655817e-01
-6.746488351999919697e-01
-6.746573344424452445e-01
-6.746655091083643141e-01
-6.746733678685125080e-01
-6.746809193026057638e-01
-6.746881719068201777e-01
-6.746951341026520277e-01
-6.747018142438819810e-01
-6.747082206196530763e-01
-6.747143614530329847e-01
-6.747202448955800236e-01
-6.747258790191693612e-01
-6.747312718066157400e-01
-6.747364311425184669e-01
-6.747413648053425250e-01
-6.747460804612650520e-01
-6.747505856598157159e-01
-6.747548878310094533e-01
-6.747589942834689714e-01
-6.747629122030237570e-01
-6.747666486513782536e-01
-6.747702105645912996e-01
-6.747736047513021029e-01
-6.747768378907489373e-01
-6.747799165307224456e-01
-6.747828470856018779e-01
-6.747856358345987182e-01
-6.747882889202745371e-01
-6.747908123473512765e-01
-6.747932119817883212e-01
-6.747954935500769524e-01
-6.747976626387027776e-01
-6.747997246937444960e-01
-6.748016850205967865e-01
-6.748035487838198732e-01
-6.748053210071385255e-01
-6.748070065736023748e-01
-6.748086102259289731e-01
-6.748101365670201579e-01
-6.748115900606448392e-01
-6.748129750322665599e-01
-6.748142956699872963e-01
-6.748155560255906238e-01
-6.748167600156574908e-01
-6.748179114227594866e-01
-6.748190138967160578e-01
-6.748200709559306620e-01
-6.748210859888063018e-01
-6.748220622552543180e-01
-6.748230028882941101e-01
-6.748239108957472254e-01
-6.748247891620108296e-01
-6.748256404499095584e-01
-6.748264674026058785e-01
-6.748272725455595200e-01
-6.748280582885284318e-01
-6.748288269275964923e-01
-6.748295806472280889e-01
-6.748303215223456775e-01
-6.748310515204234417e-01
-6.748317725036058201e-01
-6.748324862308392458e-01
-6.748331943600189842e-01
-6.748338984501459636e-01
-6.748345999634912662e-01
-6.748353002677583978e-01
-6.748360006382410070e-01
-6.748367022599712772e-01
-6.748374062298473364e-01
-6.748381135587452340e-01
-6.748388251736046062e-01
-6.748395419194873623e-01
-6.748402645616048412e-01
-6.748409937873113273e-01
-6.748417302080619296e-01
-6.748424743613308241e-01
-6.748432267124823136e-01
-6.748439876566020290e-01
-6.748447575202759507e-01
-6.748455365633186931e-01
-6.748463249804460551e-01
-6.748471229028915053e-01
-6.748479303999638246e-01
-6.748487474805434649e-01
-6.748495740945130716e-01
-6.748504101341241679e-01
-6.748512554352967818e-01
-6.748521097788484635e-01
-6.748529728916549120e-01
-6.748538444477383269e-01
-6.748547240692790439e-01
-6.748556113275573365e-01
-6.748565057438153936e-01
