-6.748575915637312628e-01
-6.748584743550454235e-01
-6.748593605969439579e-01
-6.748602496363076408e-01
-6.748611407701400333e-01
-6.748620332459577265e-01
-6.748629262621086422e-01
-6.748638189680146171e-01
-6.748647104643421546e-01
-6.748655998030992365e-01
-6.748664859876580824e-01
-6.748673679727057451e-01
-6.748682446641227628e-01
-6.748691149187908689e-01
-6.748699775443286475e-01
-6.748708312987581337e-01
-6.748716748901041340e-01
-6.748725069759237138e-01
-6.748733261627700708e-01
-6.748741310055934584e-01
-6.748749200070778276e-01
-6.748756916169146303e-01
-6.748764442310196676e-01
-6.748771761906927624e-01
-6.748778857817222532e-01
-6.748785712334367526e-01
-6.748792307177052807e-01
-6.748798623478908798e-01
-6.748804641777539359e-01
-6.748810342003135343e-01
-6.748815703466612970e-01
-6.748820704847379170e-01
-6.748825324180722784e-01
-6.748829538844844933e-01
-6.748833325547646256e-01
-6.748836660313236591e-01
-6.748839518468282561e-01
-6.748841874628200843e-01
-6.748843702683241519e-01
-6.748844975784518141e-01
-6.748845666329914561e-01
-6.748845745949949571e-01
-6.748845185493531629e-01
-6.748843955013633655e-01
-6.748842023752911201e-01
-6.748839360129287313e-01
-6.748835931721618442e-01
-6.748831705255523561e-01
-6.748826646589554112e-01
-6.748820720701798059e-01
-6.748813891677131194e-01
-6.748806122695103493e-01
-6.748797376018567107e-01
-6.748787612982927175e-01
-6.748776793985932221e-01
-6.748764878477828688e-01
-6.748751824951702005e-01
-6.748737590933850949e-01
-6.748722132974203092e-01
-6.748705406636867909e-01
-6.748687366491107342e-01
-6.748667966103102378e-01
-6.748647158029119630e-01
-6.748624893810512004e-01
-6.748601123971010862e-01
-6.748575798016510641e-01
-6.748548864437250439e-01
-6.748520270712039526e-01
-6.748489963313755169e-01
-6.748457887715324510e-01
-6.748423988395249040e-01
-6.748388208842031055e-01
-6.748350491557201236e-01
-6.748310778057191595e-01
-6.748269008874917541e-01
-6.748225123562424654e-01
-6.748179060696396503e-01
-6.748130757888155529e-01
-6.748080151799736859e-01
-6.748027178166718931e-01
-6.747971771827733223e-01
-6.747913866759540635e-01
-6.747853396115617297e-01
-6.747790292265617440e-01
-6.747724486832945567e-01
-6.747655910727958783e-01
-6.747584494175219438e-01
-6.747510166734387305e-01
-6.747432857315694976e-01
-6.747352494192152550e-01
-6.747269005011736764e-01
-6.747182316813070679e-01
-6.747092356048426387e-01
-6.746999048617310368e-01
-6.746902319913365975e-01
-6.746802094886497070e-01
-6.746698298121319715e-01
-6.746590853932031839e-01
-6.746479686472584003e-01
-6.746364719858993775e-01
-6.746245878298319232e-01
-6.746123086215128906e-01
-6.745996268362747239e-01
-6.745865349903310548e-01
-6.745730256439347317e-01
-6.745590913981844849e-01
-6.745447248846817567e-01
-6.745299187485359615e-01
-6.745146656270257779e-01
-6.744989581283454827e-01
-6.744827888168618557e-01
-6.744661502126101382e-01
-6.744490348127440971e-01
-6.744314351406980323e-01
-6.744133438246694423e-01
-6.743947537007571880e-01
-6.743756579284744257e-01
-6.743560500986779394e-01
-6.743359243081515908e-01
-6.743152751732415240e-01
-6.742940977590006213e-01
-6.742723874114761040e-01
-6.742501394989416363e-01
-6.742273490912181755e-01
-6.742040106309999947e-01
-6.741801176719395272e-01
-6.741556627688387593e-01
-6.741306375996313216e-01
-6.741050333726826826e-01
-6.740788415254764798e-01
-6.740520546559023440e-01
-6.740246675543457577e-01
-6.739966781378736727e-01
-6.739680880444038902e-01
-6.739389026425592899e-01
-6.739091302658278826e-01
-6.738787805933525998e-01
-6.738478622677460672e-01
-6.738163800418573990e-01
-6.737843319462561986e-01
-6.737517071214935704e-01
-6.737184850144508630e-01
-6.736846365533598613e-01
-6.736501276665218807e-01
-6.736149251001080085e-01
-6.735790039627381764e-01
-6.735423558604710648e-01
-6.735049960002381653e-01
-6.734669673652805555e-01
-6.734283401289337112e-01
-6.733892049627205889e-01
-6.733496598330901417e-01
-6.733097911972399929e-01
-6.732696520258698580e-01
-6.732292405249966638e-01
-6.731884844587365802e-01
-6.731472362372655782e-01
-6.731052831387024371e-01
-6.730623750356898860e-01
-6.730182688730962370e-01
-6.729727852390643417e-01
-6.729258683093571891e-01
-6.728776370676097240e-01
-6.728284139574532974e-01
-6.727787178787549838e-01
-6.727292122853394396e-01
-6.726806061615697718e-01
-6.726335152683879937e-01
-6.725883019344269798e-01
-6.725449218317566258e-01
-6.725028131890113947e-01
-6.724608652900406769e-01
-6.724174969044142136e-01
-6.723708605795105653e-01
-6.723191661500973471e-01
-6.722610889474240903e-01
-6.721961994833679510e-01
-6.721253278251954066e-01
-6.720507641097909213e-01
-6.719762027448925590e-01
-6.719063658149164731e-01
-6.718462914991502055e-01
-6.718003416514274351e-01
-6.717710596231248887e-01
-6.717580808115698465e-01
-6.717573471964436438e-01
-6.717608860714195940e-01
-6.717573686093898377e-01
-6.717335596237293815e-01
-6.716766106773084388e-01
-6.715769524714054750e-01
-6.714313403965009863e-01
-6.712454410471365707e-01
-6.710352641234001991e-01
-6.708267865132657715e-01
-6.706533121869212577e-01
-6.705504662539988336e-01
-6.705492035988708244e-01
-6.706677540783817504e-01
-6.709039267279423013e-01
-6.712295348191260613e-01
-6.715887637050759196e-01
-6.719019928624647697e-01
-6.720758627320060352e-01
-6.720192779713438647e-01
-6.716636781318694460e-01
-6.709844889575141691e-01
-6.700194754267421171e-01
-6.688790844202132657e-01
-6.677441182113268425e-01
-6.668474565909637830e-01
-6.664390876535499775e-01
-6.667371746173438307e-01
-6.678717287808215719e-01
-6.698308901134660820e-01
-6.724219821026330424e-01
-6.752596919934147346e-01
-6.777915163661263342e-01
-6.793659286908125816e-01
-6.793417677180152436e-01
-6.772285371664483744e-01
-6.728374302798234563e-01
-6.664134517895924370e-01
-6.587126027092210512e-01
-6.509882778073086129e-01
-6.448611766989962302e-01
-6.420682598096355553e-01
-6.441154596223044315e-01
-6.518883820508643012e-01
-6.652956017452931192e-01
-6.830235983677053202e-01
-7.024709174604478745e-01
-7.199089340952290472e-01
-7.308968522318934902e-01
-7.309612370022204875e-01
-7.165222606030016150e-01
-6.859846051683584633e-01
-6.407949812658328970e-01
-5.861296865534607603e-01
-5.308066613415998170e-01
-4.861311468495246313e-01
-4.637166869955309800e-01
-4.727498172163088763e-01
-5.174545874449880678e-01
-5.954789227821722930e-01
-6.975552392006525437e-01
-8.082491054965711408e-01
-9.072155425492302028e-01
-9.705088793580501916e-01
-9.723142337332412177e-01
-8.885582245379993749e-01
-7.039841098596172353e-01
-4.219947800265693716e-01
-7.216257616610562142e-02
2.920205401965524916e-01
6.073973070343254843e-01
8.195870434349961098e-01
8.945835410729231496e-01
8.211665699641650384e-01
6.103158877192548237e-01
2.957931800520662291e-01
-6.819738549094096769e-02
-4.184998849248321995e-01
-7.014263042516960533e-01
-8.871130004425648030e-01
-9.719046119342391599e-01
-9.709111190657350177e-01
-9.081544721329635195e-01
-8.094531179750774630e-01
-6.987810346528438021e-01
-5.965260367882999626e-01
-5.181802926266307896e-01
-4.730827490919963241e-01
-4.636618848644651347e-01
-4.857610652563424947e-01
-5.302385384384721290e-01
-5.854953648807253996e-01
-6.402120246259244141e-01
-6.855362730883711730e-01
-7.162496437458828469e-01
-7.308662097053318929e-01
-7.309517643653090646e-01
-7.200687155008834717e-01
-7.026845405081445506e-01
-6.832433428948537779e-01
-6.654835701476180532e-01
-6.520201788377036900e-01
-6.441811598068388767e-01
-6.420709902514877276e-01
-6.448138891044858934e-01
-6.509095218844818120e-01
-6.586221980151139022e-01
-6.663288489450874819e-01
-6.727712781323189617e-01
-6.771876285864409928e-01
-6.793272298555605992e-01
-6.793743237910420119e-01
-6.778164431656013011e-01
-6.752935009437146530e-01
-6.724573001529781102e-01
-6.698617569112733650e-01
-6.678942524892766963e-01
-6.667497090551736116e-01
-6.664420056587374575e-01
-6.668426424557889476e-01
-6.677343221506507609e-01
-6.688672753329074627e-01
-6.700082999849180654e-01
-6.709759040007453601e-01
-6.716587793541939355e-01
-6.720183096045851956e-01
-6.720783659818828637e-01
-6.719070373334056212e-01
-6.715952050200123535e-01
-6.712362502125924779e-01
-6.709099948387312606e-01
-6.706725617950500817e-01
-6.705524784950144257e-01
-6.705522456294696898e-01
-6.706538677185406305e-01
-6.708265266838800978e-01
-6.710346354399970847e-01
-6.712448446778174205e-01
-6.714310746640221872e-01
-6.715771850610158245e-01
-6.716773786347302044e-01
-6.717347910278312906e-01
-6.717589175516246458e-01
-6.717625722055260429e-01
-6.717589922812015057e-01
-6.717595368280540047e-01
-6.717722256308839013e-01
-6.718011690374564582e-01
-6.718467792795448368e-01
-6.719065489449497219e-01
-6.719761369173545829e-01
-6.720505103525564738e-01
-6.721249395239673463e-01
-6.721957134794291910e-01
-6.722605213186693129e-01
-6.723185123649956241e-01
-6.723700990454863913e-01
-6.724165945726354732e-01
-6.724597839217918427e-01
-6.725015150792479357e-01
-6.725433741380533181e-01
-6.725864791802054210e-01
-6.726313999925238596e-01
-6.726781880078163134e-01
-6.727264860275010694e-01
-6.727756809521689974e-01
-6.728250640286050910e-01
-6.728739700523821421e-01
-6.729218770847604780e-01
-6.729684591211523292e-01
-6.730135937860491913e-01
-6.730573341939524168e-01
-6.730998580138992660e-01
-6.731414075817581111e-01
-6.731822331974248730e-01
-6.732225483909550778e-01
-6.732625018873460432e-01
-6.733021670891764510e-01
-6.733415467555342593e-01
-6.733805885360933940e-01
-6.734192062019271896e-01
-6.734573016587555028e-01
-6.734947838459869329e-01
-6.735315820640387363e-01
-6.735676527910424705e-01
-6.736029803721935716e-01
-6.736375729121211187e-01
-6.736714551996095812e-01
-6.737046605648739916e-01
-6.737372233007912214e-01
-6.737691727966208521e-01
-6.738005299686103955e-01
-6.738313060419337530e-01
-6.738615033251844633e-01
-6.738911173651594977e-01
-6.739201397814100769e-01
-6.739485611327905579e-01
-6.739763733192326578e-01
-6.740035712217575803e-01
-6.740301534861635746e-01
-6.740561225253749456e-01
-6.740814839308122419e-01
-6.741062455375389506e-01
-6.741304163868285793e-01
-6.741540057869266356e-01
-6.741770226058926285e-01
-6.741994748570174778e-01
-6.742213695718244360e-01
-6.742427129075003744e-01
-6.742635104088449127e-01
-6.742837673387243047e-01
-6.743034890014136806e-01
-6.743226810040611197e-01
-6.743413494264637320e-01
-6.743595008929553769e-01
-6.743771425586763124e-01
-6.743942820339006161e-01
-6.744109272743316064e-01
-6.744270864635004692e-01
-6.744427679075479798e-01
-6.744579799549372812e-01
-6.744727309458744546e-01
-6.744870291898483750e-01
-6.745008829654313143e-01
-6.745143005344984566e-01
-6.745272901629757456e-01
-6.745398601415669715e-01
-6.745520188019498153e-01
-6.745637745261061635e-01
-6.745751357483109611e-01
-6.745861109506311459e-01
-6.745967086535084034e-01
-6.746069374032254151e-01
-6.746168057578937338e-01
-6.746263222732712395e-01
-6.746354954893092337e-01
-6.746443339179788445e-01
-6.746528460326478571e-01
-6.746610402590977884e-01
-6.746689249681475653e-01
-6.746765084697570192e-01
-6.746837990084246783e-01
-6.746908047596125169e-01
-6.746975338268831335e-01
-6.747039942393978640e-01
-6.747101939494259959e-01
-6.747161408295626606e-01
-6.747218426694430171e-01
-6.747273071718565829e-01
-6.747325419482987918e-01
-6.747375545141145459e-01
-6.747423522834671283e-01
-6.747469425644131436e-01
-6.747513325543417206e-01
-6.747555293359825956e-01
-6.747595398740989792e-01
-6.747633710128861928e-01
-6.747670294739998020e-01
-6.747705218550758000e-01
-6.747738546285704242e-01
-6.747770341407525185e-01
-6.747800666107048873e-01
-6.747829581292557055e-01
-6.747857146578019050e-01
-6.747883420270661681e-01
-6.747908459358437083e-01
-6.747932319498332054e-01
-6.747955055006328307e-01
-6.747976718849774125e-01
-6.747997362642564889e-01
-6.748017036643236821e-01
-6.748035789755757463e-01
-6.748053669532627641e-01
-6.748070722179786429e-01
-6.748086992562775110e-01
-6.748102524213748232e-01
-6.748117359339075305e-01
-6.748131538827383258e-01
-6.748145102258070738e-01
-6.748158087910423042e-01
-6.748170532773477559e-01
-6.748182472556845113e-01
-6.748193941702582688e-01
-6.748204973398183038e-01
-6.748215599590632330e-01
-6.748225851001485864e-01
-6.748235757142811986e-01
-6.748245346333799910e-01
-6.748254645717987055e-01
-6.748263681280879389e-01
-6.748272477867933716e-01
-6.748281059202825283e-01
-6.748289447905972960e-01
-6.748297665513325327e-01
-6.748305732495371023e-01
-6.748313668276435529e-01
-6.748321491254153370e-01
-6.748329218819167918e-01
-6.748336867374993275e-01
-6.748344452357945000e-01
-6.748351988257131895e-01
-6.748359488634423364e-01
-6.748366966144342394e-01
-6.748374432553829738e-01
-6.748381898761842690e-01
-6.748389374818746234e-01
-6.748396869945478826e-01
-6.748404392552431741e-01
-6.748411950258071945e-01
-6.748419549907220816e-01
-6.748427197588995341e-01
-6.748434898654369629e-01
-6.748442657733332295e-01
-6.748450478751613080e-01
-6.748458364946945398e-01
-6.748466318884824844e-01
-6.748474342473729237e-01
-6.748482436979831300e-01
-6.748490603041117364e-01
-6.748498840680940969e-01
-6.748507149320952525e-01
-6.748515527793411684e-01
-6.748523974352869104e-01
-6.748532486687202070e-01
-6.748541061927956219e-01
-6.748549696660032238e-01
-6.748558386930677555e-01
-6.748567128257753067e-01
