-6.748570697516084183e-01
-6.748580081581077028e-01
-6.748589542733847146e-01
-6.748599074019475674e-01
-6.748608668054291160e-01
-6.748618317029900782e-01
-6.748628012716345603e-01
-6.748637746464432041e-01
-6.748647509207180706e-01
-6.748657291460451457e-01
-6.748667083322724691e-01
-6.748676874474014431e-01
-6.748686654173999822e-01
-6.748696411259276218e-01
-6.748706134139823565e-01
-6.748715810794684300e-01
-6.748725428766833012e-01
-6.748734975157240079e-01
-6.748744436618222542e-01
-6.748753799346024485e-01
-6.748763049072633580e-01
-6.748772171056937053e-01
-6.748781150075142676e-01
-6.748789970410556949e-01
-6.748798615842683812e-01
-6.748807069635698319e-01
-6.748815314526313003e-01
-6.748823332711031409e-01
-6.748831105832853172e-01
-6.748838614967433980e-01
-6.748845840608700408e-01
-6.748852762654022897e-01
-6.748859360388913542e-01
-6.748865612471310893e-01
-6.748871496915497259e-01
-6.748876991075668519e-01
-6.748882071629196400e-01
-6.748886714559656497e-01
-6.748890895139564305e-01
-6.748894587912943610e-01
-6.748897766677715016e-01
-6.748900404467920167e-01
-6.748902473535804969e-01
-6.748903945333822874e-01
-6.748904790496546013e-01
-6.748904978822576339e-01
-6.748904479256477851e-01
-6.748903259870830951e-01
-6.748901287848482200e-01
-6.748898529465059415e-01
-6.748894950071866461e-01
-6.748890514079207703e-01
-6.748885184940215387e-01
-6.748878925135184392e-01
-6.748871696156445443e-01
-6.748863458493721268e-01
-6.748854171619914633e-01
-6.748843793977286065e-01
-6.748832282963961315e-01
-6.748819594920805187e-01
-6.748805685118673958e-01
-6.748790507746299516e-01
-6.748774015898916234e-01
-6.748756161568044698e-01
-6.748736895632727606e-01
-6.748716167852555348e-01
-6.748693926862764370e-01
-6.748670120171500475e-01
-6.748644694159209312e-01
-6.748617594079856508e-01
-6.748588764063430112e-01
-6.748558147119076978e-01
-6.748525685138113683e-01
-6.748491318896341351e-01
-6.748454988055225812e-01
-6.748416631162099666e-01
-6.748376185650030168e-01
-6.748333587838607484e-01
-6.748288772937454105e-01
-6.748241675054602595e-01
-6.748192227211801120e-01
-6.748140361368391016e-01
-6.748086008454476925e-01
-6.748029098412653415e-01
-6.747969560246085408e-01
-6.747907322068994462e-01
-6.747842311154488293e-01
-6.747774453974128006e-01
-6.747703676224178215e-01
-6.747629902835219351e-01
-6.747553057964924550e-01
-6.747473064977750346e-01
-6.747389846419697967e-01
-6.747303324000195612e-01
-6.747213418595843226e-01
-6.747120050290887905e-01
-6.747023138466459180e-01
-6.746922601944350673e-01
-6.746818359181632196e-01
-6.746710328501116516e-01
-6.746598428331040953e-01
-6.746482577418011495e-01
-6.746362694972746210e-01
-6.746238700710969205e-01
-6.746110514763393740e-01
-6.745978057449372178e-01
-6.745841248936670365e-01
-6.745700008841184481e-01
-6.745554255849753877e-01
-6.745403907469269544e-01
-6.745248880009824255e-01
-6.745089088892133322e-01
-6.744924449327887039e-01
-6.744754877357325151e-01
-6.744580291148091211e-01
-6.744400612375871518e-01
-6.744215767436936293e-01
-6.744025688204596802e-01
-6.743830312053314957e-01
-6.743629580948141689e-01
-6.743423439536139208e-01
-6.743211832370248349e-01
-6.742994700619658888e-01
-6.742771978835530033e-01
-6.742543592498327909e-01
-6.742309457122783733e-01
-6.742069479595415027e-01
-6.741823562145012882e-01
-6.741571608904987079e-01
-6.741313534463003743e-01
-6.741049273191473956e-01
-6.740778787629180258e-01
-6.740502073874293787e-01
-6.740219161980826046e-01
-6.739930109818493831e-01
-6.739634989788979569e-01
-6.739333869128649734e-01
-6.739026786104490574e-01
-6.738713725962546253e-01
-6.738394601680849361e-01
-6.738069245053067702e-01
-6.737737413072483195e-01
-6.737398812811963289e-01
-6.737053145019488154e-01
-6.736700162744155840e-01
-6.736339737026146857e-01
-6.735971917820618993e-01
-6.735596975824429400e-01
-6.735215410672864556e-01
-6.734827913800571775e-01
-6.734435280420083547e-01
-6.734038274246486599e-01
-6.733637459732225716e-01
-6.733233027880001220e-01
-6.732824650808540978e-01
-6.732411404553020340e-01
-6.731991796739292822e-01
-6.731563924264245546e-01
-6.731125765840062503e-01
-6.730675586965068069e-01
-6.730212404336308740e-01
-6.729736428488096722e-01
-6.729249384226519970e-01
-6.728754604955843321e-01
-6.728256814576952793e-01
-6.727761551657925887e-01
-6.727274253127318859e-01
-6.726799091818546072e-01
-6.726337741728580788e-01
-6.725888310806148462e-01
-6.725444715672955764e-01
-6.724996759590288198e-01
-6.724531103159805401e-01
-6.724033184686087905e-01
-6.723489963877077313e-01
-6.722893152131792505e-01
-6.722242391121741045e-01
-6.721547693563266757e-01
-6.720830412955822730e-01
-6.720122102522376739e-01
-6.719460879954184396e-01
-6.718885328483638064e-01
-6.718426495895338801e-01
-6.718099123743549450e-01
-6.717893739680078635e-01
-6.717771548570860007e-01
-6.717664038845820862e-01
-6.717478786654860201e-01
-6.717112060224265102e-01
-6.716467554870001466e-01
-6.715479080650029742e-01
-6.714133532845625307e-01
-6.712489326904823583e-01
-6.710685025510269019e-01
-6.708933432450956413e-01
-6.707498155168286624e-01
-6.706652517725235629e-01
-6.706624448319459253e-01
-6.707535006544231848e-01
-6.709341768435288511e-01
-6.711800456849402741e-01
-6.714458153739437662e-01
-6.716688568366182555e-01
-6.717773991159934344e-01
-6.717030116897885206e-01
-6.713959866780904173e-01
-6.708412267134147289e-01
-6.700714423976816825e-01
-6.691740974232327499e-01
-6.682888229937579139e-01
-6.675930956068841793e-01
-6.672758356420261938e-01
-6.675010533421704695e-01
-6.683663612493473405e-01
-6.698635576347532483e-01
-6.718499910973954048e-01
-6.740395552517710609e-01
-6.760206338912255752e-01
-6.773050428695996938e-01
-6.774071171009817816e-01
-6.759458772308041263e-01
-6.727562528623940441e-01
-6.679886720980794390e-01
-6.621716437335130045e-01
-6.562115319153689619e-01
-6.513097727425937178e-01
-6.487912858621703860e-01
-6.498572977957707275e-01
-6.552968803078647042e-01
-6.652082296049234289e-01
-6.787880023068395552e-01
-6.942433631884251666e-01
-7.088696528820398468e-01
-7.193217306671507716e-01
-7.220911663704162597e-01
-7.141787765463947224e-01
-6.939091553419635128e-01
-6.617602574656027414e-01
-6.209883018176752811e-01
-5.777645607718623344e-01
-5.405776087933606977e-01
-5.188357858143920476e-01
-5.208871451482282033e-01
-5.519258330484975161e-01
-6.123286079478196253e-01
-6.967996642309483013e-01
-7.943631353963098718e-01
-8.889238687385350168e-01
-9.600913744995600574e-01
-9.844382056511395973e-01
-9.382094614357869844e-01
-8.029626120214874430e-01
-5.744410112288452774e-01
-2.715646384608194075e-01
6.104889341893595528e-02
3.621317873844902002e-01
5.715060646531983091e-01
6.469233205778853746e-01
5.733509616757699323e-01
3.654497780383210159e-01
6.516424593179949432e-02
-2.674603536827941941e-01
-5.710460718742180752e-01
-8.006798154795489175e-01
-9.371104036882553778e-01
-9.843529959220143066e-01
-9.607339880637455476e-01
-8.899870877125570789e-01
-7.955692071979082458e-01
-6.979223774265026492e-01
-6.132042859989504935e-01
-5.524605338495526263e-01
-5.210586193895740958e-01
-5.186863685478869668e-01
-5.401968792020067633e-01
-5.772648811721764472e-01
-6.204793347322180574e-01
-6.613287890380665779e-01
-6.936081642624406518e-01
-7.140261540662481421e-01
-7.220756512535159155e-01
-7.194125078133702944e-01
-7.090265063311727012e-01
-6.944254220112491272e-01
-6.789601968725709202e-01
-6.653452600823154262e-01
-6.553848393070416112e-01
-6.498932652299943546e-01
-6.487813533730637516e-01
-6.512660793406949145e-01
-6.561489580230431828e-01
-6.621047715176158199e-01
-6.679294698867973556e-01
-6.727127206875421761e-01
-6.759216630448136032e-01
-6.774019358255092271e-01
-6.773156321157133286e-01
-6.760419593262750881e-01
-6.740660139918672744e-01
-6.718764270308071884e-01
-6.698859770763545551e-01
-6.683823075778237977e-01
-6.675096582490218644e-01
-6.672776085818090674e-01
-6.675895398231006528e-01
-6.682819754015826286e-01
-6.691660820096090312e-01
-6.700641063431335143e-01
-6.708359006407879077e-01
-6.713933813603258915e-01
-6.717032384754243468e-01
-6.717800837494180000e-01
-6.716733076285182902e-01
-6.714512063034873135e-01
-6.711855811763852708e-01
-6.709392151985394959e-01
-6.707576248945767983e-01
-6.706654807903995597e-01
-6.706672420212295149e-01
-6.707509631809459583e-01
-6.708939417121467796e-01
-6.710688659290452440e-01
-6.712493384559794496e-01
-6.714140039557554562e-01
-6.715489139921957396e-01
-6.716481368212956493e-01
-6.717129091418810871e-01
-6.717498009976012874e-01
-6.717684210605865402e-01
-6.717791451534010916e-01
-6.717912366181043593e-01
-6.718115781501464712e-01
-6.718440837053728520e-01
-6.718897314947379629e-01
-6.719470705506895847e-01
-6.720130094493818040e-01
-6.720836934221072756e-01
-6.721553060743995500e-01
-6.722246818526269596e-01
-6.722896724582323458e-01
-6.723492636173886705e-01
-6.724034801682113871e-01
-6.724531432486268168e-01
-6.724995528861301697e-01
-6.725441647139558388e-01
-6.725883148435546355e-01
-6.726330268039127924e-01
-6.726789134053633434e-01
-6.727261680167406777e-01
-6.727746264257439268e-01
-6.728238732020263013e-01
-6.728733651121703296e-01
-6.729225475483360253e-01
-6.729709465006180613e-01
-6.730182265491618798e-01
-6.730642130689145075e-01
-6.731088831155072061e-01
-6.731523335889608717e-01
-6.731947370565873889e-01
-6.732362952910149190e-01
-6.732771986727584812e-01
-6.733175967906116499e-01
-6.733575825179379803e-01
-6.733971891073852190e-01
-6.734363978096722381e-01
-6.734751523610151835e-01
-6.735133763900645887e-01
-6.735509902188261400e-01
-6.735879244385909459e-01
-6.736241287711443038e-01
-6.736595758403699508e-01
-6.736942603998793411e-01
-6.737281951819765746e-01
-6.737614048197479999e-01
-6.737939192770375785e-01
-6.738257679730911276e-01
-6.738569754033671977e-01
-6.738875586298651577e-01
-6.739175266230957861e-01
-6.739468811389344172e-01
-6.739756186347758415e-01
-6.740037326724046540e-01
-6.740312163013911784e-01
-6.740580640354236763e-01
-6.740842731890289707e-01
-6.741098444999146233e-01
-6.741347820962690918e-01
-6.741590929621771311e-01
-6.741827861016455037e-01
-6.742058716053989098e-01
-6.742283597939251472e-01
-6.742502605581102149e-01
-6.742715829586363174e-01
-6.742923350888679890e-01
-6.743125241616261256e-01
-6.743321567525710769e-01
-6.743512391226302860e-01
-6.743697775466970246e-01
-6.743877785914834666e-01
-6.744052493068469767e-01
-6.744221973172832563e-01
-6.744386308197223290e-01
-6.744545585077195149e-01
-6.744699894496343218e-01
-6.744849329496138690e-01
-6.744993984164415757e-01
-6.745133952583101111e-01
-6.745269328132115216e-01
-6.745400203166154185e-01
-6.745526669016346233e-01
-6.745648816226894606e-01
-6.745766734919117491e-01
-6.745880515179394354e-01
-6.745990247387663175e-01
-6.746096022432193084e-01
-6.746197931787861757e-01
-6.746296067463043444e-01
-6.746390521841002519e-01
-6.746481387453381329e-01
-6.746568756726308846e-01
-6.746652721735230118e-01
-6.746733373995219551e-01
-6.746810804302032505e-01
-6.746885102627658837e-01
-6.746956358064790660e-01
-6.747024658808252751e-01
-6.747090092158528618e-01
-6.747152744532672886e-01
-6.747212701470518548e-01
-6.747270047627966782e-01
-6.747324866753580119e-01
-6.747377241648714330e-01
-6.747427254114414241e-01
-6.747474984890192706e-01
-6.747520513590271607e-01
-6.747563918642506264e-01
-6.747605277233809096e-01
-6.747644665264481700e-01
-6.747682157312109297e-01
-6.747717826604407998e-01
-6.747751744999354040e-01
-6.747783982970610994e-01
-6.747814609596050062e-01
-6.747843692547637051e-01
-6.747871298081363767e-01
-6.747897491026648709e-01
-6.747922334775017239e-01
-6.747945891268525287e-01
-6.747968220988485033e-01
-6.747989382945295267e-01
-6.748009434669992590e-01
-6.748028432208117433e-01
-6.748046430116140249e-01
-6.748063481460592206e-01
-6.748079637819730525e-01
-6.748094949287480881e-01
-6.748109464479390418e-01
-6.748123230540121753e-01
-6.748136293152309229e-01
-6.748148696546453218e-01
-6.748160483511739249e-01
-6.748171695407654269e-01
-6.748182372176479982e-01
-6.748192552356617746e-01
-6.748202273096837178e-01
-6.748211570171456231e-01
-6.748220477996542677e-01
-6.748229029647077049e-01
-6.748237256875054824e-01
-6.748245190128500104e-01
-6.748252858571260893e-01
-6.748260290103520465e-01
-6.748267511382917139e-01
-6.748274547846162541e-01
-6.748281423731136153e-01
-6.748288162099321807e-01
-6.748294784858568374e-01
-6.748301312786108008e-01
-6.748307765551815329e-01
-6.748314161741625350e-01
-6.748320518881127938e-01
-6.748326853459276631e-01
-6.748333180952159616e-01
-6.748339515846830672e-01
-6.748345871665111240e-01
-6.748352260987322548e-01
-6.748358695475925595e-01
-6.748365185898990148e-01
-6.748371742153462804e-01
-6.748378373288183019e-01
-6.748385087526610482e-01
-6.748391892289206107e-01
-6.748398794215476615e-01
-6.748405799185580589e-01
-6.748412912341529291e-01
-6.748420138107897870e-01
-6.748427480212062513e-01
-6.748434941703902457e-01
-6.748442524974951340e-01
-6.748450231776966790e-01
-6.748458063239898275e-01
-6.748466019889199918e-01
-6.748474101662542690e-01
-6.748482307925766088e-01
-6.748490637488177013e-01
-6.748499088617132546e-01
-6.748507659051834473e-01
-6.748516346016415479e-01
-6.748525146232240424e-01
-6.748534055929410469e-01
-6.748543070857466741e-01
-6.748552186295289079e-01
-6.748561397060170997e-01
