-6.748575389700862681e-01
-6.748584297688156042e-01
-6.748593246906234855e-01
-6.748602230762089649e-01
-6.748611242173699898e-01
-6.748620273573981976e-01
-6.748629316913968834e-01
-6.748638363665240281e-01
-6.748647404821603857e-01
-6.748656430900007441e-01
-6.748665431940693571e-01
-6.748674397506636558e-01
-6.748683316682189126e-01
-6.748692178071046266e-01
-6.748700969793460791e-01
-6.748709679482789436e-01
-6.748718294281288443e-01
-6.748726800835298523e-01
-6.748735185289697069e-01
-6.748743433281713111e-01
-6.748751529934083893e-01
-6.748759459847574194e-01
-6.748767207092873921e-01
-6.748774755201862874e-01
-6.748782087158342602e-01
-6.748789185388194278e-01
-6.748796031749051405e-01
-6.748802607519476249e-01
-6.748808893387687746e-01
-6.748814869439860864e-01
-6.748820515148027388e-01
-6.748825809357548167e-01
-6.748830730274181233e-01
-6.748835255450763571e-01
-6.748839361773518730e-01
-6.748843025448019173e-01
-6.748846221984884375e-01
-6.748848926185282426e-01
-6.748851112126341700e-01
-6.748852753146529215e-01
-6.748853821831103383e-01
-6.748854289997641143e-01
-6.748854128681619491e-01
-6.748853308122045869e-01
-6.748851797746949766e-01
-6.748849566158791058e-01
-6.748846581119570809e-01
-6.748842809535819942e-01
-6.748838217443478005e-01
-6.748832769993026170e-01
-6.748826431435042128e-01
-6.748819165106690887e-01
-6.748810933419354674e-01
-6.748801697847564007e-01
-6.748791418919284357e-01
-6.748780056207185352e-01
-6.748767568320421795e-01
-6.748753912896306995e-01
-6.748739046591213375e-01
-6.748722925070310685e-01
-6.748705502996139582e-01
-6.748686734016470234e-01
-6.748666570752537286e-01
-6.748644964789012324e-01
-6.748621866667459113e-01
-6.748597225884513939e-01
-6.748570990895675914e-01
-6.748543109124410799e-01
-6.748513526975216115e-01
-6.748482189848161727e-01
-6.748449042151746236e-01
-6.748414027310842833e-01
-6.748377087767288840e-01
-6.748338164972393916e-01
-6.748297199372835786e-01
-6.748254130393834815e-01
-6.748208896425539338e-01
-6.748161434819593962e-01
-6.748111681902314585e-01
-6.748059573008550194e-01
-6.748005042536595610e-01
-6.747948024019588820e-01
-6.747888450204208022e-01
-6.747826253123859752e-01
-6.747761364152727870e-01
-6.747693714029178169e-01
-6.747623232842694385e-01
-6.747549849986872461e-01
-6.747473494090577839e-01
-6.747394092947831545e-01
-6.747311573472204449e-01
-6.747225861701152683e-01
-6.747136882869049224e-01
-6.747044561554644826e-01
-6.746948821891770587e-01
-6.746849587814334193e-01
-6.746746783292918437e-01
-6.746640332514511895e-01
-6.746530159962597084e-01
-6.746416190372591659e-01
-6.746298348565563652e-01
-6.746176559195918854e-01
-6.746050746478553517e-01
-6.745920833979711650e-01
-6.745786744555418712e-01
-6.745648400498642783e-01
-6.745505723911886520e-01
-6.745358637263569879e-01
-6.745207064027096688e-01
-6.745050929257081496e-01
-6.744890159944060271e-01
-6.744724685018108623e-01
-6.744554434945341237e-01
-6.744379340969641756e-01
-6.744199334172940041e-01
-6.744014344629424285e-01
-6.743824300977712127e-01
-6.743629130700929952e-01
-6.743428761274367078e-01
-6.743223122123108704e-01
-6.743012147065176043e-01
-6.742795776661042462e-01
-6.742573959725185473e-01
-6.742346653254994715e-01
-6.742113820249456824e-01
-6.741875425332132243e-01
-6.741631428708345641e-01
-6.741381779657901197e-01
-6.741126411323830059e-01
-6.740865238811657445e-01
-6.740598162392742454e-01
-6.740325076812351268e-01
-6.740045886365286787e-01
-6.739760523700144557e-01
-6.739468968583863795e-01
-6.739171261553680292e-01
-6.738867506989101308e-01
-6.738557861056008180e-01
-6.738242502398567035e-01
-6.737921587244423138e-01
-6.737595195209431509e-01
-6.737263276621041630e-01
-6.736925615435112036e-01
-6.736581822556947374e-01
-6.736231371594698647e-01
-6.735873682344468705e-01
-6.735508247057884201e-01
-6.735134782214645677e-01
-6.734753376522697454e-01
-6.734364597275613873e-01
-6.733969515207735013e-01
-6.733569615167501743e-01
-6.733166577392981633e-01
-6.732761940869137485e-01
-6.732356692554121169e-01
-6.731950858091951817e-01
-6.731543193145450577e-01
-6.731131081461619869e-01
-6.730710729467278552e-01
-6.730277704353845314e-01
-6.729827795363906295e-01
-6.729358094898040266e-01
-6.728868112011091585e-01
-6.728360665453201328e-01
-6.727842277697528850e-01
-6.727322823405370578e-01
-6.726814285357336498e-01
-6.726328634978068211e-01
-6.725875064166522144e-01
-6.725457014935304345e-01
-6.725069635282266978e-01
-6.724698380306326495e-01
-6.724319428797905784e-01
-6.723902367415132142e-01
-6.723415207335760035e-01
-6.722831281086175670e-01
-6.722137000461049228e-01
-6.721338955300826257e-01
-6.720468531382858268e-01
-6.719582251470592738e-01
-6.718756486985927312e-01
-6.718076070232711361e-01
-6.717617586052609946e-01
-6.717429560041574543e-01
-6.717513116535850370e-01
-6.717807622756045705e-01
-6.718186033924002931e-01
-6.718463848955504858e-01
-6.718423669109878649e-01
-6.717854430183254344e-01
-6.716600812430183476e-01
-6.714614727590909604e-01
-6.711997931791220395e-01
-6.709023577742999622e-01
-6.706125657896307990e-01
-6.703849251863585046e-01
-6.702761215494023039e-01
-6.703329718944549542e-01
-6.705790459933257397e-01
-6.710025508244398251e-01
-6.715485409579935450e-01
-6.721184421994831348e-01
-6.725791268948450030e-01
-6.727823320288068842e-01
-6.725931737287625944e-01
-6.719241386691802154e-01
-6.707686249512215815e-01
-6.692263881841821194e-01
-6.675127144042400928e-01
-6.659443290127030624e-01
-6.648982651192962834e-01
-6.647450236374546906e-01
-6.657636572756762128e-01
-6.680526627958481845e-01
-6.714552569840906981e-01
-6.755193642211374527e-01
-6.795105931690313961e-01
-6.824904151722152035e-01
-6.834619553684243565e-01
-6.815727660667553200e-01
-6.763484143895295286e-01
-6.679143296623002435e-01
-6.571497583219902960e-01
-6.457130054446228451e-01
-6.358885726767262714e-01
-6.302385453990735353e-01
-6.310891057689729244e-01
-6.399352294532999474e-01
-6.568839384551904415e-01
-6.802644070125105635e-01
-7.065105218696506872e-01
-7.303826214476729639e-01
-7.455612479969420114e-01
-7.456255974112384610e-01
-7.254000443874163429e-01
-6.825604504003801587e-01
-6.191975524881787596e-01
-5.427871244518384097e-01
-4.658979224175233136e-01
-4.042008811399273038e-01
-3.729645316258188847e-01
-3.829462151134128134e-01
-4.369790023315819338e-01
-5.283640646230104432e-01
-6.414880417431370052e-01
-7.542092301262690590e-01
-8.409823014948396569e-01
-8.759245504270722904e-01
-8.360717940022144301e-01
-7.059664929973027414e-01
-4.839656400794121738e-01
-1.877938833669051122e-01
1.457735128585622431e-01
4.703995572474054532e-01
7.452224022846295481e-01
9.457935964320054456e-01
1.064760181107873516e+00
1.104092164597585635e+00
1.065785383962950084e+00
9.478783986368826131e-01
7.483418640638056507e-01
4.743477331519002638e-01
1.501105189352978930e-01
-1.836593717450075991e-01
-4.805902101138253557e-01
-7.037018665645590199e-01
-8.350051571695560337e-01
-8.759252389590727050e-01
-8.417880931127055266e-01
-7.554988664446000701e-01
-6.429297381302445658e-01
-5.296540357304382329e-01
-4.378803646573817265e-01
-3.833238131089249379e-01
-3.728028041796516701e-01
-4.035951664873693723e-01
-4.650197875143398107e-01
-5.418345222152393115e-01
-6.183459855427244634e-01
-6.819294356753947683e-01
-7.250412276026926284e-01
-7.455297627277578387e-01
-7.456762121017330713e-01
-7.306339165980458850e-01
-7.068196606939164406e-01
-6.805625485704467348e-01
-6.571205568716234069e-01
-6.400820497154345867e-01
-6.311398032545546544e-01
-6.302049834239794590e-01
-6.357947332453606215e-01
-6.455880566187636171e-01
-6.570216966324569086e-01
-6.678052884543533851e-01
-6.762721597094905057e-01
-6.815343172184308296e-01
-6.834588448142232542e-01
-6.825149163052385282e-01
-6.795522648946057398e-01
-6.755674043071820956e-01
-6.715003389683208423e-01
-6.680881018147858397e-01
-6.657858878962089610e-01
-6.647534747125219967e-01
-6.648947845444571625e-01
-6.659323457581239891e-01
-6.674963270399627557e-01
-6.692095420308288301e-01
-6.707544922044045288e-01
-6.719147588284823946e-01
-6.725893570836809499e-01
-6.727837857526942633e-01
-6.725847361641289490e-01
-6.721266282908837653e-01
-6.715576221939585366e-01
-6.710110467437668813e-01
-6.705858859435581687e-01
-6.703375921942813509e-01
-6.702784567032727958e-01
-6.703853153316762237e-01
-6.706116126525484278e-01
-6.709007642341883182e-01
-6.711982177589931320e-01
-6.714604217297569511e-01
-6.716598499416059909e-01
-6.717861068963431048e-01
-6.718438137755622375e-01
-6.718483740703873330e-01
-6.718208355226088502e-01
-6.717829448761106770e-01
-6.717532093383916658e-01
-6.717444194365954635e-01
-6.717627313774404696e-01
-6.718081139274199032e-01
-6.718757715789662743e-01
-6.719580735153607431e-01
-6.720465361664608173e-01
-6.721335003366927241e-01
-6.722132789293887578e-01
-6.722826951055483891e-01
-6.723410560386153811e-01
-6.723896963623953171e-01
-6.724312705107166055e-01
-6.724689763928104469e-01
-6.725058631620023375e-01
-6.725443259385905925e-01
-6.725858336533926396e-01
-6.726308842664777687e-01
-6.726791426010160224e-01
-6.727296939083096117e-01
-6.727813411359443441e-01
-6.728328827512755073e-01
-6.728833260877939981e-01
-6.729320131774080282e-01
-6.729786570741969065e-01
-6.730233032040439101e-01
-6.730662403542995165e-01
-6.731078892184974016e-01
-6.731486939033169969e-01
-6.731890352869061012e-01
-6.732291767011525652e-01
-6.732692440655855259e-01
-6.733092358297815272e-01
-6.733490537523839636e-01
-6.733885438786674227e-01
-6.734275377562763953e-01
-6.734658862752035402e-01
-6.735034817079410541e-01
-6.735402667708169089e-01
-6.735762322138377778e-01
-6.736114062077285247e-01
-6.736458395254477649e-01
-6.736795903216875603e-01
-6.737127114547019069e-01
-6.737452420913554452e-01
-6.737772040982413779e-01
-6.738086026915124371e-01
-6.738394301409930121e-01
-6.738696710434273207e-01
-6.738993077526069797e-01
-6.739283248803402682e-01
-6.739567122369103380e-01
-6.739844660433058632e-01
-6.740115886277169288e-01
-6.740380870618800646e-01
-6.740639712849730847e-01
-6.740892522231204387e-01
-6.741139402817004633e-01
-6.741380444143530992e-01
-6.741615718021909398e-01
-6.741845280429008547e-01
-6.742069176702908395e-01
-6.742287448029382624e-01
-6.742500137461945320e-01
-6.742707294277989760e-01
-6.742908976144843525e-01
-6.743105249183295458e-01
-6.743296186456372299e-01
-6.743481865626191896e-01
-6.743662366519946882e-01
-6.743837769180415220e-01
-6.744008152722194005e-01
-6.744173595049242076e-01
-6.744334173273666133e-01
-6.744489964546930283e-01
-6.744641046981593169e-01
-6.744787500390748702e-01
-6.744929406674214922e-01
-6.745066849800539499e-01
-6.745199915441383309e-01
-6.745328690387336623e-01
-6.745453261902704112e-01
-6.745573717163244609e-01
-6.745690142876638040e-01
-6.745802625126409158e-01
-6.745911249422215095e-01
-6.746016100895673162e-01
-6.746117264558467719e-01
-6.746214825539412763e-01
-6.746308869235770889e-01
-6.746399481343716698e-01
-6.746486747765260139e-01
-6.746570754416501003e-01
-6.746651586979708348e-01
-6.746729330647193157e-01
-6.746804069899253742e-01
-6.746875888344823213e-01
-6.746944868635922354e-01
-6.747011092450269087e-01
-6.747074640523503808e-01
-6.747135592705901797e-01
-6.747194028018074219e-01
-6.747250024685301772e-01
-6.747303660138505021e-01
-6.747355010979299017e-01
-6.747404152914877606e-01
-6.747451160674031723e-01
-6.747496107917883013e-01
-6.747539067157977133e-01
-6.747580109690897165e-01
-6.747619305553973490e-01
-6.747656723501881393e-01
-6.747692431000066327e-01
-6.747726494228695193e-01
-6.747758978090278026e-01
-6.747789946215059231e-01
-6.747819460960285953e-01
-6.747847583401838101e-01
-6.747874373318953900e-01
-6.747899889174470145e-01
-6.747924188093709086e-01
-6.747947325845167210e-01
-6.747969356825528342e-01
-6.747990334050352201e-01
-6.748010309150745956e-01
-6.748029332375219402e-01
-6.748047452595415940e-01
-6.748064717314098404e-01
-6.748081172673965344e-01
-6.748096863466229722e-01
-6.748111833138469295e-01
-6.748126123801778675e-01
-6.748139776237565002e-01
-6.748152829904672245e-01
-6.748165322947392575e-01
-6.748177292204915467e-01
-6.748188773222486558e-01
-6.748199800264290671e-01
-6.748210406327965760e-01
-6.748220623160353648e-01
-6.748230481274183346e-01
-6.748240009965323916e-01
-6.748249237330403716e-01
-6.748258190284616154e-01
-6.748266894579703079e-01
-6.748275374822116923e-01
-6.748283654491468164e-01
-6.748291755959318072e-01
-6.748299700508394450e-01
-6.748307508352210382e-01
-6.748315198655077118e-01
-6.748322789552382295e-01
-6.748330298171121289e-01
-6.748337740650498517e-01
-6.748345132162560933e-01
-6.748352486932771566e-01
-6.748359818260486476e-01
-6.748367138539268506e-01
-6.748374459277063364e-01
-6.748381791116206951e-01
-6.748389143853212868e-01
-6.748396526458387834e-01
-6.748403947095185096e-01
-6.748411413139279169e-01
-6.748418931197328607e-01
-6.748426507125377949e-01
-6.748434146046839999e-01
-6.748441852370041794e-01
-6.748449629805298722e-01
-6.748457481381524570e-01
-6.748465409462270914e-01
-6.748473415761269134e-01
-6.748481501357379564e-01
-6.748489666708992196e-01
-6.748497911667832305e-01
-6.748506235492118810e-01
-6.748514636859139770e-01
-6.748523113877151758e-01
-6.748531664096578675e-01
-6.748540284520568866e-01
-6.748548971614823921e-01
-6.748557721316708058e-01
-6.748566529043658058e-01
