-6.748571290687331858e-01
-6.748580625699591717e-01
-6.748590034419958972e-01
-6.748599509930328644e-01
-6.748609044877483809e-01
-6.748618631477114604e-01
-6.748628261516993465e-01
-6.748637926359295491e-01
-6.748647616942088368e-01
-6.748657323779977402e-01
-6.748667036963932331e-01
-6.748676746160265916e-01
-6.748686440608797632e-01
-6.748696109120218001e-01
-6.748705740072605819e-01
-6.748715321407185996e-01
-6.748724840623308019e-01
-6.748734284772625047e-01
-6.748743640452540271e-01
-6.748752893798903862e-01
-6.748762030477997165e-01
-6.748771035677808561e-01
-6.748779894098612120e-01
-6.748788589942893434e-01
-6.748797106904624865e-01
-6.748805428157919062e-01
-6.748813536345064090e-01
-6.748821413563972360e-01
-6.748829041355103309e-01
-6.748836400687795445e-01
-6.748843471946140982e-01
-6.748850234914349766e-01
-6.748856668761706867e-01
-6.748862752027089407e-01
-6.748868462603140328e-01
-6.748873777720091338e-01
-6.748878673929304961e-01
-6.748883127086535705e-01
-6.748887112334983618e-01
-6.748890604088124689e-01
-6.748893576012416906e-01
-6.748896001009810908e-01
-6.748897851200144071e-01
-6.748899097903463540e-01
-6.748899711622287079e-01
-6.748899662023841728e-01
-6.748898917922344642e-01
-6.748897447261423821e-01
-6.748895217096703147e-01
-6.748892193578700516e-01
-6.748888341936074564e-01
-6.748883626459302176e-01
-6.748878010484883339e-01
-6.748871456380072242e-01
-6.748863925528141294e-01
-6.748855378314124742e-01
-6.748845774111027485e-01
-6.748835071266426899e-01
-6.748823227089396637e-01
-6.748810197837793456e-01
-6.748795938705960396e-01
-6.748780403812951745e-01
-6.748763546191621776e-01
-6.748745317778769293e-01
-6.748725669406863137e-01
-6.748704550797509638e-01
-6.748681910557083885e-01
-6.748657696174535925e-01
-6.748631854021315268e-01
-6.748604329353043996e-01
-6.748575066312381132e-01
-6.748544007932422151e-01
-6.748511096139842014e-01
-6.748476271757268830e-01
-6.748439474504570601e-01
-6.748400642999321519e-01
-6.748359714757168337e-01
-6.748316626193455736e-01
-6.748271312627931451e-01
-6.748223708294441847e-01
-6.748173746357598590e-01
-6.748121358937643199e-01
-6.748066477143964681e-01
-6.748009031116360967e-01
-6.747948950071754881e-01
-6.747886162352685346e-01
-6.747820595472927563e-01
-6.747752176155275006e-01
-6.747680830357120074e-01
-6.747606483281112233e-01
-6.747529059370879212e-01
-6.747448482295397287e-01
-6.747364674929400286e-01
-6.747277559340770781e-01
-6.747187056798245042e-01
-6.747093087812910950e-01
-6.746995572224632198e-01
-6.746894429338868848e-01
-6.746789578110952146e-01
-6.746680937364395447e-01
-6.746568426019120546e-01
-6.746451963296453691e-01
-6.746331468863252523e-01
-6.746206862879418065e-01
-6.746078065923342137e-01
-6.745944998788490077e-01
-6.745807582170065819e-01
-6.745665736290133996e-01
-6.745519380537567944e-01
-6.745368433219544047e-01
-6.745212811527229180e-01
-6.745052431804644533e-01
-6.744887210173065029e-01
-6.744717063504649390e-01
-6.744541910663834905e-01
-6.744361673853843664e-01
-6.744176279833913323e-01
-6.743985660728182285e-01
-6.743789754147883064e-01
-6.743588502408748298e-01
-6.743381850751533069e-01
-6.743169744659521792e-01
-6.742952126591738038e-01
-6.742728932678044851e-01
-6.742500090102874211e-01
-6.742265515982891477e-01
-6.742025118469446854e-01
-6.741778800546549544e-01
-6.741526466547947960e-01
-6.741268030824170143e-01
-6.741003427340036547e-01
-6.740732618404753351e-01
-6.740455600383220558e-01
-6.740172404257064320e-01
-6.739883089404234973e-01
-6.739587729975820007e-01
-6.739286394689164572e-01
-6.738979122529766830e-01
-6.738665898455490355e-01
-6.738346634354470677e-01
-6.738021160851286329e-01
-6.737689234793833304e-01
-6.737350565258892754e-01
-6.737004857789148371e-01
-6.736651872679338959e-01
-6.736291489069784477e-01
-6.735923763163359501e-01
-6.735548966902835666e-01
-6.735167593691757659e-01
-6.734780320734786718e-01
-6.734387923445459556e-01
-6.733991145751176965e-01
-6.733590540089862131e-01
-6.733186300970965821e-01
-6.732778124260356822e-01
-6.732365128708789337e-01
-6.731945874622123904e-01
-6.731518505401777874e-01
-6.731081020362151834e-01
-6.730631662592271303e-01
-6.730169376318811958e-01
-6.729694258845035915e-01
-6.729207908981006403e-01
-6.728713564183199658e-01
-6.728215929255432215e-01
-6.727720635166117846e-01
-6.727233327961468223e-01
-6.726758469764668735e-01
-6.726298024623157401e-01
-6.725850283449582578e-01
-6.725409132435309356e-01
-6.724964066053825684e-01
-6.724501172509271818e-01
-6.724005170931862674e-01
-6.723462366756540742e-01
-6.722864144253082319e-01
-6.722210380105734240e-01
-6.721511997405643646e-01
-6.720791843991614778e-01
-6.720083217894072813e-01
-6.719425692954372753e-01
-6.718858397255209614e-01
-6.718411498877711052e-01
-6.718097250230147255e-01
-6.717902400425604936e-01
-6.717783969707052938e-01
-6.717670183297804742e-01
-6.717467734190150086e-01
-6.717075515289405718e-01
-6.716403651168434408e-01
-6.715395272078179545e-01
-6.714047270489875707e-01
-6.712425545220679357e-01
-6.710670221035783811e-01
-6.708987199192311124e-01
-6.707624181545943642e-01
-6.706831888109089368e-01
-6.706814252632882223e-01
-6.707674477438244631e-01
-6.709366399692001659e-01
-6.711662081616625031e-01
-6.714146362347191976e-01
-6.716246923776422184e-01
-6.717304079792837390e-01
-6.716678149315483681e-01
-6.713884432478595121e-01
-6.708737409948785091e-01
-6.701478210722185969e-01
-6.692854428639603004e-01
-6.684121004578753578e-01
-6.676936935211428281e-01
-6.673146060431983662e-01
-6.674450762164632067e-01
-6.682012868569008335e-01
-6.696042319363125772e-01
-6.715455795600397959e-01
-6.737698780732231940e-01
-6.758820344198783747e-01
-6.773866764359308679e-01
-6.777616259777462515e-01
-6.765613196481613523e-01
-6.735380298147359834e-01
-6.687601653531938251e-01
-6.626996445832425975e-01
-6.562571077872403347e-01
-6.506976611975018310e-01
-6.474829678791318432e-01
-6.480071601756733912e-01
-6.532699208637984256e-01
-6.635430541960376516e-01
-6.780999003992377316e-01
-6.950766047278456039e-01
-7.115225994616454219e-01
-7.236804100807694429e-01
-7.275155647352555821e-01
-7.194903254262371428e-01
-6.975239292372886757e-01
-6.619918687257324574e-01
-6.164987206312753099e-01
-5.680728561823894518e-01
-5.264709510459038011e-01
-5.025056234325879778e-01
-5.056668282948738602e-01
-5.416244158919718554e-01
-6.102879219524854904e-01
-7.048834084811780309e-01
-8.120750648981183151e-01
-9.127610288564749208e-01
-9.831652100628007762e-01
-9.964899908389799332e-01
-9.264515857498957230e-01
-7.544027243607660527e-01
-4.798323149287541667e-01
-1.295057775816360057e-01
2.428538800650774376e-01
5.702897459831784976e-01
7.928832316858037688e-01
8.720221478150533834e-01
7.947233808410848477e-01
5.736645587079517439e-01
2.471629888454255908e-01
-1.250530958788236835e-01
-4.759944822091045635e-01
-7.516803366350677251e-01
-9.249986089068917838e-01
-9.961785864238683619e-01
-9.837148961407369274e-01
-9.138467837415557016e-01
-8.133879452848341574e-01
-7.061585040531749291e-01
-6.113207463629999339e-01
-5.422848945006202293e-01
-5.059082027101717838e-01
-5.023618224133029608e-01
-5.260393805362753028e-01
-5.674856813588441407e-01
-6.158904516738712420e-01
-6.614721189815614411e-01
-6.971614456814382299e-01
-7.193096531947331673e-01
-7.275036217488205503e-01
-7.237984437540385674e-01
-7.117193700070184592e-01
-6.953000447821939822e-01
-6.783058736726553795e-01
-6.637007415628130014e-01
-6.533638773136979383e-01
-6.480364350447737065e-01
-6.474579874078578712e-01
-6.506358146596576963e-01
-6.561780688285727692e-01
-6.626213424776762340e-01
-6.686960220500051122e-01
-6.734956928411399701e-01
-6.765427637072461975e-01
-6.777642531380388968e-01
-6.774049466980643919e-01
-6.759091859314200201e-01
-6.737994035856271768e-01
-6.715722644234020100e-01
-6.696246919081745297e-01
-6.682140491018671025e-01
-6.674503145395382919e-01
-6.673136709896563268e-01
-6.676885748295714462e-01
-6.684049326501230182e-01
-6.692781255111353023e-01
-6.701417841943726472e-01
-6.708698515419598829e-01
-6.713870255037369672e-01
-6.716687470199946830e-01
-6.717332564548367246e-01
-6.716288535280658945e-01
-6.714194623387350624e-01
-6.711711064672907234e-01
-6.709411397911496655e-01
-6.707712362637381354e-01
-6.706843556567582132e-01
-6.706852659041165898e-01
-6.707637675913575848e-01
-6.708995471999875670e-01
-6.710675679445017305e-01
-6.712430526721360202e-01
-6.714053698427173700e-01
-6.715404426618242217e-01
-6.716416074111083434e-01
-6.717091045294290019e-01
-6.717485648764427442e-01
-6.717689409025610070e-01
-6.717803315316454027e-01
-6.717920769244375423e-01
-6.718113798293643413e-01
-6.718425719752758596e-01
-6.718870131017711245e-01
-6.719435071228091472e-01
-6.720090566772575214e-01
-6.720797570701213530e-01
-6.721516484846213890e-01
-6.722213907258032251e-01
-6.722866841913601732e-01
-6.723464209344478526e-01
-6.724005998028301789e-01
-6.724500729455180625e-01
-6.724962051658137652e-01
-6.725405243222122298e-01
-6.725844247025403178e-01
-6.726289618615916011e-01
-6.726747526414822431e-01
-6.727219727152371487e-01
-6.727704290149034705e-01
-6.728196769578672631e-01
-6.728691519647332919e-01
-6.729182897209562420e-01
-6.729666177681783434e-01
-6.730138101054053967e-01
-6.730597047167770075e-01
-6.731042901263762923e-01
-6.731476706874536253e-01
-6.731900214029727936e-01
-6.732315421186471083e-01
-6.732724186171422653e-01
-6.733127951998921779e-01
-6.733527604042544024e-01
-6.733923450311360970e-01
-6.734315299183202264e-01
-6.734702599716887450e-01
-6.735084608000185824e-01
-6.735460547320647473e-01
-6.735829738214652584e-01
-6.736191684518875178e-01
-6.736546111512502488e-01
-6.736892960629403682e-01
-6.737232351108349837e-01
-6.737564521966007414e-01
-6.737889767949618580e-01
-6.738208381171412187e-01
-6.738520606702932403e-01
-6.738826616357411758e-01
-6.739126500993094515e-01
-6.739420278536589759e-01
-6.739707912916925725e-01
-6.739989338322898149e-01
-6.740264483525119088e-01
-6.740533292151901223e-01
-6.740795736404443517e-01
-6.741051823370505236e-01
-6.741301594540759501e-01
-6.741545120148670911e-01
-6.741782490462171484e-01
-6.742013806181312852e-01
-6.742239169746835348e-01
-6.742458678787635051e-01
-6.742672422284704536e-01
-6.742880479434439911e-01
-6.743082920744731812e-01
-6.743279810634443816e-01
-6.743471210730456189e-01
-6.743657183133519029e-01
-6.743837793103987233e-01
-6.744013110845996639e-01
-6.744183212293844987e-01
-6.744348178990975384e-01
-6.744508097278697489e-01
-6.744663057072789458e-01
-6.744813150507362742e-01
-6.744958470681050589e-01
-6.745099110669130482e-01
-6.745235162883922442e-01
-6.745366718790627436e-01
-6.745493868926809578e-01
-6.745616703136930736e-01
-6.745735310919356298e-01
-6.745849781788998412e-01
-6.745960205578973579e-01
-6.746066672632508032e-01
-6.746169273865857408e-01
-6.746268100708703308e-01
-6.746363244947349846e-01
-6.746454798506381634e-01
-6.746542853206439760e-01
-6.746627500531422461e-01
-6.746708831429368836e-01
-6.746786936160639181e-01
-6.746861904196533866e-01
-6.746933824162923976e-01
-6.747002783817920291e-01
-6.747068870050076939e-01
-6.747132168883812620e-01
-6.747192765481110355e-01
-6.747250744132031741e-01
-6.747306188230437485e-01
-6.747359180234931975e-01
-6.747409801617726410e-01
-6.747458132805763675e-01
-6.747504253119148698e-01
-6.747548240711558343e-01
-6.747590172516306772e-01
-6.747630124200463264e-01
-6.747668170127888443e-01
-6.747704383330873634e-01
-6.747738835489054399e-01
-6.747771596913749725e-01
-6.747802736535755130e-01
-6.747832321894805530e-01
-6.747860419129347864e-01
-6.747887092965920708e-01
-6.747912406707858857e-01
-6.747936422223648201e-01
-6.747959199935471553e-01
-6.747980798808722591e-01
-6.748001276343141841e-01
-6.748020688566197522e-01
-6.748039090029022136e-01
-6.748056533805030233e-01
-6.748073071491140773e-01
-6.748088753211287649e-01
-6.748103627621941936e-01
-6.748117741919253953e-01
-6.748131141847463210e-01
-6.748143871708394137e-01
-6.748155974371832233e-01
-6.748167491286701791e-01
-6.748178462493099605e-01
-6.748188926635172447e-01
-6.748198920974916026e-01
-6.748208481406944292e-01
-6.748217642474236833e-01
-6.748226437384891030e-01
-6.748234898029819018e-01
-6.748243055001312829e-01
-6.748250937612444433e-01
-6.748258573917124137e-01
-6.748265990730817343e-01
-6.748273213651755364e-01
-6.748280267082590322e-01
-6.748287174252438625e-01
-6.748293957239223095e-01
-6.748300636992318191e-01
-6.748307233355412826e-01
-6.748313765089558602e-01
-6.748320249896387901e-01
-6.748326704441477419e-01
-6.748333144377757220e-01
-6.748339584368985289e-01
-6.748346038113217649e-01
-6.748352518366209640e-01
-6.748359036964723945e-01
-6.748365604849692057e-01
-6.748372232089145939e-01
-6.748378927900967605e-01
-6.748385700675301191e-01
-6.748392557996678587e-01
-6.748399506665776482e-01
-6.748406552720777052e-01
-6.748413701458292335e-01
-6.748420957453854507e-01
-6.748428324581925430e-01
-6.748435806035374407e-01
-6.748443404344409702e-01
-6.748451121394967167e-01
-6.748458958446468259e-01
-6.748466916148968542e-01
-6.748474994559675588e-01
-6.748483193158760773e-01
-6.748491510864517151e-01
-6.748499946047766818e-01
-6.748508496545574387e-01
-6.748517159674193300e-01
-6.748525932241251635e-01
-6.748534810557157426e-01
-6.748543790445734603e-01
-6.748552867254027365e-01
-6.748562035861319641e-01
