-6.748574174279237115e-01
-6.748583233504625856e-01
-6.748592346104611561e-01
-6.748601505370137588e-01
-6.748610704121921211e-01
-6.748619934714412683e-01
-6.748629189038982679e-01
-6.748638458526317052e-01
-6.748647734148012223e-01
-6.748657006417417836e-01
-6.748666265389674512e-01
-6.748675500660982207e-01
-6.748684701367102523e-01
-6.748693856181101625e-01
-6.748702953310323771e-01
-6.748711980492658746e-01
-6.748720924992047676e-01
-6.748729773593274972e-01
-6.748738512596048622e-01
-6.748747127808427670e-01
-6.748755604539534714e-01
-6.748763927591640011e-01
-6.748772081251603883e-01
-6.748780049281689619e-01
-6.748787814909806837e-01
-6.748795360819146438e-01
-6.748802669137285992e-01
-6.748809721424755548e-01
-6.748816498663072760e-01
-6.748822981242293961e-01
-6.748829148948122247e-01
-6.748834980948560380e-01
-6.748840455780167336e-01
-6.748845551333961801e-01
-6.748850244841011481e-01
-6.748854512857729304e-01
-6.748858331250947584e-01
-6.748861675182743491e-01
-6.748864519095145731e-01
-6.748866836694639160e-01
-6.748868600936548390e-01
-6.748869784009297046e-01
-6.748870357318587088e-01
-6.748870291471482652e-01
-6.748869556260495006e-01
-6.748868120647679714e-01
-6.748865952748829278e-01
-6.748863019817884501e-01
-6.748859288231556786e-01
-6.748854723474350115e-01
-6.748849290123996036e-01
-6.748842951837363824e-01
-6.748835671336893549e-01
-6.748827410397508775e-01
-6.748818129834039947e-01
-6.748807789489076336e-01
-6.748796348221244301e-01
-6.748783763893876353e-01
-6.748769993364139852e-01
-6.748754992472659753e-01
-6.748738716033705343e-01
-6.748721117826144145e-01
-6.748702150585348392e-01
-6.748681765996207282e-01
-6.748659914687521466e-01
-6.748636546227931854e-01
-6.748611609123568167e-01
-6.748585050817538233e-01
-6.748556817691233611e-01
-6.748526855067416008e-01
-6.748495107214760313e-01
-6.748461517353555594e-01
-6.748426027661961202e-01
-6.748388579282320610e-01
-6.748349112326952337e-01
-6.748307565883131520e-01
-6.748263878017288775e-01
-6.748217985779059180e-01
-6.748169825206455918e-01
-6.748119331334070381e-01
-6.748066438206693496e-01
-6.748011078900729709e-01
-6.747953185555342071e-01
-6.747892689414082268e-01
-6.747829520875896492e-01
-6.747763609552301922e-01
-6.747694884325226017e-01
-6.747623273398389854e-01
-6.747548704334678238e-01
-6.747471104073141657e-01
-6.747390398922529231e-01
-6.747306514533394362e-01
-6.747219375857063106e-01
-6.747128907106288986e-01
-6.747035031737158572e-01
-6.746937672473727332e-01
-6.746836751393855414e-01
-6.746732190086693892e-01
-6.746623909878939340e-01
-6.746511832110690943e-01
-6.746395878424700232e-01
-6.746275971019645157e-01
-6.746152032812314792e-01
-6.746023987459158766e-01
-6.745891759206347205e-01
-6.745755272568406680e-01
-6.745614451874897277e-01
-6.745469220766169283e-01
-6.745319501753201941e-01
-6.745165215973777384e-01
-6.745006283269703307e-01
-6.744842622671954890e-01
-6.744674153314077492e-01
-6.744500795706062091e-01
-6.744322473205065505e-01
-6.744139113435280164e-01
-6.743950649357411953e-01
-6.743757019687977028e-01
-6.743558168431892375e-01
-6.743354043420394239e-01
-6.743144593928307451e-01
-6.742929767654666229e-01
-6.742709507551942760e-01
-6.742483749138741267e-01
-6.742252418986725004e-01
-6.742015435002900459e-01
-6.741772708918536416e-01
-6.741524151056061953e-01
-6.741269677011569872e-01
-6.741009215425513013e-01
-6.740742715598736501e-01
-6.740470153434781064e-01
-6.740191534135255846e-01
-6.739906890305231713e-01
-6.739616274664351758e-01
-6.739319747383157866e-01
-6.739017359093055770e-01
-6.738709131717981471e-01
-6.738395040265158231e-01
-6.738074999382995811e-01
-6.737748858637709892e-01
-6.737416409903157488e-01
-6.737077408902742981e-01
-6.736731610805056780e-01
-6.736378817022405929e-01
-6.736018927325870820e-01
-6.735651988565823922e-01
-6.735278229287653406e-01
-6.734898069018154798e-01
-6.734512092556126373e-01
-6.734120983604071631e-01
-6.733725418528629936e-01
-6.733325929435609591e-01
-6.732922755011243598e-01
-6.732515706076517281e-01
-6.732104078481315756e-01
-6.731686646674286401e-01
-6.731261765187536161e-01
-6.730827591372484653e-01
-6.730382421363940715e-01
-6.729925104529355107e-01
-6.729455473563916712e-01
-6.728974703564403193e-01
-6.728485500473783132e-01
-6.727992023685577250e-01
-6.727499474118567857e-01
-6.727013329210422832e-01
-6.726538276793142535e-01
-6.726076981878953420e-01
-6.725628899720220710e-01
-6.725189406766642897e-01
-6.724749538690062423e-01
-6.724296584509840136e-01
-6.723815678364245541e-01
-6.723292357773067440e-01
-6.722715836568760039e-01
-6.722082505379588513e-01
-6.721398969789466049e-01
-6.720683820972254141e-01
-6.719967358594031159e-01
-6.719288689590143804e-01
-6.718690020065593016e-01
-6.718208513514782876e-01
-6.717866734897048886e-01
-6.717663322809516169e-01
-6.717565987286739926e-01
-6.717509067756737284e-01
-6.717397577364080385e-01
-6.717118837849461732e-01
-6.716561496074392457e-01
-6.715640045182702522e-01
-6.714321204903828111e-01
-6.712647001137449498e-01
-6.710748533150496797e-01
-6.708844617116757059e-01
-6.707221025610284881e-01
-6.706188972984594709e-01
-6.706025604721713718e-01
-6.706903984269385610e-01
-6.708824582056204244e-01
-6.711563511753633193e-01
-6.714653663946196227e-01
-6.717412596004656011e-01
-6.719025117717093432e-01
-6.718679155857393281e-01
-6.715741628568998589e-01
-6.709948445188335109e-01
-6.701571818038096762e-01
-6.691521752194177219e-01
-6.681339791800986472e-01
-6.673054051363452865e-01
-6.668885849174269742e-01
-6.670828101833147228e-01
-6.680149551348283365e-01
-6.696910193256014887e-01
-6.719594395144984356e-01
-6.744972475678520096e-01
-6.768284685930755495e-01
-6.783802337850831643e-01
-6.785760727166083583e-01
-6.769581352465439128e-01
-6.733213826583113182e-01
-6.678343724924304947e-01
-6.611152992781327287e-01
-6.542313935049645091e-01
-6.485975244230925973e-01
-6.457671282224864973e-01
-6.471332730990724258e-01
-6.535838629449211012e-01
-6.651747222091121126e-01
-6.808912230553884060e-01
-6.985619605974537905e-01
-7.149715180750838561e-01
-7.262009245941146718e-01
-7.282067554939880560e-01
-7.176243918414064726e-01
-6.927287420286970532e-01
-6.543926128506769579e-01
-6.067667905032423370e-01
-5.573346745457545826e-01
-5.160619787542128911e-01
-4.936135555605530301e-01
-4.989681468675223330e-01
-5.370451405840114267e-01
-6.069919429616161821e-01
-7.015186730420504002e-01
-8.072225245955456652e-01
-9.054747527115888373e-01
-9.734852480002598174e-01
-9.858246163515772542e-01
-9.176985203556083937e-01
-7.515988274084082210e-01
-4.871394563912082587e-01
-1.496981730644187381e-01
2.096315214367133473e-01
5.265871135508419787e-01
7.427415253327308564e-01
8.197572519535045732e-01
7.445707533339007700e-01
5.299314967696097112e-01
2.138845363580790249e-01
-1.453206519513334793e-01
-4.833780658909068162e-01
-7.489363674742642862e-01
-9.162802715694747802e-01
-9.855243048506031611e-01
-9.740304600271010305e-01
-9.065509452204291163e-01
-8.085306527807309962e-01
-7.028008282880776614e-01
-6.080459376826360396e-01
-5.377377652559047760e-01
-4.992449859603749207e-01
-4.934987970030923488e-01
-5.156443174378082528e-01
-5.567412279085234283e-01
-6.061319439739405457e-01
-6.538304218696269210e-01
-6.923154167467527875e-01
-7.173929730337965660e-01
-7.281518924173391305e-01
-7.262895370708865039e-01
-7.151552378616875538e-01
-6.987885637973949571e-01
-6.811136497338042828e-01
-6.653571806808642464e-01
-6.537049609364079528e-01
-6.471863639024251214e-01
-6.457582995884518784e-01
-6.485419182082471368e-01
-6.541487384690622964e-01
-6.610255707408314585e-01
-6.677543289571585827e-01
-6.732624222432928018e-01
-6.769255654635440989e-01
-6.785695952905947959e-01
-6.783952697625045269e-01
-6.768578949533670119e-01
-6.745331566854069205e-01
-6.719946273636469014e-01
-6.697200231178653818e-01
-6.680345732766762579e-01
-6.670921334437026617e-01
-6.668886392425241727e-01
-6.672985486969899016e-01
-6.681232075677373539e-01
-6.691404722424511009e-01
-6.701470165104425059e-01
-6.709878681614479534e-01
-6.715711130966927067e-01
-6.718686977568667507e-01
-6.719064033244118717e-01
-6.717471749685641758e-01
-6.714721235155608481e-01
-6.711628939704523678e-01
-6.708880071404549339e-01
-6.706945197480591592e-01
-6.706051606409402233e-01
-6.706201604355340740e-01
-6.707223944905629232e-01
-6.708842246625339456e-01
-6.710745115559876295e-01
-6.712645903414832249e-01
-6.714324533642398452e-01
-6.715648568596406243e-01
-6.716574815460772951e-01
-6.717135720918135933e-01
-6.717416357736371024e-01
-6.717528025508601175e-01
-6.717583648494233062e-01
-6.717678644719832226e-01
-6.717879171252092441e-01
-6.718217976944232950e-01
-6.718696772648204973e-01
-6.719293198031376368e-01
-6.719970148076493954e-01
-6.720685353831147291e-01
-6.721399564456609355e-01
-6.722082300116322129e-01
-6.722714793396369348e-01
-6.723290295930508531e-01
-6.723812323954893033e-01
-6.724291623403739759e-01
-6.724742662403540017e-01
-6.725180344907764063e-01
-6.725617436655781933e-01
-6.726062958745552267e-01
-6.726521582350053485e-01
-6.726993884150523906e-01
-6.727477213427591751e-01
-6.727966880769591373e-01
-6.728457395443949718e-01
-6.728943536649384383e-01
-6.729421123406705840e-01
-6.729887430293182149e-01
-6.730341267176513931e-01
-6.730782791634605244e-01
-6.731213149551262820e-01
-6.731634043921911337e-01
-6.732047318982589124e-01
-6.732454622872965366e-01
-6.732857183820990521e-01
-6.733255707978963445e-01
-6.733650385565553842e-01
-6.734040977988933196e-01
-6.734426952496856966e-01
-6.734807631613366485e-01
-6.735182330330505840e-01
-6.735550462556911810e-01
-6.735911607625990616e-01
-6.736265536088742456e-01
-6.736612200477589685e-01
-6.736951700729228998e-01
-6.737284235503666618e-01
-6.737610050111182414e-01
-6.737929389750868525e-01
-6.738242463935913973e-01
-6.738549424946876920e-01
-6.738850360407607765e-01
-6.739145297948816449e-01
-6.739434218575462987e-01
-6.739717074801006014e-01
-6.739993809755232546e-01
-6.740264374139564030e-01
-6.740528738887009430e-01
-6.740786902476787468e-01
-6.741038892876519695e-01
-6.741284764904880156e-01
-6.741524594345267296e-01
-6.741758470372947176e-01
-6.741986487807721806e-01
-6.742208740432688030e-01
-6.742425316208859876e-01
-6.742636294753758808e-01
-6.742841747020356102e-01
-6.743041736772639183e-01
-6.743236323242763897e-01
-6.743425564282506945e-01
-6.743609519374955674e-01
-6.743788252019289331e-01
-6.743961831201203960e-01
-6.744130331870679118e-01
-6.744293834531124299e-01
-6.744452424173495997e-01
-6.744606188853690121e-01
-6.744755218212657999e-01
-6.744899602188172416e-01
-6.745039430083714649e-01
-6.745174790064424331e-01
-6.745305769061601397e-01
-6.745432453000197448e-01
-6.745554927225179132e-01
-6.745673276994426093e-01
-6.745787587922419393e-01
-6.745897946292981340e-01
-6.746004439200554703e-01
-6.746107154519193072e-01
-6.746206180729698021e-01
-6.746301606654289129e-01
-6.746393521154020467e-01
-6.746482012838752595e-01
-6.746567169826190868e-01
-6.746649079569684293e-01
-6.746727828757883572e-01
-6.746803503276087577e-01
-6.746876188210779723e-01
-6.746945967875891403e-01
-6.747012925841058273e-01
-6.747077144946925786e-01
-6.747138707299106253e-01
-6.747197694238651344e-01
-6.747254186292120925e-01
-6.747308263107619775e-01
-6.747360003384444971e-01
-6.747409484803511548e-01
-6.747456783964133065e-01
-6.747501976330463336e-01
-6.747545136188711767e-01
-6.747586336614425084e-01
-6.747625649447923646e-01
-6.747663145275484275e-01
-6.747698893413870413e-01
-6.747732961896356629e-01
-6.747765417458924109e-01
-6.747796325526038697e-01
-6.747825750195949324e-01
-6.747853754225889844e-01
-6.747880399017669451e-01
-6.747905744604273393e-01
-6.747929849638011346e-01
-6.747952771380548720e-01
-6.747974565695152860e-01
-6.747995287041201884e-01
-6.748014988470941722e-01
-6.748033721628432513e-01
-6.748051536750470092e-01
-6.748068482669326018e-01
-6.748084606817074116e-01
-6.748099955231297020e-01
-6.748114572562022850e-01
-6.748128502079673297e-01
-6.748141785683997584e-01
-6.748154463913861312e-01
-6.748166575957909030e-01
-6.748178159666072817e-01
-6.748189251561997892e-01
-6.748199886856341978e-01
-6.748210099461057210e-01
-6.748219922004546900e-01
-6.748229385847774875e-01
-6.748238521101179721e-01
-6.748247356642370631e-01
-6.748255920134480501e-01
-6.748264238045097452e-01
-6.748272335665693733e-01
-6.748280237131437653e-01
-6.748287965441331915e-01
-6.748295542478685016e-01
-6.748302989031796928e-01
-6.748310324814863481e-01
-6.748317568489092810e-01
-6.748324737683969454e-01
-6.748331849018647244e-01
-6.748338918123438779e-01
-6.748345959661351534e-01
-6.748352987349629517e-01
-6.748360013981228311e-01
-6.748367051446194642e-01
-6.748374110752868305e-01
-6.748381202048948646e-01
-6.748388334642277941e-01
-6.748395517021363865e-01
-6.748402756875595543e-01
-6.748410061115138747e-01
-6.748417435890441407e-01
-6.748424886611317230e-01
-6.748432417965657404e-01
-6.748440033937644911e-01
-6.748447737825511439e-01
-6.748455532258741396e-01
-6.748463419214776327e-01
-6.748471400035129797e-01
-6.748479475440927189e-01
-6.748487645547814884e-01
-6.748495909880249943e-01
-6.748504267385118105e-01
-6.748512716444712289e-01
-6.748521254888996124e-01
-6.748529880007156923e-01
-6.748538588558468110e-01
-6.748547376782398910e-01
-6.748556240408002393e-01
-6.748565174662515265e-01
