-6.748575982870964607e-01
-6.748584799421988301e-01
-6.748593649507697023e-01
-6.748602526605721463e-01
-6.748611423693533506e-01
-6.748620333252378645e-01
-6.748629247270406806e-01
-6.748638157245135938e-01
-6.748647054185125116e-01
-6.748655928610950427e-01
-6.748664770555441450e-01
-6.748673569563222729e-01
-6.748682314689513628e-01
-6.748690994498230955e-01
-6.748699597059405475e-01
-6.748708109945872335e-01
-6.748716520229267601e-01
-6.748724814475358658e-01
-6.748732978738700705e-01
-6.748740998556610471e-01
-6.748748858942551498e-01
-6.748756544378862188e-01
-6.748764038808959809e-01
-6.748771325628981632e-01
-6.748778387678900925e-01
-6.748785207233147787e-01
-6.748791765990739266e-01
-6.748798045064922091e-01
-6.748804024972305804e-01
-6.748809685621512955e-01
-6.748815006301350783e-01
-6.748819965668503285e-01
-6.748824541734828042e-01
-6.748828711854309992e-01
-6.748832452709746521e-01
-6.748835740299296004e-01
-6.748838549922939745e-01
-6.748840856168919489e-01
-6.748842632900192706e-01
-6.748843853240836799e-01
-6.748844489562346727e-01
-6.748844513469770545e-01
-6.748843895787512981e-01
-6.748842606544842582e-01
-6.748840614961081341e-01
-6.748837889430618908e-01
-6.748834397507933458e-01
-6.748830105892961173e-01
-6.748824980417128527e-01
-6.748818986030332701e-01
-6.748812086789076625e-01
-6.748804245845730909e-01
-6.748795425438725015e-01
-6.748785586883313536e-01
-6.748774690562323597e-01
-6.748762695916407095e-01
-6.748749561433348143e-01
-6.748735244636339115e-01
-6.748719702071468429e-01
-6.748702889295161711e-01
-6.748684760862619925e-01
-6.748665270318543463e-01
-6.748644370191367869e-01
-6.748622011991772807e-01
-6.748598146215663007e-01
-6.748572722350870690e-01
-6.748545688886082861e-01
-6.748516993319719770e-01
-6.748486582166399739e-01
-6.748454400958828758e-01
-6.748420394244131204e-01
-6.748384505574921421e-01
-6.748346677497354396e-01
-6.748306851539830342e-01
-6.748264968207202674e-01
-6.748220966985352121e-01
-6.748174786359760757e-01
-6.748126363849465958e-01
-6.748075636054458037e-01
-6.748022538711179186e-01
-6.747967006747908059e-01
-6.747908974330424359e-01
-6.747848374889163781e-01
-6.747785141122353281e-01
-6.747719204975108909e-01
-6.747650497601238584e-01
-6.747578949321086927e-01
-6.747504489593373345e-01
-6.747427047019994850e-01
-6.747346549398953730e-01
-6.747262923831834902e-01
-6.747176096879741181e-01
-6.747085994747595850e-01
-6.746992543464670478e-01
-6.746895669022721087e-01
-6.746795297435599359e-01
-6.746691354696837672e-01
-6.746583766634270951e-01
-6.746472458689315443e-01
-6.746357355677300438e-01
-6.746238381606350920e-01
-6.746115459638172274e-01
-6.745988512258700442e-01
-6.745857461688473666e-01
-6.745722230505427630e-01
-6.745582742386828645e-01
-6.745438922817318383e-01
-6.745290699574403304e-01
-6.745138002807701261e-01
-6.744980764584249666e-01
-6.744818917879408238e-01
-6.744652395137705758e-01
-6.744481126683278260e-01
-6.744305039387209488e-01
-6.744124056057522187e-01
-6.743938095970166691e-01
-6.743747076787077743e-01
-6.743550917817301427e-01
-6.743349544209084057e-01
-6.743142891286658669e-01
-6.742930907960170694e-01
-6.742713558040879240e-01
-6.742490818469294434e-01
-6.742262673948762330e-01
-6.742029108241545110e-01
-6.741790093320150223e-01
-6.741545578487802004e-01
-6.741295482252255278e-01
-6.741039689911306754e-01
-6.740778059292515945e-01
-6.740510435803680478e-01
-6.740236675982312908e-01
-6.739956676364191601e-01
-6.739670402189498200e-01
-6.739377908817087981e-01
-6.739079348324360508e-01
-6.738774955103407072e-01
-6.738465007511476035e-01
-6.738149767573983207e-01
-6.737829406673236932e-01
-6.737503930944429564e-01
-6.737173124303733607e-01
-6.736836528177154726e-01
-6.736493473914545449e-01
-6.736143176064873783e-01
-6.735784882640518667e-01
-6.735418063836734470e-01
-6.735042606105048346e-01
-6.734658967460367407e-01
-6.734268246032788507e-01
-6.733872120106610959e-01
-6.733472635652926197e-01
-6.733071845821299029e-01
-6.732671342469752629e-01
-6.732271756405497909e-01
-6.731872332458603836e-01
-6.731470699062559460e-01
-6.731062942093248846e-01
-6.730644054957377609e-01
-6.730208772028415387e-01
-6.729752707506074794e-01
-6.729273630085904623e-01
-6.728772624166934335e-01
-6.728254841928194008e-01
-6.727729557241551861e-01
-6.727209305610922785e-01
-6.726708036763540122e-01
-6.726238406249165358e-01
-6.725808561510414618e-01
-6.725418994076383106e-01
-6.725060181321964592e-01
-6.724711776591855150e-01
-6.724343983990062057e-01
-6.723921455000217984e-01
-6.723409582755088820e-01
-6.722782500328478017e-01
-6.722031505528058837e-01
-6.721172160821712316e-01
-6.720248090622753523e-01
-6.719329643232205829e-01
-6.718506180546753859e-01
-6.717871808364075381e-01
-6.717505766811626700e-01
-6.717450258151861364e-01
-6.717689896132615912e-01
-6.718137858134829443e-01
-6.718633855393955079e-01
-6.718957939989932404e-01
-6.718861842318729627e-01
-6.718116123198658585e-01
-6.716567357982939912e-01
-6.714195551906614323e-01
-6.711158934503999030e-01
-6.707812190626727400e-01
-6.704685923745477005e-01
-6.702420205566824718e-01
-6.701653313717552685e-01
-6.702877268998900240e-01
-6.706282809523737010e-01
-6.711625602336395158e-01
-6.718150178083127644e-01
-6.724605965090796333e-01
-6.729379442836800340e-01
-6.730747716601275243e-01
-6.727233285918838845e-01
-6.718010829563227926e-01
-6.703289693609026934e-01
-6.684577231078323578e-01
-6.664725665342625671e-01
-6.647685149855336872e-01
-6.637931012996678426e-01
-6.639600468428705771e-01
-6.655452495313152195e-01
-6.685837103759535438e-01
-6.727907762581388784e-01
-6.775317987504769768e-01
-6.818602432677192127e-01
-6.846354901790860925e-01
-6.847185682599009615e-01
-6.812274707272243379e-01
-6.738144921913358232e-01
-6.629086771367437292e-01
-6.498524862121863865e-01
-6.368617846532130811e-01
-6.267608728273398322e-01
-6.224920091902185204e-01
-6.264624667193992025e-01
-6.398509354005279537e-01
-6.620257345411322270e-01
-6.902173463291804145e-01
-7.195450784849851678e-01
-7.434479512933738210e-01
-7.545391361860898094e-01
-7.458898119020413997e-01
-7.127035904908828323e-01
-6.541914017318447572e-01
-5.751766290150448491e-01
-4.866823340331757342e-01
-4.047582744052258263e-01
-3.473144667001811237e-01
-3.296025271548921887e-01
-3.597239809637913788e-01
-4.356790569569616856e-01
-5.449214514857594338e-01
-6.664103742386706664e-01
-7.741940761838380647e-01
-8.412238942306630163e-01
-8.428016668864379835e-01
-7.603258070991711914e-01
-5.863515842814381873e-01
-3.301855147178873739e-01
-2.021261874376509629e-02
3.014815612075739115e-01
5.920387696137735523e-01
8.215321069536352105e-01
9.788363259184288401e-01
1.067501889630801504e+00
1.095924806868815216e+00
1.068142860890961998e+00
9.801995389382410773e-01
8.237033002326775710e-01
5.949914062139305404e-01
3.049868720682175627e-01
-1.658051882009960870e-02
-3.269315197170886145e-01
-5.838934358495052601e-01
-7.588828210757873061e-01
-8.423814468008549161e-01
-8.416741917265693207e-01
-7.752652504016406265e-01
-6.678025799354465608e-01
-5.463226516903596508e-01
-4.368071003127594887e-01
-3.603731108147102402e-01
-3.296808263642070913e-01
-3.468564917083426513e-01
-4.039058696877010912e-01
-4.856391782641778510e-01
-5.741520740279008050e-01
-6.533522611656379375e-01
-7.121470746870023349e-01
-7.456401776328304143e-01
-7.545615651404196100e-01
-7.436700819801305151e-01
-7.198786893247108853e-01
-6.905763692456872160e-01
-6.623393916008589732e-01
-6.400718142579764347e-01
-6.265695650776577086e-01
-6.224890239864522279e-01
-6.266705732930568651e-01
-6.367179760870710359e-01
-6.496914675110702087e-01
-6.627619850429820048e-01
-6.737041423781535698e-01
-6.811640980760003128e-01
-6.847021371136862156e-01
-6.846577905020643229e-01
-6.819082505994431553e-01
-6.775910754064335961e-01
-6.728483126251643132e-01
-6.686298572579777444e-01
-6.655746255262212641e-01
-6.639714970886018142e-01
-6.637889244117202159e-01
-6.647532548628228843e-01
-6.664516808487499500e-01
-6.684363964985811091e-01
-6.703112538649955710e-01
-6.717894456776918322e-01
-6.727185917098533752e-01
-6.730763605309064701e-01
-6.729443234360674708e-01
-6.724697692018434259e-01
-6.718249846941340975e-01
-6.711716662912752263e-01
-6.706354174039697025e-01
-6.702923886600994363e-01
-6.701675557687224449e-01
-6.702422474411213749e-01
-6.704674894732070012e-01
-6.707795115015995346e-01
-6.711142258003284233e-01
-6.714184014932190747e-01
-6.716563607456619289e-01
-6.718120771454079154e-01
-6.718873849377535734e-01
-6.718975173443578752e-01
-6.718653690836100534e-01
-6.718157712320227404e-01
-6.717707623986367560e-01
-6.717464384202975758e-01
-6.717515555086189805e-01
-6.717877198710326958e-01
-6.718507632811696606e-01
-6.719327934578449568e-01
-6.720244107594510741e-01
-6.721166719027875658e-01
-6.722025218463868468e-01
-6.722775707029202685e-01
-6.723402333309803636e-01
-6.723913544579269708e-01
-6.724335020590139766e-01
-6.724701265363032254e-01
-6.725047608906395968e-01
-6.725403899327397905e-01
-6.725790583503074016e-01
-6.726217305736069685e-01
-6.726683692268118353e-01
-6.727181689408088250e-01
-6.727698699019950546e-01
-6.728220788738541458e-01
-6.728735404441438250e-01
-6.729233227444236798e-01
-6.729709047300668212e-01
-6.730161720736284048e-01
-6.730593430137981059e-01
-6.731008529078089664e-01
-6.731412269981785768e-01
-6.731809663585587300e-01
-6.732204640880028457e-01
-6.732599596911973405e-01
-6.732995310820137913e-01
-6.733391171310153522e-01
-6.733785598552509688e-01
-6.734176543041275886e-01
-6.734561955037065006e-01
-6.734940147342951544e-01
-6.735310010612038933e-01
-6.735671076031949367e-01
-6.736023448857799689e-01
-6.736367654269409533e-01
-6.736704443508331197e-01
-6.737034604584432040e-01
-6.737358810947107202e-01
-6.737677526984929832e-01
-6.737990974515339904e-01
-6.738299152285240901e-01
-6.738601892581971287e-01
-6.738898935864785500e-01
-6.739190005394202210e-01
-6.739474868001671393e-01
-6.739753372930170627e-01
-6.740025466640116036e-01
-6.740291186459967943e-01
-6.740550639255976639e-01
-6.740803972667713806e-01
-6.741051346087376661e-01
-6.741292906920771655e-01
-6.741528775359775238e-01
-6.741759038512413760e-01
-6.741983752749105552e-01
-6.742202951820146506e-01
-6.742416657771052035e-01
-6.742624891850831359e-01
-6.742827683278500572e-01
-6.743025074659414475e-01
-6.743217123785486544e-01
-6.743403902325207921e-01
-6.743585492399830628e-01
-6.743761982220569662e-01
-6.743933461866268297e-01
-6.744100019994246908e-01
-6.744261741900430263e-01
-6.744418708974088128e-01
-6.744570999300217862e-01
-6.744718688988788902e-01
-6.744861853762441628e-01
-6.745000570392823969e-01
-6.745134917704409538e-01
-6.745264977020863917e-01
-6.745390832074789067e-01
-6.745512568509337559e-01
-6.745630273156468792e-01
-6.745744033281388941e-01
-6.745853935946789504e-01
-6.745960067590375253e-01
-6.746062513842771002e-01
-6.746161359555673531e-01
-6.746256688971844495e-01
-6.746348585953330090e-01
-6.746437134190192975e-01
-6.746522417333412625e-01
-6.746604519024431701e-01
-6.746683522822545243e-01
-6.746759512053773777e-01
-6.746832569617603470e-01
-6.746902777790214634e-01
-6.746970218056366209e-01
-6.747034970989980174e-01
-6.747097116189400001e-01
-6.747156732260877199e-01
-6.747213896835015934e-01
-6.747268686597219789e-01
-6.747321177314264951e-01
-6.747371443843709349e-01
-6.747419560119440884e-01
-6.747465599113544599e-01
-6.747509632779932209e-01
-6.747551731988632451e-01
-6.747591966460330104e-01
-6.747630404709270557e-01
-6.747667113999966659e-01
-6.747702160319543063e-01
-6.747735608364398008e-01
-6.747767521537492152e-01
-6.747797961951430556e-01
-6.747826990432607142e-01
-6.747854666522665745e-01
-6.747881048475147248e-01
-6.747906193246956397e-01
-6.747930156485714148e-01
-6.747952992515111603e-01
-6.747974754320642532e-01
-6.747995493537960465e-01
-6.748015260445381358e-01
-6.748034103961199071e-01
-6.748052071645745942e-01
-6.748069209707331373e-01
-6.748085563010880472e-01
-6.748101175088040415e-01
-6.748116088147623204e-01
-6.748130343085757543e-01
-6.748143979495372369e-01
-6.748157035675236282e-01
-6.748169548638862647e-01
-6.748181554123869885e-01
-6.748193086602266577e-01
-6.748204179292113247e-01
-6.748214864170667404e-01
-6.748225171989090665e-01
-6.748235132288475935e-01
-6.748244773416939291e-01
-6.748254122547406864e-01
-6.748263205695832490e-01
-6.748272047739566348e-01
-6.748280672435784666e-01
-6.748289102439943843e-01
-6.748297359324292310e-01
-6.748305463596504516e-01
-6.748313434718542503e-01
-6.748321291125766175e-01
-6.748329050246391070e-01
-6.748336728521179273e-01
-6.748344341423356818e-01
-6.748351903478650993e-01
-6.748359428285317652e-01
-6.748366928534129672e-01
-6.748374416028161127e-01
-6.748381901702372732e-01
-6.748389395642935273e-01
-6.748396907106268827e-01
-6.748404444537826619e-01
-6.748412015590550261e-01
-6.748419627143037447e-01
-6.748427285317382118e-01
-6.748434995496679356e-01
-6.748442762342139467e-01
-6.748450589809799061e-01
-6.748458481166751399e-01
-6.748466439006887141e-01
-6.748474465266127709e-01
-6.748482561237080235e-01
-6.748490727583124071e-01
-6.748498964351907770e-01
-6.748507270988246542e-01
-6.748515646346371355e-01
-6.748524088701571833e-01
-6.748532595761204123e-01
-6.748541164674991544e-01
-6.748549792044692408e-01
-6.748558473933076174e-01
-6.748567205872195718e-01
