-6.748576299725556060e-01
-6.748584448165758642e-01
-6.748592565255493447e-01
-6.748600644997432285e-01
-6.748608680817285155e-01
-6.748616665567517270e-01
-6.748624591530489880e-01
-6.748632450420978257e-01
-6.748640233388129017e-01
-6.748647931016831247e-01
-6.748655533328475897e-01
-6.748663029781124534e-01
-6.748670409269161841e-01
-6.748677660122305300e-01
-6.748684770104080854e-01
-6.748691726409735692e-01
-6.748698515663602571e-01
-6.748705123915925697e-01
-6.748711536639174779e-01
-6.748717738723846171e-01
-6.748723714473763291e-01
-6.748729447600917419e-01
-6.748734921219846639e-01
-6.748740117841590669e-01
-6.748745019367213827e-01
-6.748749607080934965e-01
-6.748753861642876606e-01
-6.748757763081443262e-01
-6.748761290785356692e-01
-6.748764423495350329e-01
-6.748767139295567263e-01
-6.748769415604666255e-01
-6.748771229166695695e-01
-6.748772556041728876e-01
-6.748773371596373805e-01
-6.748773650494104270e-01
-6.748773366685563158e-01
-6.748772493398775829e-01
-6.748771003129369062e-01
-6.748768867630807744e-01
-6.748766057904680427e-01
-6.748762544190995971e-01
-6.748758295958551257e-01
-6.748753281895326639e-01
-6.748747469898974671e-01
-6.748740827067348791e-01
-6.748733319689208532e-01
-6.748724913235099043e-01
-6.748715572348545910e-01
-6.748705260837629671e-01
-6.748693941667117668e-01
-6.748681576951237604e-01
-6.748668127947183848e-01
-6.748653555049402009e-01
-6.748637817784689519e-01
-6.748620874807995662e-01
-6.748602683898834442e-01
-6.748583201958150424e-01
-6.748562385005454356e-01
-6.748540188176143095e-01
-6.748516565718872817e-01
-6.748491470993167596e-01
-6.748464856467405459e-01
-6.748436673717620460e-01
-6.748406873427607033e-01
-6.748375405390931725e-01
-6.748342218515382962e-01
-6.748307260830286314e-01
-6.748270479496853991e-01
-6.748231820821324334e-01
-6.748191230270261798e-01
-6.748148652487007126e-01
-6.748104031307911033e-01
-6.748057309776941404e-01
-6.748008430157479420e-01
-6.747957333940561853e-01
-6.747903961849763821e-01
-6.747848253843907740e-01
-6.747790149119859970e-01
-6.747729586118902390e-01
-6.747666502540388134e-01
-6.747600835366610594e-01
-6.747532520901656783e-01
-6.747461494825446326e-01
-6.747387692261301861e-01
-6.747311047852616595e-01
-6.747231495841025106e-01
-6.747148970136357393e-01
-6.747063404367759087e-01
-6.746974731906559830e-01
-6.746882885855148837e-01
-6.746787799002005315e-01
-6.746689403750704139e-01
-6.746587632039207083e-01
-6.746482415273090671e-01
-6.746373684300878137e-01
-6.746261369459568558e-01
-6.746145400712133533e-01
-6.746025707885893175e-01
-6.745902221001919274e-01
-6.745774870663318046e-01
-6.745643588447947092e-01
-6.745508307234091561e-01
-6.745368961380586725e-01
-6.745225486690828998e-01
-6.745077820115847889e-01
-6.744925899194655905e-01
-6.744769661287005613e-01
-6.744609042715665748e-01
-6.744443977991055883e-01
-6.744274399326199987e-01
-6.744100236650706348e-01
-6.743921418288124636e-01
-6.743737872367515651e-01
-6.743549528902446077e-01
-6.743356322305721351e-01
-6.743158193942897505e-01
-6.742955094198410659e-01
-6.742746983473436595e-01
-6.742533831589673232e-01
-6.742315615259123485e-01
-6.742092313596582676e-01
-6.741863902069848979e-01
-6.741630345742869457e-01
-6.741391593081677014e-01
-6.741147571858346899e-01
-6.740898188700361615e-01
-6.740643333512529312e-01
-6.740382889313214498e-01
-6.740116747014486265e-01
-6.739844823456654366e-01
-6.739567079784097858e-01
-6.739283536285921583e-01
-6.738994279411205657e-01
-6.738699457062052867e-01
-6.738399259629586080e-01
-6.738093886566995927e-01
-6.737783501378551421e-01
-6.737468181302368464e-01
-6.737147871033809521e-01
-6.736822351806220910e-01
-6.736491237251553965e-01
-6.736154005113669241e-01
-6.735810068844005905e-01
-6.735458885650239536e-01
-6.735100088581651434e-01
-6.734733621212889432e-01
-6.734359846386392956e-01
-6.733979597426643648e-01
-6.733594143147464406e-01
-6.733205048018554573e-01
-6.732813926024827644e-01
-6.732422109468664262e-01
-6.732030278968338388e-01
-6.731638123437888588e-01
-6.731244113227722314e-01
-6.730845470242599049e-01
-6.730438401406056981e-01
-6.730018624607946309e-01
-6.729582161353289127e-01
-6.729126304323879149e-01
-6.728650601995287417e-01
-6.728157650719778227e-01
-6.727653462943814500e-01
-6.727147202349273991e-01
-6.726650151203797945e-01
-6.726173901737915184e-01
-6.725727930116838227e-01
-6.725316894343955632e-01
-6.724938161172646645e-01
-6.724580170293950054e-01
-6.724222245830101530e-01
-6.723836334373365364e-01
-6.723390873822235880e-01
-6.722856594342417891e-01
-6.722213570989374887e-01
-6.721458368043341514e-01
-6.720609743300620664e-01
-6.719711230414180392e-01
-6.718829089138713684e-01
-6.718044667281065641e-01
-6.717441148981520005e-01
-6.717085881877279396e-01
-6.717010800693712369e-01
-6.717194639239878473e-01
-6.717551345059837864e-01
-6.717929088513576730e-01
-6.718123273132906581e-01
-6.717904932231104631e-01
-6.717062964214346454e-01
-6.715455175682187861e-01
-6.713059655469779674e-01
-6.710015356943501708e-01
-6.706639747823973652e-01
-6.703412726680975098e-01
-6.700920136157882956e-01
-6.699757061198967634e-01
-6.700399979845367282e-01
-6.703066356122852065e-01
-6.707588510361300882e-01
-6.713333410559608749e-01
-6.719199410336375022e-01
-6.723713543299300044e-01
-6.725238403123708908e-01
-6.722276811015609477e-01
-6.713837777324560552e-01
-6.699802620290347122e-01
-6.681210864387299164e-01
-6.660377984950410779e-01
-6.640767225216395175e-01
-6.626569421607685362e-01
-6.621997369942395073e-01
-6.630367926312975557e-01
-6.653112984074295300e-01
-6.688913693036401265e-01
-6.733176085938590294e-01
-6.778051500690807085e-01
-6.813149717872850619e-01
-6.826999194006178051e-01
-6.809180462391117850e-01
-6.752898747857241091e-01
-6.657580015313495636e-01
-6.530902465994176120e-01
-6.389577465154928637e-01
-6.258258109787018242e-01
-6.166248990145478670e-01
-6.142204780552276144e-01
-6.207606983977856929e-01
-6.370280465375026679e-01
-6.619357829341807609e-01
-6.922867907820793310e-01
-7.228665624684992297e-01
-7.469022796259273678e-01
-7.569086535487336009e-01
-7.459469654599523158e-01
-7.092863461604017594e-01
-6.462938622792455678e-01
-5.620751095495691851e-01
-4.680884791559298264e-01
-3.809665260287226629e-01
-3.193192811481991855e-01
-2.992013589415747910e-01
-3.296588782689205410e-01
-4.098645548301336206e-01
-5.287556219000730806e-01
-6.670801281253621040e-01
-8.007403545573549275e-01
-9.038929435779202715e-01
-9.509814192747481076e-01
-9.185499164507243686e-01
-7.890065392165419578e-01
-5.576761871394859682e-01
-2.408141427457368144e-01
1.218155971791743258e-01
4.752148559943383255e-01
7.654833677101683387e-01
9.535801620168260495e-01
1.018908936229656614e+00
9.554718615457610253e-01
7.690821161364673753e-01
4.800830991346919929e-01
1.272429102444418147e-01
-2.356756780085070280e-01
-5.535602615573231855e-01
-7.863305711273269605e-01
-9.173783528848915569e-01
-9.511225939327382362e-01
-9.050235110612614431e-01
-8.024876986151769920e-01
-6.690606737416349148e-01
-5.306008850935578502e-01
-4.112591181168276933e-01
-3.303888092145075839e-01
-2.991932633090986782e-01
-3.186497296926341649e-01
-3.798340064171198405e-01
-4.667555396873460660e-01
-5.608000263011747588e-01
-6.452743098577696790e-01
-7.086303086811031049e-01
-7.456727781733478722e-01
-7.569650910309290159e-01
-7.471963523101354809e-01
-7.232898661440891885e-01
-6.927362349849963685e-01
-6.623279193600239978e-01
-6.373074172038667440e-01
-6.209026614996729920e-01
-6.142289727982455094e-01
-6.165260313861764541e-01
-6.256587989660099547e-01
-6.387652282052639352e-01
-6.529099151071364737e-01
-6.656169614174822780e-01
-6.752022490853885062e-01
-6.808855324449498703e-01
-6.827144458644344160e-01
-6.813624184211830581e-01
-6.778691950819333290e-01
-6.733830122702669785e-01
-6.689462916757189515e-01
-6.653485056288752642e-01
-6.630538133087137131e-01
-6.621981790181836747e-01
-6.626412699185666444e-01
-6.640528215895978859e-01
-6.660116233317500134e-01
-6.680976091732484523e-01
-6.699628386670092306e-01
-6.713739463755818981e-01
-6.722253254016656854e-01
-6.725276018589133598e-01
-6.723791617478312999e-01
-6.719295354966462464e-01
-6.713427080781591005e-01
-6.707665066018310140e-01
-6.703117523117239074e-01
-6.700423877085489588e-01
-6.699756965618491877e-01
-6.700902652990249342e-01
-6.703385824479983768e-01
-6.706611032175505693e-01
-6.709990825951485105e-01
-6.713043037385654221e-01
-6.715447822658341392e-01
-6.717064184857242104e-01
-6.717912597316860746e-01
-6.718134521657347369e-01
-6.717940986301574879e-01
-6.717561392996642677e-01
-6.717201079964651989e-01
-6.717012720479289545e-01
-6.717083140980880662e-01
-6.717434195394671459e-01
-6.718034295440679093e-01
-6.718816199346354656e-01
-6.719696630566769358e-01
-6.720594016637270185e-01
-6.721441813065960336e-01
-6.722196205537309677e-01
-6.722838206651939874e-01
-6.723371099618381530e-01
-6.723814739916839089e-01
-6.724198401017003057e-01
-6.724553701784742321e-01
-6.724908781624718834e-01
-6.725284409004190778e-01
-6.725692225623834952e-01
-6.726134923774969021e-01
-6.726607877798002066e-01
-6.727101618540418659e-01
-6.727604540768611363e-01
-6.728105336476395415e-01
-6.728594810973579365e-01
-6.729066921864791384e-01
-6.729519048341396914e-01
-6.729951625279169125e-01
-6.730367351555883726e-01
-6.730770204392158007e-01
-6.731164469887190860e-01
-6.731553948166706380e-01
-6.731941425379837085e-01
-6.732328438619555877e-01
-6.732715304763995379e-01
-6.733101346869930781e-01
-6.733485234209127812e-01
-6.733865352626358103e-01
-6.734240136281146594e-01
-6.734608314384600281e-01
-6.734969051578872934e-01
-6.735321983361940434e-01
-6.735667165163429226e-01
-6.736004963750590324e-01
-6.736335922570581003e-01
-6.736660629598695271e-01
-6.736979609163811222e-01
-6.737293250198517214e-01
-6.737601774369733620e-01
-6.737905240080042102e-01
-6.738203573280291403e-01
-6.738496613677684710e-01
-6.738784165023653516e-01
-6.739066040130933244e-01
-6.739342094334570543e-01
-6.739612244508489391e-01
-6.739876473832898673e-01
-6.740134824837635819e-01
-6.740387384610102561e-01
-6.740634266452484313e-01
-6.740875591862269811e-01
-6.741111475749713700e-01
-6.741342016584654928e-01
-6.741567291947887508e-01
-6.741787358950572795e-01
-6.742002258299745199e-01
-6.742212020466593625e-01
-6.742416672424875745e-01
-6.742616243690474631e-01
-6.742810770806247911e-01
-6.743000299875303583e-01
-6.743184887163449215e-01
-6.743364598108143593e-01
-6.743539505257457600e-01
-6.743709685718264346e-01
-6.743875218639067137e-01
-6.744036183124400008e-01
-6.744192656813186026e-01
-6.744344715188839157e-01
-6.744492431551615264e-01
-6.744635877489901787e-01
-6.744775123642708925e-01
-6.744910240545848312e-01
-6.745041299389191725e-01
-6.745168372567653670e-01
-6.745291533970427800e-01
-6.745410859009721705e-01
-6.745526424433306856e-01
-6.745638307991097538e-01
-6.745746588033914026e-01
-6.745851343115919496e-01
-6.745952651655101606e-01
-6.746050591684183972e-01
-6.746145240702032808e-01
-6.746236675616845702e-01
-6.746324972759604188e-01
-6.746410207939820269e-01
-6.746492456515512659e-01
-6.746571793453765009e-01
-6.746648293365588023e-01
-6.746722030507148471e-01
-6.746793078747169714e-01
-6.746861511506195841e-01
-6.746927401677044189e-01
-6.746990821537068861e-01
-6.747051842661949683e-01
-6.747110535848603874e-01
-6.747166971051740125e-01
-6.747221217335680477e-01
-6.747273342840385268e-01
-6.747323414758849003e-01
-6.747371499322122324e-01
-6.747417661788045473e-01
-6.747461966430465807e-01
-6.747504476526527961e-01
-6.747545254340900911e-01
-6.747584361106749862e-01
-6.747621857004159063e-01
-6.747657801137202371e-01
-6.747692251511153705e-01
-6.747725265011044193e-01
-6.747756897382721775e-01
-6.747787203217019414e-01
-6.747816235937232898e-01
-6.747844047789820499e-01
-6.747870689837874858e-01
-6.747896211956861956e-01
-6.747920662831999872e-01
-6.747944089956805502e-01
-6.747966539632413996e-01
-6.747988056967438864e-01
-6.748008685878288393e-01
-6.748028469090011638e-01
-6.748047448137785009e-01
-6.748065663369174905e-01
-6.748083153947401769e-01
-6.748099957855649977e-01
-6.748116111902525693e-01
-6.748131651728687119e-01
-6.748146611814500595e-01
-6.748161025488755849e-01
-6.748174924938231678e-01
-6.748188341218009922e-01
-6.748201304262444467e-01
-6.748213842896646497e-01
-6.748225984848448267e-01
-6.748237756760783190e-01
-6.748249184204416773e-01
-6.748260291691093871e-01
-6.748271102686994594e-01
-6.748281639626539929e-01
-6.748291923926557079e-01
-6.748301976000714575e-01
-6.748311815274254943e-01
-6.748321460198936084e-01
-6.748330928268171380e-01
-6.748340236032311923e-01
-6.748349399113992009e-01
-6.748358432223545700e-01
-6.748367349174378971e-01
-6.748376162898316322e-01
-6.748384885460846361e-01
-6.748393528076265246e-01
-6.748402101122653596e-01
-6.748410614156723497e-01
-6.748419075928426825e-01
-6.748427494395365933e-01
-6.748435876736975647e-01
-6.748444229368427694e-01
-6.748452557954202069e-01
-6.748460867421391951e-01
-6.748469161972598940e-01
-6.748477445098506333e-01
-6.748485719590011644e-01
-6.748493987549960549e-01
-6.748502250404415648e-01
-6.748510508913481143e-01
-6.748518763181657887e-01
-6.748527012667675518e-01
-6.748535256193857190e-01
-6.748543491954912543e-01
-6.748551717526257709e-01
-6.748559929871763563e-01
-6.748568125350935532e-01
