-6.748573017361302329e-01
-6.748580828279989730e-01
-6.748588568798389309e-01
-6.748596233189677607e-01
-6.748603815115061799e-01
-6.748611307627373490e-01
-6.748618703174186217e-01
-6.748625993600352313e-01
-6.748633170150085681e-01
-6.748640223468493904e-01
-6.748647143602602982e-01
-6.748653920001883577e-01
-6.748660541518282097e-01
-6.748666996405725538e-01
-6.748673272319160032e-01
-6.748679356313083133e-01
-6.748685234839616465e-01
-6.748690893746116526e-01
-6.748696318272334738e-01
-6.748701493047133404e-01
-6.748706402084797551e-01
-6.748711028780927101e-01
-6.748715355907956015e-01
-6.748719365610288401e-01
-6.748723039399106005e-01
-6.748726358146791560e-01
-6.748729302081099002e-01
-6.748731850778968422e-01
-6.748733983160088989e-01
-6.748735677480197648e-01
-6.748736911324119125e-01
-6.748737661598610549e-01
-6.748737904524980680e-01
-6.748737615631609232e-01
-6.748736769746327413e-01
-6.748735340988709641e-01
-6.748733302762346398e-01
-6.748730627747112631e-01
-6.748727287891469473e-01
-6.748723254404834782e-01
-6.748718497750054723e-01
-6.748712987635940852e-01
-6.748706693009941526e-01
-6.748699582050882162e-01
-6.748691622161817616e-01
-6.748682779963022238e-01
-6.748673021285128693e-01
-6.748662311162484384e-01
-6.748650613826790989e-01
-6.748637892701183638e-01
-6.748624110394813025e-01
-6.748609228698122520e-01
-6.748593208578871350e-01
-6.748576010179020424e-01
-6.748557592812480799e-01
-6.748537914963660400e-01
-6.748516934286719060e-01
-6.748494607605315387e-01
-6.748470890912615650e-01
-6.748445739371412566e-01
-6.748419107314193033e-01
-6.748390948243144782e-01
-6.748361214830347343e-01
-6.748329858918495905e-01
-6.748296831522732075e-01
-6.748262082834338704e-01
-6.748225562227009311e-01
-6.748187218266364917e-01
-6.748146998723009160e-01
-6.748104850589065062e-01
-6.748060720097516230e-01
-6.748014552743171190e-01
-6.747966293303492291e-01
-6.747915885857351803e-01
-6.747863273799873385e-01
-6.747808399852045502e-01
-6.747751206064821483e-01
-6.747691633818809764e-01
-6.747629623822286593e-01
-6.747565116111761130e-01
-6.747498050060458663e-01
-6.747428364400170908e-01
-6.747355997261268445e-01
-6.747280886233235631e-01
-6.747202968444823146e-01
-6.747122180658614576e-01
-6.747038459370239272e-01
-6.746951740898894379e-01
-6.746861961453735068e-01
-6.746769057161653427e-01
-6.746672964046181997e-01
-6.746573617955171631e-01
-6.746470954445785706e-01
-6.746364908647681791e-01
-6.746255415136933609e-01
-6.746142407861358548e-01
-6.746025820159552433e-01
-6.745905584908872266e-01
-6.745781634820523509e-01
-6.745653902873439689e-01
-6.745522322845979302e-01
-6.745386829870383405e-01
-6.745247360907076217e-01
-6.745103855021823414e-01
-6.744956253356106934e-01
-6.744804498714972452e-01
-6.744648534757512470e-01
-6.744488304858191619e-01
-6.744323750801044515e-01
-6.744154811555864715e-01
-6.743981422444883522e-01
-6.743803515017812167e-01
-6.743621017896100911e-01
-6.743433858714535933e-01
-6.743241967086845978e-01
-6.743045278274135690e-01
-6.742843736981530833e-01
-6.742637300502970499e-01
-6.742425940336952417e-01
-6.742209641461947012e-01
-6.741988398724634290e-01
-6.741762210260483501e-01
-6.741531068493493706e-01
-6.741294949962253202e-01
-6.741053805860856007e-01
-6.740807555606623813e-01
-6.740556085791808982e-01
-6.740299256417322527e-01
-6.740036915289102648e-01
-6.739768919933916136e-01
-6.739495164541030592e-01
-6.739215607565433031e-01
-6.738930294142495558e-01
-6.738639366807158693e-01
-6.738343058582301204e-01
-6.738041664551228660e-01
-6.737735491561525070e-01
-6.737424790399483276e-01
-6.737109679950720187e-01
-6.736790077534174914e-01
-6.736465652582961372e-01
-6.736135820974025190e-01
-6.735799793676618963e-01
-6.735456685643640418e-01
-6.735105679452418892e-01
-6.734746224496500622e-01
-6.734378238847166243e-01
-6.734002270253968137e-01
-6.733619568402978706e-01
-6.733232025380556651e-01
-6.732841957043516068e-01
-6.732451724553160100e-01
-6.732063230159583966e-01
-6.731677359303779307e-01
-6.731293474863508930e-01
-6.730909090205522416e-01
-6.730519847105965736e-01
-6.730119896155172254e-01
-6.729702718721061183e-01
-6.729262344572592980e-01
-6.728794818443004644e-01
-6.728299669428274843e-01
-6.727781061413564689e-01
-6.727248274533920158e-01
-6.726715207680371567e-01
-6.726198712266550084e-01
-6.725715765924374923e-01
-6.725279751764139391e-01
-6.724896385715760649e-01
-6.724560076560376354e-01
-6.724251646893931733e-01
-6.723938327054566066e-01
-6.723576713029126850e-01
-6.723118939760400758e-01
-6.722521692954375183e-01
-6.721756945614830725e-01
-6.720822588468681191e-01
-6.719750589450523837e-01
-6.718610139626495226e-01
-6.717503569290084187e-01
-6.716553730593168847e-01
-6.715883019637719498e-01
-6.715586097426174961e-01
-6.715700374088676705e-01
-6.716180039429914261e-01
-6.716880392690596224e-01
-6.717559010205863546e-01
-6.717898584740559231e-01
-6.717552998487577032e-01
-6.716213589578347021e-01
-6.713687232005529637e-01
-6.709972705307341023e-01
-6.705318070685282184e-01
-6.700240660673203452e-01
-6.695493915106571770e-01
-6.691972241530779186e-01
-6.690556111999115263e-01
-6.691913469806575199e-01
-6.696287914728153989e-01
-6.703316008153932248e-01
-6.711922103830268993e-01
-6.720336519347329673e-01
-6.726269850990461707e-01
-6.727252589201799804e-01
-6.721116563414344380e-01
-6.706556877481865131e-01
-6.683675960304353847e-01
-6.654383592321809759e-01
-6.622518406456963103e-01
-6.593577125668402816e-01
-6.573993318694022481e-01
-6.569994979325111117e-01
-6.586176010782109902e-01
-6.624017511693034432e-01
-6.680664431983327489e-01
-6.748281636732317290e-01
-6.814273386788272102e-01
-6.862556448592558311e-01
-6.875937338255719844e-01
-6.839458685092549839e-01
-6.744340037674907418e-01
-6.591848267099101877e-01
-6.396145523749197093e-01
-6.185008557106460580e-01
-5.997469772833257107e-01
-5.878016793029119391e-01
-5.867930091964425054e-01
-5.995323196153029555e-01
-6.266044128498008403e-01
-6.657498051280085205e-01
-7.116709427173583125e-01
-7.563009155176003695e-01
-7.895267530439740167e-01
-8.004012226415511133e-01
-7.789646444919285928e-01
-7.187744708179488740e-01
-6.199057944989612157e-01
-4.915180691777240596e-01
-3.524812291117002672e-01
-2.287403636023656039e-01
-1.474213101553990268e-01
-1.294337825254320284e-01
-1.832387586327941520e-01
-3.020017895510463957e-01
-4.650545332038492075e-01
-6.429506254835979373e-01
-8.038181734914229271e-01
-9.181872787117149048e-01
-9.609987961259852662e-01
-9.123404543490354346e-01
-7.601422184391832815e-01
-5.064309790795414878e-01
-1.740628751382246597e-01
1.929837669793124377e-01
5.400458231879677884e-01
8.181114834241635103e-01
9.950231862070606503e-01
1.055785105657515155e+00
9.965258135725260091e-01
8.210129540908344126e-01
5.440616134471661924e-01
1.975934014736904498e-01
-1.695443262286896458e-01
-5.026591628761213348e-01
-7.575548229931213795e-01
-9.110926146756618271e-01
-9.610205194714491750e-01
-9.192748292629195905e-01
-8.056882815522171670e-01
-6.452526337963507830e-01
-4.673805503595021005e-01
-3.039318158868993813e-01
-1.844218083532443708e-01
-1.296726105701797582e-01
-1.467220961358692288e-01
-2.273055253340407755e-01
-3.506464982693786037e-01
-4.896556143680366180e-01
-6.183289135675147374e-01
-7.176770286730497217e-01
-7.784082112140292553e-01
-8.003392456589946136e-01
-7.898443516003015308e-01
-7.568530770367488669e-01
-7.123118394059975156e-01
-6.663530978426380758e-01
-6.270764865395669352e-01
-5.998194820521700610e-01
-5.868825372642237914e-01
-5.877166195305700835e-01
-5.995357081805399169e-01
-6.182237449494110137e-01
-6.393307435391920590e-01
-6.589418827234112541e-01
-6.742620001670273089e-01
-6.838561234141280476e-01
-6.875812483049251744e-01
-6.863037955945148205e-01
-6.815133712406774569e-01
-6.749283520601103703e-01
-6.681601838562255535e-01
-6.624742215452742444e-01
-6.586609022296978644e-01
-6.570124275169267891e-01
-6.573861047349418563e-01
-6.593260520484330867e-01
-6.622108905674405355e-01
-6.653968123128428669e-01
-6.683323165842762759e-01
-6.706309586171237402e-01
-6.720990387202429028e-01
-6.727239472663008035e-01
-6.726344806772460716e-01
-6.720465663299410863e-01
-6.712070338313226303e-01
-6.703453153878067283e-01
-6.696392627541531972e-01
-6.691974794270600935e-01
-6.690572945097972291e-01
-6.691951264214532902e-01
-6.695446681139106682e-01
-6.700180521422052227e-01
-6.705257491880473042e-01
-6.709921341394303740e-01
-6.713650912848903030e-01
-6.716194184155747093e-01
-6.717548979311513957e-01
-6.717906038189442874e-01
-6.717572820728499039e-01
-6.716895361556783905e-01
-6.716191764168020217e-01
-6.715705794441296783e-01
-6.715583691042487091e-01
-6.715872693467099808e-01
-6.716536494893388110e-01
-6.717481098333911715e-01
-6.718584318978985115e-01
-6.719723129543625495e-01
-6.720794755062295955e-01
-6.721729426544543751e-01
-6.722494593079895164e-01
-6.723091876085455221e-01
-6.723548971257363727e-01
-6.723909039118313169e-01
-6.724219954519110587e-01
-6.724525256146935970e-01
-6.724857921937444916e-01
-6.725237358843807467e-01
-6.725669364690668450e-01
-6.726148376827219000e-01
-6.726661097643651388e-01
-6.727190567621982309e-01
-6.727719897932713522e-01
-6.728235115473585326e-01
-6.728726849971644608e-01
-6.729190850425578185e-01
-6.729627517848935092e-01
-6.730040762920154185e-01
-6.730436538509712019e-01
-6.730821369930617415e-01
-6.731201130705211089e-01
-6.731580212472371150e-01
-6.731961136677901969e-01
-6.732344570293051778e-01
-6.732729648705317871e-01
-6.733114479912787331e-01
-6.733496703076864431e-01
-6.733873995002833679e-01
-6.734244451729615166e-01
-6.734606810407559596e-01
-6.734960511612742007e-01
-6.735305629015697626e-01
-6.735642709308734544e-01
-6.735972570332457998e-01
-6.736296101143385284e-01
-6.736614097196290674e-01
-6.736927150144357279e-01
-6.737235598011086513e-01
-6.737539529990225207e-01
-6.737838832289515523e-01
-6.738133257713184721e-01
-6.738422501737743042e-01
-6.738706270780858709e-01
-6.738984333022796092e-01
-6.739256547329125491e-01
-6.739522870545477939e-01
-6.739783347005522396e-01
-6.740038086181177057e-01
-6.740287235006102717e-01
-6.740530950766265850e-01
-6.740769378972759629e-01
-6.741002638757976895e-01
-6.741230816474494958e-01
-6.741453966636986594e-01
-6.741672118314202544e-01
-6.741885284605763085e-01
-6.742093472874837179e-01
-6.742296693827478649e-01
-6.742494968171599545e-01
-6.742688330293019616e-01
-6.742876829019808227e-01
-6.743060526018824774e-01
-6.743239492638596344e-01
-6.743413806082372286e-01
-6.743583545699909365e-01
-6.743748789980889002e-01
-6.743909614577771050e-01
-6.744066091435494403e-01
-6.744218288901228098e-01
-6.744366272552388963e-01
-6.744510106422249018e-01
-6.744649854311252080e-01
-6.744785580931482727e-01
-6.744917352719551618e-01
-6.745045238247975306e-01
-6.745169308249303608e-01
-6.745289635329283495e-01
-6.745406293479730975e-01
-6.745519357509570657e-01
-6.745628902498403967e-01
-6.745735003348756198e-01
-6.745837734478757897e-01
-6.745937169663687172e-01
-6.746033382008114199e-01
-6.746126444012924273e-01
-6.746216427694317064e-01
-6.746303404713550611e-01
-6.746387446484488626e-01
-6.746468624237780265e-01
-6.746547009033092568e-01
-6.746622671721882458e-01
-6.746695682871168831e-01
-6.746766112663060699e-01
-6.746834030785719971e-01
-6.746899506329292473e-01
-6.746962607696682657e-01
-6.747023402534401137e-01
-6.747081957684373243e-01
-6.747138339154200581e-01
-6.747192612101101661e-01
-6.747244840823864998e-01
-6.747295088757485626e-01
-6.747343418466188458e-01
-6.747389891632168402e-01
-6.747434569038921470e-01
-6.747477510549532154e-01
-6.747518775081282616e-01
-6.747558420578456673e-01
-6.747596503985365812e-01
-6.747633081221274809e-01
-6.747668207158502574e-01
-6.747701935604301093e-01
-6.747734319286630145e-01
-6.747765409843438089e-01
-6.747795257814837022e-01
-6.747823912637388455e-01
-6.747851422639825625e-01
-6.747877835039598482e-01
-6.747903195939882748e-01
-6.747927550326869861e-01
-6.747950942067331148e-01
-6.747973413906607210e-01
-6.747995007467222361e-01
-6.748015763248316201e-01
-6.748035720626118783e-01
-6.748054917855558221e-01
-6.748073392073080656e-01
-6.748091179300631515e-01
-6.748108314450717016e-01
-6.748124831332477092e-01
-6.748140762658573211e-01
-6.748156140052848917e-01
-6.748170994058575456e-01
-6.748185354147222537e-01
-6.748199248727706490e-01
-6.748212705156065860e-01
-6.748225749745552227e-01
-6.748238407777109593e-01
-6.748250703510251247e-01
-6.748262660194322970e-01
-6.748274300080118193e-01
-6.748285644431840646e-01
-6.748296713539390090e-01
-6.748307526730873418e-01
-6.748318102385383321e-01
-6.748328457945902414e-01
-6.748338609932399423e-01
-6.748348573954948693e-01
-6.748358364726918524e-01
-6.748367996078152853e-01
-6.748377480968157371e-01
-6.748386831499201266e-01
-6.748396058929344576e-01
-6.748405173685356750e-01
-6.748414185375533059e-01
-6.748423102802304507e-01
-6.748431933974684549e-01
-6.748440686120512622e-01
-6.748449365698480085e-01
-6.748457978409859725e-01
-6.748466529209978804e-01
-6.748475022319384564e-01
-6.748483461234668912e-01
-6.748491848738951138e-01
-6.748500186912006482e-01
-6.748508477139962825e-01
-6.748516720124634327e-01
-6.748524915892419873e-01
-6.748533063802792942e-01
-6.748541162556298545e-01
-6.748549210202141602e-01
-6.748557204145284594e-01
-6.748565141153060054e-01
