-6.748572315884757700e-01
-6.748580078798047666e-01
-6.748587765388029958e-01
-6.748595369966597923e-01
-6.748602886228948217e-01
-6.748610307257141283e-01
-6.748617625523202213e-01
-6.748624832891694236e-01
-6.748631920621793734e-01
-6.748638879368852317e-01
-6.748645699185463753e-01
-6.748652369522037953e-01
-6.748658879226865359e-01
-6.748665216545731704e-01
-6.748671369121004293e-01
-6.748677323990270871e-01
-6.748683067584505535e-01
-6.748688585725796107e-01
-6.748693863624611877e-01
-6.748698885876678322e-01
-6.748703636459405519e-01
-6.748708098727952409e-01
-6.748712255410885819e-01
-6.748716088605499763e-01
-6.748719579772795019e-01
-6.748722709732112301e-01
-6.748725458655491227e-01
-6.748727806061682877e-01
-6.748729730809965854e-01
-6.748731211093635940e-01
-6.748732224433312554e-01
-6.748732747670012078e-01
-6.748732756958034651e-01
-6.748732227757739954e-01
-6.748731134828178657e-01
-6.748729452219660585e-01
-6.748727153266323997e-01
-6.748724210578664895e-01
-6.748720596036178465e-01
-6.748716280780010512e-01
-6.748711235205746561e-01
-6.748705428956282004e-01
-6.748698830914812152e-01
-6.748691409197936641e-01
-6.748683131148845993e-01
-6.748673963330664716e-01
-6.748663871519925417e-01
-6.748652820700278276e-01
-6.748640775056444774e-01
-6.748627697968607730e-01
-6.748613552007346472e-01
-6.748598298929201489e-01
-6.748581899673068429e-01
-6.748564314357430316e-01
-6.748545502278538999e-01
-6.748525421909383759e-01
-6.748504030899389328e-01
-6.748481286074634600e-01
-6.748457143438317818e-01
-6.748431558171301692e-01
-6.748404484632529732e-01
-6.748375876359351544e-01
-6.748345686067888094e-01
-6.748313865653856602e-01
-6.748280366194500113e-01
-6.748245137952341155e-01
-6.748208130381609937e-01
-6.748169292138035402e-01
-6.748128571092369965e-01
-6.748085914347647929e-01
-6.748041268259414860e-01
-6.747994578457703341e-01
-6.747945789868898814e-01
-6.747894846735326135e-01
-6.747841692630606181e-01
-6.747786270469214864e-01
-6.747728522509940374e-01
-6.747668390354323309e-01
-6.747605814943004043e-01
-6.747540736554490381e-01
-6.747473094812083128e-01
-6.747402828705038047e-01
-6.747329876629027945e-01
-6.747254176448712615e-01
-6.747175665581482962e-01
-6.747094281096811530e-01
-6.747009959820856606e-01
-6.746922638431867014e-01
-6.746832253529690959e-01
-6.746738741663708128e-01
-6.746642039307988448e-01
-6.746542082780994098e-01
-6.746438808118864205e-01
-6.746332150924680970e-01
-6.746222046228744773e-01
-6.746108428403613244e-01
-6.745991231179536696e-01
-6.745870387798323931e-01
-6.745745831325178354e-01
-6.745617495109823558e-01
-6.745485313352710399e-01
-6.745349221695798869e-01
-6.745209157727222182e-01
-6.745065061274219120e-01
-6.744916874366749804e-01
-6.744764540790590956e-01
-6.744608005214316471e-01
-6.744447211963794375e-01
-6.744282103618312041e-01
-6.744112619695800115e-01
-6.743938695757638602e-01
-6.743760263273372857e-01
-6.743577250523566935e-01
-6.743389584676479087e-01
-6.743197194958026053e-01
-6.743000016569116184e-01
-6.742797994733773503e-01
-6.742591088042748648e-01
-6.742379270155300919e-01
-6.742162528994315451e-01
-6.741940862855048122e-01
-6.741714273347928499e-01
-6.741482755767191914e-01
-6.741246288224619354e-01
-6.741004821570169003e-01
-6.740758272569049581e-01
-6.740506522846873017e-01
-6.740249425617588219e-01
-6.739986821116178417e-01
-6.739718560027752048e-01
-6.739444532229065254e-01
-6.739164696167089241e-01
-6.738879102623931416e-01
-6.738587905932427180e-01
-6.738291356335055493e-01
-6.737989769385536176e-01
-6.737683472075416402e-01
-6.737372730379602714e-01
-6.737057668429816681e-01
-6.736738194486208142e-01
-6.736413952025382956e-01
-6.736084314351020730e-01
-6.735748437205578698e-01
-6.735405375551635210e-01
-6.735054258483835765e-01
-6.734694501615374751e-01
-6.734326021729460932e-01
-6.733949407211675675e-01
-6.733565993261513283e-01
-6.733177796178482222e-01
-6.732787277966655326e-01
-6.732396940940001961e-01
-6.732008789205208288e-01
-6.731623734356481092e-01
-6.731241058551317158e-01
-6.730858070069282162e-01
-6.730470085429234306e-01
-6.730070841373425594e-01
-6.729653377196940234e-01
-6.729211337014217031e-01
-6.728740533994534978e-01
-6.728240512883323365e-01
-6.727715767019597504e-01
-6.727176236960447087e-01
-6.726636761682177612e-01
-6.726115282768723169e-01
-6.725629814689583208e-01
-6.725194468868979092e-01
-6.724815114308039243e-01
-6.724485514495416316e-01
-6.724184931268953891e-01
-6.723878165862816614e-01
-6.723518768034844051e-01
-6.723055671859855531e-01
-6.722442844122652472e-01
-6.721650744602505334e-01
-6.720677634539146128e-01
-6.719558204780189392e-01
-6.718366813169821539e-01
-6.717212978774350640e-01
-6.716227764761635299e-01
-6.715541266207051274e-01
-6.715253436885473270e-01
-6.715402626800555108e-01
-6.715938025885535012e-01
-6.716703225241632547e-01
-6.717437852616877647e-01
-6.717802390107003863e-01
-6.717427763298911003e-01
-6.715986360743414485e-01
-6.713275438874276579e-01
-6.709298392187705851e-01
-6.704325392541066186e-01
-6.698913777636608113e-01
-6.693871452499652319e-01
-6.690154073170198057e-01
-6.688698642579323783e-01
-6.690210991005076657e-01
-6.694939958822727633e-01
-6.702483667140405332e-01
-6.711679550113734960e-01
-6.720626828124693919e-01
-6.726875991918407349e-01
-6.727794469055974336e-01
-6.721082737853797395e-01
-6.705374725935259184e-01
-6.680816847309075657e-01
-6.649490541508336072e-01
-6.615534605634997289e-01
-6.584846468814946618e-01
-6.564301866722777046e-01
-6.560526915297534289e-01
-6.578370090004952431e-01
-6.619328655198803979e-01
-6.680256445166222745e-01
-6.752696698246085649e-01
-6.823138436589449851e-01
-6.874394236412600945e-01
-6.888150134040900152e-01
-6.848543680425519531e-01
-6.746371836031851421e-01
-6.583217493619326621e-01
-6.374469683369299311e-01
-6.150043208444748721e-01
-5.951777607567869666e-01
-5.827143928681015606e-01
-5.819922502112564455e-01
-5.959578525672247773e-01
-6.251674084585694402e-01
-6.671492961000637933e-01
-7.162195314593901019e-01
-7.637785197111690572e-01
-7.990712032166655820e-01
-8.104501931388083946e-01
-7.872930598691393334e-01
-7.227092368042904447e-01
-6.167972783770820921e-01
-4.794513093691789019e-01
-3.310290613446322250e-01
-1.994194959324283034e-01
-1.135679115182864490e-01
-9.546982700246867126e-02
-1.535677256013514846e-01
-2.798981236739246925e-01
-4.519082975362872512e-01
-6.381266717193466720e-01
-8.051523687534805074e-01
-9.228437447118716941e-01
-9.662801655949609936e-01
-9.161916884736479583e-01
-7.613534106432620074e-01
-5.046745765229664338e-01
-1.698217943701500754e-01
1.986653905406533249e-01
5.460119736735452589e-01
8.235716579277735372e-01
9.998047076968806790e-01
1.060253876040026633e+00
1.001258449912437509e+00
8.263836061822087409e-01
5.499139187006595320e-01
2.031586243045052365e-01
-1.654011695955359129e-01
-5.009688620771265422e-01
-7.587981527221343558e-01
-9.149501418557544064e-01
-9.662972874772439713e-01
-9.239332531058066511e-01
-8.070458490412272257e-01
-6.404802761522584431e-01
-4.543092585940604056e-01
-2.819106425594370413e-01
-1.548195752911069589e-01
-9.574466011633654683e-02
-1.128613674153983587e-01
-1.979353092858464891e-01
-3.291153898284056578e-01
-4.774991153330275795e-01
-6.151382489653729468e-01
-7.215498127821051710e-01
-7.866998038754521305e-01
-8.103754160525040717e-01
-7.993954103030835867e-01
-7.643507742235058355e-01
-7.168879592413658353e-01
-6.677819290683010278e-01
-6.256657851765127232e-01
-5.962646270726512654e-01
-5.820926282678278163e-01
-5.826311161866626342e-01
-5.949605141585677659e-01
-6.147159065528940980e-01
-6.371494272740715337e-01
-6.580653573082206886e-01
-6.744540784105363951e-01
-6.847570634646490406e-01
-6.887988490128811314e-01
-6.874874170909412996e-01
-6.824024127552930086e-01
-6.753740301381625510e-01
-6.681241153345246486e-01
-6.620096952469023410e-01
-6.578836291576198869e-01
-6.560675410409787522e-01
-6.564174258026328479e-01
-6.584521941368847164e-01
-6.615108197472043816e-01
-6.649053477202723217e-01
-6.680441902033180668e-01
-6.705108052711767908e-01
-6.720942105447849091e-01
-6.727772726228643529e-01
-6.726947940331985398e-01
-6.720757540822943632e-01
-6.711832404449957767e-01
-6.702626822932481465e-01
-6.695050565824403055e-01
-6.690276945283928356e-01
-6.688718152914752135e-01
-6.690133600627983235e-01
-6.693822731601356546e-01
-6.698850624695269484e-01
-6.704260886234026939e-01
-6.709242817964941041e-01
-6.713235171238917109e-01
-6.715963658951664694e-01
-6.717421306896254052e-01
-6.717808295412850406e-01
-6.717450889512611711e-01
-6.716717984155481380e-01
-6.715949850291934586e-01
-6.715408207833737375e-01
-6.715251046684976854e-01
-6.715530672423772884e-01
-6.716209912563559925e-01
-6.717189546303411474e-01
-6.718339743849955914e-01
-6.719529300514387460e-01
-6.720648264658493076e-01
-6.721621693554314936e-01
-6.722414292298665162e-01
-6.723027282760282164e-01
-6.723489843059085036e-01
-6.723847825323637784e-01
-6.724152285119779915e-01
-6.724449796207218055e-01
-6.724775763523117567e-01
-6.725151160339956080e-01
-6.725582440653720129e-01
-6.726063902187203736e-01
-6.726581532382347461e-01
-6.727117346033433254e-01
-6.727653371694169993e-01
-6.728174699592730512e-01
-6.728671298543136281e-01
-6.729138584517960764e-01
-6.729576937405162829e-01
-6.729990493340642921e-01
-6.730385585256057901e-01
-6.730769176305952950e-01
-6.731147551458472877e-01
-6.731525427112703408e-01
-6.731905530952475569e-01
-6.732288612980077414e-01
-6.732673785304841285e-01
-6.733059056923972330e-01
-6.733441928207642979e-01
-6.733819931375824019e-01
-6.734191038903166726e-01
-6.734553902225641764e-01
-6.734907920430024397e-01
-6.735253167243251404e-01
-6.735590221817188139e-01
-6.735919954316951230e-01
-6.736243312970989772e-01
-6.736561148067259364e-01
-6.736874093857859735e-01
-6.737182514688974111e-01
-6.737486509394818857e-01
-6.737785959593348695e-01
-6.738080603502197841e-01
-6.738370116905401108e-01
-6.738654185998833590e-01
-6.738932561781821873e-01
-6.739205091182084439e-01
-6.739471725136972902e-01
-6.739732507672953066e-01
-6.739987552270043647e-01
-6.740237012460025268e-01
-6.740481052946327711e-01
-6.740719825970490353e-01
-6.740953455659339788e-01
-6.741182031103495342e-01
-6.741405607273291967e-01
-6.741624211769705610e-01
-6.741837854896232107e-01
-6.742046540568614743e-01
-6.742250276020967936e-01
-6.742449078947824193e-01
-6.742642981471990149e-01
-6.742832031004798443e-01
-6.743016288572113437e-01
-6.743195825470866822e-01
-6.743370719198391594e-01
-6.743541049497751017e-01
-6.743706895144567781e-01
-6.743868331829113716e-01
-6.744025431220053157e-01
-6.744178261077243830e-01
-6.744326886135699750e-01
-6.744471369418600926e-01
-6.744611773645630137e-01
-6.744748162465510344e-01
-6.744880601335282444e-01
-6.745009157970074387e-01
-6.745133902377684620e-01
-6.745254906558905139e-01
-6.745372243991868411e-01
-6.745485989027424356e-01
-6.745596216307722104e-01
-6.745703000290059759e-01
-6.745806414921207139e-01
-6.745906533471562883e-01
-6.746003428509703692e-01
-6.746097171979035245e-01
-6.746187835330401672e-01
-6.746275489666168079e-01
-6.746360205860263415e-01
-6.746442054631273111e-01
-6.746521106559325576e-01
-6.746597432049433740e-01
-6.746671101252585956e-01
-6.746742183960612316e-01
-6.746810749491707337e-01
-6.746876866581361654e-01
-6.746940603289290905e-01
-6.747002026928030638e-01
-6.747061204014104252e-01
-6.747118200238990671e-01
-6.747173080454661465e-01
-6.747225908667544569e-01
-6.747276748035101468e-01
-6.747325660860351570e-01
-6.747372708581498291e-01
-6.747417951755507737e-01
-6.747461450036048580e-01
-6.747503262147327430e-01
-6.747543445855894717e-01
-6.747582057942640432e-01
-6.747619154176807132e-01
-6.747654789293394684e-01
-6.747689016974567355e-01
-6.747721889835155418e-01
-6.747753459411871546e-01
-6.747783776155454882e-01
-6.747812889424971150e-01
-6.747840847483483895e-01
-6.747867697494474015e-01
-6.747893485518599022e-01
-6.747918256510636592e-01
-6.747942054316654614e-01
-6.747964921671544269e-01
-6.747986900197138205e-01
-6.748008030401186907e-01
-6.748028351677397563e-01
-6.748047902306623103e-01
-6.748066719459286933e-01
-6.748084839199024465e-01
-6.748102296487403784e-01
-6.748119125189661061e-01
-6.748135358081270851e-01
-6.748151026855230272e-01
-6.748166162129949353e-01
-6.748180793457654314e-01
-6.748194949333249371e-01
-6.748208657203594862e-01
-6.748221943477215046e-01
-6.748234833534402233e-01
-6.748247351737691746e-01
-6.748259521442776521e-01
-6.748271365009761436e-01
-6.748282903814780687e-01
-6.748294158261923803e-01
-6.748305147795436998e-01
-6.748315890912127690e-01
-6.748326405173996623e-01
-6.748336707220959907e-01
-6.748346812783655446e-01
-6.748356736696351499e-01
-6.748366492909799730e-01
-6.748376094504123790e-01
-6.748385553701624628e-01
-6.748394881879551388e-01
-6.748404089582734633e-01
-6.748413186536114106e-01
-6.748422181657121044e-01
-6.748431083067878422e-01
-6.748439898107204682e-01
-6.748448633342395420e-01
-6.748457294580766375e-01
-6.748465886880904430e-01
-6.748474414563617740e-01
-6.748482881222591656e-01
-6.748491289734698251e-01
-6.748499642269925047e-01
-6.748507940300946251e-01
-6.748516184612304292e-01
-6.748524375309166157e-01
-6.748532511825678926e-01
-6.748540592932867899e-01
-6.748548616746101736e-01
-6.748556580732097965e-01
-6.748564481715464414e-01
