-6.748571074125878644e-01
-6.748578761076657884e-01
-6.748586362137526384e-01
-6.748593871681760614e-01
-6.748601283458571798e-01
-6.748608590596656409e-01
-6.748615785607259276e-01
-6.748622860386767064e-01
-6.748629806218794380e-01
-6.748636613775806925e-01
-6.748643273120236152e-01
-6.748649773705120980e-01
-6.748656104374290976e-01
-6.748662253362038843e-01
-6.748668208292364357e-01
-6.748673956177764222e-01
-6.748679483417560077e-01
-6.748684775795792401e-01
-6.748689818478689206e-01
-6.748694596011732827e-01
-6.748699092316317039e-01
-6.748703290686058898e-01
-6.748707173782693136e-01
-6.748710723631700104e-01
-6.748713921617536249e-01
-6.748716748478582605e-01
-6.748719184301821272e-01
-6.748721208517202141e-01
-6.748722799891782032e-01
-6.748723936523609579e-01
-6.748724595835372542e-01
-6.748724754567873019e-01
-6.748724388773338356e-01
-6.748723473808573292e-01
-6.748721984328012180e-01
-6.748719894276737907e-01
-6.748717176883451963e-01
-6.748713804653513337e-01
-6.748709749361999632e-01
-6.748704982046881407e-01
-6.748699473002310878e-01
-6.748693191772019428e-01
-6.748686107142843893e-01
-6.748678187138386075e-01
-6.748669399012765524e-01
-6.748659709244462235e-01
-6.748649083530355863e-01
-6.748637486779903716e-01
-6.748624883109628492e-01
-6.748611235837979061e-01
-6.748596507480754125e-01
-6.748580659747203114e-01
-6.748563653536960860e-01
-6.748545448937898206e-01
-6.748526005224934066e-01
-6.748505280859760092e-01
-6.748483233491291422e-01
-6.748459819956651451e-01
-6.748434996282390852e-01
-6.748408717685648872e-01
-6.748380938575111454e-01
-6.748351612551648504e-01
-6.748320692408893429e-01
-6.748288130134154628e-01
-6.748253876910341731e-01
-6.748217883119810301e-01
-6.748180098351070910e-01
-6.748140471409126429e-01
-6.748098950329975976e-01
-6.748055482399174521e-01
-6.748010014173752014e-01
-6.747962491505958837e-01
-6.747912859566815857e-01
-6.747861062866976622e-01
-6.747807045272572468e-01
-6.747750750014284149e-01
-6.747692119689254753e-01
-6.747631096257040717e-01
-6.747567621032820595e-01
-6.747501634683094052e-01
-6.747433077230290399e-01
-6.747361888073187819e-01
-6.747288006028986374e-01
-6.747211369400097913e-01
-6.747131916064696977e-01
-6.747049583584686649e-01
-6.746964309319434250e-01
-6.746876030528841106e-01
-6.746784684447082459e-01
-6.746690208309272796e-01
-6.746592539318532200e-01
-6.746491614550574889e-01
-6.746387370806062878e-01
-6.746279744436073367e-01
-6.746168671180026166e-01
-6.746054086065195188e-01
-6.745935923418830971e-01
-6.745814117035210389e-01
-6.745688600519091915e-01
-6.745559307795205850e-01
-6.745426173733909403e-01
-6.745289134802480158e-01
-6.745148129618219190e-01
-6.745003099263324753e-01
-6.744853987230974290e-01
-6.744700738913294025e-01
-6.744543300615460923e-01
-6.744381618179788873e-01
-6.744215635415449217e-01
-6.744045292632750987e-01
-6.743870525649925396e-01
-6.743691265649828237e-01
-6.743507440193228231e-01
-6.743318975535411708e-01
-6.743125800151341664e-01
-6.742927849079868308e-01
-6.742725068397554811e-01
-6.742517418892356451e-01
-6.742304877897541404e-01
-6.742087438331028082e-01
-6.741865104306242751e-01
-6.741637883239105511e-01
-6.741405775122510935e-01
-6.741168760467606269e-01
-6.740926789164215505e-01
-6.740679773001142516e-01
-6.740427584623424062e-01
-6.740170065140271838e-01
-6.739907041374899599e-01
-6.739638351931731552e-01
-6.739363879064992346e-01
-6.739083581131447565e-01
-6.738797518680009757e-01
-6.738505866496729002e-01
-6.738208904651544762e-01
-6.737906984071714289e-01
-6.737600466387795306e-01
-6.737289643367629921e-01
-6.736974647361794188e-01
-6.736655369652788661e-01
-6.736331407032882801e-01
-6.736002056953698247e-01
-6.735666377144974293e-01
-6.735323316300134699e-01
-6.734971908829298082e-01
-6.734611510457634287e-01
-6.734242035358675160e-01
-6.733864143133591051e-01
-6.733479319133001129e-01
-6.733089797739387761e-01
-6.732698297286083822e-01
-6.732307567052377983e-01
-6.731919788150413364e-01
-6.731535914956969791e-01
-6.731155083249605875e-01
-6.730774235075915879e-01
-6.730388108597096242e-01
-6.729989706259387194e-01
-6.729571284212597648e-01
-6.729125804524143106e-01
-6.728648672241313022e-01
-6.728139462437546792e-01
-6.727603254502834140e-01
-6.727051160275671071e-01
-6.726499683372434424e-01
-6.725968692954984451e-01
-6.725478033158817093e-01
-6.725043095268511406e-01
-6.724670006950326240e-01
-6.724351376059569674e-01
-6.724063690170931640e-01
-6.723767444793153913e-01
-6.723410801131211034e-01
-6.722937043761635367e-01
-6.722295357326688592e-01
-6.721453566701800497e-01
-6.720410641153018450e-01
-6.719206144379084034e-01
-6.717923623958649282e-01
-6.716685348840947256e-01
-6.715636915305311927e-01
-6.714922017624401773e-01
-6.714649929473018863e-01
-6.714860613222511931e-01
-6.715494381465020313e-01
-6.716374129515395586e-01
-6.717207828357872890e-01
-6.717616862244685239e-01
-6.717191839268731313e-01
-6.715571994579060400e-01
-6.712537963342400937e-01
-6.708101645178011774e-01
-6.702572531052554128e-01
-6.696578722241174342e-01
-6.691024217177031774e-01
-6.686972540105740048e-01
-6.685460104245094515e-01
-6.687259264743596887e-01
-6.692628016475328234e-01
-6.701097053551423599e-01
-6.711351556633787796e-01
-6.721261345592508540e-01
-6.728096998701477149e-01
-6.728941091251022799e-01
-6.721264854626802787e-01
-6.703595690001606933e-01
-6.676157226910879317e-01
-6.641331098071373562e-01
-6.603780646643031549e-01
-6.570103325177479858e-01
-6.547947300974362728e-01
-6.544634673922496981e-01
-6.565460705728780599e-01
-6.611956117301981406e-01
-6.680476069120218074e-01
-6.761492796148834694e-01
-6.839914439032586113e-01
-6.896640575739513279e-01
-6.911406382247748947e-01
-6.866758341121980136e-01
-6.752725583645715624e-01
-6.571397485870642541e-01
-6.340254999523939894e-01
-6.092903741826107833e-01
-5.876060411333519085e-01
-5.742404223550507947e-01
-5.740105610549093296e-01
-5.901048399054352744e-01
-6.230400688258250774e-01
-6.699906474232435460e-01
-7.246192978287235853e-01
-7.774170070134548416e-01
-8.165150256537755391e-01
-8.290204867607594563e-01
-8.030875789015939903e-01
-7.309403120917070673e-01
-6.126139462209321263e-01
-4.592353080338962834e-01
-2.938029446981637594e-01
-1.477255225604420519e-01
-5.328300573098422588e-02
-3.450948967500887948e-02
-9.991708010801840512e-02
-2.396112156127769566e-01
-4.277121777833339245e-01
-6.291168738954460160e-01
-8.076596436294575243e-01
-9.319812740229792558e-01
-9.774000333927601591e-01
-9.257438658077769000e-01
-7.671540475253980640e-01
-5.058770205015040711e-01
-1.667795802389805682e-01
2.047043400175359296e-01
5.534663338302084901e-01
8.311784253745090334e-01
1.007023494944088382e+00
1.067228414263870162e+00
1.008408990923246096e+00
8.338649274051457283e-01
5.572075779655388805e-01
2.090312227307425108e-01
-1.625016956040307992e-01
-5.022709401256628681e-01
-7.646511122426542517e-01
-9.245183129209542106e-01
-9.774190733291060473e-01
-9.330858456979883586e-01
-8.096048490225739025e-01
-6.315689163552495877e-01
-4.302484014211276353e-01
-2.417676228257803206e-01
-1.012849039518099459e-01
-3.484065141084267264e-02
-5.255679447704506707e-02
-1.461498128458327550e-01
-2.917489039325640854e-01
-4.571273582452071160e-01
-6.108156612215562831e-01
-7.296789631947714350e-01
-8.024367852962885905e-01
-8.289289991966015680e-01
-8.168542878480306024e-01
-7.780254566305775388e-01
-7.253348227503295664e-01
-6.706721292069136586e-01
-6.235813816081073879e-01
-5.904429938388887633e-01
-5.741277051661770603e-01
-5.741590945984406114e-01
-5.873782982035009592e-01
-6.089831534712827343e-01
-6.337056353237559003e-01
-6.568619065956436964e-01
-6.750721238684359582e-01
-6.865671089951209671e-01
-6.911193504430688250e-01
-6.897125094963169056e-01
-6.840846272130504113e-01
-6.762606640903542354e-01
-6.681537826283441284e-01
-6.612793709739992476e-01
-6.565978267031622462e-01
-6.544811478603319577e-01
-6.547824679865996700e-01
-6.569764071787488335e-01
-6.603325868766332096e-01
-6.640859008182032897e-01
-6.675747140554657566e-01
-6.703298871562785033e-01
-6.721102242654741765e-01
-6.728906693957290575e-01
-6.728165043060537753e-01
-6.721395085598972363e-01
-6.711511878888168914e-01
-6.701249501586233892e-01
-6.692747439724043845e-01
-6.687331867401280494e-01
-6.685483142863392070e-01
-6.686952247941142513e-01
-6.690972698216686165e-01
-6.696510565467713727e-01
-6.702501776121692068e-01
-6.708039530421331387e-01
-6.712491657523442790e-01
-6.715544301537565985e-01
-6.717181702662524678e-01
-6.717620402473186703e-01
-6.717219616029943552e-01
-6.716388428216818474e-01
-6.715506159027605504e-01
-6.714866205217816519e-01
-6.714647323108722254e-01
-6.714910794734521016e-01
-6.715617941250285883e-01
-6.716660316952931531e-01
-6.717894564553137382e-01
-6.719174988641608559e-01
-6.720378900581053250e-01
-6.721422155663153708e-01
-6.722264556044055261e-01
-6.722906576088714115e-01
-6.723379988046669364e-01
-6.723735390699221437e-01
-6.724029463302945153e-01
-6.724314154054434889e-01
-6.724629171005065409e-01
-6.724998268679475144e-01
-6.725429070309507651e-01
-6.725915631767911407e-01
-6.726442677445362284e-01
-6.726990406688605484e-01
-6.727538930419304508e-01
-6.728071679201007571e-01
-6.728577450775539148e-01
-6.729051071410963036e-01
-6.729492884483344595e-01
-6.729907427012178367e-01
-6.730301707047602333e-01
-6.730683465332125692e-01
-6.731059717591992841e-01
-6.731435757273702691e-01
-6.731814679025229786e-01
-6.732197381524510638e-01
-6.732582937313571492e-01
-6.732969181842032302e-01
-6.733353371619839045e-01
-6.733732784857854314e-01
-6.734105177255452768e-01
-6.734469050371065801e-01
-6.734823731467036723e-01
-6.735169295658653965e-01
-6.735506380474922672e-01
-6.735835949278277113e-01
-6.736159055355748215e-01
-6.736476646235016741e-01
-6.736789431742671308e-01
-6.737097823089982507e-01
-6.737401936618647724e-01
-6.737701646456414339e-01
-6.737996665796877060e-01
-6.738286636455957934e-01
-6.738571209731143430e-01
-6.738850107026336245e-01
-6.739123154807177274e-01
-6.739390294037401752e-01
-6.739651568497845302e-01
-6.739907098904536209e-01
-6.740157050505203307e-01
-6.740401601126911890e-01
-6.740640914934992178e-01
-6.740875124968453980e-01
-6.741104325322034851e-01
-6.741328572018644438e-01
-6.741547890378888352e-01
-6.741762286116322889e-01
-6.741971757410442079e-01
-6.742176305689363547e-01
-6.742375943602718635e-01
-6.742570699493755093e-01
-6.742760618429852748e-01
-6.742945760414995604e-01
-6.743126196734809952e-01
-6.743302005475422245e-01
-6.743473267151650630e-01
-6.743640061142063269e-01
-6.743802463328891772e-01
-6.743960545044839217e-01
-6.744114373185137179e-01
-6.744264011180569618e-01
-6.744409520453999995e-01
-6.744550961990321003e-01
-6.744688397717715223e-01
-6.744821891500952793e-01
-6.744951509659615763e-01
-6.745077321024672834e-01
-6.745199396621521792e-01
-6.745317809109832030e-01
-6.745432632121093341e-01
-6.745543939618935392e-01
-6.745651805374373033e-01
-6.745756302607235355e-01
-6.745857503805290367e-01
-6.745955480700164264e-01
-6.746050304357890104e-01
-6.746142045332856885e-01
-6.746230773835473205e-01
-6.746316559873504204e-01
-6.746399473341244679e-01
-6.746479584045674827e-01
-6.746556961672303121e-01
-6.746631675703130826e-01
-6.746703795304545004e-01
-6.746773389204172577e-01
-6.746840525573239988e-01
-6.746905271926569858e-01
-6.746967695046570679e-01
-6.747027860932566234e-01
-6.747085834772231783e-01
-6.747141680929326091e-01
-6.747195462940844823e-01
-6.747247243516898418e-01
-6.747297084538096401e-01
-6.747345047047093036e-01
-6.747391191233015340e-01
-6.747435576409204216e-01
-6.747478260986038423e-01
-6.747519302441231659e-01
-6.747558757290076370e-01
-6.747596681057845824e-01
-6.747633128255805524e-01
-6.747668152361703253e-01
-6.747701805804674491e-01
-6.747734139954203458e-01
-6.747765205112261633e-01
-6.747795050507662262e-01
-6.747823724291751590e-01
-6.747851273534752892e-01
-6.747877744222244845e-01
-6.747903181251689864e-01
-6.747927628428985747e-01
-6.747951128465290438e-01
-6.747973722974390798e-01
-6.747995452470888500e-01
-6.748016356369469504e-01
-6.748036472985432521e-01
-6.748055839536459821e-01
-6.748074492145668124e-01
-6.748092465845815235e-01
-6.748109794584510324e-01
-6.748126511230270186e-01
-6.748142647579268294e-01
-6.748158234362705565e-01
-6.748173301254619671e-01
-6.748187876880138436e-01
-6.748201988824193975e-01
-6.748215663640581008e-01
-6.748228926861440380e-01
-6.748241803007150041e-01
-6.748254315596631248e-01
-6.748266487158041116e-01
-6.748278339239821566e-01
-6.748289892422085767e-01
-6.748301166328272149e-01
-6.748312179637082631e-01
-6.748322950094540751e-01
-6.748333494526235210e-01
-6.748343828849655557e-01
-6.748353968086545640e-01
-6.748363926375314792e-01
-6.748373716983434578e-01
-6.748383352319808903e-01
-6.748392843947051967e-01
-6.748402202593728472e-01
-6.748411438166436183e-01
-6.748420559761798554e-01
-6.748429575678269732e-01
-6.748438493427775242e-01
-6.748447319747130635e-01
-6.748456060609230311e-01
-6.748464721233975450e-01
-6.748473306098913271e-01
-6.748481818949584321e-01
-6.748490262809562212e-01
-6.748498639990109238e-01
-6.748506952099480038e-01
-6.748515200051899976e-01
-6.748523384076078324e-01
-6.748531503723375069e-01
-6.748539557875508077e-01
-6.748547544751867244e-01
-6.748555461916352360e-01
-6.748563306283790197e-01
