-6.748569919050541044e-01
-6.748579364891543753e-01
-6.748588891977532755e-01
-6.748598493307395030e-01
-6.748608161459321853e-01
-6.748617888594840020e-01
-6.748627666461968211e-01
-6.748637486397520702e-01
-6.748647339328555095e-01
-6.748657215772946305e-01
-6.748667105839090130e-01
-6.748676999224781925e-01
-6.748686885215231523e-01
-6.748696752680282129e-01
-6.748706590070749911e-01
-6.748716385413994212e-01
-6.748726126308650652e-01
-6.748735799918584854e-01
-6.748745392966076784e-01
-6.748754891724242366e-01
-6.748764282008717919e-01
-6.748773549168602948e-01
-6.748782678076722386e-01
-6.748791653119194933e-01
-6.748800458184320838e-01
-6.748809076650840177e-01
-6.748817491375552757e-01
-6.748825684680346271e-01
-6.748833638338646024e-01
-6.748841333561309552e-01
-6.748848750981977229e-01
-6.748855870641948806e-01
-6.748862671974596994e-01
-6.748869133789361374e-01
-6.748875234255331534e-01
-6.748880950884507124e-01
-6.748886260514743718e-01
-6.748891139292396701e-01
-6.748895562654755320e-01
-6.748899505312216940e-01
-6.748902941230301433e-01
-6.748905843611497923e-01
-6.748908184876974969e-01
-6.748909936648150865e-01
-6.748911069728216194e-01
-6.748911554083623088e-01
-6.748911358825591122e-01
-6.748910452191724252e-01
-6.748908801527796486e-01
-6.748906373269834003e-01
-6.748903132926541426e-01
-6.748899045062136670e-01
-6.748894073279706474e-01
-6.748888180205080412e-01
-6.748881327471181191e-01
-6.748873475702887870e-01
-6.748864584502310970e-01
-6.748854612434448397e-01
-6.748843517013195514e-01
-6.748831254687644998e-01
-6.748817780828870738e-01
-6.748803049717229108e-01
-6.748787014530467365e-01
-6.748769627332957821e-01
-6.748750839066378626e-01
-6.748730599542192010e-01
-6.748708857436196418e-01
-6.748685560285245799e-01
-6.748660654486091648e-01
-6.748634085296042473e-01
-6.748605796834925563e-01
-6.748575732087666035e-01
-6.748543832906770401e-01
-6.748510040014092937e-01
-6.748474293001501811e-01
-6.748436530330558236e-01
-6.748396689331855880e-01
-6.748354706205329512e-01
-6.748310516023262595e-01
-6.748264052738154328e-01
-6.748215249197588861e-01
-6.748164037167644347e-01
-6.748110347365621209e-01
-6.748054109501356868e-01
-6.747995252324880955e-01
-6.747933703676524120e-01
-6.747869390534420031e-01
-6.747802239053705131e-01
-6.747732174592475651e-01
-6.747659121721076847e-01
-6.747583004214668945e-01
-6.747503745032676914e-01
-6.747421266293326392e-01
-6.747335489255412710e-01
-6.747246334321895800e-01
-6.747153721080282329e-01
-6.747057568391815474e-01
-6.746957794535195507e-01
-6.746854317401204115e-01
-6.746747054723216674e-01
-6.746635924316930488e-01
-6.746520844293488750e-01
-6.746401733205444895e-01
-6.746278510087934110e-01
-6.746151094368996182e-01
-6.746019405643626232e-01
-6.745883363333906590e-01
-6.745742886289129991e-01
-6.745597892408936591e-01
-6.745448298392864306e-01
-6.745294019723970802e-01
-6.745134970976915945e-01
-6.744971066499203527e-01
-6.744802221449752722e-01
-6.744628353098877094e-01
-6.744449382209913857e-01
-6.744265234252554420e-01
-6.744075840159794444e-01
-6.743881136352355421e-01
-6.743681063828484978e-01
-6.743475566256211806e-01
-6.743264587198800619e-01
-6.743048066827576070e-01
-6.742825938690660825e-01
-6.742598127263250696e-01
-6.742364547054472412e-01
-6.742125103945051379e-01
-6.741879699155969297e-01
-6.741628235807796132e-01
-6.741370627467835330e-01
-6.741106807480955476e-01
-6.740836737356289410e-01
-6.740560412170456539e-01
-6.740277860977433866e-01
-6.739989140680634483e-01
-6.739694322754501421e-01
-6.739393473540734592e-01
-6.739086630424615532e-01
-6.738773777755096006e-01
-6.738454827571139782e-01
-6.738129610674554737e-01
-6.737797883031487745e-01
-6.737459350702744709e-01
-6.737113713513358526e-01
-6.736760723752612812e-01
-6.736400251904581804e-01
-6.736032347548009946e-01
-6.735657281080797976e-01
-6.735275551753573398e-01
-6.734887850358889372e-01
-6.734494971106558259e-01
-6.734097676389270148e-01
-6.733696529240886797e-01
-6.733291719523997187e-01
-6.732882918906769598e-01
-6.732469203933032498e-01
-6.732049083640950782e-01
-6.731620656755331611e-01
-6.731181903361457275e-01
-6.730731088871260148e-01
-6.730267227709780808e-01
-6.729790525961774073e-01
-6.729302702856935214e-01
-6.728807087151122968e-01
-6.728308401574206732e-01
-6.727812189101629592e-01
-6.727323897168490108e-01
-6.726847713260216688e-01
-6.726385325575426899e-01
-6.725934849499070056e-01
-6.725490196333399062e-01
-6.725041148320514139e-01
-6.724574331937006599e-01
-6.724075147492302174e-01
-6.723530527416220481e-01
-6.722932182427233672e-01
-6.722279791120064907e-01
-6.721583440383938068e-01
-6.720864579216935253e-01
-6.720154846847750107e-01
-6.719492398871874661e-01
-6.718915774915560357e-01
-6.718455885144030137e-01
-6.718127260863326899e-01
-6.717920206060268296e-01
-6.717795775519207480e-01
-6.717685470869588782e-01
-6.717497101614799959e-01
-6.717127378085380185e-01
-6.716480545700034277e-01
-6.715490889604331937e-01
-6.714145482713473889e-01
-6.712502433505397326e-01
-6.710699449840848985e-01
-6.708948065889744905e-01
-6.707510555448497058e-01
-6.706659356457241872e-01
-6.706622489093083672e-01
-6.707522430663498403e-01
-6.709319460153839731e-01
-6.711772730230954886e-01
-6.714432426191934145e-01
-6.716673707067717380e-01
-6.717777463882853572e-01
-6.717054579783472423e-01
-6.714000264345595381e-01
-6.708454719785540421e-01
-6.700737978391831939e-01
-6.691722628113154769e-01
-6.682810597656573259e-01
-6.675790762839793890e-01
-6.672573011741786964e-01
-6.674819750165014165e-01
-6.683523716855380714e-01
-6.698605870320017974e-01
-6.718622951853480130e-01
-6.740675925198108542e-01
-6.760594609817250911e-01
-6.773439628051429739e-01
-6.774311662093378539e-01
-6.759393432257376766e-01
-6.727078092007431342e-01
-6.678970024434959241e-01
-6.620498115680588658e-01
-6.560880850648682650e-01
-6.512249167021965102e-01
-6.487875474623170380e-01
-6.499658209875824877e-01
-6.555224365730905056e-01
-6.655175497904113335e-01
-6.791064911511732749e-01
-6.944642241190698284e-01
-7.088769045590662676e-01
-7.190248853934210205e-01
-7.214650319123273592e-01
-7.132976612033231634e-01
-6.929618106585092585e-01
-6.610320536501278488e-01
-6.208028140103987180e-01
-5.783892728120216820e-01
-5.421154021014661373e-01
-5.211380122818410898e-01
-5.235263872930427942e-01
-5.542524565861720598e-01
-6.136091939570142983e-01
-6.964090117129194679e-01
-7.919879796287080387e-01
-8.847424341943168624e-01
-9.549095037023470622e-01
-9.797639895463392534e-01
-9.362101365383720397e-01
-8.061904601165560402e-01
-5.852353441298918657e-01
-2.912449502824265846e-01
3.277066018110467993e-02
3.270632519242264724e-01
5.322621211054298085e-01
6.062472048443173778e-01
5.339394132392397685e-01
3.300739486377919918e-01
3.649521746557911339e-02
-2.875400716178181937e-01
-5.821778432623400112e-01
-8.041394202594345231e-01
-9.352280632906707636e-01
-9.796987330303892350e-01
-9.555059293492376149e-01
-8.857261411117978156e-01
-7.931094841668184792e-01
-6.974627661334503737e-01
-6.144433516351642810e-01
-5.547760933073019318e-01
-5.237127789879035822e-01
-5.210200701232086118e-01
-5.417715658875587037e-01
-5.779221211685441340e-01
-6.203156887695924215e-01
-6.606096096455543742e-01
-6.926585255049103607e-01
-7.131351959882936686e-01
-7.214366099106832575e-01
-7.191036119608428256e-01
-7.090251560789471164e-01
-6.946421670904064927e-01
-6.792787373473639922e-01
-6.656575805173059468e-01
-6.556147645336958263e-01
-6.500060630341005785e-01
-6.487807702593306747e-01
-6.511828006602834451e-01
-6.560255726330047610e-01
-6.619819053240074691e-01
-6.678362431980384706e-01
-6.726627355559637866e-01
-6.759139834008965897e-01
-6.774254079133047446e-01
-6.773545255069490789e-01
-6.760811603826005767e-01
-6.740946187566524417e-01
-6.718892958395392689e-01
-6.698834287985311331e-01
-6.683685341233206456e-01
-6.674905967091575576e-01
-6.672589477370473032e-01
-6.675753283600681653e-01
-6.682740271221245809e-01
-6.691641201539667572e-01
-6.700664138695934247e-01
-6.708401721147769781e-01
-6.713974983317804179e-01
-6.717057830951496111e-01
-6.717805237049843115e-01
-6.716718912499938243e-01
-6.714486746247677607e-01
-6.711828250807008178e-01
-6.709369866156358331e-01
-6.707563669753455748e-01
-6.706652915955350069e-01
-6.706679451406656334e-01
-6.707522359279790569e-01
-6.708954487219279672e-01
-6.710703586891044736e-01
-6.712507017976223622e-01
-6.714152509116976253e-01
-6.715501448720082589e-01
-6.716494843128144598e-01
-6.717144892862217942e-01
-6.717516827148990455e-01
-6.717706180104363600e-01
-6.717816261462710159e-01
-6.717939463945803436e-01
-6.718144595395698637e-01
-6.718470942281143943e-01
-6.718928510091970452e-01
-6.719503001262498998e-01
-6.720163642017403793e-01
-6.720871930972746044e-01
-6.721589668059148037e-01
-6.722285112312426092e-01
-6.722936684775964178e-01
-6.723534167436274744e-01
-6.724077770507603802e-01
-6.724575705055668706e-01
-6.725040998092338684e-01
-6.725488243863876336e-01
-6.725930837853044686e-01
-6.726379036740270934e-01
-6.726838974268630755e-01
-6.727312576847539471e-01
-6.727798188117591893e-01
-6.728291638935652852e-01
-6.728787486195986212e-01
-6.729280179148230401e-01
-6.729764978655035090e-01
-6.730238535033369329e-01
-6.730699107542955639e-01
-6.731146471161794098e-01
-6.731581597139727480e-01
-6.732006211194155876e-01
-6.732422329604865752e-01
-6.732831854246471570e-01
-6.733236279474069663e-01
-6.733636533388617229e-01
-6.734032948851773615e-01
-6.734425339410737843e-01
-6.734813143762067300e-01
-6.735195599442651559e-01
-6.735571910609680080e-01
-6.735941383753811795e-01
-6.736303516411303871e-01
-6.736658035051183990e-01
-6.737004887516105933e-01
-6.737344201616696227e-01
-6.737676224378917889e-01
-6.738001256304942954e-01
-6.738319592546376802e-01
-6.738631479038188488e-01
-6.738937087351090094e-01
-6.739236508093018330e-01
-6.739529759688034360e-01
-6.739816807564366075e-01
-6.740097588211670931e-01
-6.740372033034961463e-01
-6.740640088124794094e-01
-6.740901727619384998e-01
-6.741156959915940439e-01
-6.741405827330186895e-01
-6.741648400740226643e-01
-6.741884771221631212e-01
-6.742115040714989904e-01
-6.742339313458859396e-01
-6.742557689399194532e-01
-6.742770260185187992e-01
-6.742977107798060477e-01
-6.743178305416852591e-01
-6.743373919849300346e-01
-6.743564014752952973e-01
-6.743748653919621194e-01
-6.743927904052158251e-01
-6.744101836676774653e-01
-6.744270529057451169e-01
-6.744434064173443488e-01
-6.744592529960582450e-01
-6.744746018092137030e-01
-6.744894622587483957e-01
-6.745038438499346700e-01
-6.745177560860303734e-01
-6.745312083985665064e-01
-6.745442101149360381e-01
-6.745567704584896074e-01
-6.745688985721391973e-01
-6.745806035547032842e-01
-6.745918944996434075e-01
-6.746027805278510536e-01
-6.746132708090646357e-01
-6.746233745696401662e-01
-6.746331010871852163e-01
-6.746424596746508628e-01
-6.746514596576450584e-01
-6.746601103490085238e-01
-6.746684210242691604e-01
-6.746764009006520624e-01
-6.746840591211606952e-01
-6.746914047441168183e-01
-6.746984467375912731e-01
-6.747051939775356999e-01
-6.747116552481268181e-01
-6.747178392428538896e-01
-6.747237545651387780e-01
-6.747294097276685942e-01
-6.747348131500610080e-01
-6.747399731548874291e-01
-6.747448979623770215e-01
-6.747495956843073683e-01
-6.747540743176503319e-01
-6.747583417384810378e-01
-6.747624056965485506e-01
-6.747662738107331748e-01
-6.747699535654655412e-01
-6.747734523080414215e-01
-6.747767772466696234e-01
-6.747799354490485735e-01
-6.747829338412553168e-01
-6.747857792067728511e-01
-6.747884781855258973e-01
-6.747910372728592732e-01
-6.747934628184523165e-01
-6.747957610252057759e-01
-6.747979379481622297e-01
-6.747999994935339751e-01
-6.748019514179105505e-01
-6.748037993276914115e-01
-6.748055486787827295e-01
-6.748072047765605319e-01
-6.748087727760877508e-01
-6.748102576825658616e-01
-6.748116643519777025e-01
-6.748129974918958274e-01
-6.748142616624208667e-01
-6.748154612772246930e-01
-6.748166006046887322e-01
-6.748176837691218788e-01
-6.748187147520631202e-01
-6.748196973936700926e-01
-6.748206353941974545e-01
-6.748215323155722922e-01
-6.748223915830688924e-01
-6.748232164870775485e-01
-6.748240101849724004e-01
-6.748247757030640948e-01
-6.748255159386342683e-01
-6.748262336620396429e-01
-6.748269315188767381e-01
-6.748276120321952121e-01
-6.748282776047603848e-01
-6.748289305213461819e-01
-6.748295729510612739e-01
-6.748302069497013056e-01
-6.748308344621216648e-01
-6.748314573246271264e-01
-6.748320772673795931e-01
-6.748326959168128303e-01
-6.748333147980569713e-01
-6.748339353373637994e-01
-6.748345588645295878e-01
-6.748351866153116108e-01
-6.748358197338318876e-01
-6.748364592749631630e-01
-6.748371062066957915e-01
-6.748377614124765334e-01
-6.748384256935161529e-01
-6.748390997710649319e-01
-6.748397842886483255e-01
-6.748404798142625394e-01
-6.748411868425245874e-01
-6.748419057967753876e-01
-6.748426370311304545e-01
-6.748433808324795224e-01
-6.748441374224266598e-01
-6.748449069591728744e-01
-6.748456895393359911e-01
-6.748464851997075797e-01
-6.748472939189391617e-01
-6.748481156191630248e-01
-6.748489501675394298e-01
-6.748497973777316528e-01
-6.748506570113025349e-01
-6.748515287790370909e-01
-6.748524123421848486e-01
-6.748533073136230298e-01
-6.748542132589384623e-01
-6.748551296974258928e-01
-6.748560561030051419e-01
