-6.748571290754457053e-01
-6.748580625766711361e-01
-6.748590034487077505e-01
-6.748599509997441626e-01
-6.748609044944594570e-01
-6.748618631544227586e-01
-6.748628261584109778e-01
-6.748637926426414024e-01
-6.748647617009211341e-01
-6.748657323847112588e-01
-6.748667037031091942e-01
-6.748676746227462164e-01
-6.748686440676050502e-01
-6.748696109187526382e-01
-6.748705740139971931e-01
-6.748715321474610951e-01
-6.748724840690786264e-01
-6.748734284840155473e-01
-6.748743640520121767e-01
-6.748752893866539759e-01
-6.748762030545690793e-01
-6.748771035745559921e-01
-6.748779894166415660e-01
-6.748788590010751376e-01
-6.748797106972541648e-01
-6.748805428225896907e-01
-6.748813536413102998e-01
-6.748821413632090094e-01
-6.748829041423304309e-01
-6.748836400756086373e-01
-6.748843472014528500e-01
-6.748850234982852747e-01
-6.748856668830346406e-01
-6.748862752095887707e-01
-6.748868462672117374e-01
-6.748873777789256012e-01
-6.748878673998652822e-01
-6.748883127156045658e-01
-6.748887112404625688e-01
-6.748890604157873341e-01
-6.748893576082241053e-01
-6.748896001079682794e-01
-6.748897851270063697e-01
-6.748899097973465322e-01
-6.748899711692424308e-01
-6.748899662094188789e-01
-6.748898917992995905e-01
-6.748897447332465882e-01
-6.748895217168208172e-01
-6.748892193650699589e-01
-6.748888342008538821e-01
-6.748883626532160562e-01
-6.748878010558047036e-01
-6.748871456453445772e-01
-6.748863925601638059e-01
-6.748855378387694781e-01
-6.748845774184665247e-01
-6.748835071340140157e-01
-6.748823227163214256e-01
-6.748810197911749853e-01
-6.748795938780088877e-01
-6.748780403887313373e-01
-6.748763546266347557e-01
-6.748745317854134562e-01
-6.748725669483309764e-01
-6.748704550875666008e-01
-6.748681910637690518e-01
-6.748657696258260064e-01
-6.748631854108489980e-01
-6.748604329443360639e-01
-6.748575066404650658e-01
-6.748544008024510710e-01
-6.748511096228900774e-01
-6.748476271840293528e-01
-6.748439474579301933e-01
-6.748400643065285420e-01
-6.748359714816618560e-01
-6.748316626251883443e-01
-6.748271312693783219e-01
-6.748223708377890651e-01
-6.748173746468324463e-01
-6.748121359081982185e-01
-6.748066477322004486e-01
-6.748009031319837092e-01
-6.747948950283563230e-01
-6.747886162548710764e-01
-6.747820595626398132e-01
-6.747752176243208000e-01
-6.747680830367721594e-01
-6.747606483220401907e-01
-6.747529059266583751e-01
-6.747448482196278796e-01
-6.747364674898962411e-01
-6.747277559445445938e-01
-6.747187057091571516e-01
-6.747093088318723009e-01
-6.746995572923192297e-01
-6.746894430160191858e-01
-6.746789578938797716e-01
-6.746680938052671550e-01
-6.746568426419853326e-01
-6.746451963295457821e-01
-6.746331468416810750e-01
-6.746206862043373498e-01
-6.746078064865648205e-01
-6.745944997777975072e-01
-6.745807581538050268e-01
-6.745665736367131293e-01
-6.745519381574056617e-01
-6.745368435305926225e-01
-6.745212814532453027e-01
-6.745052435353344755e-01
-6.744887213676782345e-01
-6.744717066253074211e-01
-6.744541911968274794e-01
-6.744361673219637643e-01
-6.744176277125027985e-01
-6.743985656280087060e-01
-6.743789748787786253e-01
-6.743588497357250189e-01
-6.743381847405761631e-01
-6.743169744290112844e-01
-6.742952130016632850e-01
-6.742728939995472626e-01
-6.742500100565547161e-01
-6.742265528070719993e-01
-6.742025130171263037e-01
-6.741778809802357886e-01
-6.741526471748523486e-01
-6.741268031233202951e-01
-6.741003423310913956e-01
-6.740732611314776968e-01
-6.740455592293663756e-01
-6.740172397403889626e-01
-6.739883085697950804e-01
-6.739587730706119162e-01
-6.739286400570940749e-01
-6.738979134096600987e-01
-6.738665916640123044e-01
-6.738346660953905554e-01
-6.738021198525676603e-01
-6.737689286345498463e-01
-6.737350632188777722e-01
-6.737004938478883265e-01
-6.736651960883482948e-01
-6.736291573574958447e-01
-6.735923829343092306e-01
-6.735549000407267117e-01
-6.735167585722729999e-01
-6.734780273477626311e-01
-6.734387853579262284e-01
-6.733991083886992079e-01
-6.733590524736503546e-01
-6.733186367212653511e-01
-6.732778289439046437e-01
-6.732365379411597850e-01
-6.731946160370435583e-01
-6.731518743874521649e-01
-6.731081116381364415e-01
-6.730631538716360662e-01
-6.730169007755200106e-01
-6.729693701177580367e-01
-6.729207305813065254e-01
-6.728713124731092732e-01
-6.728215873601458563e-01
-6.727721116086682329e-01
-6.727234350054085432e-01
-6.726759834853907050e-01
-6.726299332869806191e-01
-6.725851009377493694e-01
-6.725408774316483651e-01
-6.724962339723373761e-01
-6.724498194418421226e-01
-6.724001559979753129e-01
-6.723459199413319709e-01
-6.722862727765188673e-01
-6.722211861857598780e-01
-6.721516893522969660e-01
-6.720799627807623189e-01
-6.720092136027452367e-01
-6.719432953665760433e-01
-6.718860793773947515e-01
-6.718406398620769826e-01
-6.718083728757423545e-01
-6.717882172824050091e-01
-6.717761724257883538e-01
-6.717652995229953516e-01
-6.717463445872337013e-01
-6.717090286612096284e-01
-6.716439237610831725e-01
-6.715446869699712718e-01
-6.714102857691610637e-01
-6.712467457192458076e-01
-6.710679186179229205e-01
-6.708948314863099061e-01
-6.707533480235150503e-01
-6.706701495618397901e-01
-6.706673939851360844e-01
-6.707567868671533429e-01
-6.709341284713440379e-01
-6.711756030710523957e-01
-6.714370776105080818e-01
-6.716574196239492034e-01
-6.717663095864688794e-01
-6.716962381673690086e-01
-6.713974272575673474e-01
-6.708534354164470415e-01
-6.700943945443976757e-01
-6.692043980103357104e-01
-6.683197398894833441e-01
-6.676156505725712176e-01
-6.672809219728903507e-01
-6.674822208434120219e-01
-6.683226031532111255e-01
-6.698012506766691798e-01
-6.717831658639651371e-01
-6.739879512441967480e-01
-6.760054996608906297e-01
-6.773432848547135121e-01
-6.775050363978685208e-01
-6.760941892721270552e-01
-6.729281931560712193e-01
-6.681426237514580535e-01
-6.622588340848001298e-01
-6.561880249744399540e-01
-6.511504949585126267e-01
-6.485025916309143934e-01
-6.494840929009568775e-01
-6.549209283394606951e-01
-6.649359925146839378e-01
-6.787288321027811211e-01
-6.944814116521613734e-01
-7.094348631059870236e-01
-7.201663911722369082e-01
-7.230787830983619324e-01
-7.150915317204926680e-01
-6.944785663019570343e-01
-6.617217303456045530e-01
-6.201531233526452747e-01
-5.760934056165377681e-01
-5.382319367816890132e-01
-5.161833992745262778e-01
-5.184489766175740533e-01
-5.502697576702325621e-01
-6.119341872961361339e-01
-6.979259216852905512e-01
-7.969448622722918874e-01
-8.925042960271419856e-01
-9.637850634103853897e-01
-9.869284433132301526e-01
-9.378270500074300520e-01
-7.979347656572995939e-01
-5.633585780618890482e-01
-2.539309261913951232e-01
8.454040063797869931e-02
3.898772460033868015e-01
6.016580805894427009e-01
6.778587833584830413e-01
6.036096987736276898e-01
3.933953281668104984e-01
8.891915416165771524e-02
-2.495448993083347056e-01
-5.597116725910358248e-01
-7.954648770545172942e-01
-9.366192834814847101e-01
-9.868072994397560915e-01
-9.644477693134972940e-01
-8.936230099504347546e-01
-7.982216725085343745e-01
-6.991171557839915840e-01
-6.128628576981679510e-01
-5.508339358113698569e-01
-5.186243670506633929e-01
-5.160158353403031528e-01
-5.378185156335216766e-01
-5.755557342954956690e-01
-6.196094481725569203e-01
-6.612649533591231643e-01
-6.941644827852491151e-01
-7.149376967320912879e-01
-7.230712748839184245e-01
-7.202705244410513297e-01
-7.096064125368034547e-01
-6.946761833798544838e-01
-6.789096155373981478e-01
-6.650766872364918258e-01
-6.550080318117561529e-01
-6.495159481775496513e-01
-6.484869586941438557e-01
-6.511011399701385205e-01
-6.561210696555070943e-01
-6.621895299719818828e-01
-6.680830188379381918e-01
-6.728858959528829509e-01
-6.760721823897343219e-01
-6.775023088063162335e-01
-6.773559647247029414e-01
-6.760281693754833787e-01
-6.740148841459034923e-01
-6.718093088049428285e-01
-6.698228632046625552e-01
-6.683375390683111705e-01
-6.674898946016052381e-01
-6.672820391248240890e-01
-6.676117984912431913e-01
-6.683129344096708779e-01
-6.691966668083159098e-01
-6.700874540679988556e-01
-6.708484905570781809e-01
-6.713950969760498211e-01
-6.716965898263040913e-01
-6.717689718242013663e-01
-6.716617384438445804e-01
-6.714422818248799718e-01
-6.711809514651354558e-01
-6.709390199709905911e-01
-6.707608246977885269e-01
-6.706704037505915039e-01
-6.706721582449869379e-01
-6.707545354798651882e-01
-6.708954678881546840e-01
-6.710683007411439860e-01
-6.712471424989665536e-01
-6.714108999288950219e-01
-6.715456355458498949e-01
-6.716452367057738071e-01
-6.717106619412920310e-01
-6.717482025633173537e-01
-6.717672609620404245e-01
-6.717781150760625541e-01
-6.717900372427891842e-01
-6.718099966515396204e-01
-6.718420286687849519e-01
-6.718872266491170420e-01
-6.719442193663346385e-01
-6.720099474511097570e-01
-6.720805441535233626e-01
-6.721521516608753855e-01
-6.722215524005686893e-01
-6.722865523440186841e-01
-6.723461086160108513e-01
-6.724002379531571760e-01
-6.724497707793899437e-01
-6.724960267151103288e-01
-6.725404832126530286e-01
-6.725844938349924140e-01
-6.726290915275484616e-01
-6.726748899992073261e-01
-6.727220770081868695e-01
-6.727704795143146788e-01
-6.728196733636228055e-01
-6.728691091180862838e-01
-6.729182295539847258e-01
-6.729665614128402806e-01
-6.730137722840175973e-01
-6.730596913593185349e-01
-6.731042990274552773e-01
-6.731476942276470865e-01
-6.731900500445007207e-01
-6.732315675089893814e-01
-6.732724355486598977e-01
-6.733128021881688019e-01
-6.733527590933185980e-01
-6.733923389036654550e-01
-6.734315228538179099e-01
-6.734702550913073127e-01
-6.735084598373720643e-01
-6.735460579566362460e-01
-6.735829803790327475e-01
-6.736191769073254232e-01
-6.736546200232194082e-01
-6.736893042034312051e-01
-6.737232418706141646e-01
-6.737564573977125049e-01
-6.737889805821688505e-01
-6.738208407745329698e-01
-6.738520624730566233e-01
-6.738826627737082298e-01
-6.739126506734550714e-01
-6.739420279209462628e-01
-6.739707909232072192e-01
-6.739989331539105732e-01
-6.740264475513195741e-01
-6.740533285115259954e-01
-6.740795732388291661e-01
-6.741051823754067307e-01
-6.741301599692569591e-01
-6.741545129352825017e-01
-6.741782502127260379e-01
-6.742013818257310831e-01
-6.742239180223035255e-01
-6.742458686136556523e-01
-6.742672425747514575e-01
-6.742880479097844715e-01
-6.743082917418484756e-01
-6.743279805585977726e-01
-6.743471205358598786e-01
-6.743657178664035357e-01
-6.743837790370672547e-01
-6.744013110190352212e-01
-6.744183213583925252e-01
-6.744348181733682557e-01
-6.744508100784579741e-01
-6.744663060629185747e-01
-6.744813153522783988e-01
-6.744958472777290437e-01
-6.745099111713069862e-01
-6.745235162964926534e-01
-6.745366718159112596e-01
-6.745493867913967545e-01
-6.745616702075160065e-01
-6.745735310078639912e-01
-6.745849781338281170e-01
-6.745960205574764723e-01
-6.746066673031402283e-01
-6.746169274553647233e-01
-6.746268101537149509e-01
-6.746363245769964045e-01
-6.746454799206493824e-01
-6.746542853713690668e-01
-6.746627500825789214e-01
-6.746708831534534712e-01
-6.746786936130128032e-01
-6.746861904096873586e-01
-6.746933824057793627e-01
-6.747002783756276267e-01
-6.747068870059814705e-01
-6.747132168971073929e-01
-6.747192765634161260e-01
-6.747250744327892846e-01
-6.747306188442290242e-01
-6.747359180438589066e-01
-6.747409801795990480e-01
-6.747458132950278076e-01
-6.747504253229943405e-01
-6.747548240794946084e-01
-6.747590172581976464e-01
-6.747630124258607864e-01
-6.747668170186998937e-01
-6.747704383396485595e-01
-6.747738835563463766e-01
-6.747771596996502419e-01
-6.747802736624599618e-01
-6.747832321986726445e-01
-6.747860419221477501e-01
-6.747887093056108565e-01
-6.747912406794900342e-01
-6.747936422307224680e-01
-6.747959200015910541e-01
-6.747980798886689113e-01
-6.748001276419385297e-01
-6.748020688641354070e-01
-6.748039090103546966e-01
-6.748056533879188690e-01
-6.748073071565064973e-01
-6.748088753285040875e-01
-6.748103627695564155e-01
-6.748117741992782914e-01
-6.748131141920934439e-01
-6.748143871781832059e-01
-6.748155974445214644e-01
-6.748167491359964298e-01
-6.748178462566152280e-01
-6.748188926707909818e-01
-6.748198921047240395e-01
-6.748208481478785714e-01
-6.748217642545574213e-01
-6.748226437455761006e-01
-6.748234898100289314e-01
-6.748243055071477814e-01
-6.748250937682397366e-01
-6.748258573986954945e-01
-6.748265990800582648e-01
-6.748273213721480701e-01
-6.748280267152276801e-01
-6.748287174322058490e-01
-6.748293957308748592e-01
-6.748300637061711571e-01
-6.748307233424639673e-01
-6.748313765158590050e-01
-6.748320249965216178e-01
-6.748326704510103635e-01
-6.748333144446193588e-01
-6.748339584437266225e-01
-6.748346038181375350e-01
-6.748352518434281855e-01
-6.748359037032733987e-01
-6.748365604917653249e-01
-6.748372232157069384e-01
-6.748378927968856633e-01
-6.748385700743155802e-01
-6.748392558064488789e-01
-6.748399506733527842e-01
-6.748406552788455137e-01
-6.748413701525894925e-01
-6.748420957521392705e-01
-6.748428324649408117e-01
-6.748435806102804912e-01
-6.748443404411796909e-01
-6.748451121462316626e-01
-6.748458958513789963e-01
-6.748466916216268041e-01
-6.748474994626959544e-01
-6.748483193226031407e-01
-6.748491510931766690e-01
-6.748499946114998593e-01
-6.748508496612791729e-01
-6.748517159741397320e-01
-6.748525932308443442e-01
-6.748534810624339242e-01
-6.748543790512897544e-01
-6.748552867321175874e-01
-6.748562035928453717e-01
