-6.748576292290077161e-01
-6.748585052317633837e-01
-6.748593840986175652e-01
-6.748602651817133813e-01
-6.748611477824949523e-01
-6.748620311520956427e-01
-6.748629144916575839e-01
-6.748637969525733693e-01
-6.748646776366584721e-01
-6.748655555962536079e-01
-6.748664298342540446e-01
-6.748672993040686352e-01
-6.748681629095084622e-01
-6.748690195046048723e-01
-6.748698678933585660e-01
-6.748707068294149680e-01
-6.748715350156752057e-01
-6.748723511038376977e-01
-6.748731536938753495e-01
-6.748739413334495785e-01
-6.748747125172626093e-01
-6.748754656863575896e-01
-6.748761992273581978e-01
-6.748769114716600681e-01
-6.748776006945671480e-01
-6.748782651143770961e-01
-6.748789028914137234e-01
-6.748795121270055875e-01
-6.748800908624136285e-01
-6.748806370777102881e-01
-6.748811486906092227e-01
-6.748816235552552723e-01
-6.748820594609862278e-01
-6.748824541310640690e-01
-6.748828052213968753e-01
-6.748831103192487468e-01
-6.748833669419442849e-01
-6.748835725355640802e-01
-6.748837244736315411e-01
-6.748838200557746303e-01
-6.748838565063617345e-01
-6.748838309731048923e-01
-6.748837405256264965e-01
-6.748835821539993507e-01
-6.748833527672764010e-01
-6.748830491920335684e-01
-6.748826681709559905e-01
-6.748822063614943190e-01
-6.748816603346141640e-01
-6.748810265736441272e-01
-6.748803014732136507e-01
-6.748794813382571478e-01
-6.748785623830413360e-01
-6.748775407301637053e-01
-6.748764124094911443e-01
-6.748751733570097500e-01
-6.748738194135980306e-01
-6.748723463237633613e-01
-6.748707497344248463e-01
-6.748690251938460616e-01
-6.748671681508241482e-01
-6.748651739542277372e-01
-6.748630378529170137e-01
-6.748607549960267127e-01
-6.748583204335111274e-01
-6.748557291167850414e-01
-6.748529758992556360e-01
-6.748500555365517517e-01
-6.748469626863170534e-01
-6.748436919075331275e-01
-6.748402376595032948e-01
-6.748365943007587076e-01
-6.748327560882696474e-01
-6.748287171773993398e-01
-6.748244716229759854e-01
-6.748200133817042756e-01
-6.748153363158699847e-01
-6.748104341980000198e-01
-6.748053007158343330e-01
-6.747999294767791367e-01
-6.747943140109752269e-01
-6.747884477723207208e-01
-6.747823241371967429e-01
-6.747759364012357874e-01
-6.747692777751341797e-01
-6.747623413810542869e-01
-6.747551202514791013e-01
-6.747476073322480339e-01
-6.747397954909151174e-01
-6.747316775304978975e-01
-6.747232462073182724e-01
-6.747144942502459886e-01
-6.747054143775841339e-01
-6.746959993074809203e-01
-6.746862417583828764e-01
-6.746761344377784075e-01
-6.746656700201606460e-01
-6.746548411183460603e-01
-6.746436402552992151e-01
-6.746320598456152506e-01
-6.746200921959616403e-01
-6.746077295315424660e-01
-6.745949640508892564e-01
-6.745817880045291703e-01
-6.745681937855260157e-01
-6.745541740132513508e-01
-6.745397215879976871e-01
-6.745248296950366873e-01
-6.745094917435289217e-01
-6.744937012382883346e-01
-6.744774515992236763e-01
-6.744607359612556641e-01
-6.744435470023848467e-01
-6.744258768546828042e-01
-6.744077171482363298e-01
-6.743890592192466338e-01
-6.743698944812649421e-01
-6.743502149171126669e-01
-6.743300136061497474e-01
-6.743092851674377108e-01
-6.742880259850578817e-01
-6.742662340965023260e-01
-6.742439086734230980e-01
-6.742210491037071707e-01
-6.741976537842978567e-01
-6.741737188367946665e-01
-6.741492370383250776e-01
-6.741241972928452286e-01
-6.740985849316158962e-01
-6.740723830155659346e-01
-6.740455746220607169e-01
-6.740181458588694330e-01
-6.739900891017882589e-01
-6.739614057556652105e-01
-6.739321077512420155e-01
-6.739022170627904096e-01
-6.738717627910029151e-01
-6.738407757932304287e-01
-6.738092814068911141e-01
-6.737772914069040109e-01
-6.737447968369347784e-01
-6.737117636172978985e-01
-6.736781327353920101e-01
-6.736438262908597263e-01
-6.736087596976020331e-01
-6.735728590358590617e-01
-6.735360810989322600e-01
-6.734984323747849055e-01
-6.734599823722348111e-01
-6.734208666603703763e-01
-6.733812759673601933e-01
-6.733414297507893664e-01
-6.733015356575045018e-01
-6.732617398416812504e-01
-6.732220765805753127e-01
-6.731824282337027787e-01
-6.731425075129769953e-01
-6.731018725795858693e-01
-6.730599812866612242e-01
-6.730162840634049681e-01
-6.729703462122708091e-01
-6.729219811215859659e-01
-6.728713679596181052e-01
-6.728191229603843748e-01
-6.727662944660821598e-01
-6.727142598858200095e-01
-6.726645179967426502e-01
-6.726183913731159647e-01
-6.725766782878704886e-01
-6.725393166935105249e-01
-6.725051392626264501e-01
-6.724718021727928985e-01
-6.724359566249774600e-01
-6.723936986922490755e-01
-6.723412814198398424e-01
-6.722760091052946141e-01
-6.721971679861580284e-01
-6.721067944701877295e-01
-6.720100575156059408e-01
-6.719150502832992311e-01
-6.718318569432011333e-01
-6.717708836508579084e-01
-6.717406063592405996e-01
-6.717450674347752448e-01
-6.717816118695886241e-01
-6.718394497087369910e-01
-6.718996230738798481e-01
-6.719368140067227824e-01
-6.719231446727871315e-01
-6.718337151606689206e-01
-6.716531508868310851e-01
-6.713819783129180152e-01
-6.710413240749208974e-01
-6.706743538656951831e-01
-6.703431288319559034e-01
-6.701202046065652951e-01
-6.700752995876260165e-01
-6.702585879606622887e-01
-6.706834100656394737e-01
-6.713121542783091478e-01
-6.720494535501958522e-01
-6.727464102723945683e-01
-6.732181833586012853e-01
-6.732749722325197528e-01
-6.727634372641758675e-01
-6.716123346563145358e-01
-6.698732464378923668e-01
-6.677455430925093305e-01
-6.655749619910902304e-01
-6.638180791896054478e-01
-6.629706766960077324e-01
-6.634659812043346427e-01
-6.655575389279217990e-01
-6.692090491945889008e-01
-6.740177142451726500e-01
-6.791970854321680573e-01
-6.836394916411020484e-01
-6.860672630453535925e-01
-6.852667576028135255e-01
-6.803802496804610689e-01
-6.712091386005655247e-01
-6.584609416822476691e-01
-6.438593135627992403e-01
-6.300414089439351217e-01
-6.201994488307661646e-01
-6.174834022379995790e-01
-6.242546649214102406e-01
-6.413402966175930642e-01
-6.674586452706217088e-01
-6.989616920948802381e-01
-7.299837317045707596e-01
-7.530338697175721352e-01
-7.600472202452992487e-01
-7.439011112049701557e-01
-7.003357420987664783e-01
-6.300061281795421575e-01
-5.400430274330275671e-01
-4.442277805976836413e-01
-3.610399656907400390e-01
-3.095847268101984961e-01
-3.044298112955335922e-01
-3.510417750881295595e-01
-4.433970684338324753e-01
-5.645344172136422811e-01
-6.896690558052827047e-01
-7.905415453570721063e-01
-8.396092470176692579e-01
-8.137553983587247908e-01
-6.984481856811671774e-01
-4.930041104650461636e-01
-2.151093355683207642e-01
9.984601589063822613e-02
4.077703963548758304e-01
6.703156445798551522e-01
8.661941674398098145e-01
9.931793762979959084e-01
1.061319498357477187e+00
1.082514456525873525e+00
1.061864349088675885e+00
9.943917268744807414e-01
8.682379361601458845e-01
6.732628238102916773e-01
4.114769523026315934e-01
1.039130427539132345e-01
-2.112421358092777535e-01
-4.898703045331440631e-01
-6.963912614564499171e-01
-8.128701900075482323e-01
-8.397794962662613605e-01
-7.915126723321048718e-01
-6.911112615552791327e-01
-5.660913630116010120e-01
-4.447342717678566260e-01
-3.518998951073527004e-01
-3.046709686814395579e-01
-3.092137790724056590e-01
-3.601903265652114938e-01
-4.431152008389196428e-01
-5.389029736633503820e-01
-6.290359506539927592e-01
-6.996587983280219136e-01
-7.435584896104738828e-01
-7.600110771403029153e-01
-7.532311703185390339e-01
-7.303208277385537794e-01
-6.993446817317323649e-01
-6.678080788546665314e-01
-6.416003336151306913e-01
-6.243970084167533852e-01
-6.175063581588896566e-01
-6.201228301861135828e-01
-6.298986348075643615e-01
-6.436885453998782980e-01
-6.582971346701161908e-01
-6.710784078857350288e-01
-6.802971648018146800e-01
-6.852343954455363262e-01
-6.860793146225879768e-01
-6.836835099459960263e-01
-6.792580162020319667e-01
-6.740810477679225476e-01
-6.692631684629658517e-01
-6.655950644435203456e-01
-6.634841074481624412e-01
-6.629706526550764867e-01
-6.638040957378426032e-01
-6.655527611575877689e-01
-6.677210537574539417e-01
-6.698514861379314400e-01
-6.715967186289459878e-01
-6.727555299466129179e-01
-6.732746266811131530e-01
-6.732239551707670522e-01
-6.727561087957611985e-01
-6.720607002109949546e-01
-6.713228466770140290e-01
-6.706920305567202201e-01
-6.702643371019824103e-01
-6.700780705665813075e-01
-6.701204396445581413e-01
-6.703416105797692648e-01
-6.706719845170003858e-01
-6.710389350348907600e-01
-6.713801977057097803e-01
-6.716523391674856791e-01
-6.718339641741634116e-01
-6.719243250112635346e-01
-6.719386503729759541e-01
-6.719017772240201136e-01
-6.718415942045146139e-01
-6.717834836941423138e-01
-6.717464968937747472e-01
-6.717415222919593809e-01
-6.717712999764881010e-01
-6.718318476391921257e-01
-6.719147201475126341e-01
-6.720095149237033105e-01
-6.721061303759015004e-01
-6.721964432012205171e-01
-6.722752499076555255e-01
-6.723404820752854061e-01
-6.723928286572620205e-01
-6.724349699955514126e-01
-6.724706472187110817e-01
-6.725037664550029826e-01
-6.725376843116295245e-01
-6.725747553310242877e-01
-6.726161580075485924e-01
-6.726619640935858069e-01
-6.727113823536852166e-01
-6.727630940816967664e-01
-6.728156012964717769e-01
-6.728675248468968251e-01
-6.729178129006826437e-01
-6.729658448607119814e-01
-6.730114371413393748e-01
-6.730547725423230432e-01
-6.730962829948063941e-01
-6.731365165487027680e-01
-6.731760150505621265e-01
-6.732152210526324287e-01
-6.732544232433088638e-01
-6.732937409732464573e-01
-6.733331416254747515e-01
-6.733724803689608018e-01
-6.734115503640766276e-01
-6.734501323873656187e-01
-6.734880354269686675e-01
-6.735251232527230680e-01
-6.735613255046120074e-01
-6.735966348463382491e-01
-6.736310938018539307e-01
-6.736647758813145703e-01
-6.736977655760358896e-01
-6.737301409856937262e-01
-6.737619615480132662e-01
-6.737932618992876765e-01
-6.738240515865698832e-01
-6.738543193789349184e-01
-6.738840403848400662e-01
-6.739131840774573723e-01
-6.739417215852083753e-01
-6.739696310979351734e-01
-6.739969008312204357e-01
-6.740235295551191275e-01
-6.740495251335870686e-01
-6.740749017842487811e-01
-6.740996768449487586e-01
-6.741238677498749832e-01
-6.741474897237317299e-01
-6.741705544570093522e-01
-6.741930697851389320e-01
-6.742150402026014788e-01
-6.742364679249815973e-01
-6.742573541735786824e-01
-6.742777003883352327e-01
-6.742975091544964883e-01
-6.743167847309288199e-01
-6.743355331689817600e-01
-6.743537620913454544e-01
-6.743714802496297844e-01
-6.743886969949040022e-01
-6.744054217816435326e-01
-6.744216637916125023e-01
-6.744374317212012970e-01
-6.744527337339757400e-01
-6.744675775475635904e-01
-6.744819706047719965e-01
-6.744959202738181059e-01
-6.745094340295039181e-01
-6.745225195820578890e-01
-6.745351849384453313e-01
-6.745474383979557231e-01
-6.745592884966314928e-01
-6.745707439220545165e-01
-6.745818134210747052e-01
-6.745925057193237206e-01
-6.746028294647038459e-01
-6.746127931993912696e-01
-6.746224053580832658e-01
-6.746316742854037152e-01
-6.746406082630761469e-01
-6.746492155376454525e-01
-6.746575043415173889e-01
-6.746654829031429879e-01
-6.746731594453968528e-01
-6.746805421739143771e-01
-6.746876392589055138e-01
-6.746944588145943333e-01
-6.747010088800808880e-01
-6.747072974043338833e-01
-6.747133322366273278e-01
-6.747191211223438900e-01
-6.747246717030032093e-01
-6.747299915187622288e-01
-6.747350880115278171e-01
-6.747399685271177061e-01
-6.747446403154723216e-01
-6.747491105285818858e-01
-6.747533862163802576e-01
-6.747574743212809700e-01
-6.747613816722265456e-01
-6.747651149790820924e-01
-6.747686808280238813e-01
-6.747720856782593035e-01
-6.747753358601242812e-01
-6.747784375743337559e-01
-6.747813968920094441e-01
-6.747842197550457666e-01
-6.747869119764374757e-01
-6.747894792402965303e-01
-6.747919271014426457e-01
-6.747942609845954953e-01
-6.747964861833042338e-01
-6.747986078588109615e-01
-6.748006310390542994e-01
-6.748025606179751668e-01
-6.748044013552233489e-01
-6.748061578762963864e-01
-6.748078346730626009e-01
-6.748094361045844369e-01
-6.748109663981306516e-01
-6.748124296502769903e-01
-6.748138298280146330e-01
-6.748151707698195612e-01
-6.748164561866805133e-01
-6.748176896630998511e-01
-6.748188746581134101e-01
-6.748200145063737443e-01
-6.748211124193361776e-01
-6.748221714865740850e-01
-6.748231946772330625e-01
-6.748241848416156596e-01
-6.748251447128703617e-01
-6.748260769087641719e-01
-6.748269839334999354e-01
-6.748278681795627509e-01
-6.748287319295732667e-01
-6.748295773581377555e-01
-6.748304065336999669e-01
-6.748312214203942005e-01
-6.748320238799120352e-01
-6.748328156733838235e-01
-6.748335984632837237e-01
-6.748343738153551596e-01
-6.748351432005571526e-01
-6.748359079970190910e-01
-6.748366694920004960e-01
-6.748374288838402402e-01
-6.748381872838915552e-01
-6.748389457184303941e-01
-6.748397051305405903e-01
-6.748404663819647098e-01
-6.748412302549222641e-01
-6.748419974538947264e-01
-6.748427686073776854e-01
-6.748435442695962516e-01
-6.748443249221841578e-01
-6.748451109758235589e-01
-6.748459027718434200e-01
-6.748467005837713861e-01
-6.748475046188331383e-01
-6.748483150194038993e-01
-6.748491318643983217e-01
-6.748499551706049759e-01
-6.748507848939587772e-01
-6.748516209307514613e-01
-6.748524631187822198e-01
-6.748533112384398347e-01
-6.748541650137238612e-01
-6.748550241131980876e-01
-6.748558881508771590e-01
-6.748567566870459222e-01
