-6.748573150813265142e-01
-6.748580971382251992e-01
-6.748588722730267664e-01
-6.748596399122713807e-01
-6.748603994213966395e-01
-6.748611501051018369e-01
-6.748618912076544962e-01
-6.748626219131484971e-01
-6.748633413457091335e-01
-6.748640485696451030e-01
-6.748647425895543117e-01
-6.748654223503721683e-01
-6.748660867373730277e-01
-6.748667345761218961e-01
-6.748673646323748443e-01
-6.748679756119315698e-01
-6.748685661604395536e-01
-6.748691348631545850e-01
-6.748696802446512155e-01
-6.748702007684953541e-01
-6.748706948368697889e-01
-6.748711607901621834e-01
-6.748715969065128828e-01
-6.748720014013253055e-01
-6.748723724267422508e-01
-6.748727080710864579e-01
-6.748730063582707439e-01
-6.748732652471777227e-01
-6.748734826310112123e-01
-6.748736563366196650e-01
-6.748737841237981705e-01
-6.748738636845647010e-01
-6.748738926424215911e-01
-6.748738685515993652e-01
-6.748737888962874631e-01
-6.748736510898609708e-01
-6.748734524741006879e-01
-6.748731903184149727e-01
-6.748728618190640294e-01
-6.748724640983915224e-01
-6.748719942040620756e-01
-6.748714491083137590e-01
-6.748708257072124628e-01
-6.748701208199225920e-01
-6.748693311879874202e-01
-6.748684534746159924e-01
-6.748674842639937888e-01
-6.748664200606100394e-01
-6.748652572886151280e-01
-6.748639922912225142e-01
-6.748626213301609500e-01
-6.748611405851931977e-01
-6.748595461537131301e-01
-6.748578340504258755e-01
-6.748560002071157804e-01
-6.748540404724929775e-01
-6.748519506121091194e-01
-6.748497263083229614e-01
-6.748473631602921463e-01
-6.748448566839779783e-01
-6.748422023121426472e-01
-6.748393953943457868e-01
-6.748364311969575757e-01
-6.748333049032264608e-01
-6.748300116134632320e-01
-6.748265463454065083e-01
-6.748229040348479035e-01
-6.748190795365776040e-01
-6.748150676256807756e-01
-6.748108629991796947e-01
-6.748064602779516585e-01
-6.748018540088044359e-01
-6.747970386665406162e-01
-6.747920086558176767e-01
-6.747867583126188062e-01
-6.747812819052155797e-01
-6.747755736345844024e-01
-6.747696276343990718e-01
-6.747634379708622454e-01
-6.747569986427962574e-01
-6.747503035825179740e-01
-6.747433466580443628e-01
-6.747361216770838555e-01
-6.747286223930578641e-01
-6.747208425130529763e-01
-6.747127757071885723e-01
-6.747044156184355268e-01
-6.746957558715743763e-01
-6.746867900797661743e-01
-6.746775118473213873e-01
-6.746679147676494237e-01
-6.746579924161704156e-01
-6.746477383390308002e-01
-6.746371460396849429e-01
-6.746262089665558959e-01
-6.746149205057750953e-01
-6.746032739831732128e-01
-6.745912626789868360e-01
-6.745788798570672151e-01
-6.745661188077621828e-01
-6.745529729004254849e-01
-6.745394356381595458e-01
-6.745255007046392359e-01
-6.745111619914854195e-01
-6.744964135953926965e-01
-6.744812497775394267e-01
-6.744656648838212032e-01
-6.744496532326398341e-01
-6.744332089862203894e-01
-6.744163260300233276e-01
-6.743989978906641536e-01
-6.743812177237016314e-01
-6.743629783970177538e-01
-6.743442726824454558e-01
-6.743250935484286224e-01
-6.743054345220624857e-01
-6.742852900638502955e-01
-6.742646558782369182e-01
-6.742435290733782560e-01
-6.742219080900667683e-01
-6.741997923457978548e-01
-6.741771815859385342e-01
-6.741540749958404577e-01
-6.741304701968591218e-01
-6.741063623125551629e-01
-6.740817433332232378e-01
-6.740566020114580059e-01
-6.740309244762643370e-01
-6.740046956529228694e-01
-6.739779014255097289e-01
-6.739505312963384176e-01
-6.739225811118859655e-01
-6.738940552779093540e-01
-6.738649678213647354e-01
-6.738353417128060130e-01
-6.738052060649830644e-01
-6.737745911717477609e-01
-6.737435218144250948e-01
-6.737120097738973357e-01
-6.736800469482285836e-01
-6.736476007711347247e-01
-6.736146136402187956e-01
-6.735810077063665302e-01
-6.735466956119264825e-01
-6.735115966387409392e-01
-6.734756563740974533e-01
-6.734388666511259558e-01
-6.734012814672221126e-01
-6.733630241522403637e-01
-6.733242815321374142e-01
-6.732852823861611435e-01
-6.732462601152814363e-01
-6.732074029771307755e-01
-6.731687989934369565e-01
-6.731303859720186855e-01
-6.730919191481024022e-01
-6.730529688978008629e-01
-6.730129581764187074e-01
-6.729712435620487376e-01
-6.729272354006908818e-01
-6.728805425957254949e-01
-6.728311177671147947e-01
-6.727793710195822952e-01
-6.727262177578317015e-01
-6.726730299138197200e-01
-6.726214717951647382e-01
-6.725732213373468715e-01
-6.725296029024220301e-01
-6.724911851080642711e-01
-6.724574210957664500e-01
-6.724264228707481639e-01
-6.723949598052134657e-01
-6.723587496441770783e-01
-6.723130670176261647e-01
-6.722536324763184190e-01
-6.721776723312228308e-01
-6.720849687474552692e-01
-6.719786667328969676e-01
-6.718655869637515377e-01
-6.717558254220169500e-01
-6.716615107187648981e-01
-6.715947355757606596e-01
-6.715648650790856378e-01
-6.715756222860951308e-01
-6.716225216194567915e-01
-6.716913165807841812e-01
-6.717581076597364254e-01
-6.717915885638262585e-01
-6.717575864275446840e-01
-6.716255977144756084e-01
-6.713764944851916550e-01
-6.710100676942372111e-01
-6.705507023551979806e-01
-6.700493687454693870e-01
-6.695803714747857738e-01
-6.692319821032625127e-01
-6.690911685902438677e-01
-6.692240022639263097e-01
-6.696547442959016605e-01
-6.703477875743760750e-01
-6.711972319158450162e-01
-6.720286191478150872e-01
-6.726160743217434179e-01
-6.727157684310045571e-01
-6.721133989180143598e-01
-6.706796466451140359e-01
-6.684239111774271658e-01
-6.655338827407933922e-01
-6.623876768844613183e-01
-6.595272941787404530e-01
-6.575876279155526971e-01
-6.571838612924186807e-01
-6.587705252136969447e-01
-6.624954491753193286e-01
-6.680787513186922100e-01
-6.747488903008830308e-01
-6.812638970605227051e-01
-6.860366587430609675e-01
-6.873693044116838680e-01
-6.837833747713187860e-01
-6.744087771932461006e-01
-6.593659412712918888e-01
-6.400473637763740564e-01
-6.191895908182334374e-01
-6.006420001755697902e-01
-5.887962107227771025e-01
-5.877324934335524942e-01
-6.002365562166244173e-01
-6.268991369272205461e-01
-6.655021320514092897e-01
-7.108230163273687729e-01
-7.548979270288975751e-01
-7.877373214401900414e-01
-7.985271450863442588e-01
-7.774317625734524784e-01
-7.180898404225003473e-01
-6.205672641355669539e-01
-4.938803708169360318e-01
-3.566157495813990219e-01
-2.343513830366591721e-01
-1.538712758115788615e-01
-1.358832425715552905e-01
-1.888562176142030979e-01
-3.061739675217157730e-01
-4.675280320430327818e-01
-6.438567437615198008e-01
-8.035780747752837572e-01
-9.173498015925906079e-01
-9.600864747213239125e-01
-9.117511999281666668e-01
-7.601056455102445097e-01
-5.069962337319259271e-01
-1.751117234692768365e-01
1.916823605585367407e-01
5.387375116207310244e-01
8.169548996899594906e-01
9.940392085739494510e-01
1.054877259779850585e+00
9.955521552028510079e-01
8.198752337619618080e-01
5.427772083417469196e-01
1.963163002080433039e-01
-1.705729106721596000e-01
-5.032109485728248899e-01
-7.575119415403841483e-01
-9.105024611531510326e-01
-9.601096154094338475e-01
-9.184375511950627624e-01
-8.054441828592231456e-01
-6.461491618926281655e-01
-4.698397583471241590e-01
-3.080880335221117261e-01
-1.900257681974004131e-01
-1.361147967544975024e-01
-1.531731439801088113e-01
-2.329258160381199039e-01
-3.547961445882719667e-01
-4.920353011777851560e-01
-6.190064674894818486e-01
-7.170046977976922697e-01
-7.768827961850323094e-01
-7.984679407915226124e-01
-7.880538364911848781e-01
-7.554462767856265915e-01
-7.114585558485788663e-01
-6.660996434397226107e-01
-6.273659817845145259e-01
-6.005197857053705679e-01
-5.878198133962663219e-01
-5.887107439963513711e-01
-6.004318785453762741e-01
-6.189147068556557496e-01
-6.397662887128506837e-01
-6.591256967828018620e-01
-6.742390222862257865e-01
-6.836951807782785107e-01
-6.873575959161665194e-01
-6.860848765720515274e-01
-6.813494472393236689e-01
-6.748482564517289672e-01
-6.681715459991486306e-01
-6.625670383174374622e-01
-6.588131475495835332e-01
-6.571963902137960556e-01
-6.575742926736803939e-01
-6.594957815512972887e-01
-6.623470599071158427e-01
-6.654927681182243315e-01
-6.683890794668215785e-01
-6.706553124151304335e-01
-6.721010782349793322e-01
-6.727146358892235334e-01
-6.726236341526011797e-01
-6.720415032245099507e-01
-6.712119610911112533e-01
-6.703613778051265015e-01
-6.696650922921932869e-01
-6.692300365462224843e-01
-6.690927935847760244e-01
-6.692298709738515594e-01
-6.695756762796331030e-01
-6.700434152464211923e-01
-6.705447244883132596e-01
-6.710050177208365385e-01
-6.713729438846571806e-01
-6.716237250368247702e-01
-6.717572344044371313e-01
-6.717923650651850265e-01
-6.717595034625822858e-01
-6.716928162401802904e-01
-6.716236902855310387e-01
-6.715761592511534372e-01
-6.715646225243160350e-01
-6.715937071968500760e-01
-6.716597989401679181e-01
-6.717535975721152797e-01
-6.718630303237087542e-01
-6.719759503382159993e-01
-6.720822169065843177e-01
-6.721749517207163960e-01
-6.722509519473496287e-01
-6.723103872824550686e-01
-6.723559989677422299e-01
-6.723920516764321231e-01
-6.724232721954724878e-01
-6.724539564812673786e-01
-6.724873560198948441e-01
-6.725253816221199443e-01
-6.725686005529263323e-01
-6.726164592165086997e-01
-6.726676415028219891e-01
-6.727204710452359127e-01
-6.727732796370234913e-01
-6.728246878625986360e-01
-6.728737713283450272e-01
-6.729201113094018805e-01
-6.729637483267471021e-01
-6.730050691572899701e-01
-6.730446618417177396e-01
-6.730831705583469882e-01
-6.731211748081410429e-01
-6.731591075583002182e-01
-6.731972170209631345e-01
-6.732355683158730564e-01
-6.732740754374135772e-01
-6.733125510897456367e-01
-6.733507618549371410e-01
-6.733884781903541894e-01
-6.734255120739797151e-01
-6.734617388694775775e-01
-6.734971034350518693e-01
-6.735316131413239260e-01
-6.735653220391418783e-01
-6.735983109126554291e-01
-6.736306675359103879e-01
-6.736624704059288593e-01
-6.736937778744779282e-01
-6.737246232430134096e-01
-6.737550152505122902e-01
-6.737849426106805595e-01
-6.738143808887018249e-01
-6.738433000146264451e-01
-6.738716710221051009e-01
-6.738994710617794981e-01
-6.739266862511976708e-01
-6.739533123892686994e-01
-6.739793539154985691e-01
-6.740048217000057518e-01
-6.740297303093238934e-01
-6.740540953297466942e-01
-6.740779311837336030e-01
-6.741012496897477169e-01
-6.741240594320945245e-01
-6.741463658554683880e-01
-6.741681718970566894e-01
-6.741894789225719720e-01
-6.742102877363348457e-01
-6.742305994770489974e-01
-6.742504162743773177e-01
-6.742697416109815212e-01
-6.742885803972092917e-01
-6.743069388122358010e-01
-6.743248239920668352e-01
-6.743422436516437468e-01
-6.743592057188299016e-01
-6.743757180377496496e-01
-6.743917881737585551e-01
-6.744074233276284858e-01
-6.744226303463874972e-01
-6.744374158049727397e-01
-6.744517861270459269e-01
-6.744657477142210755e-01
-6.744793070588062101e-01
-6.744924708238267952e-01
-6.745052458834558395e-01
-6.745176393252682034e-01
-6.745296584218429814e-01
-6.745413105826356670e-01
-6.745526032977855468e-01
-6.745635440841543096e-01
-6.745741404410902087e-01
-6.745843998200307112e-01
-6.745943296087781871e-01
-6.746039371286459696e-01
-6.746132296409570461e-01
-6.746222143586717568e-01
-6.746308984590845270e-01
-6.746392890943434528e-01
-6.746473933977031878e-01
-6.746552184846711375e-01
-6.746627714492843264e-01
-6.746700593565462256e-01
-6.746770892324751578e-01
-6.746838680533039367e-01
-6.746904027351701139e-01
-6.746967001252615059e-01
-6.747027669949379192e-01
-6.747086100349229953e-01
-6.747142358523092742e-01
-6.747196509689182831e-01
-6.747248618204599868e-01
-6.747298747559578036e-01
-6.747346960370282920e-01
-6.747393318367367332e-01
-6.747437882379302421e-01
-6.747480712310766071e-01
-6.747521867117385330e-01
-6.747561404778764649e-01
-6.747599382271673996e-01
-6.747635855545170980e-01
-6.747670879498816054e-01
-6.747704507964633613e-01
-6.747736793692920010e-01
-6.747767788341552109e-01
-6.747797542468151333e-01
-6.747826105524395990e-01
-6.747853525851749135e-01
-6.747879850678053515e-01
-6.747905126114579488e-01
-6.747929397153386022e-01
-6.747952707664980343e-01
-6.747975100396387260e-01
-6.747996616969869077e-01
-6.748017297882444865e-01
-6.748037182506436693e-01
-6.748056309091190474e-01
-6.748074714765933679e-01
-6.748092435543844303e-01
-6.748109506327180096e-01
-6.748125960913418098e-01
-6.748141832002234608e-01
-6.748157151203209025e-01
-6.748171949044141638e-01
-6.748186254979930965e-01
-6.748200097401866326e-01
-6.748213503647402245e-01
-6.748226500010314766e-01
-6.748239111751264119e-01
-6.748251363108754841e-01
-6.748263277310456720e-01
-6.748274876584900994e-01
-6.748286182173510728e-01
-6.748297214342947603e-01
-6.748307992397704069e-01
-6.748318534692953063e-01
-6.748328858647517636e-01
-6.748338980757018213e-01
-6.748348916607055381e-01
-6.748358680886473726e-01
-6.748368287400596799e-01
-6.748377749084477628e-01
-6.748387078016059304e-01
-6.748396285429248964e-01
-6.748405381726918506e-01
-6.748414376493737654e-01
-6.748423278508847156e-01
-6.748432095758369886e-01
-6.748440835447699904e-01
-6.748449504013557254e-01
-6.748458107135776318e-01
-6.748466649748806612e-01
-6.748475136052927148e-01
-6.748483569525113301e-01
-6.748491952929538407e-01
-6.748500288327746732e-01
-6.748508577088383475e-01
-6.748516819896566155e-01
-6.748525016762800810e-01
-6.748533167031492974e-01
-6.748541269388983466e-01
-6.748549321871137874e-01
-6.748557321870470860e-01
-6.748565266142771968e-01
