-6.748574136862669492e-01
-6.748582035229377940e-01
-6.748589873744841316e-01
-6.748597646611860235e-01
-6.748605347430044477e-01
-6.748612969199463407e-01
-6.748620504323743496e-01
-6.748627944612628493e-01
-6.748635281284020015e-01
-6.748642504965471911e-01
-6.748649605695142828e-01
-6.748656572922249186e-01
-6.748663395506944163e-01
-6.748670061719733715e-01
-6.748676559240360806e-01
-6.748682875156184480e-01
-6.748688995960056003e-01
-6.748694907547729827e-01
-6.748700595214798259e-01
-6.748706043653185382e-01
-6.748711236947185776e-01
-6.748716158569095791e-01
-6.748720791374422934e-01
-6.748725117596726664e-01
-6.748729118842071717e-01
-6.748732776083142815e-01
-6.748736069653009650e-01
-6.748738979238591007e-01
-6.748741483873795799e-01
-6.748743561932413204e-01
-6.748745191120724130e-01
-6.748746348469876200e-01
-6.748747010328097762e-01
-6.748747152352712053e-01
-6.748746749502018139e-01
-6.748745776027097465e-01
-6.748744205463557133e-01
-6.748742010623297594e-01
-6.748739163586253698e-01
-6.748735635692222345e-01
-6.748731397532738985e-01
-6.748726418943039596e-01
-6.748720668994092620e-01
-6.748714115984770778e-01
-6.748706727434058417e-01
-6.748698470073414279e-01
-6.748689309839271955e-01
-6.748679211865787897e-01
-6.748668140477870336e-01
-6.748656059184628964e-01
-6.748642930673363072e-01
-6.748628716804204730e-01
-6.748613378605499147e-01
-6.748596876270026579e-01
-6.748579169152055801e-01
-6.748560215765128101e-01
-6.748539973780557366e-01
-6.748518400026338737e-01
-6.748495450486408087e-01
-6.748471080299992542e-01
-6.748445243760952117e-01
-6.748417894317276788e-01
-6.748388984570746763e-01
-6.748358466277329937e-01
-6.748326290348699574e-01
-6.748292406855688208e-01
-6.748256765034208460e-01
-6.748219313294280264e-01
-6.748179999232364334e-01
-6.748138769646864210e-01
-6.748095570556170708e-01
-6.748050347218076395e-01
-6.748003044149014640e-01
-6.747953605141420175e-01
-6.747901973277586896e-01
-6.747848090938988186e-01
-6.747791899810940963e-01
-6.747733340883786957e-01
-6.747672354453126964e-01
-6.747608880122979436e-01
-6.747542856816665102e-01
-6.747474222800106114e-01
-6.747402915721643080e-01
-6.747328872670176336e-01
-6.747252030250554533e-01
-6.747172324671151245e-01
-6.747089691834944336e-01
-6.747004067422058826e-01
-6.746915386950325111e-01
-6.746823585801300371e-01
-6.746728599203244414e-01
-6.746630362169512285e-01
-6.746528809400615945e-01
-6.746423875168857665e-01
-6.746315493214564141e-01
-6.746203596689787085e-01
-6.746088118186344129e-01
-6.745968989878586841e-01
-6.745846143795822814e-01
-6.745719512216025171e-01
-6.745589028143634813e-01
-6.745454625804614412e-01
-6.745316241067773610e-01
-6.745173811689525456e-01
-6.745027277286435030e-01
-6.744876578969996039e-01
-6.744721658632126804e-01
-6.744562457943157341e-01
-6.744398917206335664e-01
-6.744230974289326941e-01
-6.744058563904863357e-01
-6.743881617520525174e-01
-6.743700064126760818e-01
-6.743513831975042061e-01
-6.743322851220161507e-01
-6.743127057182088935e-01
-6.742926393719129718e-01
-6.742720816022604868e-01
-6.742510292057227739e-01
-6.742294801928874204e-01
-6.742074334694391213e-01
-6.741848882539493992e-01
-6.741618432805620564e-01
-6.741382958966711803e-01
-6.741142412226773795e-01
-6.740896715787758620e-01
-6.740645763882504582e-01
-6.740389427266775257e-01
-6.740127565968085932e-01
-6.739860048741491694e-01
-6.739586777040796894e-01
-6.739307709647812672e-01
-6.739022882770938638e-01
-6.738732419822754949e-01
-6.738436525570917768e-01
-6.738135461155010386e-01
-6.737829499582588255e-01
-6.737518865481141317e-01
-6.737203667494774395e-01
-6.736883835899776241e-01
-6.736559080721830073e-01
-6.736228885821645695e-01
-6.735892551260741490e-01
-6.735549289434683562e-01
-6.735198370340840235e-01
-6.734839299144750324e-01
-6.734471996964263019e-01
-6.734096946179073395e-01
-6.733715257510827223e-01
-6.733328620194724001e-01
-6.732939110371397584e-01
-6.732548856312194907e-01
-6.732159590054119791e-01
-6.731772148951830070e-01
-6.731386021012848442e-01
-6.730999046916527062e-01
-6.730607391694981567e-01
-6.730205874374792785e-01
-6.729788692304200515e-01
-6.729350501532156414e-01
-6.728887724737819820e-01
-6.728399869117973608e-01
-6.727890568101762003e-01
-6.727368034075993375e-01
-6.726844643079705754e-01
-6.726335477675257080e-01
-6.725855829598657021e-01
-6.725417892200272751e-01
-6.725027120122198943e-01
-6.724678951633409341e-01
-6.724356720825158673e-01
-6.724031577424627315e-01
-6.723665040543165272e-01
-6.723214425935142291e-01
-6.722640829668586893e-01
-6.721918694707154085e-01
-6.721045344155297530e-01
-6.720048380819856337e-01
-6.718988681855114775e-01
-6.717956992666117566e-01
-6.717062921472554127e-01
-6.716416438388711496e-01
-6.716103657229579582e-01
-6.716160468673824102e-01
-6.716549141700388637e-01
-6.717143904734493853e-01
-6.717731368134783887e-01
-6.718030176435552114e-01
-6.717731405865304817e-01
-6.716557151339496157e-01
-6.714329996088614916e-01
-6.711041450912154094e-01
-6.706904041308084929e-01
-6.702370635914319807e-01
-6.698106820467537581e-01
-6.694908164361044189e-01
-6.693563925625944933e-01
-6.694681014174532763e-01
-6.698494883552769119e-01
-6.704704755693425833e-01
-6.712376268507238564e-01
-6.719952688866570600e-01
-6.725404601165694274e-01
-6.726527199755292230e-01
-6.721365409959780823e-01
-6.708713371155622385e-01
-6.688601744100709512e-01
-6.662661309322850389e-01
-6.634243267298161051e-01
-6.608194019111334194e-01
-6.590230022238063867e-01
-6.585934545312348565e-01
-6.599491391284570962e-01
-6.632361196488677502e-01
-6.682170839040559862e-01
-6.742107236569814255e-01
-6.801075046908725552e-01
-6.844795602093568521e-01
-6.857897910894860116e-01
-6.826883497135726175e-01
-6.743631783655446021e-01
-6.608858568279432077e-01
-6.434693267305515718e-01
-6.245407995061996731e-01
-6.075458810514616781e-01
-5.964487957207945668e-01
-5.949734607531886876e-01
-6.057161228427374589e-01
-6.293164442881673537e-01
-6.638733872712889728e-01
-7.047360181824130487e-01
-7.447218878453039093e-01
-7.747696973440071355e-01
-7.850529567496961070e-01
-7.666357506912326869e-01
-7.137192348428051947e-01
-6.262540023561069535e-01
-5.121614269447862799e-01
-3.879225553305322149e-01
-2.764176290173203099e-01
-2.019359427025591014e-01
-1.837319003439163156e-01
-2.303753995940216737e-01
-3.369022831010154428e-01
-4.856907242207370579e-01
-6.505351268708287060e-01
-8.020048506447429171e-01
-9.117137037556826140e-01
-9.543864956992625936e-01
-9.090344561086477482e-01
-7.620825492221749986e-01
-5.138897997716771471e-01
-1.857451729215310599e-01
1.794003147987220104e-01
5.269360766980908384e-01
8.069165382794738495e-01
9.857860600105551319e-01
1.047382751471882756e+00
9.873874869144850797e-01
8.099981130776551241e-01
5.311789539526288184e-01
1.842389175404868795e-01
-1.810382032383779927e-01
-5.099955339092133721e-01
-7.594409278576106370e-01
-9.077831853289390907e-01
-9.544264670434957631e-01
-9.128088689208496698e-01
-8.038451220430927746e-01
-6.527572539184320899e-01
-4.878942256008506617e-01
-3.386933748155399049e-01
-2.314392206206455360e-01
-1.839045386110782776e-01
-2.012429329209577122e-01
-2.750607735076184279e-01
-3.862180029969390915e-01
-5.104505481001527789e-01
-6.248191559909922477e-01
-7.127321725744966141e-01
-7.661480532817837030e-01
-7.850183802215626727e-01
-7.750800360964820168e-01
-7.452417290929177485e-01
-7.053299650964288681e-01
-6.644252145698115175e-01
-6.297414705268079560e-01
-6.059675307456762194e-01
-5.950425729806452235e-01
-5.963595141279629530e-01
-6.073445032379197750e-01
-6.242835131198338772e-01
-6.432101625283542790e-01
-6.606674828446360559e-01
-6.742118461930829421e-01
-6.826130533571508341e-01
-6.857847409708776043e-01
-6.845286328147353050e-01
-6.801893501843466749e-01
-6.743035025346880706e-01
-6.683021691816827259e-01
-6.633004359023263463e-01
-6.599860830905401876e-01
-6.586025563756475742e-01
-6.590086434123402226e-01
-6.607889955025856299e-01
-6.633863794957597371e-01
-6.662285457340486605e-01
-6.688290356052812857e-01
-6.708502830792173466e-01
-6.721266992602171753e-01
-6.726530862031895319e-01
-6.725485525286544197e-01
-6.720078825859058247e-01
-6.712515374628784670e-01
-6.704829856811900246e-01
-6.698587611005095699e-01
-6.694732735274041557e-01
-6.693574975250738968e-01
-6.694885732696818081e-01
-6.698062154967197035e-01
-6.702316186087299288e-01
-6.706851045252814059e-01
-6.710998275712133365e-01
-6.714301344975102115e-01
-6.716544076462662716e-01
-6.717731941426949849e-01
-6.718040343018909510e-01
-6.717746292468759206e-01
-6.717158837679444439e-01
-6.716560223923548900e-01
-6.716165170542407470e-01
-6.716100891530837336e-01
-6.716406400568480928e-01
-6.717046746282915315e-01
-6.717936327507066929e-01
-6.718965268805412450e-01
-6.720023717158917220e-01
-6.721020461973425952e-01
-6.721894070567523416e-01
-6.722616410420980682e-01
-6.723189739906157980e-01
-6.723639355556638719e-01
-6.724004067732765044e-01
-6.724326612058242336e-01
-6.724645623654015303e-01
-6.724990159497636899e-01
-6.725377096607709770e-01
-6.725811174294699102e-01
-6.726287058465753033e-01
-6.726792611055788518e-01
-6.727312535371042790e-01
-6.727831698055839471e-01
-6.728337645600328543e-01
-6.728822080954839358e-01
-6.729281295163027643e-01
-6.729715725659300984e-01
-6.730128919538943544e-01
-6.730526215110614885e-01
-6.730913429219104183e-01
-6.731295769719672917e-01
-6.731677103413690189e-01
-6.732059619583523613e-01
-6.732443853404513900e-01
-6.732828981371330457e-01
-6.733213275680053345e-01
-6.733594604198961386e-01
-6.733970881479252046e-01
-6.734340406569961912e-01
-6.734702057427296440e-01
-6.735055342858323746e-01
-6.735400336648195152e-01
-6.735737532541525852e-01
-6.736067662991467309e-01
-6.736391520627862395e-01
-6.736709811815383420e-01
-6.737023059399013247e-01
-6.737331559461608999e-01
-6.737635386709682761e-01
-6.737934436191707066e-01
-6.738228485828038350e-01
-6.738517264371226556e-01
-6.738800512107897545e-01
-6.739078025807437866e-01
-6.739349684060885748e-01
-6.739615453351777141e-01
-6.739875378356505742e-01
-6.740129561798887670e-01
-6.740378139687072112e-01
-6.740621257166566904e-01
-6.740859048889114025e-01
-6.741091626121168412e-01
-6.741319071160396525e-01
-6.741541438266924757e-01
-6.741758759408201795e-01
-6.741971052707995682e-01
-6.742178331532306945e-01
-6.742380612524729866e-01
-6.742577921477528324e-01
-6.742770296550483211e-01
-6.742957788909742511e-01
-6.743140461274970132e-01
-6.743318385098961976e-01
-6.743491637162533081e-01
-6.743660296280845623e-01
-6.743824440634358375e-01
-6.743984146011536840e-01
-6.744139485029836401e-01
-6.744290527221687981e-01
-6.744437339754130178e-01
-6.744579988499256329e-01
-6.744718539180960537e-01
-6.744853058375747112e-01
-6.744983614222685997e-01
-6.745110276780695857e-01
-6.745233118045406151e-01
-6.745352211692039468e-01
-6.745467632641108935e-01
-6.745579456550677699e-01
-6.745687759326806088e-01
-6.745792616719276102e-01
-6.745894104039741324e-01
-6.745992296010395739e-01
-6.746087266727777143e-01
-6.746179089711010768e-01
-6.746267837997190764e-01
-6.746353584247943846e-01
-6.746436400838063951e-01
-6.746516359907351879e-01
-6.746593533367689632e-01
-6.746667992866984820e-01
-6.746739809718698133e-01
-6.746809054809628226e-01
-6.746875798499508692e-01
-6.746940110524399792e-01
-6.747002059912606819e-01
-6.747061714918068942e-01
-6.747119142972256567e-01
-6.747174410652668763e-01
-6.747227583663916173e-01
-6.747278726826579920e-01
-6.747327904069141402e-01
-6.747375178419090513e-01
-6.747420611990806449e-01
-6.747464265968995401e-01
-6.747506200587863878e-01
-6.747546475107144559e-01
-6.747585147786471227e-01
-6.747622275859952445e-01
-6.747657915512388360e-01
-6.747692121858344105e-01
-6.747724948924643806e-01
-6.747756449636501674e-01
-6.747786675806992651e-01
-6.747815678129356343e-01
-6.747843506171450345e-01
-6.747870208371723466e-01
-6.747895832036175934e-01
-6.747920423335910245e-01
-6.747944027305088355e-01
-6.747966687839245248e-01
-6.747988447694092118e-01
-6.748009348484915737e-01
-6.748029430686828256e-01
-6.748048733635980678e-01
-6.748067295531875454e-01
-6.748085153440872563e-01
-6.748102343300810269e-01
-6.748118899926724978e-01
-6.748134857017554777e-01
-6.748150247163703375e-01
-6.748165101855339021e-01
-6.748179451491337355e-01
-6.748193325388742725e-01
-6.748206751792721336e-01
-6.748219757886932957e-01
-6.748232369804313402e-01
-6.748244612638267803e-01
-6.748256510454205825e-01
-6.748268086301483226e-01
-6.748279362225659828e-01
-6.748290359281112760e-01
-6.748301097543938365e-01
-6.748311596125113887e-01
-6.748321873183862341e-01
-6.748331945941183907e-01
-6.748341830693491694e-01
-6.748351542826341865e-01
-6.748361096828195960e-01
-6.748370506304167682e-01
-6.748379783989716385e-01
-6.748388941764312809e-01
-6.748397990664959378e-01
-6.748406940899620565e-01
-6.748415801860494501e-01
-6.748424582137106942e-01
-6.748433289529215395e-01
-6.748441931059471210e-01
-6.748450512985835203e-01
-6.748459040813726828e-01
-6.748467519307860263e-01
-6.748475952503780739e-01
-6.748484343719025613e-01
-6.748492695563951260e-01
-6.748501009952122542e-01
-6.748509288110350335e-01
-6.748517530588270530e-01
-6.748525737267500046e-01
-6.748533907370323215e-01
-6.748542039467936293e-01
-6.748550131488202375e-01
-6.748558180722915578e-01
-6.748566183834578958e-01
