-6.748571857262283258e-01
-6.748581143547286443e-01
-6.748590500113432755e-01
-6.748599920079295655e-01
-6.748609396122065007e-01
-6.748618920481533889e-01
-6.748628484963282714e-01
-6.748638080941018469e-01
-6.748647699358100160e-01
-6.748657330728197179e-01
-6.748666965135157181e-01
-6.748676592232042415e-01
-6.748686201239353366e-01
-6.748695780942457478e-01
-6.748705319688180770e-01
-6.748714805380671145e-01
-6.748724225476447902e-01
-6.748733566978712961e-01
-6.748742816430882696e-01
-6.748751959909443654e-01
-6.748760983016042214e-01
-6.748769870868897014e-01
-6.748778608093546350e-01
-6.748787178812937215e-01
-6.748795566636838217e-01
-6.748803754650686271e-01
-6.748811725403803807e-01
-6.748819460897034217e-01
-6.748826942569865484e-01
-6.748834151286990934e-01
-6.748841067324379273e-01
-6.748847670354874984e-01
-6.748853939433384630e-01
-6.748859852981632379e-01
-6.748865388772578022e-01
-6.748870523914500819e-01
-6.748875234834796899e-01
-6.748879497263530203e-01
-6.748883286216746935e-01
-6.748886575979629043e-01
-6.748889340089466726e-01
-6.748891551318502158e-01
-6.748893181656642204e-01
-6.748894202294084543e-01
-6.748894583603900488e-01
-6.748894295124591158e-01
-6.748893305542721377e-01
-6.748891582675634604e-01
-6.748889093454419896e-01
-6.748885803907157532e-01
-6.748881679142560985e-01
-6.748876683334048554e-01
-6.748870779704367884e-01
-6.748863930510738962e-01
-6.748856097030496715e-01
-6.748847239547249854e-01
-6.748837317337439412e-01
-6.748826288657298056e-01
-6.748814110730115834e-01
-6.748800739733876730e-01
-6.748786130789381499e-01
-6.748770237948897854e-01
-6.748753014185763233e-01
-6.748734411385074461e-01
-6.748714380335935070e-01
-6.748692870725507831e-01
-6.748669831135091224e-01
-6.748645209038339754e-01
-6.748618950801460459e-01
-6.748591001685106949e-01
-6.748561305847445846e-01
-6.748529806347723925e-01
-6.748496445149728684e-01
-6.748461163124576112e-01
-6.748423900052625823e-01
-6.748384594624674548e-01
-6.748343184443219567e-01
-6.748299606024940056e-01
-6.748253794806143846e-01
-6.748205685153039202e-01
-6.748155210378533608e-01
-6.748102302766934013e-01
-6.748046893606890473e-01
-6.747988913231853791e-01
-6.747928291065942163e-01
-6.747864955671893927e-01
-6.747798834796744361e-01
-6.747729855410594668e-01
-6.747657943734227670e-01
-6.747583025252731348e-01
-6.747505024714671729e-01
-6.747423866119539593e-01
-6.747339472699838137e-01
-6.747251766907766957e-01
-6.747160670419037887e-01
-6.747066104167543932e-01
-6.746967988423036022e-01
-6.746866242919520307e-01
-6.746760787034391527e-01
-6.746651540007819747e-01
-6.746538421180225953e-01
-6.746421350214482082e-01
-6.746300247262161376e-01
-6.746175033032215662e-01
-6.746045628728938315e-01
-6.745911955845004249e-01
-6.745773935824131984e-01
-6.745631489643022505e-01
-6.745484537397463676e-01
-6.745332998004447411e-01
-6.745176789141705820e-01
-6.745015827530264074e-01
-6.744850029620284015e-01
-6.744679312667369864e-01
-6.744503596094195697e-01
-6.744322802937268158e-01
-6.744136861101877045e-01
-6.743945704112670469e-01
-6.743749271072145834e-01
-6.743547505635114625e-01
-6.743340353970497247e-01
-6.743127761893682459e-01
-6.742909671578914965e-01
-6.742686018456748309e-01
-6.742456729018208028e-01
-6.742221720243257721e-01
-6.741980901220193667e-01
-6.741734177222341584e-01
-6.741481456084716939e-01
-6.741222656228853527e-01
-6.740957715194961786e-01
-6.740686597146491321e-01
-6.740409297604612604e-01
-6.740125843730941924e-01
-6.739836288863303437e-01
-6.739540700742603363e-01
-6.739239143919877328e-01
-6.738931658111024792e-01
-6.738618235612323648e-01
-6.738298802071287508e-01
-6.737973205635857665e-01
-6.737641219465498876e-01
-6.737302561498184073e-01
-6.736956933056864605e-01
-6.736604074382230856e-01
-6.736243830820600742e-01
-6.735876218842367091e-01
-6.735501477302555662e-01
-6.735120087571265790e-01
-6.734732747530022268e-01
-6.734340289794663592e-01
-6.733943544054148411e-01
-6.733543156296439847e-01
-6.733139391983200550e-01
-6.732731962946677529e-01
-6.732319925287151285e-01
-6.731901694286692717e-01
-6.731475209765236389e-01
-6.731038260804804718e-01
-6.730588944526898487e-01
-6.730126194856672628e-01
-6.729650281854047122e-01
-6.729163159650588533e-01
-6.728668540332457537e-01
-6.728171598588138513e-01
-6.727678268959967900e-01
-6.727194178858607598e-01
-6.726723353822500195e-01
-6.726266918629449920e-01
-6.725822077524917786e-01
-6.725381668889024445e-01
-6.724934539991967997e-01
-6.724466872459450295e-01
-6.723964418581703795e-01
-6.723415406637239800e-01
-6.722813675610479489e-01
-6.722161447994583483e-01
-6.721471084426354770e-01
-6.720765216560314892e-01
-6.720074838202504397e-01
-6.719435239801636595e-01
-6.718880063985611661e-01
-6.718434184225587913e-01
-6.718106494245916771e-01
-6.717883966741093893e-01
-6.717728426862933366e-01
-6.717577336754853023e-01
-6.717349476940733810e-01
-6.716955747331966320e-01
-6.716314442178471511e-01
-6.715369367423177360e-01
-6.714108194255981044e-01
-6.712577644637643948e-01
-6.710891675096328779e-01
-6.709228962210557201e-01
-6.707816867666573923e-01
-6.706900769948288543e-01
-6.706700163606039711e-01
-6.707356038133251985e-01
-6.708877341075397682e-01
-6.711097186346643984e-01
-6.713651124981190321e-01
-6.715989452634573142e-01
-6.717432512472090167e-01
-6.717271911214216518e-01
-6.714911676025786536e-01
-6.710032529071302543e-01
-6.702751354517263449e-01
-6.693739068709214646e-01
-6.684256466257475493e-01
-6.676072104875220292e-01
-6.671240860596068245e-01
-6.671746462766718899e-01
-6.679043479350085244e-01
-6.693568474354611997e-01
-6.714318989968108831e-01
-6.738614680418153480e-01
-6.762150603233004764e-01
-6.779424108110517766e-01
-6.784562738867091491e-01
-6.772503093686014219e-01
-6.740375812599458394e-01
-6.688852453186286962e-01
-6.623128260938888623e-01
-6.553182993708184245e-01
-6.493015219600423160e-01
-6.458705740827563879e-01
-6.465421590946219821e-01
-6.523768397078616443e-01
-6.636149668004833746e-01
-6.793915805693219179e-01
-6.976050189052623862e-01
-7.149979254011170626e-01
-7.274884240051708861e-01
-7.307678268526349719e-01
-7.211523366961989367e-01
-6.966202906617753321e-01
-6.578664807143067561e-01
-6.090764741312143515e-01
-5.580381995938391571e-01
-5.152710788106963369e-01
-4.921218854476203108e-01
-4.981735953017807916e-01
-5.386370763216883351e-01
-6.124480324710583901e-01
-7.115131948643459436e-01
-8.210620444248611927e-01
-9.206521959768226848e-01
-9.854339926711964681e-01
-9.880371058386748784e-01
-9.025387585723159134e-01
-7.121478847422784142e-01
-4.198598775384310144e-01
-5.656814139582981571e-02
3.214641404726008012e-01
6.481462023873139078e-01
8.673832072673353100e-01
9.447476181742917589e-01
8.690466093934067215e-01
6.512284868123552339e-01
3.254621521017593277e-01
-5.235409479040670222e-02
-4.161405582448231555e-01
-7.094271564736882585e-01
-9.010053987983536183e-01
-9.876052631493833500e-01
-9.858585078328983009e-01
-9.216332382975179760e-01
-8.223062220109665921e-01
-7.127619480362994420e-01
-6.134941819364081450e-01
-5.393399891409841329e-01
-4.984710128285895769e-01
-4.920314501921157491e-01
-5.148772120489252258e-01
-5.574660931253168084e-01
-6.084603125667360501e-01
-6.573209320138313494e-01
-6.962221889191764213e-01
-7.209348828241995966e-01
-7.307252391678361603e-01
-7.275867398836024513e-01
-7.151877509074791028e-01
-6.978333435012273878e-01
-6.796111486371111399e-01
-6.637905929776662939e-01
-6.524885276418946889e-01
-6.465851967126760025e-01
-6.458531001515405157e-01
-6.492403784194780147e-01
-6.552341897788518388e-01
-6.622257941866551700e-01
-6.688112575274496319e-01
-6.739866226566685325e-01
-6.772260077234092401e-01
-6.784567591228063410e-01
-6.779619510101834168e-01
-6.762459877776004769e-01
-6.738959818930533308e-01
-6.714634580693504828e-01
-6.693810088392762037e-01
-6.679190370358156770e-01
-6.671799451802205017e-01
-6.671216918375801885e-01
-6.675997383408198704e-01
-6.684159406796442715e-01
-6.693644816646616702e-01
-6.702678174292786561e-01
-6.709990368711284958e-01
-6.714902590950616590e-01
-6.717291783583385634e-01
-6.717473408326390949e-01
-6.716042016365533218e-01
-6.713706567371050538e-01
-6.711148620696786304e-01
-6.708920411621320801e-01
-6.707388931577374924e-01
-6.706723181861253824e-01
-6.706915670048234634e-01
-6.707826155049543271e-01
-6.709235274225748835e-01
-6.710897331449984238e-01
-6.712584386094326838e-01
-6.714117090030230495e-01
-6.715380848932339664e-01
-6.716328414617543929e-01
-6.716971736111121416e-01
-6.717366777580496828e-01
-6.717595149268109633e-01
-6.717745965642674122e-01
-6.717900543227171006e-01
-6.718121572533752861e-01
-6.718447410616584792e-01
-6.718891271740825566e-01
-6.719444431103962501e-01
-6.720082146913892718e-01
-6.720770857467120996e-01
-6.721475296579760839e-01
-6.722164440701863253e-01
-6.722815585106194369e-01
-6.723416269393943656e-01
-6.723964163997323551e-01
-6.724465333998201899e-01
-6.724931480578101306e-01
-6.725376814153903871e-01
-6.725815149785852043e-01
-6.726257665256359930e-01
-6.726711565603793463e-01
-6.727179696557327171e-01
-6.727660978828838845e-01
-6.728151419643831899e-01
-6.728645407328339711e-01
-6.729137005834867624e-01
-6.729621024890186654e-01
-6.730093728013935017e-01
-6.730553133789433096e-01
-6.730998947240561803e-01
-6.731432215587158652e-01
-6.731854830639587561e-01
-6.732268999882959903e-01
-6.732676786125815216e-01
-6.733079780424400251e-01
-6.733478934253076531e-01
-6.733874542520564832e-01
-6.734266344321243603e-01
-6.734653695494829950e-01
-6.735035765616704806e-01
-6.735411719426332988e-01
-6.735780855371445996e-01
-6.736142688260672307e-01
-6.736496975967063428e-01
-6.736843699738130908e-01
-6.737183013110011887e-01
-6.737515175847376137e-01
-6.737840487574487947e-01
-6.738159232001915688e-01
-6.738471638084360116e-01
-6.738777860063775993e-01
-6.739077974831354512e-01
-6.739371992713207860e-01
-6.739659876684186424e-01
-6.739941564971337895e-01
-6.740216992738053969e-01
-6.740486109725049024e-01
-6.740748892073491483e-01
-6.741005347836662720e-01
-6.741255516738877684e-01
-6.741499465473905772e-01
-6.741737280222200868e-01
-6.741969058127517123e-01
-6.742194899267497377e-01
-6.742414900260450539e-01
-6.742629150163320650e-01
-6.742837728822688170e-01
-6.743040707417293778e-01
-6.743238150629655703e-01
-6.743430119731995687e-01
-6.743616675865657939e-01
-6.743797882907971442e-01
-6.743973809514721696e-01
-6.744144530151837680e-01
-6.744310125141860235e-01
-6.744470679914811306e-01
-6.744626283749822759e-01
-6.744777028319933754e-01
-6.744923006317866676e-01
-6.745064310364236038e-01
-6.745201032304999345e-01
-6.745333262912288630e-01
-6.745461091929348951e-01
-6.745584608354407985e-01
-6.745703900842062728e-01
-6.745819058109945310e-01
-6.745930169265258458e-01
-6.746037324000948576e-01
-6.746140612646519541e-01
-6.746240126087427180e-01
-6.746335955586121313e-01
-6.746428192546367608e-01
-6.746516928261704349e-01
-6.746602253681568406e-01
-6.746684259217483604e-01
-6.746763034599868591e-01
-6.746838668785702930e-01
-6.746911249909326447e-01
-6.746980865264238236e-01
-6.747047601302254005e-01
-6.747111543637452913e-01
-6.747172777044935232e-01
-6.747231385448013707e-01
-6.747287451891087473e-01
-6.747341058498708133e-01
-6.747392286423574692e-01
-6.747441215787783886e-01
-6.747487925621967753e-01
-6.747532493806710496e-01
-6.747574997019585297e-01
-6.747615510689969343e-01
-6.747654108962440889e-01
-6.747690864668298705e-01
-6.747725849304109236e-01
-6.747759133015365229e-01
-6.747790784583512780e-01
-6.747820871414662580e-01
-6.747849459528695304e-01
-6.747876613548108304e-01
-6.747902396686382698e-01
-6.747926870736103977e-01
-6.747950096057379055e-01
-6.747972131567211429e-01
-6.747993034730489503e-01
-6.748012861553087660e-01
-6.748031666577468668e-01
-6.748049502880864026e-01
-6.748066422075962301e-01
-6.748082474313900070e-01
-6.748097708289244601e-01
-6.748112171246635205e-01
-6.748125908988730215e-01
-6.748138965885317475e-01
-6.748151384883283033e-01
-6.748163207517452467e-01
-6.748174473922223804e-01
-6.748185222844076403e-01
-6.748195491654936928e-01
-6.748205316366506779e-01
-6.748214731645556519e-01
-6.748223770830211743e-01
-6.748232465947194836e-01
-6.748240847729952696e-01
-6.748248945637610463e-01
-6.748256787874635787e-01
-6.748264401411147029e-01
-6.748271812003728831e-01
-6.748279044216696221e-01
-6.748286121443745067e-01
-6.748293065929913404e-01
-6.748299898793822527e-01
-6.748306640050136807e-01
-6.748313308632259977e-01
-6.748319922415161320e-01
-6.748326498238360616e-01
-6.748333051929006343e-01
-6.748339598324982758e-01
-6.748346151298068030e-01
-6.748352723776989137e-01
-6.748359327770405702e-01
-6.748365974389763933e-01
-6.748372673871940730e-01
-6.748379435601666865e-01
-6.748386268133660382e-01
-6.748393179214483562e-01
-6.748400175804007972e-01
-6.748407264096523139e-01
-6.748414449541437765e-01
-6.748421736863510212e-01
-6.748429130082613803e-01
-6.748436632533002522e-01
-6.748444246882051578e-01
-6.748451975148423987e-01
-6.748459818719640957e-01
-6.748467778369066083e-01
-6.748475854272231178e-01
-6.748484046022511507e-01
-6.748492352646119352e-01
-6.748500772616392585e-01
-6.748509303867351594e-01
-6.748517943806534580e-01
-6.748526689327085659e-01
-6.748535536819066927e-01
-6.748544482179986703e-01
-6.748553520824556173e-01
-6.748562647693615579e-01
