-6.748575701586743136e-01
-6.748584563701605088e-01
-6.748593463220062816e-01
-6.748602393584496317e-01
-6.748611347742660138e-01
-6.748620318151618003e-01
-6.748629296780920273e-01
-6.748638275115034224e-01
-6.748647244155042690e-01
-6.748656194419572207e-01
-6.748665115945007287e-01
-6.748673998284947517e-01
-6.748682830508969666e-01
-6.748691601200613732e-01
-6.748700298454735069e-01
-6.748708909874079342e-01
-6.748717422565209123e-01
-6.748725823133714385e-01
-6.748734097678814603e-01
-6.748742231787234758e-01
-6.748750210526504034e-01
-6.748758018437590600e-01
-6.748765639526979054e-01
-6.748773057258113939e-01
-6.748780254542348089e-01
-6.748787213729291468e-01
-6.748793916596694809e-01
-6.748800344339805912e-01
-6.748806477560274075e-01
-6.748812296254612653e-01
-6.748817779802210870e-01
-6.748822906952951506e-01
-6.748827655814442217e-01
-6.748832003838913796e-01
-6.748835927809795354e-01
-6.748839403828041927e-01
-6.748842407298255575e-01
-6.748844912914637728e-01
-6.748846894646829409e-01
-6.748848325725660402e-01
-6.748849178628859580e-01
-6.748849425066666408e-01
-6.748849035967422472e-01
-6.748847981463106382e-01
-6.748846230874790963e-01
-6.748843752698099330e-01
-6.748840514588685391e-01
-6.748836483347817605e-01
-6.748831624908229188e-01
-6.748825904320359115e-01
-6.748819285739118268e-01
-6.748811732411333919e-01
-6.748803206663913645e-01
-6.748793669892775293e-01
-6.748783082552414214e-01
-6.748771404145980091e-01
-6.748758593215659074e-01
-6.748744607333191370e-01
-6.748729403090384382e-01
-6.748712936089645842e-01
-6.748695160934671256e-01
-6.748676031221695348e-01
-6.748655499531782676e-01
-6.748633517424772466e-01
-6.748610035435436139e-01
-6.748585003072284927e-01
-6.748558368819126407e-01
-6.748530080139208964e-01
-6.748500083481286937e-01
-6.748468324286683862e-01
-6.748434746996234690e-01
-6.748399295056085601e-01
-6.748361910921558682e-01
-6.748322536059025989e-01
-6.748281110946219297e-01
-6.748237575072447703e-01
-6.748191866940678185e-01
-6.748143924073853883e-01
-6.748093683027684975e-01
-6.748041079411607468e-01
-6.747986047918570485e-01
-6.747928522362887094e-01
-6.747868435723946012e-01
-6.747805720192350254e-01
-6.747740307214252775e-01
-6.747672127529723562e-01
-6.747601111201751989e-01
-6.747527187634251300e-01
-6.747450285579552620e-01
-6.747370333138400511e-01
-6.747287257757710321e-01
-6.747200986232816389e-01
-6.747111444721574092e-01
-6.747018558776899377e-01
-6.746922253402583003e-01
-6.746822453134370123e-01
-6.746719082144921886e-01
-6.746612064367930595e-01
-6.746501323633534719e-01
-6.746386783804775300e-01
-6.746268368903326484e-01
-6.746146003212358799e-01
-6.746019611344843403e-01
-6.745889118267600626e-01
-6.745754449274673492e-01
-6.745615529908799424e-01
-6.745472285837329496e-01
-6.745324642698481421e-01
-6.745172525945737352e-01
-6.745015860730049218e-01
-6.744854571869586257e-01
-6.744688583961042649e-01
-6.744517821681285108e-01
-6.744342210309309804e-01
-6.744161676464387467e-01
-6.743976149007600007e-01
-6.743785559996303691e-01
-6.743589845524150528e-01
-6.743388946237599546e-01
-6.743182807309922033e-01
-6.742971377691259205e-01
-6.742754608548335860e-01
-6.742532450960100343e-01
-6.742304853131542153e-01
-6.742071757596949100e-01
-6.741833099060853263e-01
-6.741588803615808922e-01
-6.741338790027803229e-01
-6.741082973553237379e-01
-6.740821272335633108e-01
-6.740553615856035297e-01
-6.740279954257546446e-01
-6.740000266756553948e-01
-6.739714566948208363e-01
-6.739422902775010771e-01
-6.739125349387912189e-01
-6.738821994150407946e-01
-6.738512914569684265e-01
-6.738198151802143876e-01
-6.737877684254968136e-01
-6.737551407266187953e-01
-6.737219125424598332e-01
-6.736880563371503428e-01
-6.736535398653686890e-01
-6.736183316389434683e-01
-6.735824080538413972e-01
-6.735457611185006188e-01
-6.735084052535659227e-01
-6.734703813564855146e-01
-6.734317563651369687e-01
-6.733926170027528801e-01
-6.733530572685444415e-01
-6.733131604924260660e-01
-6.732729782335953317e-01
-6.732325097101723443e-01
-6.731916864711724457e-01
-6.731503673177171576e-01
-6.731083477588065689e-01
-6.730653863968648620e-01
-6.730212476408051758e-01
-6.729757563640423879e-01
-6.729288561572227545e-01
-6.728806594875307301e-01
-6.728314762935898585e-01
-6.727818081796792526e-01
-6.727322990165660599e-01
-6.726836395173149130e-01
-6.726364326925944326e-01
-6.725910377317190214e-01
-6.725474198671629322e-01
-6.725050407842733113e-01
-6.724628257034900303e-01
-6.724192374193045385e-01
-6.723724733848772672e-01
-6.723207799766822701e-01
-6.722628508170305217e-01
-6.721982478167350950e-01
-6.721277602734062606e-01
-6.720536054557104677e-01
-6.719793796229363014e-01
-6.719096953787123683e-01
-6.718494901761583593e-01
-6.718030575951881023e-01
-6.717729285110359827e-01
-6.717587996646147142e-01
-6.717567556661612205e-01
-6.717590401569555336e-01
-6.717545891675563707e-01
-6.717304383823401448e-01
-6.716739605181004658e-01
-6.715756967317147996e-01
-6.714323473201783132e-01
-6.712493229039316889e-01
-6.710421736812967053e-01
-6.708362536277444610e-01
-6.706641671900306356e-01
-6.705608919079957264e-01
-6.705569420686431359e-01
-6.706704699270882308e-01
-6.708996938785306563e-01
-6.712173796202989262e-01
-6.715691644795539483e-01
-6.718772163954581655e-01
-6.720500176246755331e-01
-6.719979894650736085e-01
-6.716533414635512678e-01
-6.709911362837222004e-01
-6.700473864400149360e-01
-6.689293676644313402e-01
-6.678135672679516022e-01
-6.669280180135480629e-01
-6.665182434579941528e-01
-6.667994288071190656e-01
-6.679011989097201063e-01
-6.698147649181909191e-01
-6.723543549813220110e-01
-6.751450660798972159e-01
-6.776471473938335821e-01
-6.792221669015940932e-01
-6.792397130192869836e-01
-6.772146609362690306e-01
-6.729553591868789875e-01
-6.666938326449574070e-01
-6.591627729338511710e-01
-6.515841456922393249e-01
-6.455439782676517524e-01
-6.427484369197424829e-01
-6.446847101574941785e-01
-6.522391778289321485e-01
-6.653456294897804879e-01
-6.827411884846846801e-01
-7.018968853253058082e-01
-7.191702458995646863e-01
-7.302077002320959132e-01
-7.306071885560359025e-01
-7.168236859687048268e-01
-6.872382557489226107e-01
-6.431992557111554376e-01
-5.897095737200501731e-01
-5.353640906054105697e-01
-4.912476929984864182e-01
-4.688227448081401239e-01
-4.772504799418528787e-01
-5.208788572595152155e-01
-5.976077480373445105e-01
-6.984910526191664415e-01
-8.084121287912942044e-01
-9.072782493894231415e-01
-9.712918483899617428e-01
-9.746534072815791205e-01
-8.931301443920629524e-01
-7.110849773704505106e-01
-4.313450422052625965e-01
-8.290269249122890483e-02
2.810145860008776975e-01
5.969903615255024443e-01
8.099907360110920607e-01
8.853588254606078456e-01
8.116051769936027949e-01
5.999689957681640928e-01
2.848559231120620927e-01
-7.887736739140183140e-02
-4.278100747786020563e-01
-7.085101172353860388e-01
-8.916870607805666982e-01
-9.742582621700958123e-01
-9.717139251758600826e-01
-9.082366532737037312e-01
-8.096312259022883095e-01
-6.997253610646098076e-01
-5.986564780436797184e-01
-5.216005753852004379e-01
-4.775761834484884560e-01
-4.687601462062270241e-01
-4.908714964886381482e-01
-5.347928706018373335e-01
-5.890754708326957356e-01
-6.426192990628840640e-01
-6.867947142387257342e-01
-7.165565695293832915e-01
-7.305174456800532790e-01
-7.302670207507937494e-01
-7.193331851992146309e-01
-7.021123024624744691e-01
-6.829614678729969413e-01
-6.655331404412382357e-01
-6.523698874243665236e-01
-6.447490793320559410e-01
-6.427499349970530185e-01
-6.454958068339505806e-01
-6.515049880936134574e-01
-6.590724684446733761e-01
-6.666097599641463978e-01
-6.728900365213608126e-01
-6.771747263437605246e-01
-6.792261444334277698e-01
-6.792314046604569500e-01
-6.776727084365032905e-01
-6.751792636112564638e-01
-6.723898205912779424e-01
-6.698455766689838109e-01
-6.679235255529853976e-01
-6.668116939880919247e-01
-6.665208869091437949e-01
-6.669229783205868900e-01
-6.678036302744191355e-01
-6.689175171261020347e-01
-6.700362646130527677e-01
-6.709826805548465556e-01
-6.716486188672542434e-01
-6.719972126112820909e-01
-6.720526987622648107e-01
-6.718824030875383269e-01
-6.715756996683658331e-01
-6.712241377705531198e-01
-6.709057596378582566e-01
-6.706752425981621357e-01
-6.705601650022923188e-01
-6.705626184298599801e-01
-6.706646825854871707e-01
-6.708359757248136823e-01
-6.710415532223342749e-01
-6.712487603225461008e-01
-6.714321361848394343e-01
-6.715759974284004619e-01
-6.716748019176120854e-01
-6.717317410640437636e-01
-6.717562015864045888e-01
-6.717607788710692196e-01
-6.717584420107416410e-01
-6.717602875160529896e-01
-6.717741204421887602e-01
-6.718039092518608424e-01
-6.718500047140134601e-01
-6.719099110669906061e-01
-6.719793541945676685e-01
-6.720534005535705457e-01
-6.721274285987898223e-01
-6.721978245637350025e-01
-6.722623499075127684e-01
-6.723201946854662214e-01
-6.723717802890606388e-01
-6.724184022725560039e-01
-6.724618098126909915e-01
-6.725038066895911992e-01
-6.725459355063757583e-01
-6.725892787072438317e-01
-6.726343826681440152e-01
-6.726812890867930328e-01
-6.727296435764957838e-01
-6.727788453928966739e-01
-6.728282036747196271e-01
-6.728770725040967848e-01
-6.729249470648134279e-01
-6.729715138185168311e-01
-6.730166569855919878e-01
-6.730604304277333361e-01
-6.731030077281879853e-01
-6.731446239509227825e-01
-6.731855208149595260e-01
-6.732259037034409310e-01
-6.732659149637238993e-01
-6.733056241648205376e-01
-6.733450329621342156e-01
-6.733840903064050032e-01
-6.734227129903200826e-01
-6.734608068046539220e-01
-6.734982845894564862e-01
-6.735350788700207314e-01
-6.735711482317346954e-01
-6.736064778492555361e-01
-6.736410754769864839e-01
-6.736749646652467893e-01
-6.737081770147391735e-01
-6.737407450100706408e-01
-6.737726965038506322e-01
-6.738040513837755263e-01
-6.738348204550811404e-01
-6.738650061861081175e-01
-6.738946047335976353e-01
-6.739236085892169603e-01
-6.739520092447284227e-01
-6.739797994185291463e-01
-6.740069745741813501e-01
-6.740335336490520524e-01
-6.740594790661739166e-01
-6.740848162061194859e-01
-6.741095525630214080e-01
-6.741336968057897172e-01
-6.741572579253242159e-01
-6.741802445875109129e-01
-6.742026647459213873e-01
-6.742245255100369761e-01
-6.742458332226064499e-01
-6.742665936765666057e-01
-6.742868123968435157e-01
-6.743064949213875003e-01
-6.743256470336239650e-01
-6.743442749196439934e-01
-6.743623852433326959e-01
-6.743799851481586671e-01
-6.743970822040181723e-01
-6.744136843213655030e-01
-6.744297996538674012e-01
-6.744454365065533086e-01
-6.744606032606567103e-01
-6.744753083204264588e-01
-6.744895600822584658e-01
-6.745033669230086071e-01
-6.745167372024757357e-01
-6.745296792745268943e-01
-6.745422015018177619e-01
-6.745543122701179728e-01
-6.745660199994971684e-01
-6.745773331508271298e-01
-6.745882602270445449e-01
-6.745988097693542684e-01
-6.746089903490637418e-01
-6.746188105560426695e-01
-6.746282789849608053e-01
-6.746374042205049992e-01
-6.746461948227151506e-01
-6.746546593134328251e-01
-6.746628061646255947e-01
-6.746706437890531705e-01
-6.746781805334086668e-01
-6.746854246737536975e-01
-6.746923844127854508e-01
-6.746990678782913697e-01
-6.747054831220797855e-01
-6.747116381187232559e-01
-6.747175407635902511e-01
-6.747231988698685345e-01
-6.747286201645162906e-01
-6.747338122833028695e-01
-6.747387827652652215e-01
-6.747435390469990191e-01
-6.747480884571952497e-01
-6.747524382117786601e-01
-6.747565954098669883e-01
-6.747605670306345838e-01
-6.747643599310236828e-01
-6.747679808441392479e-01
-6.747714363781073255e-01
-6.747747330151625533e-01
-6.747778771107616480e-01
-6.747808748925923084e-01
-6.747837324594120334e-01
-6.747864557797347285e-01
-6.747890506904387076e-01
-6.747915228953978994e-01
-6.747938779642497220e-01
-6.747961213313933282e-01
-6.747982582952838371e-01
-6.748002940180459763e-01
-6.748022335253939241e-01
-6.748040817068171604e-01
-6.748058433159773717e-01
-6.748075229712539036e-01
-6.748091251563874682e-01
-6.748106542211861347e-01
-6.748121143822747303e-01
-6.748135097238873170e-01
-6.748148441987132928e-01
-6.748161216288169895e-01
-6.748173457066470871e-01
-6.748185199961570513e-01
-6.748196479340374809e-01
-6.748207328310633635e-01
-6.748217778735504657e-01
-6.748227861249045390e-01
-6.748237605272501272e-01
-6.748247039031216588e-01
-6.748256189572054975e-01
-6.748265082781234048e-01
-6.748273743402475322e-01
-6.748282195055478327e-01
-6.748290460254660061e-01
-6.748298560428199755e-01
-6.748306515937338990e-01
-6.748314346095970473e-01
-6.748322069190434425e-01
-6.748329702499494820e-01
-6.748337262314481055e-01
-6.748344763959477355e-01
-6.748352221811541041e-01
-6.748359649320874176e-01
-6.748367059030946358e-01
-6.748374462598430990e-01
-6.748381870813000560e-01
-6.748389293616923190e-01
-6.748396740124422699e-01
-6.748404218640761121e-01
-6.748411736681059203e-01
-6.748419300988754976e-01
-6.748426917553739246e-01
-6.748434591630095847e-01
-6.748442327753414460e-01
-6.748450129757689320e-01
-6.748458000791680567e-01
-6.748465943334818196e-01
-6.748473959212575313e-01
-6.748482049611279621e-01
-6.748490215092357580e-01
-6.748498455605991264e-01
-6.748506770504155705e-01
-6.748515158553042292e-01
-6.748523617944813813e-01
-6.748532146308722224e-01
-6.748540740721548081e-01
-6.748549397717327203e-01
-6.748558113296417860e-01
-6.748566882933807465e-01
