-6.748574469467999437e-01
-6.748582397283615641e-01
-6.748590268731415875e-01
-6.748598077990536348e-01
-6.748605818639938914e-01
-6.748613483662063706e-01
-6.748621065445925549e-01
-6.748628555789679684e-01
-6.748635945902636823e-01
-6.748643226406746409e-01
-6.748650387337548073e-01
-6.748657418144552445e-01
-6.748664307691140118e-01
-6.748671044253894413e-01
-6.748677615521448958e-01
-6.748684008592802375e-01
-6.748690209975150012e-01
-6.748696205581219409e-01
-6.748701980726139471e-01
-6.748707520123831127e-01
-6.748712807882982778e-01
-6.748717827502569433e-01
-6.748722561866982161e-01
-6.748726993240737881e-01
-6.748731103262852749e-01
-6.748734872940826968e-01
-6.748738282644289876e-01
-6.748741312098325285e-01
-6.748743940376494832e-01
-6.748746145893566029e-01
-6.748747906397999374e-01
-6.748749198964177909e-01
-6.748749999984444692e-01
-6.748750285160960427e-01
-6.748750029497428971e-01
-6.748749207290739571e-01
-6.748747792122534728e-01
-6.748745756850776933e-01
-6.748743073601350950e-01
-6.748739713759671632e-01
-6.748735647962367246e-01
-6.748730846089062707e-01
-6.748725277254201682e-01
-6.748718909798986365e-01
-6.748711711283407189e-01
-6.748703648478364681e-01
-6.748694687357998934e-01
-6.748684793092193379e-01
-6.748673930039412738e-01
-6.748662061739940654e-01
-6.748649150909640237e-01
-6.748635159434398512e-01
-6.748620048365280288e-01
-6.748603777914533586e-01
-6.748586307452374422e-01
-6.748567595504566530e-01
-6.748547599750632786e-01
-6.748526277022530717e-01
-6.748503583303652187e-01
-6.748479473727906353e-01
-6.748453902578875896e-01
-6.748426823289064291e-01
-6.748398188439408418e-01
-6.748367949759510598e-01
-6.748336058129038584e-01
-6.748302463581031807e-01
-6.748267115307698960e-01
-6.748229961669257593e-01
-6.748190950206020000e-01
-6.748150027653602168e-01
-6.748107139960577427e-01
-6.748062232307471264e-01
-6.748015249125561832e-01
-6.747966134113826397e-01
-6.747914830252492724e-01
-6.747861279812256141e-01
-6.747805424359004656e-01
-6.747747204755328854e-01
-6.747686561161283514e-01
-6.747623433038203444e-01
-6.747557759160146551e-01
-6.747489477637617084e-01
-6.747418525957354918e-01
-6.747344841039940588e-01
-6.747268359313931541e-01
-6.747189016801680150e-01
-6.747106749208224841e-01
-6.747021492001624710e-01
-6.746933180471784697e-01
-6.746841749755766449e-01
-6.746747134821562408e-01
-6.746649270409164068e-01
-6.746548090937054543e-01
-6.746443530392688404e-01
-6.746335522235060722e-01
-6.746223999343903266e-01
-6.746108894050946159e-01
-6.745990138282055293e-01
-6.745867663824168803e-01
-6.745741402708371748e-01
-6.745611287672764744e-01
-6.745477252640378341e-01
-6.745339233124426626e-01
-6.745197166462146843e-01
-6.745050991785808137e-01
-6.744900649668696957e-01
-6.744746081436120422e-01
-6.744587228201900375e-01
-6.744424029769824358e-01
-6.744256423612482454e-01
-6.744084344189014146e-01
-6.743907722870250421e-01
-6.743726488690072740e-01
-6.743540570028867531e-01
-6.743349897163671836e-01
-6.743154405409982344e-01
-6.742954038365590597e-01
-6.742748750593335894e-01
-6.742538508997911739e-01
-6.742323292207925700e-01
-6.742103087498957370e-01
-6.741877885188942710e-01
-6.741647670969934669e-01
-6.741412417235779220e-01
-6.741172075011971909e-01
-6.740926568456980794e-01
-6.740675793947427108e-01
-6.740419625374172163e-01
-6.740157926415460965e-01
-6.739890569258926156e-01
-6.739617457666992051e-01
-6.739338550679350170e-01
-6.739053881965665349e-01
-6.738763569261239095e-01
-6.738467808780751467e-01
-6.738166851230024124e-01
-6.737860959031698460e-01
-6.737550348381596832e-01
-6.737235124188020174e-01
-6.736915219976631342e-01
-6.736590357459245615e-01
-6.736260040657909842e-01
-6.735923596460101637e-01
-6.735580266934998450e-01
-6.735229349018624356e-01
-6.734870365438080375e-01
-6.734503238950281245e-01
-6.734128432689718835e-01
-6.733747015459281560e-01
-6.733360614655040655e-01
-6.732971232735852629e-01
-6.732580925693463225e-01
-6.732191371752493936e-01
-6.731803391207669129e-01
-6.731416507605619826e-01
-6.731028658940400033e-01
-6.730636167797435787e-01
-6.730234055838788532e-01
-6.729816738573359824e-01
-6.729379063940580386e-01
-6.728917571731160008e-01
-6.728431764945382865e-01
-6.727925117867951110e-01
-6.727405519438773851e-01
-6.726884882396428900e-01
-6.726377749369987225e-01
-6.725898895458232163e-01
-6.725460146522814764e-01
-6.725066870856043488e-01
-6.724714812476040304e-01
-6.724388062436699176e-01
-6.724058957123016933e-01
-6.723690510041807622e-01
-6.723241612955220825e-01
-6.722674707336626643e-01
-6.721964995224822825e-01
-6.721109638434340505e-01
-6.720134926184890833e-01
-6.719099222460612753e-01
-6.718089764372686679e-01
-6.717212144999022971e-01
-6.716572563767213566e-01
-6.716254537386372458e-01
-6.716293489562602526e-01
-6.716654134235974238e-01
-6.717216438634564524e-01
-6.717775822103181360e-01
-6.718061843728366789e-01
-6.717776879978231142e-01
-6.716652383402875737e-01
-6.714515741143458616e-01
-6.711356308824342198e-01
-6.707375892999298816e-01
-6.703007877928669478e-01
-6.698891277541814127e-01
-6.695791763051063272e-01
-6.694471011110437741e-01
-6.695517510116150151e-01
-6.699164343304850888e-01
-6.705129854063581751e-01
-6.712522666606248745e-01
-6.719850781651310889e-01
-6.725163776270492999e-01
-6.726337229627182834e-01
-6.721480730245584789e-01
-6.709418400756023138e-01
-6.690159004820528388e-01
-6.665248534817799220e-01
-6.637890204053275012e-01
-6.612733103752912456e-01
-6.595276279504163064e-01
-6.590907808440441551e-01
-6.603687909405845380e-01
-6.635072500154071129e-01
-6.682837012296791723e-01
-6.740481611073650958e-01
-6.797369675968466529e-01
-6.839772859383762560e-01
-6.852873845509253048e-01
-6.823614206517067959e-01
-6.744067334975034633e-01
-6.614772946965511435e-01
-6.447234336629649176e-01
-6.264652766861252831e-01
-6.100091626092152275e-01
-5.991722593608577174e-01
-5.975562295705783011e-01
-6.076930105862732301e-01
-6.302408618806322194e-01
-6.634108699943470633e-01
-7.027530242286320616e-01
-7.413581715257786531e-01
-7.704866359452068325e-01
-7.806485440743119453e-01
-7.632065921820944121e-01
-7.125377880768581917e-01
-6.285346887743823441e-01
-5.187319539002722690e-01
-3.988909064153093875e-01
-2.909814701917888824e-01
-2.184578523633618208e-01
-2.000956436776021863e-01
-2.445151488476876023e-01
-3.473288381126954927e-01
-4.918393060358641211e-01
-6.528191274114051312e-01
-8.015761263328059494e-01
-9.100576868981644640e-01
-9.529281776926527003e-01
-9.088622024818487910e-01
-7.637883302101929894e-01
-5.174893405512578370e-01
-1.907020820035006392e-01
1.739734053192911745e-01
5.219100959079894242e-01
8.027819083012568413e-01
9.824921134486871432e-01
1.044436918693675720e+00
9.841291045900194545e-01
8.059280213493762446e-01
5.262336750933697127e-01
1.788922986287273809e-01
-1.859304298216957751e-01
-5.135545991136922783e-01
-7.611305290902244947e-01
-9.076123371019000352e-01
-9.529767884560292890e-01
-9.111577371077779208e-01
-8.034086674852429777e-01
-6.550168075694416947e-01
-4.940040069088772468e-01
-3.490751900266176877e-01
-2.455399675690997929e-01
-2.002459223157909696e-01
-2.177656296392876112e-01
-2.896486662660945899e-01
-3.972276829381394814e-01
-5.170700115676175601e-01
-6.271464834465747540e-01
-7.115877544601895144e-01
-7.627427088236112818e-01
-7.806242540828765009e-01
-7.707955941109406739e-01
-7.418679553017187844e-01
-7.033316627539837329e-01
-6.639455654196829704e-01
-6.306500147510117893e-01
-6.079322055970267646e-01
-5.976182334753692427e-01
-5.990813321005882264e-01
-6.098109558531377150e-01
-6.262146051018028237e-01
-6.444726157133594535e-01
-6.612673331266054610e-01
-6.742625542613199796e-01
-6.822911874306334390e-01
-6.852849973042653975e-01
-6.840267593783972977e-01
-6.798174141314571317e-01
-6.741383844347913490e-01
-6.683657616054987649e-01
-6.635686887003826584e-01
-6.604034690854495571e-01
-6.590984976519684846e-01
-6.595128342275943245e-01
-6.612433177164418474e-01
-6.637521148081577671e-01
-6.664886588249667732e-01
-6.689862221570208600e-01
-6.709220834163345248e-01
-6.721392069053928608e-01
-6.726346689104347742e-01
-6.725246585115055575e-01
-6.719975553552975933e-01
-6.712658202689458786e-01
-6.705250360885720573e-01
-6.699252551035972392e-01
-6.695565642483002344e-01
-6.694479927629136684e-01
-6.695768828899355540e-01
-6.698847607990859876e-01
-6.702955567186197339e-01
-6.707325704447163472e-01
-6.711316117898289413e-01
-6.714489827211762574e-01
-6.716641499154588635e-01
-6.717778909408775867e-01
-6.718072801806255212e-01
-6.717790946958126508e-01
-6.717231168078546810e-01
-6.716664825606472045e-01
-6.716297817808993820e-01
-6.716251576135762180e-01
-6.716562607354240599e-01
-6.717196360799480015e-01
-6.718069773784171028e-01
-6.719076698957073823e-01
-6.720111275947862062e-01
-6.721085799983653741e-01
-6.721941365640444754e-01
-6.722651179021418288e-01
-6.723217689369749284e-01
-6.723665462309869056e-01
-6.724031984965226361e-01
-6.724358430441786938e-01
-6.724681943600230305e-01
-6.725030390609187947e-01
-6.725419881389319565e-01
-6.725854836288340799e-01
-6.726329994162845161e-01
-6.726833573225058371e-01
-6.727350785936819788e-01
-6.727867035716119659e-01
-6.728370333233295586e-01
-6.728852708861438048e-01
-6.729310618548109968e-01
-6.729744510088010445e-01
-6.730157818845056150e-01
-6.730555695013459294e-01
-6.730943739073526055e-01
-6.731326956113806714e-01
-6.731709053713891278e-01
-6.732092121229108495e-01
-6.732476655390209341e-01
-6.732861847132302069e-01
-6.733246020546195254e-01
-6.733627114771880695e-01
-6.734003117945925876e-01
-6.734372391606234798e-01
-6.734733856753529757e-01
-6.735087042736910279e-01
-6.735432022893349524e-01
-6.735769274287700670e-01
-6.736099502901198299e-01
-6.736423471733864465e-01
-6.736741860017957384e-01
-6.737055169904488938e-01
-6.737363685173709538e-01
-6.737667476712831949e-01
-6.737966442879110840e-01
-6.738260369791295723e-01
-6.738548996752002918e-01
-6.738832074611916800e-01
-6.739109408931314160e-01
-6.739380884257938353e-01
-6.739646469874518431e-01
-6.739906210396608977e-01
-6.740160206349915528e-01
-6.740408590332316319e-01
-6.740651503788565035e-01
-6.740889078139856716e-01
-6.741121422398537177e-01
-6.741348617808151644e-01
-6.741570718742447843e-01
-6.741787758226760463e-01
-6.741999756054837256e-01
-6.742206727516036890e-01
-6.742408691113100927e-01
-6.742605674201745947e-01
-6.742797716083771542e-01
-6.742984868622828865e-01
-6.743167194851042989e-01
-6.743344766260862544e-01
-6.743517659533116992e-01
-6.743685953369290553e-01
-6.743849725920877392e-01
-6.744009053092265837e-01
-6.744164007781996428e-01
-6.744314659954903091e-01
-6.744461077324118703e-01
-6.744603326372177188e-01
-6.744741473448011559e-01
-6.744875585726333167e-01
-6.745005731889605061e-01
-6.745131982472559740e-01
-6.745254409879987145e-01
-6.745373088140770301e-01
-6.745488092490530274e-01
-6.745599498882227651e-01
-6.745707383512721256e-01
-6.745811822430048954e-01
-6.745912891257547228e-01
-6.746010665043231658e-01
-6.746105218220096456e-01
-6.746196624648287399e-01
-6.746284957703486684e-01
-6.746370290377009526e-01
-6.746452695359509422e-01
-6.746532245089885693e-01
-6.746609011761408592e-01
-6.746683067286446400e-01
-6.746754483227855870e-01
-6.746823330709159627e-01
-6.746889680316480176e-01
-6.746953602003783468e-01
-6.747015165010029625e-01
-6.747074437793021406e-01
-6.747131487981182785e-01
-6.747186382341494593e-01
-6.747239186759810270e-01
-6.747289966228922076e-01
-6.747338784839816972e-01
-6.747385705772436237e-01
-6.747430791283380858e-01
-6.747474102689475783e-01
-6.747515700347246348e-01
-6.747555643629313815e-01
-6.747593990899244387e-01
-6.747630799486510345e-01
-6.747666125663038805e-01
-6.747700024622559356e-01
-6.747732550463277912e-01
-6.747763756174156580e-01
-6.747793693624462019e-01
-6.747822413556157084e-01
-6.747849965578456288e-01
-6.747876398163944467e-01
-6.747901758645684644e-01
-6.747926093214983156e-01
-6.747949446919551120e-01
-6.747971863662083347e-01
-6.747993386199305776e-01
-6.748014056141643513e-01
-6.748033913953688234e-01
-6.748052998955692550e-01
-6.748071349326099089e-01
-6.748089002105285283e-01
-6.748105993200407271e-01
-6.748122357391354020e-01
-6.748138128337666242e-01
-6.748153338586327932e-01
-6.748168019580310650e-01
-6.748182201667718427e-01
-6.748195914111504434e-01
-6.748209185099650620e-01
-6.748222041755779221e-01
-6.748234510150177279e-01
-6.748246615311193075e-01
-6.748258381237025594e-01
-6.748269830907887012e-01
-6.748280986298474948e-01
-6.748291868390812187e-01
-6.748302497187359528e-01
-6.748312891724378426e-01
-6.748323070085497921e-01
-6.748333049415458085e-01
-6.748342845933951173e-01
-6.748352474949544932e-01
-6.748361950873627002e-01
-6.748371287234335991e-01
-6.748380496690468133e-01
-6.748389591045284019e-01
-6.748398581260220963e-01
-6.748407477468501003e-01
-6.748416288988529077e-01
-6.748425024337163514e-01
-6.748433691242762267e-01
-6.748442296658000439e-01
-6.748450846772425793e-01
-6.748459347024740040e-01
-6.748467802114753722e-01
-6.748476216015046880e-01
-6.748484591982243375e-01
-6.748492932567947689e-01
-6.748501239629245418e-01
-6.748509514338825177e-01
-6.748517757194647526e-01
-6.748525968029199795e-01
-6.748534146018236868e-01
-6.748542289689123397e-01
-6.748550396928627571e-01
-6.748558464990257466e-01
-6.748566490501074489e-01
