-6.748574680017146443e-01
-6.748582627549237767e-01
-6.748590521026478495e-01
-6.748598354612181938e-01
-6.748606121871503216e-01
-6.748613815775109659e-01
-6.748621428702280545e-01
-6.748628952443466167e-01
-6.748636378202305108e-01
-6.748643696597098618e-01
-6.748650897661708781e-01
-6.748657970845968190e-01
-6.748664905015535620e-01
-6.748671688451201023e-01
-6.748678308847702034e-01
-6.748684753312006457e-01
-6.748691008361082933e-01
-6.748697059919216423e-01
-6.748702893314806328e-01
-6.748708493276723841e-01
-6.748713843930195244e-01
-6.748718928792293292e-01
-6.748723730766993389e-01
-6.748728232139816763e-01
-6.748732414572106153e-01
-6.748736259094958445e-01
-6.748739746102776493e-01
-6.748742855346510083e-01
-6.748745565926593803e-01
-6.748747856285590707e-01
-6.748749704200546207e-01
-6.748751086775153230e-01
-6.748751980431666464e-01
-6.748752360902663394e-01
-6.748752203222661006e-01
-6.748751481719633682e-01
-6.748750170006481142e-01
-6.748748240972465284e-01
-6.748745666774681462e-01
-6.748742418829559719e-01
-6.748738467804418217e-01
-6.748733783609097703e-01
-6.748728335387657040e-01
-6.748722091510168664e-01
-6.748715019564617279e-01
-6.748707086348892936e-01
-6.748698257862953964e-01
-6.748688499301198629e-01
-6.748677775045155425e-01
-6.748666048656583039e-01
-6.748653282871095449e-01
-6.748639439592448719e-01
-6.748624479887572747e-01
-6.748608363982389058e-01
-6.748591051258471252e-01
-6.748572500250433759e-01
-6.748552668643997832e-01
-6.748531513274471649e-01
-6.748508990125579032e-01
-6.748485054328404731e-01
-6.748459660160386342e-01
-6.748432761044427242e-01
-6.748404309548284852e-01
-6.748374257384696095e-01
-6.748342555412694121e-01
-6.748309153640803526e-01
-6.748274001232753561e-01
-6.748237046516154525e-01
-6.748198236994467081e-01
-6.748157519361975831e-01
-6.748114839521214270e-01
-6.748070142601684251e-01
-6.748023372978383394e-01
-6.747974474288505053e-01
-6.747923389444810960e-01
-6.747870060644752810e-01
-6.747814429375234013e-01
-6.747756436414351633e-01
-6.747696021832398916e-01
-6.747633124996067489e-01
-6.747567684580234593e-01
-6.747499638591910598e-01
-6.747428924410021622e-01
-6.747355478842628207e-01
-6.747279238200353246e-01
-6.747200138381118650e-01
-6.747118114957709745e-01
-6.747033103256809827e-01
-6.746945038416749529e-01
-6.746853855412404677e-01
-6.746759489039432234e-01
-6.746661873856916181e-01
-6.746560944096547940e-01
-6.746456633556634497e-01
-6.746348875508505483e-01
-6.746237602649122200e-01
-6.746122747134337683e-01
-6.746004240720789857e-01
-6.745882015029585066e-01
-6.745756001923000067e-01
-6.745626133958243509e-01
-6.745492344854853162e-01
-6.745354569889914220e-01
-6.745212746124973346e-01
-6.745066812375679621e-01
-6.744916708864285848e-01
-6.744762376546050708e-01
-6.744603756169336162e-01
-6.744440787206190668e-01
-6.744273406860942233e-01
-6.744101549411802843e-01
-6.743925146146667604e-01
-6.743744126105407632e-01
-6.743558417730339816e-01
-6.743367951359712231e-01
-6.743172662294536490e-01
-6.742972493960593949e-01
-6.742767400519169563e-01
-6.742557348201094758e-01
-6.742342314694419469e-01
-6.742122286135365794e-01
-6.741897251638063748e-01
-6.741667195817641067e-01
-6.741432090340669925e-01
-6.741191886068843564e-01
-6.740946507714344893e-01
-6.740695852966132051e-01
-6.740439797670308986e-01
-6.740178207808655841e-01
-6.739910957758574739e-01
-6.739637952781801777e-01
-6.739359152130404151e-01
-6.739074587911622061e-01
-6.738784374287912771e-01
-6.738488702038312184e-01
-6.738187815186350571e-01
-6.737881969317059960e-01
-6.737571375102060500e-01
-6.737256134873287339e-01
-6.736936184014508111e-01
-6.736611251493183072e-01
-6.736280854050518130e-01
-6.735944335638527347e-01
-6.735600957323654159e-01
-6.735250033409427850e-01
-6.734891098093439554e-01
-6.734524075471778337e-01
-6.734149416641140862e-01
-6.733768163759890069e-01
-6.733381904651959404e-01
-6.732992594383921947e-01
-6.732602242188627795e-01
-6.732212491115971975e-01
-6.731824149658411915e-01
-6.731436763209112106e-01
-6.731048331293427722e-01
-6.730655276889732086e-01
-6.730252751336144312e-01
-6.729835310231678802e-01
-6.729397925218719712e-01
-6.728937212198017326e-01
-6.728452672654240407e-01
-6.727947679890999844e-01
-6.727429916105671648e-01
-6.726910996940598242e-01
-6.726405117932310329e-01
-6.725926721126002095e-01
-6.725487394197549040e-01
-6.725092447058131917e-01
-6.724737816740428142e-01
-6.724408077129431227e-01
-6.724076323961281076e-01
-6.723706528803492510e-01
-6.723258595386819580e-01
-6.722695830802336570e-01
-6.721993927924391210e-01
-6.721149949860908412e-01
-6.720189348133078777e-01
-6.719168878937756828e-01
-6.718173531922839725e-01
-6.717306325643102038e-01
-6.716671039536670218e-01
-6.716349520854713040e-01
-6.716376888347317387e-01
-6.716719417746090937e-01
-6.717260750863696117e-01
-6.717801952241004848e-01
-6.718079579399771628e-01
-6.717803258629221341e-01
-6.716710451438734353e-01
-6.714631639154184928e-01
-6.711554814474963715e-01
-6.707674934553150559e-01
-6.703412917487289180e-01
-6.699390768644157834e-01
-6.696355017767391393e-01
-6.695049683245508643e-01
-6.696051464186968394e-01
-6.699591941029574560e-01
-6.705401729022574253e-01
-6.712617020747103647e-01
-6.719787324270171114e-01
-6.725012860879545640e-01
-6.726220740664019537e-01
-6.721561998763087020e-01
-6.709879971058260173e-01
-6.691169384720903057e-01
-6.666921901291282815e-01
-6.640245924151410017e-01
-6.615664157550027458e-01
-6.598536415431135449e-01
-6.594125831395855064e-01
-6.606413643404864811e-01
-6.636853077816672331e-01
-6.683315252956081309e-01
-6.739501712195080652e-01
-6.795070483633728342e-01
-6.836646388718667922e-01
-6.849766951759702627e-01
-6.821655042932589508e-01
-6.744506900510420788e-01
-6.618747470159330737e-01
-6.455476922282529229e-01
-6.277208964579209516e-01
-6.116114018898635152e-01
-6.009421658526525878e-01
-5.992366076063601055e-01
-6.089856680773945152e-01
-6.308599552158191681e-01
-6.631431687558173582e-01
-7.015151463349547090e-01
-7.392430225322866866e-01
-7.677938120290696000e-01
-7.778925257203220811e-01
-7.610903645885015445e-01
-7.118724400652981510e-01
-6.300893760383784459e-01
-5.230254481046624493e-01
-4.059819493771782417e-01
-3.003499560496602494e-01
-2.290543365346017768e-01
-2.105690698703136798e-01
-2.535505701372641196e-01
-3.539829392510928652e-01
-4.957616539685866797e-01
-6.542860125203080468e-01
-8.013380260298726965e-01
-9.090813836866273867e-01
-9.521437506560270769e-01
-9.089813846290261123e-01
-7.651935703213303963e-01
-5.201738019776598332e-01
-1.942827417257272093e-01
1.701168848155591440e-01
5.183796322919316246e-01
7.999085585781190444e-01
9.802266625582042314e-01
1.042421264198837960e+00
9.818879308053809485e-01
8.030986254885936759e-01
5.227579435725310253e-01
1.750898658384693884e-01
-1.894679849698209795e-01
-5.162126172252300416e-01
-7.625257996872237820e-01
-9.077332735383671913e-01
-9.521987619986888030e-01
-9.101851152881794693e-01
-8.031656805713717207e-01
-6.564675877437909923e-01
-4.979006536541253913e-01
-3.556995943393430615e-01
-2.545494421051983647e-01
-2.107043906736185968e-01
-2.283624805218459342e-01
-2.990329628444794441e-01
-4.043460695388723658e-01
-5.213960290102935824e-01
-6.287323292750570669e-01
-7.109473103863465093e-01
-7.606426548840825586e-01
-7.778753753506014723e-01
-7.681020428716240911e-01
-7.397461756789571741e-01
-7.020835457829956994e-01
-6.636663373216794559e-01
-6.312583911399635150e-01
-6.092165952526947814e-01
-5.992937821252852792e-01
-6.008501003275760199e-01
-6.114153197461396072e-01
-6.274746898575557230e-01
-6.453025237588898566e-01
-6.616704906441177592e-01
-6.743113686847754806e-01
-6.820987118125995119e-01
-6.849761144274493230e-01
-6.837143742762117338e-01
-6.795865254619825047e-01
-6.740386329945743382e-01
-6.684115033137411066e-01
-6.637447672659222420e-01
-6.606744861329312268e-01
-6.594193516054369653e-01
-6.598385548055926142e-01
-6.615367146344549587e-01
-6.639884095780986817e-01
-6.666569558746854307e-01
-6.690882647908477088e-01
-6.709691280683688364e-01
-6.721479950882186527e-01
-6.726234048562694801e-01
-6.725096801379353284e-01
-6.719910988134298879e-01
-6.712749949945866490e-01
-6.705518960872955958e-01
-6.699676973130508362e-01
-6.696097112010663821e-01
-6.695057160908708394e-01
-6.696331797381455120e-01
-6.699347856992962091e-01
-6.703362146262378252e-01
-6.707626725289255187e-01
-6.711516694441345132e-01
-6.714607592774749500e-01
-6.716701028528845319e-01
-6.717806248176796391e-01
-6.718091003897797009e-01
-6.717817138448987091e-01
-6.717275275521125133e-01
-6.716729794189419955e-01
-6.716380934976597938e-01
-6.716346420461247746e-01
-6.716661149622249471e-01
-6.717290829126135732e-01
-6.718154024917595279e-01
-6.719146981260604168e-01
-6.720166398827127630e-01
-6.721126821140605001e-01
-6.721970962781855796e-01
-6.722672886824038185e-01
-6.723235162822586153e-01
-6.723681885286667548e-01
-6.724049690473959950e-01
-6.724378747679456980e-01
-6.724705245105229157e-01
-6.725056285269842560e-01
-6.725447487118382250e-01
-6.725883068172442414e-01
-6.726357816246972821e-01
-6.726860180298710468e-01
-6.727375701317834800e-01
-6.727890128440535689e-01
-6.728391770836250618e-01
-6.728872869001110146e-01
-6.729329984221236183e-01
-6.729763570158028285e-01
-6.730176989618287253e-01
-6.730575271354337641e-01
-6.730963876562474635e-01
-6.731347680139964096e-01
-6.731730287785915312e-01
-6.732113725323669584e-01
-6.732498465587553049e-01
-6.732883709598481703e-01
-6.733267815485598495e-01
-6.733648768682906072e-01
-6.734024604875400444e-01
-6.734393725794783903e-01
-6.734755079962343460e-01
-6.735108209678671853e-01
-6.735453187712220346e-01
-6.735790480166953254e-01
-6.736120775859592014e-01
-6.736444818710596305e-01
-6.736763270590988562e-01
-6.737076620518916981e-01
-6.737385144588599051e-01
-6.737688911465677943e-01
-6.737987821841693314e-01
-6.738281667259626850e-01
-6.738570193891649796e-01
-6.738853159401556603e-01
-6.739130374969992676e-01
-6.739401728910211498e-01
-6.739667192230051063e-01
-6.739926809441152411e-01
-6.740180679615477288e-01
-6.740428933149281709e-01
-6.740671709130157119e-01
-6.740909136949398972e-01
-6.741141324232166054e-01
-6.741368351610106391e-01
-6.741590273589618265e-01
-6.741807123922491929e-01
-6.742018923505835870e-01
-6.742225688878984435e-01
-6.742427439740426021e-01
-6.742624204443661284e-01
-6.742816023015087978e-01
-6.743002947759866306e-01
-6.743185041910163546e-01
-6.743362376990770235e-01
-6.743535029632462541e-01
-6.743703078483576085e-01
-6.743866601700133634e-01
-6.744025675284702759e-01
-6.744180372338384188e-01
-6.744330763122524663e-01
-6.744476915715859056e-01
-6.744618897004116542e-01
-6.744756773745894662e-01
-6.744890613506592247e-01
-6.745020485323703907e-01
-6.745146460044149084e-01
-6.745268610343334581e-01
-6.745387010486612045e-01
-6.745501735922698749e-01
-6.745612862805583365e-01
-6.745720467530882392e-01
-6.745824626349933295e-01
-6.745925415097329125e-01
-6.746022909040414461e-01
-6.746117182837286785e-01
-6.746208310575126932e-01
-6.746296365854338450e-01
-6.746381421884741769e-01
-6.746463551566345140e-01
-6.746542827536557985e-01
-6.746619322175864131e-01
-6.746693107573016324e-01
-6.746764255457620152e-01
-6.746832837111714776e-01
-6.746898923273106918e-01
-6.746962584041700239e-01
-6.747023888797344382e-01
-6.747082906133961000e-01
-6.747139703811230182e-01
-6.747194348722177493e-01
-6.747246906873041183e-01
-6.747297443370886549e-01
-6.747346022414525413e-01
-6.747392707285025937e-01
-6.747437560333371387e-01
-6.747480642964084341e-01
-6.747522015614888513e-01
-6.747561737733349663e-01
-6.747599867751977731e-01
-6.747636463063440004e-01
-6.747671579997326363e-01
-6.747705273799651238e-01
-6.747737598615678456e-01
-6.747768607476256619e-01
-6.747798352287476265e-01
-6.747826883823127009e-01
-6.747854251719332952e-01
-6.747880504470760155e-01
-6.747905689427847742e-01
-6.747929852794694039e-01
-6.747953039627372362e-01
-6.747975293832668697e-01
-6.747996658167293438e-01
-6.748017174237711524e-01
-6.748036882500796363e-01
-6.748055822265469628e-01
-6.748074031695414643e-01
-6.748091547812945512e-01
-6.748108406504026435e-01
-6.748124642524362393e-01
-6.748140289506485701e-01
-6.748155379967692991e-01
-6.748169945318727159e-01
-6.748184015873109898e-01
-6.748197620857000478e-01
-6.748210788419524153e-01
-6.748223545643563526e-01
-6.748235918556918511e-01
-6.748247932143857097e-01
-6.748259610357082439e-01
-6.748270976130006371e-01
-6.748282051389403735e-01
-6.748292857068369788e-01
-6.748303413119608463e-01
-6.748313738528907146e-01
-6.748323851328867917e-01
-6.748333768612756467e-01
-6.748343506548502013e-01
-6.748353080392744952e-01
-6.748362504504903381e-01
-6.748371792361232968e-01
-6.748380956568852396e-01
-6.748390008879669999e-01
-6.748398960204227137e-01
-6.748407820625380582e-01
-6.748416599411851680e-01
-6.748425305031588994e-01
-6.748433945164906689e-01
-6.748442526717390866e-01
-6.748451055832558332e-01
-6.748459537904215599e-01
-6.748467977588525901e-01
-6.748476378815729815e-01
-6.748484744801512836e-01
-6.748493078057979933e-01
-6.748501380404263728e-01
-6.748509652976680817e-01
-6.748517896238485081e-01
-6.748526109989150257e-01
-6.748534293373208426e-01
-6.748542444888581127e-01
-6.748550562394471930e-01
-6.748558643118693912e-01
-6.748566683664546373e-01
