-6.748570077995296179e-01
-6.748579511440067069e-01
-6.748589025304422284e-01
-6.748598612596501400e-01
-6.748608265902125147e-01
-6.748617977388837730e-01
-6.748627738809050980e-01
-6.748637541502356951e-01
-6.748647376396975650e-01
-6.748657234010334571e-01
-6.748667104448795584e-01
-6.748676977406536936e-01
-6.748686842163603705e-01
-6.748696687583108922e-01
-6.748706502107629790e-01
-6.748716273754763462e-01
-6.748725990111913431e-01
-6.748735638330256581e-01
-6.748745205117959722e-01
-6.748754676732632296e-01
-6.748764038973045221e-01
-6.748773277170119211e-01
-6.748782376177208109e-01
-6.748791320359710522e-01
-6.748800093583998683e-01
-6.748808679205720029e-01
-6.748817060057480388e-01
-6.748825218435903217e-01
-6.748833136088130402e-01
-6.748840794197760173e-01
-6.748848173370272097e-01
-6.748855253617961347e-01
-6.748862014344393367e-01
-6.748868434328469945e-01
-6.748874491708084511e-01
-6.748880163963423273e-01
-6.748885427899986578e-01
-6.748890259631306066e-01
-6.748894634561433126e-01
-6.748898527367203082e-01
-6.748901911980320634e-01
-6.748904761569299859e-01
-6.748907048521216590e-01
-6.748908744423386397e-01
-6.748909820044959318e-01
-6.748910245318482382e-01
-6.748909989321513203e-01
-6.748909020258304636e-01
-6.748907305441713689e-01
-6.748904811275328042e-01
-6.748901503236008903e-01
-6.748897345856827990e-01
-6.748892302710517432e-01
-6.748886336393423724e-01
-6.748879408509965705e-01
-6.748871479657602146e-01
-6.748862509412214550e-01
-6.748852456313862991e-01
-6.748841277852879461e-01
-6.748828930456313158e-01
-6.748815369474788772e-01
-6.748800549169926555e-01
-6.748784422702565067e-01
-6.748766942122086387e-01
-6.748748058357221247e-01
-6.748727721208649388e-01
-6.748705879343641634e-01
-6.748682480292896857e-01
-6.748657470449488383e-01
-6.748630795069653354e-01
-6.748602398274835545e-01
-6.748572223054394303e-01
-6.748540211268194700e-01
-6.748506303648480475e-01
-6.748470439800647869e-01
-6.748432558203023568e-01
-6.748392596206330696e-01
-6.748350490034066285e-01
-6.748306174785616562e-01
-6.748259584444241677e-01
-6.748210651892019296e-01
-6.748159308933360245e-01
-6.748105486327805602e-01
-6.748049113831452450e-01
-6.747990120244666823e-01
-6.747928433462297981e-01
-6.747863980521224825e-01
-6.747796687639650015e-01
-6.747726480243092517e-01
-6.747653282973774536e-01
-6.747577019683189681e-01
-6.747497613411620465e-01
-6.747414986362740841e-01
-6.747329059885378566e-01
-6.747239754477151186e-01
-6.747146989824892582e-01
-6.747050684893830530e-01
-6.746950758071315057e-01
-6.746847127361459417e-01
-6.746739710615606844e-01
-6.746628425772089876e-01
-6.746513191069288817e-01
-6.746393925191561669e-01
-6.746270547310382337e-01
-6.746142976994600193e-01
-6.746011133984398667e-01
-6.745874937851391584e-01
-6.745734307598635349e-01
-6.745589161283652713e-01
-6.745439415767897628e-01
-6.745284986700268437e-01
-6.745125788825067081e-01
-6.744961736663096508e-01
-6.744792745550101110e-01
-6.744618732936563665e-01
-6.744439619769184713e-01
-6.744255331704001044e-01
-6.744065799863150357e-01
-6.743870960859071895e-01
-6.743670755884092483e-01
-6.743465128802460518e-01
-6.743254023375581108e-01
-6.743037379974597956e-01
-6.742815132348880525e-01
-6.742587205176082676e-01
-6.742353513168765078e-01
-6.742113962411769856e-01
-6.741868454330586236e-01
-6.741616892250363868e-01
-6.741359189942699448e-01
-6.741095280956079794e-01
-6.740825127002153527e-01
-6.740548723358540384e-01
-6.740266099278285905e-01
-6.739977311861623521e-01
-6.739682432777311938e-01
-6.739381528558787693e-01
-6.739074636780503225e-01
-6.738761741978104292e-01
-6.738442756374783960e-01
-6.738117510953913758e-01
-6.737785761860017875e-01
-6.737447215328186134e-01
-6.737101571352454021e-01
-6.736748582384552986e-01
-6.736388119063227986e-01
-6.736020231113168943e-01
-6.735645189068774075e-01
-6.735263492307180799e-01
-6.734875831737171525e-01
-6.734483001674683722e-01
-6.734085764609717417e-01
-6.733684683667680027e-01
-6.733279948802003423e-01
-6.732871231777256549e-01
-6.732457609244489882e-01
-6.732037590360712143e-01
-6.731609273974414887e-01
-6.731170640283890005e-01
-6.730719954781935188e-01
-6.730256231921777355e-01
-6.729779677753268130e-01
-6.729292011414916841e-01
-6.728796561539750476e-01
-6.728298050736786218e-01
-6.727802021889223161e-01
-6.727313922372885058e-01
-6.726837939624620288e-01
-6.726375761771160589e-01
-6.725925504088677842e-01
-6.725481077775253835e-01
-6.725032265082169225e-01
-6.724565692750419377e-01
-6.724066761698397343e-01
-6.723522405235380361e-01
-6.722924334914942568e-01
-6.722272229594041804e-01
-6.721576175286129162e-01
-6.720857618677340550e-01
-6.720148195534753066e-01
-6.719486057863720552e-01
-6.718909743134366952e-01
-6.718450162295460659e-01
-6.718121850969293041e-01
-6.717915119933270951e-01
-6.717791030397549656e-01
-6.717681086288950221e-01
-6.717493092409471123e-01
-6.717123747577339321e-01
-6.716477283507981122e-01
-6.715487977839933453e-01
-6.714142910967149103e-01
-6.712500217591693685e-01
-6.710697644003295048e-01
-6.708946756385081311e-01
-6.707509828143790598e-01
-6.706659242976301671e-01
-6.706622911876787274e-01
-6.707523179684874437e-01
-6.709320233681058676e-01
-6.711773252302967174e-01
-6.714432615622201173e-01
-6.716673829369392834e-01
-6.717778170829451501e-01
-6.717056755477368579e-01
-6.714004664495922814e-01
-6.708461500898726948e-01
-6.700746324343784810e-01
-6.691730730603624444e-01
-6.682816176010787368e-01
-6.675792098602251201e-01
-6.672570174833400980e-01
-6.674815430271563432e-01
-6.683523009176606244e-01
-6.698614627498653551e-01
-6.718644911571454159e-01
-6.740709584900971274e-01
-6.760631412125364115e-01
-6.773465052719461754e-01
-6.774310027153201963e-01
-6.759355635086763403e-01
-6.727009637785795748e-01
-6.678895325938305483e-01
-6.620457136268023124e-01
-6.560916298737188290e-01
-6.512386433834871369e-01
-6.488102086587191897e-01
-6.499912659536067894e-01
-6.555403653536189257e-01
-6.655165480704897663e-01
-6.790788488199466233e-01
-6.944110457869903108e-01
-7.088113487124850787e-01
-7.189713930867634994e-01
-7.214533142608680061e-01
-7.133519365820389924e-01
-6.930879692153563143e-01
-6.612074297304374459e-01
-6.209741097322867276e-01
-5.784828516806622689e-01
-5.420601801114103280e-01
-5.208954398598825142e-01
-5.231170233041759765e-01
-5.537672720082625899e-01
-6.131974392447916422e-01
-6.962420582758841459e-01
-7.922065221530982804e-01
-8.853988508820512804e-01
-9.559166655798100320e-01
-9.808602198819550422e-01
-9.369541840235028340e-01
-8.060105404925549388e-01
-5.835553757943066078e-01
-2.876720216954251619e-01
3.828381154008940468e-02
3.341902684246802480e-01
5.404256866244789848e-01
6.147729180849572650e-01
5.421354441748269526e-01
3.372600047951703761e-01
4.208238919578173587e-02
-2.838931368339176475e-01
-5.804373906516383519e-01
-8.039202290545964802e-01
-9.359547682495485965e-01
-9.807951446499004744e-01
-9.565241197312365218e-01
-8.863977641705657051e-01
-7.933420766062847518e-01
-6.973053212937999623e-01
-6.140352705386858956e-01
-5.542892999431461298e-01
-5.232983429804223263e-01
-5.207712703966143053e-01
-5.417110013631741827e-01
-5.780124934921698765e-01
-6.204862086355307227e-01
-6.607861439439086659e-01
-6.927868547561801815e-01
-7.131917049335566583e-01
-7.214265036882349102e-01
-7.190508159053821124e-01
-7.089594525006309711e-01
-6.945883035977479247e-01
-6.792502517588153710e-01
-6.656558912315096999e-01
-6.556323308252764992e-01
-6.500314844137559112e-01
-6.488036467680876607e-01
-6.511968344125097508e-01
-6.560293847836672354e-01
-6.619779581714718697e-01
-6.678287943271284943e-01
-6.726558162272716634e-01
-6.759100908787217810e-01
-6.774251438371050593e-01
-6.773570097584626915e-01
-6.760848302006993160e-01
-6.740980089372397011e-01
-6.718915295462514203e-01
-6.698843368299205459e-01
-6.683684795169696491e-01
-6.674901633714421800e-01
-6.672586506019234642e-01
-6.675754443703094676e-01
-6.682745700363740271e-01
-6.691649215984035726e-01
-6.700672457673777505e-01
-6.708408513053769617e-01
-6.713979401832472771e-01
-6.717060008906780011e-01
-6.717805919478947452e-01
-6.716718985281247001e-01
-6.714486870386505712e-01
-6.711828702440103545e-01
-6.709370571621288137e-01
-6.707564355744419782e-01
-6.706653279205430085e-01
-6.706679278181058024e-01
-6.707521568260039757e-01
-6.708953107597460663e-01
-6.710701703801403850e-01
-6.712504718220467792e-01
-6.714149847994065334e-01
-6.715498442920350142e-01
-6.716491482569267868e-01
-6.717141159419053320e-01
-6.717512709859067010e-01
-6.717701681649491663e-01
-6.717811396192633344e-01
-6.717934251150103897e-01
-6.718139052268333744e-01
-6.718465079691098296e-01
-6.718922332115031537e-01
-6.719496507591230516e-01
-6.720156831480472714e-01
-6.720864804500059630e-01
-6.721582230157059357e-01
-6.722277370970995980e-01
-6.722928650338099166e-01
-6.723525851162740485e-01
-6.724069183429081109e-01
-6.724566857387498375e-01
-6.725031899181632689e-01
-6.725478902457754371e-01
-6.725921262445958559e-01
-6.726369235834031013e-01
-6.726828956489673272e-01
-6.727302350953097143e-01
-6.727787762958006290e-01
-6.728281023428971386e-01
-6.728776689336595229e-01
-6.729269210038714144e-01
-6.729753846534904937e-01
-6.730227249282031421e-01
-6.730687677649407341e-01
-6.731134906669520301e-01
-6.731569907584249446e-01
-6.731994406050509916e-01
-6.732410418255212470e-01
-6.732819845968985861e-01
-6.733224183447268363e-01
-6.733624358702469115e-01
-6.734020704517996725e-01
-6.734413034367812134e-01
-6.734800786873961220e-01
-6.735183199492438266e-01
-6.735559476290097214e-01
-6.735928923656557821e-01
-6.736291039016174542e-01
-6.736645548715516352e-01
-6.736992400464764108e-01
-6.737331721932725559e-01
-6.737663759995118351e-01
-6.737988814996562770e-01
-6.738307181924980682e-01
-6.738619106546668291e-01
-6.738924760259488167e-01
-6.739224233494873761e-01
-6.739517544496865797e-01
-6.739804658510146762e-01
-6.740085511837196064e-01
-6.740360035692197771e-01
-6.740628175971323799e-01
-6.740889906615104010e-01
-6.741145235820039661e-01
-6.741394205698564290e-01
-6.741636886923304539e-01
-6.741873370362578832e-01
-6.742103757748337811e-01
-6.742328153109458100e-01
-6.742546656181468423e-01
-6.742759358402733438e-01
-6.742966341543482622e-01
-6.743167678571884149e-01
-6.743363436085150209e-01
-6.743553677530931267e-01
-6.743738466491970840e-01
-6.743917869463185166e-01
-6.744091957764192236e-01
-6.744260808453991229e-01
-6.744424504308704771e-01
-6.744583133063104530e-01
-6.744736786191690703e-01
-6.744885557517570351e-01
-6.745029541899892900e-01
-6.745168834180538253e-01
-6.745303528487149869e-01
-6.745433717909208315e-01
-6.745559494499151487e-01
-6.745680949508515711e-01
-6.745798173751559323e-01
-6.745911257992749377e-01
-6.746020293274754831e-01
-6.746125371132744020e-01
-6.746226583672186861e-01
-6.746324023515289925e-01
-6.746417783642025823e-01
-6.746507957163306868e-01
-6.746594637066835043e-01
-6.746677915971701633e-01
-6.746757885918529540e-01
-6.746834638210356117e-01
-6.746908263308026843e-01
-6.746978850774562053e-01
-6.747046489256481872e-01
-6.747111266487253456e-01
-6.747173269298196718e-01
-6.747232583624664937e-01
-6.747289294499370094e-01
-6.747343486029039328e-01
-6.747395241354612327e-01
-6.747444642598235953e-01
-6.747491770802168665e-01
-6.747536705865174733e-01
-6.747579526481609635e-01
-6.747620310087043549e-01
-6.747659132812783289e-01
-6.747696069450026535e-01
-6.747731193422926710e-01
-6.747764576769020861e-01
-6.747796290124897789e-01
-6.747826402715042526e-01
-6.747854982342008645e-01
-6.747882095376704914e-01
-6.747907806748100201e-01
-6.747932179932285557e-01
-6.747955276941227654e-01
-6.747977158311886381e-01
-6.747997883096418237e-01
-6.748017508854114999e-01
-6.748036091645663870e-01
-6.748053686029994447e-01
-6.748070345063807984e-01
-6.748086120303664615e-01
-6.748101061810356516e-01
-6.748115218155267270e-01
-6.748128636428324389e-01
-6.748141362247270791e-01
-6.748153439768010964e-01
-6.748164911695845314e-01
-6.748175819297560496e-01
-6.748186202414347967e-01
-6.748196099475555210e-01
-6.748205547513389524e-01
-6.748214582178552190e-01
-6.748223237756854065e-01
-6.748231547186825940e-01
-6.748239542078278141e-01
-6.748247252731709445e-01
-6.748254708158546444e-01
-6.748261936102077918e-01
-6.748268963058979830e-01
-6.748275814301397668e-01
-6.748282513899406254e-01
-6.748289084743878119e-01
-6.748295548569636093e-01
-6.748301925978854587e-01
-6.748308236464700682e-01
-6.748314498435153963e-01
-6.748320729236971793e-01
-6.748326945179760061e-01
-6.748333161560109428e-01
-6.748339392685772653e-01
-6.748345651899799735e-01
-6.748351951604626420e-01
-6.748358303286018378e-01
-6.748364717536866619e-01
-6.748371204080767516e-01
-6.748377771795335267e-01
-6.748384428735210161e-01
-6.748391182154753754e-01
-6.748398038530313281e-01
-6.748405003582127470e-01
-6.748412082295764947e-01
-6.748419278943089683e-01
-6.748426597102715752e-01
-6.748434039679931384e-01
-6.748441608926064594e-01
-6.748449306457251495e-01
-6.748457133272599551e-01
-6.748465089771690240e-01
-6.748473175771432242e-01
-6.748481390522190759e-01
-6.748489732723246259e-01
-6.748498200537489389e-01
-6.748506791605376476e-01
-6.748515503058121201e-01
-6.748524331530080245e-01
-6.748533273170373992e-01
-6.748542323653670127e-01
-6.748551478190176756e-01
-6.748560731534767321e-01
