-6.748570397712735369e-01
-6.748578047068910513e-01
-6.748585605711494573e-01
-6.748593068044208554e-01
-6.748600427843106653e-01
-6.748607678260132303e-01
-6.748614811826170179e-01
-6.748621820453655218e-01
-6.748628695438653180e-01
-6.748635427462512659e-01
-6.748642006593003062e-01
-6.748648422285000725e-01
-6.748654663380698748e-01
-6.748660718109372736e-01
-6.748666574086668035e-01
-6.748672218313439553e-01
-6.748677637174180788e-01
-6.748682816434989906e-01
-6.748687741241148341e-01
-6.748692396114283065e-01
-6.748696764949153604e-01
-6.748700831010050472e-01
-6.748704576926861654e-01
-6.748707984690767159e-01
-6.748711035649653800e-01
-6.748713710503221330e-01
-6.748715989297794371e-01
-6.748717851420884539e-01
-6.748719275595485012e-01
-6.748720239874127502e-01
-6.748720721632741615e-01
-6.748720697564312143e-01
-6.748720143672365390e-01
-6.748719035264343358e-01
-6.748717346944862472e-01
-6.748715052608930121e-01
-6.748712125435148979e-01
-6.748708537878954639e-01
-6.748704261665939841e-01
-6.748699267785250866e-01
-6.748693526483151572e-01
-6.748687007256681802e-01
-6.748679678847459007e-01
-6.748671509235593113e-01
-6.748662465633701313e-01
-6.748652514481051634e-01
-6.748641621437820870e-01
-6.748629751379529029e-01
-6.748616868391756896e-01
-6.748602935765258826e-01
-6.748587915991594022e-01
-6.748571770759507205e-01
-6.748554460952144174e-01
-6.748535946645192185e-01
-6.748516187106093911e-01
-6.748495140794097402e-01
-6.748472765361133163e-01
-6.748449017653166404e-01
-6.748423853711762455e-01
-6.748397228775551149e-01
-6.748369097281385898e-01
-6.748339412865133058e-01
-6.748308128362289215e-01
-6.748275195808871585e-01
-6.748240566443367561e-01
-6.748204190710637151e-01
-6.748166018268780819e-01
-6.748125997999822046e-01
-6.748084078024783050e-01
-6.748040205722964924e-01
-6.747994327754753829e-01
-6.747946390086303481e-01
-6.747896338013884554e-01
-6.747844116185282015e-01
-6.747789668615757908e-01
-6.747732938696725524e-01
-6.747673869196698648e-01
-6.747612402255830366e-01
-6.747548479377493136e-01
-6.747482041422406818e-01
-6.747413028612235797e-01
-6.747341380549852774e-01
-6.747267036262466489e-01
-6.747189934270899636e-01
-6.747110012683820157e-01
-6.747027209310284546e-01
-6.746941461778059868e-01
-6.746852707640460522e-01
-6.746760884451825646e-01
-6.746665929793045358e-01
-6.746567781233903105e-01
-6.746466376229380835e-01
-6.746361651960908201e-01
-6.746253545149429875e-01
-6.746141991882014244e-01
-6.746026927503844250e-01
-6.745908286629423989e-01
-6.745786003317313373e-01
-6.745660011430872904e-01
-6.745530245173572137e-01
-6.745396639745924183e-01
-6.745259132028204041e-01
-6.745117661158214206e-01
-6.744972168856551153e-01
-6.744822599362123583e-01
-6.744668898884463859e-01
-6.744511014557172945e-01
-6.744348892981819610e-01
-6.744182478569585859e-01
-6.744011711996120706e-01
-6.743836529157418713e-01
-6.743656861023774596e-01
-6.743472634713471026e-01
-6.743283775938645475e-01
-6.743090212721034593e-01
-6.742891879964565405e-01
-6.742688724156554736e-01
-6.742480707217088920e-01
-6.742267808402035989e-01
-6.742050023256562774e-01
-6.741827358955913008e-01
-6.741599825960217229e-01
-6.741367426697192355e-01
-6.741130142858573482e-01
-6.740887923686873506e-01
-6.740640678140323860e-01
-6.740388273857037538e-01
-6.740130545240804461e-01
-6.739867311697979035e-01
-6.739598405138665926e-01
-6.739323703546103994e-01
-6.739043165102313049e-01
-6.738756855542992197e-01
-6.738464960652588154e-01
-6.738167776592072222e-01
-6.737865673378468090e-01
-6.737559031295354828e-01
-6.737248155888907464e-01
-6.736933183637360267e-01
-6.736613996129625637e-01
-6.736290164178536655e-01
-6.735960943274669210e-01
-6.735625337057177253e-01
-6.735282235634408865e-01
-6.734930621226170588e-01
-6.734569816493892747e-01
-6.734199733992711767e-01
-6.733821072194684509e-01
-6.733435398557048313e-01
-6.733045066688171376e-01
-6.732652934886868001e-01
-6.732261886928311290e-01
-6.731874199649109380e-01
-6.731490849129256882e-01
-6.731110888787439350e-01
-6.730731057625193303e-01
-6.730345774627076727e-01
-6.729947638143845001e-01
-6.729528474444067543e-01
-6.729080872468068408e-01
-6.728600015761408981e-01
-6.728085499516893719e-01
-6.727542728564647190e-01
-6.726983460711851714e-01
-6.726425114484284595e-01
-6.725888615339785659e-01
-6.725394806366603584e-01
-6.724959772524193857e-01
-6.724589772291080791e-01
-6.724276768016211880e-01
-6.723995716601348649e-01
-6.723704749365662092e-01
-6.723349079545157814e-01
-6.722868913225664711e-01
-6.722210845083641528e-01
-6.721341297610338161e-01
-6.720259674702545594e-01
-6.719008253178090362e-01
-6.717675644867454610e-01
-6.716391109329071796e-01
-6.715308179660306465e-01
-6.714577944704984702e-01
-6.714314707219110057e-01
-6.714559234870510762e-01
-6.715246926124990301e-01
-6.716189347379289964e-01
-6.717077224650388478e-01
-6.717510725546258499e-01
-6.717058672106465123e-01
-6.715342502446032258e-01
-6.712134112106741268e-01
-6.707450340441447612e-01
-6.701622319781291859e-01
-6.695316761825405028e-01
-6.689489860123368770e-01
-6.685263529095478718e-01
-6.683727809661295094e-01
-6.685690759351029522e-01
-6.691415024802526146e-01
-6.700394679353535166e-01
-6.711232727384902619e-01
-6.721675532939364039e-01
-6.728843350109564581e-01
-6.729666057078330654e-01
-6.721492252412807344e-01
-6.702792654987183019e-01
-6.673832742153509301e-01
-6.637155425060643488e-01
-6.597705399947685345e-01
-6.562455342735041830e-01
-6.539467425139057211e-01
-6.536437161098109794e-01
-6.558900768414742677e-01
-6.608410418245714846e-01
-6.681060285616163830e-01
-6.766757565621182025e-01
-6.849573205576375834e-01
-6.909389344169993841e-01
-6.924896582382946697e-01
-6.877778623804510216e-01
-6.757630526720748154e-01
-6.566781165304066414e-01
-6.323799071219103896e-01
-6.064242819072400703e-01
-5.837435100167207569e-01
-5.698860567162588042e-01
-5.699079745801610697e-01
-5.871332623102120118e-01
-6.220658333175529409e-01
-6.717005311015912250e-01
-7.293606484198669193e-01
-7.850572181626120916e-01
-8.263216866254878834e-01
-8.395711681859772124e-01
-8.122560205423081658e-01
-7.360578249207656576e-01
-6.109147270470374202e-01
-4.485920610356964877e-01
-2.735474281192348811e-01
-1.191764312688925326e-01
-1.966646131791920799e-02
-2.472803993387435008e-04
-6.953114531140640320e-02
-2.165954789260072233e-01
-4.137249437772765881e-01
-6.237769161776897109e-01
-8.090153622389882893e-01
-9.373836389069770680e-01
-9.843258912073706846e-01
-9.322613639997829882e-01
-7.720303001605515192e-01
-5.085167921627241627e-01
-1.671438375846004687e-01
2.062046149701769193e-01
5.561714727732194330e-01
8.344518558139064623e-01
1.010457226793285201e+00
1.070669496747283178e+00
1.011813423586850780e+00
8.370843237742584542e-01
5.598430254160010611e-01
2.104584966791251122e-01
-1.629297900056038140e-01
-5.049566748540286198e-01
-7.695531705426003066e-01
-9.310461942013079639e-01
-9.843504360629877770e-01
-9.385023111911414695e-01
-8.109950013591437079e-01
-6.262882274245289427e-01
-4.163389418875009240e-01
-2.188321159308268815e-01
-7.096163751638483175e-02
-6.067848602931138428e-04
-1.892625641492426403e-02
-1.175476429046337784e-01
-2.714146343097324499e-01
-4.463985220407501453e-01
-6.090415393053886239e-01
-7.347432092211451105e-01
-8.115766664887065218e-01
-8.394730795857726635e-01
-8.266708100412136773e-01
-7.856859904016197937e-01
-7.301014693813457912e-01
-6.724075778374315471e-01
-6.226291633838936246e-01
-5.874871597280602042e-01
-5.700332007336709195e-01
-5.698052108562809970e-01
-5.835099977043642916e-01
-6.061072452081095463e-01
-6.320486649063442597e-01
-6.563895592666072476e-01
-6.755541616631106638e-01
-6.876637688227247303e-01
-6.924662054202337380e-01
-6.909879949632026230e-01
-6.850531208054216892e-01
-6.767908654383759659e-01
-6.682161660567256245e-01
-6.609282839222878625e-01
-6.559443505310748046e-01
-6.536627207758660685e-01
-6.539346251309152702e-01
-6.562107778646563139e-01
-6.597235751042979102e-01
-6.636665478201233537e-01
-6.673405083770104218e-01
-6.702481041751856550e-01
-6.721319104404621658e-01
-6.729625845635265335e-01
-6.728909908867600764e-01
-6.721811128074423047e-01
-6.711396958196447216e-01
-6.700551776199331622e-01
-6.691538712836666569e-01
-6.685766443480739563e-01
-6.683752325917808879e-01
-6.685243050124556330e-01
-6.689436716737476862e-01
-6.695245954782992337e-01
-6.701548376394416140e-01
-6.707384966254225089e-01
-6.712084851879238645e-01
-6.715312405151305786e-01
-6.717046786262470537e-01
-6.717513151351967027e-01
-6.717088419050813997e-01
-6.716203405940961435e-01
-6.715258632981724318e-01
-6.714564758469091510e-01
-6.714311906462417934e-01
-6.714566323002512105e-01
-6.715288574545039690e-01
-6.716365229544631887e-01
-6.717645566956825798e-01
-6.718975970990092028e-01
-6.720226765189158957e-01
-6.721308732428283861e-01
-6.722178946389921750e-01
-6.722837428278087835e-01
-6.723317334605291018e-01
-6.723671839112693727e-01
-6.723960689275456648e-01
-6.724238776255501149e-01
-6.724548172175204286e-01
-6.724914165962030399e-01
-6.725345032543914581e-01
-6.725834704175693846e-01
-6.726367218481288379e-01
-6.726921781505611486e-01
-6.727477451691444843e-01
-6.728016746494428491e-01
-6.728527817629719188e-01
-6.729005164408122797e-01
-6.729449107645261163e-01
-6.729864403061313061e-01
-6.730258429176798618e-01
-6.730639354485710157e-01
-6.731014597435533986e-01
-6.731389770101451342e-01
-6.731768170388556793e-01
-6.732150780134390500e-01
-6.732536651340994549e-01
-6.732923525018773558e-01
-6.733308524373783355e-01
-6.733688788588068075e-01
-6.734061954722547760e-01
-6.734426442443806060e-01
-6.734781540023800916e-01
-6.735127323825863543e-01
-6.735464463929312640e-01
-6.735793975341572981e-01
-6.736116969453987968e-01
-6.736434447537620329e-01
-6.736747161201759315e-01
-6.737055547629192676e-01
-6.737359732990945149e-01
-6.737659587520576920e-01
-6.737954810910069536e-01
-6.738245026589623210e-01
-6.738529866982342353e-01
-6.738809037537512037e-01
-6.739082353770186051e-01
-6.739349751422948342e-01
-6.739611274353526360e-01
-6.739867047413466983e-01
-6.740117242399075170e-01
-6.740362044422268939e-01
-6.740601624252678947e-01
-6.740836119874519250e-01
-6.741065628190605619e-01
-6.741290205880586806e-01
-6.741509877113912586e-01
-6.741724645204949518e-01
-6.741934505318031290e-01
-6.742139455831970274e-01
-6.742339506759571499e-01
-6.742534684488641350e-01
-6.742725032901143445e-01
-6.742910611522114905e-01
-6.743091491695922812e-01
-6.743267751884491901e-01
-6.743439473072575518e-01
-6.743606735015704734e-01
-6.743769613751967595e-01
-6.743928180487519519e-01
-6.744082501708931199e-01
-6.744232640203863260e-01
-6.744378656593658095e-01
-6.744520610988651299e-01
-6.744658564447788551e-01
-6.744792580031937490e-01
-6.744922723358225403e-01
-6.745049062668443396e-01
-6.745171668503412432e-01
-6.745290613119996337e-01
-6.745405969798768941e-01
-6.745517812174169903e-01
-6.745626213684425831e-01
-6.745731247195685398e-01
-6.745832984812981659e-01
-6.745931497856395564e-01
-6.746026856958404760e-01
-6.746119132228491910e-01
-6.746208393432764350e-01
-6.746294710146332196e-01
-6.746378151850858096e-01
-6.746458787965825543e-01
-6.746536687816024891e-01
-6.746611920548257757e-01
-6.746684555015967089e-01
-6.746754659651796882e-01
-6.746822302345633071e-01
-6.746887550340934236e-01
-6.746950470156267698e-01
-6.747011127533415475e-01
-6.747069587408836000e-01
-6.747125913902374261e-01
-6.747180170315912884e-01
-6.747232419134902015e-01
-6.747282722027230228e-01
-6.747331139835877067e-01
-6.747377732563891728e-01
-6.747422559352190818e-01
-6.747465678451992632e-01
-6.747507147194409249e-01
-6.747547021959855451e-01
-6.747585358149621459e-01
-6.747622210161146050e-01
-6.747657631367929287e-01
-6.747691674104119297e-01
-6.747724389653295685e-01
-6.747755828240548093e-01
-6.747786039026867355e-01
-6.747815070104864477e-01
-6.747842968495095795e-01
-6.747869780142470297e-01
-6.747895549912581448e-01
-6.747920321588024573e-01
-6.747944137864871905e-01
-6.747967040349661660e-01
-6.747989069557223107e-01
-6.748010264909541922e-01
-6.748030664735927830e-01
-6.748050306274462340e-01
-6.748069225674755423e-01
-6.748087458001864603e-01
-6.748105037241250992e-01
-6.748121996304593528e-01
-6.748138367036294882e-01
-6.748154180220553577e-01
-6.748169465588947924e-01
-6.748184251828382996e-01
-6.748198566589497238e-01
-6.748212436495428790e-01
-6.748225887151002578e-01
-6.748238943152321534e-01
-6.748251628096759713e-01
-6.748263964593369524e-01
-6.748275974273655331e-01
-6.748287677802710105e-01
-6.748299094890586325e-01
-6.748310244303966643e-01
-6.748321143877983319e-01
-6.748331810528216401e-01
-6.748342260262772951e-01
-6.748352508194416233e-01
-6.748362568552732643e-01
-6.748372454696291989e-01
-6.748382179124780000e-01
-6.748391753491076450e-01
-6.748401188613252222e-01
-6.748410494486469791e-01
-6.748419680294752698e-01
-6.748428754422611808e-01
-6.748437724466487264e-01
-6.748446597245985057e-01
-6.748455378814923744e-01
-6.748464074472064755e-01
-6.748472688771640637e-01
-6.748481225533533578e-01
-6.748489687853155283e-01
-6.748498078110972687e-01
-6.748506397981726135e-01
-6.748514648443246777e-01
-6.748522829784880939e-01
-6.748530941615548118e-01
-6.748538982871374881e-01
-6.748546951822900208e-01
-6.748554846081873393e-01
-6.748562662607580087e-01
