-6.748577121327833384e-01
-6.748585584265331949e-01
-6.748594048353119268e-01
-6.748602507344856338e-01
-6.748610954452289867e-01
-6.748619382349074769e-01
-6.748627783173946071e-01
-6.748636148533189161e-01
-6.748644469502455001e-01
-6.748652736627923643e-01
-6.748660939926817148e-01
-6.748669068887228617e-01
-6.748677112467355022e-01
-6.748685059094090555e-01
-6.748692896661002694e-01
-6.748700612525723175e-01
-6.748708193506718356e-01
-6.748715625879490032e-01
-6.748722895372126773e-01
-6.748729987160291266e-01
-6.748736885861600365e-01
-6.748743575529417837e-01
-6.748750039646078669e-01
-6.748756261115619326e-01
-6.748762222255989540e-01
-6.748767904790886618e-01
-6.748773289841181189e-01
-6.748778357916022097e-01
-6.748783088903627103e-01
-6.748787462061762721e-01
-6.748791456007902090e-01
-6.748795048709030908e-01
-6.748798217471029259e-01
-6.748800938927708160e-01
-6.748803189029374261e-01
-6.748804943031067038e-01
-6.748806175480491776e-01
-6.748806860205822655e-01
-6.748806970303472541e-01
-6.748806478126015973e-01
-6.748805355270420803e-01
-6.748803572566587361e-01
-6.748801100066290637e-01
-6.748797907032387799e-01
-6.748793961928174490e-01
-6.748789232406651184e-01
-6.748783685299593049e-01
-6.748777286606139070e-01
-6.748770001481012581e-01
-6.748761794222355448e-01
-6.748752628259552244e-01
-6.748742466141384178e-01
-6.748731269525098941e-01
-6.748718999166912758e-01
-6.748705614914385365e-01
-6.748691075700899988e-01
-6.748675339542198337e-01
-6.748658363534507654e-01
-6.748640103853561500e-01
-6.748620515753586124e-01
-6.748599553565138853e-01
-6.748577170691018035e-01
-6.748553319599797096e-01
-6.748527951817120396e-01
-6.748501017915704558e-01
-6.748472467505679528e-01
-6.748442249227548650e-01
-6.748410310750135865e-01
-6.748376598775764901e-01
-6.748341059053987179e-01
-6.748303636403997219e-01
-6.748264274744114610e-01
-6.748222917125143994e-01
-6.748179505762835761e-01
-6.748133982064088432e-01
-6.748086286641772347e-01
-6.748036359314577570e-01
-6.747984139090945632e-01
-6.747929564139822922e-01
-6.747872571754852666e-01
-6.747813098322220648e-01
-6.747751079304571409e-01
-6.747686449253499363e-01
-6.747619141860650149e-01
-6.747549090051949694e-01
-6.747476226121823517e-01
-6.747400481895106106e-01
-6.747321788895416228e-01
-6.747240078492088289e-01
-6.747155281995108611e-01
-6.747067330670806218e-01
-6.746976155660845409e-01
-6.746881687803341077e-01
-6.746783857376014160e-01
-6.746682593803906558e-01
-6.746577825394353134e-01
-6.746469479174426187e-01
-6.746357480906333137e-01
-6.746241755340509627e-01
-6.746122226732984561e-01
-6.745998819604948071e-01
-6.745871459663774772e-01
-6.745740074745618653e-01
-6.745604595592695762e-01
-6.745464956257425371e-01
-6.745321093943360546e-01
-6.745172948157941439e-01
-6.745020459165248505e-01
-6.744863565878428391e-01
-6.744702203500592130e-01
-6.744536301377033194e-01
-6.744365781622008171e-01
-6.744190559089570103e-01
-6.744010543138225788e-01
-6.743825641379489477e-01
-6.743635765214036626e-01
-6.743440836492338164e-01
-6.743240794169366170e-01
-6.743035599461564278e-01
-6.742825237875186284e-01
-6.742609716662517627e-01
-6.742389056839510619e-01
-6.742163279859539893e-01
-6.741932390288115640e-01
-6.741696357170150478e-01
-6.741455097947660624e-01
-6.741208469445881812e-01
-6.740956270283788854e-01
-6.740698257851313047e-01
-6.740434180666857733e-01
-6.740163823657681075e-01
-6.739887060138264330e-01
-6.739603900704110861e-01
-6.739314526800186389e-01
-6.739019296291336447e-01
-6.738718710720408289e-01
-6.738413339455501250e-01
-6.738103704356408485e-01
-6.737790138928304584e-01
-6.737472646397344445e-01
-6.737150789338786083e-01
-6.736823646751592953e-01
-6.736489870418430614e-01
-6.736147859561115725e-01
-6.735796051327548328e-01
-6.735433296736330622e-01
-6.735059261819350551e-01
-6.734674768239082843e-01
-6.734281974076170574e-01
-6.733884300881031182e-01
-6.733486042382755832e-01
-6.733091644305247980e-01
-6.732704718801630905e-01
-6.732326940019376371e-01
-6.731957042456575557e-01
-6.731590190689786812e-01
-6.731217987498578914e-01
-6.730829322141456128e-01
-6.730412126576834630e-01
-6.729955914553807927e-01
-6.729454753667002409e-01
-6.728910106865858554e-01
-6.728332831854672014e-01
-6.727743600370361676e-01
-6.727171139424071855e-01
-6.726648022784634806e-01
-6.726204234646822044e-01
-6.725859324128983241e-01
-6.725614559667981718e-01
-6.725446934337941940e-01
-6.725307015179685655e-01
-6.725122344241266648e-01
-6.724807320193111337e-01
-6.724279247342604959e-01
-6.723478682943948570e-01
-6.722390614278215271e-01
-6.721061719823103742e-01
-6.719608418563460805e-01
-6.718210947379694709e-01
-6.717090541289528760e-01
-6.716469892693096577e-01
-6.716521085716276041e-01
-6.717309462713324519e-01
-6.718745438852322671e-01
-6.720558077461160629e-01
-6.722303315414078773e-01
-6.723415481729535514e-01
-6.723303175787169739e-01
-6.721480423535678428e-01
-6.717712896443867043e-01
-6.712149174546577779e-01
-6.705401319294782558e-01
-6.698540088770811307e-01
-6.692979907038150156e-01
-6.690247562531074221e-01
-6.691654707348816400e-01
-6.697923255079439864e-01
-6.708838421721722289e-01
-6.723019293522544126e-01
-6.737895127962844066e-01
-6.749953207737589000e-01
-6.755280586099695617e-01
-6.750361069273993486e-01
-6.733017991560857896e-01
-6.703324852741229245e-01
-6.664256352464216215e-01
-6.621841747132866107e-01
-6.584629630570044689e-01
-6.562387623408386661e-01
-6.564132429464832885e-01
-6.595781725353608849e-01
-6.657887801468467259e-01
-6.744001602611054969e-01
-6.840193346681844311e-01
-6.926123102999749426e-01
-6.977836494851263893e-01
-6.972180279424960991e-01
-6.892388836089217152e-01
-6.733971380201927426e-01
-6.509565184175295505e-01
-6.251073543639927843e-01
-6.007473441088161392e-01
-5.837434811059469819e-01
-5.797336595976844142e-01
-5.926939067244409998e-01
-6.236120308190763462e-01
-6.696089165739228521e-01
-7.237306897030575392e-01
-7.754668766247176936e-01
-8.119436618865452093e-01
-8.197756180660880077e-01
-7.876708003984349560e-01
-7.098204126706965100e-01
-5.895754661248169270e-01
-4.419829361062260209e-01
-2.931597178921220848e-01
-1.752306259361471885e-01
-1.177024672282586670e-01
-1.382290757026973516e-01
-2.362076133452635784e-01
-3.915372345037015367e-01
-5.689791542856048601e-01
-7.263503980820253947e-01
-8.232518732271750794e-01
-8.278368630263467365e-01
-7.219259810770931596e-01
-5.061683523456079747e-01
-2.043061193681154908e-01
1.384893274833193522e-01
4.673085804961807921e-01
7.355360418312725246e-01
9.185146008765583403e-01
1.016067359092648115e+00
1.045730663114479153e+00
1.032960442561488001e+00
1.003091522594810270e+00
9.764714662353007890e-01
9.660307299066250852e-01
9.762173514972239952e-01
1.002694519051943622e+00
1.032634359525430146e+00
1.045770591499419755e+00
1.016805393575486383e+00
9.202388847275867478e-01
7.383731705871999784e-01
4.711084890400120129e-01
1.427890609718597270e-01
-2.001751752986350441e-01
-5.028611038022721136e-01
-7.198825674818670750e-01
-8.272020389543538466e-01
-8.239043886281227635e-01
-7.279695829361177983e-01
-5.711075229144856324e-01
-3.936510884946488598e-01
-2.378146852562838809e-01
-1.389784954053080446e-01
-1.174660822881259392e-01
-1.741220352473648869e-01
-2.914836280838590254e-01
-4.401331516546783673e-01
-5.879191118124107440e-01
-7.086110192817338671e-01
-7.870153016195462481e-01
-8.196506678846324778e-01
-8.122376387025757039e-01
-7.760247530885808764e-01
-7.243904298351351301e-01
-6.702277579040513134e-01
-6.240842597547227033e-01
-5.929608262776986383e-01
-5.797852167687466141e-01
-5.836114246796872962e-01
-6.004915576105562813e-01
-6.247988487157845050e-01
-6.506613139283126124e-01
-6.731645212302871384e-01
-6.890957312476155838e-01
-6.971689442332087427e-01
-6.978153359469433381e-01
-6.927001408535208293e-01
-6.841343306080025499e-01
-6.745150692005044135e-01
-6.658824838233672327e-01
-6.596380833561754642e-01
-6.564357080167784186e-01
-6.562277950405641658e-01
-6.584278488650977534e-01
-6.621366103666164182e-01
-6.663770330923159957e-01
-6.702919217206614322e-01
-6.732748591735919774e-01
-6.750246429558148797e-01
-6.755306983821002254e-01
-6.750084537035799803e-01
-6.738084597452448365e-01
-6.723220380893589754e-01
-6.709013259693985542e-01
-6.698047515418620312e-01
-6.691718896019819285e-01
-6.690255308563480829e-01
-6.692944244767259354e-01
-6.698478876802387294e-01
-6.705332839812913059e-01
-6.712088683239688658e-01
-6.717670536658928437e-01
-6.721460566495703892e-01
-6.723304969139662912e-01
-6.723434217813081260e-01
-6.722332173992991988e-01
-6.720589837085763074e-01
-6.718773854820673241e-01
-6.717330142665033366e-01
-6.716531824919462768e-01
-6.716470537189918044e-01
-6.717082515445047530e-01
-6.718196609978319689e-01
-6.719590403272728274e-01
-6.721042381654659392e-01
-6.722371655894658904e-01
-6.723460985067118978e-01
-6.724262885397513934e-01
-6.724791720384620808e-01
-6.725106518493889629e-01
-6.725289814593909954e-01
-6.725427271670670892e-01
-6.725591568412001564e-01
-6.725832440591805739e-01
-6.726173206294289164e-01
-6.726612858503442371e-01
-6.727132024110773489e-01
-6.727700797463767035e-01
-6.728286594139836208e-01
-6.728860609698575912e-01
-6.729402057459447084e-01
-6.729899956494864721e-01
-6.730352736274446412e-01
-6.730766252767858004e-01
-6.731150953161917361e-01
-6.731518901789985687e-01
-6.731881233086657312e-01
-6.732246384329845235e-01
-6.732619235999934837e-01
-6.733001094127988306e-01
-6.733390314191137760e-01
-6.733783299946215495e-01
-6.734175608276339320e-01
-6.734562937530859106e-01
-6.734941851758114995e-01
-6.735310176262624404e-01
-6.735667074200827331e-01
-6.736012868309155799e-01
-6.736348701495697977e-01
-6.736676135709844804e-01
-6.736996775115020597e-01
-6.737311974212194521e-01
-6.737622661668346558e-01
-6.737929282618418947e-01
-6.738231840624031577e-01
-6.738530007526369880e-01
-6.738823265276175922e-01
-6.739111047018176981e-01
-6.739392852869051653e-01
-6.739668326291582412e-01
-6.739937287325787896e-01
-6.740199727399859286e-01
-6.740455775997021837e-01
-6.740705651846785607e-01
-6.740949610903573808e-01
-6.741187900933106603e-01
-6.741420728975257015e-01
-6.741648244181791538e-01
-6.741870535247569407e-01
-6.742087639313132374e-01
-6.742299557990191206e-01
-6.742506275988603415e-01
-6.742707778475464098e-01
-6.742904064458797864e-01
-6.743095154834585214e-01
-6.743281094988207158e-01
-6.743461952807028315e-01
-6.743637813542886494e-01
-6.743808773155632874e-01
-6.743974931633545111e-01
-6.744136387427137613e-01
-6.744293233666212029e-01
-6.744445556362319572e-01
-6.744593434410686150e-01
-6.744736940943750758e-01
-6.744876145466937034e-01
-6.745011116211869773e-01
-6.745141922241851828e-01
-6.745268634998479174e-01
-6.745391329147477633e-01
-6.745510082734259560e-01
-6.745624976773489934e-01
-6.745736094462692067e-01
-6.745843520228328449e-01
-6.745947338791854486e-01
-6.746047634396464820e-01
-6.746144490275927108e-01
-6.746237988388030793e-01
-6.746328209386303065e-01
-6.746415232770377468e-01
-6.746499137139453373e-01
-6.746580000473521022e-01
-6.746657900379526840e-01
-6.746732914259767622e-01
-6.746805119382547344e-01
-6.746874592856139108e-01
-6.746941411523385002e-01
-6.747005651804270920e-01
-6.747067389516885338e-01
-6.747126699704815156e-01
-6.747183656492204973e-01
-6.747238332978837683e-01
-6.747290801178522646e-01
-6.747341131996293928e-01
-6.747389395234499876e-01
-6.747435659615285131e-01
-6.747479992807091653e-01
-6.747522461444992459e-01
-6.747563131138164527e-01
-6.747602066461801940e-01
-6.747639330934310786e-01
-6.747674986983405176e-01
-6.747709095906184729e-01
-6.747741717828615871e-01
-6.747772911669133178e-01
-6.747802735109623695e-01
-6.747831244575399623e-01
-6.747858495224103859e-01
-6.747884540942193921e-01
-6.747909434346848201e-01
-6.747933226790844286e-01
-6.747955968368219981e-01
-6.747977707918997314e-01
-6.747998493032126843e-01
-6.748018370046383607e-01
-6.748037384049728749e-01
-6.748055578877946159e-01
-6.748072997113555571e-01
-6.748089680086017950e-01
-6.748105667873925961e-01
-6.748120999309636936e-01
-6.748135711986353868e-01
-6.748149842267505694e-01
-6.748163425297927231e-01
-6.748176495016314780e-01
-6.748189084168449980e-01
-6.748201224320728997e-01
-6.748212945873738322e-01
-6.748224278075730664e-01
-6.748235249036091954e-01
-6.748245885738853866e-01
-6.748256214056518321e-01
-6.748266258764331615e-01
-6.748276043555201387e-01
-6.748285591055253052e-01
-6.748294922840103460e-01
-6.748304059451682990e-01
-6.748313020415535046e-01
-6.748321824258395329e-01
-6.748330488525908777e-01
-6.748339029800330957e-01
-6.748347463718159522e-01
-6.748355804987583584e-01
-6.748364067405812072e-01
-6.748372263876235566e-01
-6.748380406425458222e-01
-6.748388506220259764e-01
-6.748396573584426461e-01
-6.748404618015514389e-01
-6.748412648201448372e-01
-6.748420672036939960e-01
-6.748428696639704460e-01
-6.748436728366332682e-01
-6.748444772827814075e-01
-6.748452834904701270e-01
-6.748460918761757243e-01
-6.748469027862240566e-01
-6.748477164981634413e-01
-6.748485332220941491e-01
-6.748493531019456038e-01
-6.748501762167079532e-01
-6.748510025816114588e-01
-6.748518321492509298e-01
-6.748526648106587533e-01
-6.748535003963217482e-01
-6.748543386771372887e-01
-6.748551793653124742e-01
-6.748560221151973515e-01
-6.748568665240575193e-01
