-6.748577101470699668e-01
-6.748585596749950843e-01
-6.748594096319886493e-01
-6.748602593908712421e-01
-6.748611082706416076e-01
-6.748619555368600142e-01
-6.748628004019641136e-01
-6.748636420255205159e-01
-6.748644795144056463e-01
-6.748653119229222064e-01
-6.748661382528493569e-01
-6.748669574534230664e-01
-6.748677684212573968e-01
-6.748685700001966215e-01
-6.748693609811058369e-01
-6.748701401015978485e-01
-6.748709060457006581e-01
-6.748716574434626692e-01
-6.748723928704998265e-01
-6.748731108474845808e-01
-6.748738098395776763e-01
-6.748744882558050939e-01
-6.748751444483803708e-01
-6.748757767119761830e-01
-6.748763832829443032e-01
-6.748769623384908156e-01
-6.748775119958048130e-01
-6.748780303111456824e-01
-6.748785152788935315e-01
-6.748789648305599798e-01
-6.748793768337645327e-01
-6.748797490911839780e-01
-6.748800793394660325e-01
-6.748803652481201176e-01
-6.748806044183768282e-01
-6.748807943820288591e-01
-6.748809326002477293e-01
-6.748810164623894048e-01
-6.748810432847837104e-01
-6.748810103095197466e-01
-6.748809147032334144e-01
-6.748807535558971615e-01
-6.748805238796223849e-01
-6.748802226074702704e-01
-6.748798465922773993e-01
-6.748793926054986736e-01
-6.748788573360594567e-01
-6.748782373892238118e-01
-6.748775292854775065e-01
-6.748767294594303356e-01
-6.748758342587443115e-01
-6.748748399431004907e-01
-6.748737426832189801e-01
-6.748725385599428916e-01
-6.748712235634054535e-01
-6.748697935922827185e-01
-6.748682444531420854e-01
-6.748665718598768626e-01
-6.748647714332115521e-01
-6.748628387002680862e-01
-6.748607690941602621e-01
-6.748585579536133805e-01
-6.748562005225925420e-01
-6.748536919499571463e-01
-6.748510272891691253e-01
-6.748482014981032062e-01
-6.748452094390285927e-01
-6.748420458788216836e-01
-6.748387054894692261e-01
-6.748351828488948767e-01
-6.748314724420954036e-01
-6.748275686625307968e-01
-6.748234658136637032e-01
-6.748191581105030812e-01
-6.748146396810018599e-01
-6.748099045671742680e-01
-6.748049467258603329e-01
-6.747997600291615328e-01
-6.747943382646887089e-01
-6.747886751358866952e-01
-6.747827642627962641e-01
-6.747765991836530697e-01
-6.747701733577032845e-01
-6.747634801694607498e-01
-6.747565129344331725e-01
-6.747492649060345959e-01
-6.747417292831092706e-01
-6.747338992172023930e-01
-6.747257678185749619e-01
-6.747173281599778694e-01
-6.747085732774629196e-01
-6.746994961679981806e-01
-6.746900897843537415e-01
-6.746803470285073212e-01
-6.746702607455633549e-01
-6.746598237206897775e-01
-6.746490286816944071e-01
-6.746378683094019779e-01
-6.746263352569616956e-01
-6.746144221775957073e-01
-6.746021217583377805e-01
-6.745894267553063095e-01
-6.745763300244427274e-01
-6.745628245409063251e-01
-6.745489034008451679e-01
-6.745345598013160471e-01
-6.745197869977268557e-01
-6.745045782429457404e-01
-6.744889267174934977e-01
-6.744728254650063093e-01
-6.744562673502187966e-01
-6.744392450569252073e-01
-6.744217511398453713e-01
-6.744037781367147044e-01
-6.743853187356860790e-01
-6.743663659796674814e-01
-6.743469134757666961e-01
-6.743269555674875626e-01
-6.743064874229007799e-01
-6.742855049964036063e-01
-6.742640048365825534e-01
-6.742419837379560743e-01
-6.742194382676138797e-01
-6.741963642341394225e-01
-6.741727561987942430e-01
-6.741486071495298438e-01
-6.741239084590425756e-01
-6.740986502226349319e-01
-6.740728220179401653e-01
-6.740464140496934542e-01
-6.740194185483709965e-01
-6.739918311973370768e-01
-6.739636522896302884e-01
-6.739348872846987470e-01
-6.739055464666834361e-01
-6.738756435110503373e-01
-6.738451929448107114e-01
-6.738142067206238650e-01
-6.737826903828044722e-01
-6.737506395348150656e-01
-6.737180374652124160e-01
-6.736848547952366539e-01
-6.736510518325427022e-01
-6.736165839352334928e-01
-6.735814096300871689e-01
-6.735455005558783625e-01
-6.735088516287009996e-01
-6.734714892967398336e-01
-6.734334755248974069e-01
-6.733949053651004935e-01
-6.733558967122611483e-01
-6.733165721165881301e-01
-6.732770342035244715e-01
-6.732373381023605274e-01
-6.731974659541205552e-01
-6.731573096429332992e-01
-6.731166679613288517e-01
-6.730752631615123383e-01
-6.730327791358859946e-01
-6.729889194613366543e-01
-6.729434787101464810e-01
-6.728964155746647302e-01
-6.728479125174080533e-01
-6.727984049806872147e-01
-6.727485646826095733e-01
-6.726992268193953128e-01
-6.726512600830865107e-01
-6.726053904602933287e-01
-6.725620030803828309e-01
-6.725209584220980252e-01
-6.724814669782096521e-01
-6.724420670553944435e-01
-6.724007414618274892e-01
-6.723551894894020942e-01
-6.723032418920367181e-01
-6.722433719008745756e-01
-6.721752204181263846e-01
-6.721000258831499874e-01
-6.720208370822868815e-01
-6.719423976716664137e-01
-6.718706289559479572e-01
-6.718117025092787964e-01
-6.717707805891369732e-01
-6.717505976036234339e-01
-6.717501421335115852e-01
-6.717637547879967697e-01
-6.717809613635431498e-01
-6.717872971522881320e-01
-6.717662403711531782e-01
-6.717021681201578165e-01
-6.715840011207967475e-01
-6.714089542115059261e-01
-6.711856114642766880e-01
-6.709354564529298459e-01
-6.706920624756405047e-01
-6.704974177716983563e-01
-6.703953269995521769e-01
-6.704224485845499126e-01
-6.705982069584076610e-01
-6.709154282287268511e-01
-6.713339352032329233e-01
-6.717793572525960766e-01
-6.721489549081588466e-01
-6.723252892756377275e-01
-6.721971347016528764e-01
-6.716852979302385673e-01
-6.707692364279191910e-01
-6.695089298208996009e-01
-6.680557811713406791e-01
-6.666468259933912011e-01
-6.655784917937597189e-01
-6.651595911081016332e-01
-6.656477705731808081e-01
-6.671784977585369925e-01
-6.696997910358342132e-01
-6.729282093451368629e-01
-6.763413021590060081e-01
-6.792183900550265996e-01
-6.807352252159675210e-01
-6.801090412913366468e-01
-6.767791973696128949e-01
-6.705959645236384548e-01
-6.619780267167424403e-01
-6.519917203008527284e-01
-6.423070539998338990e-01
-6.350016655660235543e-01
-6.322147188594271494e-01
-6.356924085542160485e-01
-6.463032966025719084e-01
-6.636220697075122521e-01
-6.856773725006123366e-01
-7.089370407765620552e-01
-7.285758570938138945e-01
-7.390504874558010417e-01
-7.349925090186939514e-01
-7.123974205532908055e-01
-6.699936250544933358e-01
-6.105030919204568196e-01
-5.413162503272900272e-01
-4.740515687076433116e-01
-4.227102830529269051e-01
-4.006586055763839416e-01
-4.172251168528192111e-01
-4.749572513067717439e-01
-5.683674416133823737e-01
-6.843965459022467446e-01
-8.040997133272036468e-01
-9.046357200297068246e-01
-9.609565875032131110e-01
-9.477194299565687707e-01
-8.431371606969320087e-01
-6.362493938356270640e-01
-3.361851486413099388e-01
2.241572580300230447e-02
3.845756137533892227e-01
6.906538473585766003e-01
8.930170809690676226e-01
9.638774278728208245e-01
8.944970955126843037e-01
6.934258769065071437e-01
3.882349392963144741e-01
2.636701008662995643e-02
-3.325874724217408596e-01
-6.335046138023832096e-01
-8.414764410364282687e-01
-9.471159748564639269e-01
-9.612183991857263798e-01
-9.055014168875087366e-01
-8.052975988522719231e-01
-6.856718444299596538e-01
-5.694986335759008034e-01
-4.757746484234178785e-01
-4.176306205350929779e-01
-4.006375272087394079e-01
-4.223271484168494294e-01
-4.734284423836391253e-01
-5.405994425680282767e-01
-6.098285860438288353e-01
-6.694612849444744329e-01
-7.120594126285614278e-01
-7.348552971966475500e-01
-7.390856338053983787e-01
-7.287340774658146447e-01
-7.091615185362107887e-01
-6.859143902641089419e-01
-6.638284167644027400e-01
-6.464504965102799705e-01
-6.357679764517147891e-01
-6.322207904065829664e-01
-6.349515797366290792e-01
-6.422207403531784431e-01
-6.518908829692834361e-01
-6.618820339706028566e-01
-6.705190599015530273e-01
-6.767292539177905963e-01
-6.800877177581237110e-01
-6.807391454420979038e-01
-6.792408793214037566e-01
-6.763742467520055257e-01
-6.729637060405654347e-01
-6.697313759642997688e-01
-6.672018613319964375e-01
-6.656609640210237044e-01
-6.651628054106609733e-01
-6.655735383957850360e-01
-6.666364688845159980e-01
-6.680430627712120595e-01
-6.694966037502974032e-01
-6.707593774965996403e-01
-6.716791138528883653e-01
-6.721949642924937018e-01
-6.723267440942202189e-01
-6.721531476099695812e-01
-6.717851590598841183e-01
-6.713402137613740939e-01
-6.709212317105219814e-01
-6.706028768611473900e-01
-6.704256591709342183e-01
-6.703970616210519484e-01
-6.704979002024030743e-01
-6.706916646043359354e-01
-6.709346027307757643e-01
-6.711846964426017026e-01
-6.714082836746089189e-01
-6.715837610761851151e-01
-6.717024203807262506e-01
-6.717669394037498742e-01
-6.717883206081696201e-01
-6.717821462034881952e-01
-6.717649318442403539e-01
-6.717511638307324118e-01
-6.717513558694199194e-01
-6.717712142505419814e-01
-6.718117953398891062e-01
-6.718704007964534375e-01
-6.719418916284815024e-01
-6.720201057718335758e-01
-6.720991191777512253e-01
-6.721741763529320846e-01
-6.722422115133780407e-01
-6.723019679517524549e-01
-6.723537884511743279e-01
-6.723991876009547397e-01
-6.724403276213565261e-01
-6.724795072988923872e-01
-6.725187461379049658e-01
-6.725595110131112886e-01
-6.726025979548017064e-01
-6.726481529447919661e-01
-6.726957961719947088e-01
-6.727448051740910762e-01
-6.727943127766128351e-01
-6.728434834575157675e-01
-6.728916437586943688e-01
-6.729383556498831354e-01
-6.729834338132928417e-01
-6.730269169313366495e-01
-6.730690083881215591e-01
-6.731100033256878223e-01
-6.731502173517061038e-01
-6.731899283844259285e-01
-6.732293382787359892e-01
-6.732685560486695309e-01
-6.733076004873034259e-01
-6.733464172646222989e-01
-6.733849043111955757e-01
-6.734229393475797965e-01
-6.734604044812547707e-01
-6.734972044545051162e-01
-6.735332769727884195e-01
-6.735685952239375274e-01
-6.736031639725514886e-01
-6.736370113631996448e-01
-6.736701787871693936e-01
-6.737027109457466301e-01
-6.737346477175922832e-01
-6.737660187662489752e-01
-6.737968411516215284e-01
-6.738271196483694991e-01
-6.738568490921550413e-01
-6.738860178938270717e-01
-6.739146118655711115e-01
-6.739426176485263653e-01
-6.739700252615360432e-01
-6.739968295477356541e-01
-6.740230305306510461e-01
-6.740486328703891861e-01
-6.740736447164721312e-01
-6.740980762860900866e-01
-6.741219384666012893e-01
-6.741452416683032522e-01
-6.741679950597733173e-01
-6.741902062238680493e-01
-6.742118811935470246e-01
-6.742330247726993075e-01
-6.742536410213590958e-01
-6.742737337849301626e-01
-6.742933071673200551e-01
-6.743123658801979392e-01
-6.743309154368479774e-01
-6.743489621922996724e-01
-6.743665132567531195e-01
-6.743835763243601900e-01
-6.744001594639756902e-01
-6.744162709142252909e-01
-6.744319189148508809e-01
-6.744471115929081551e-01
-6.744618569089697591e-01
-6.744761626572349789e-01
-6.744900365057950875e-01
-6.745034860596941240e-01
-6.745165189295730945e-01
-6.745291427916757510e-01
-6.745413654297218731e-01
-6.745531947544001206e-01
-6.745646388010141381e-01
-6.745757057094188269e-01
-6.745864036924733576e-01
-6.745967409998031572e-01
-6.746067258829396840e-01
-6.746163665663293951e-01
-6.746256712267114652e-01
-6.746346479813941643e-01
-6.746433048843578639e-01
-6.746516499280362789e-01
-6.746596910481837961e-01
-6.746674361293233391e-01
-6.746748930087715923e-01
-6.746820694779751548e-01
-6.746889732806714557e-01
-6.746956121080907032e-01
-6.747019935919068567e-01
-6.747081252959149511e-01
-6.747140147074437433e-01
-6.747196692293635500e-01
-6.747250961732871311e-01
-6.747303027542410625e-01
-6.747352960868121530e-01
-6.747400831825319800e-01
-6.747446709481385030e-01
-6.747490661843127402e-01
-6.747532755845307983e-01
-6.747573057337630242e-01
-6.747611631068780591e-01
-6.747648540667223749e-01
-6.747683848619467906e-01
-6.747717616247116412e-01
-6.747749903684242545e-01
-6.747780769856526195e-01
-6.747810272463243830e-01
-6.747838467962682385e-01
-6.747865411561144722e-01
-6.747891157205244683e-01
-6.747915757576921081e-01
-6.747939264090561107e-01
-6.747961726891538170e-01
-6.747983194855708966e-01
-6.748003715589542262e-01
-6.748023335430775038e-01
-6.748042099449623743e-01
-6.748060051450727181e-01
-6.748077233976039757e-01
-6.748093688308803850e-01
-6.748109454478812275e-01
-6.748124571268963034e-01
-6.748139076223099719e-01
-6.748153005655037617e-01
-6.748166394658667855e-01
-6.748179277118933062e-01
-6.748191685723573530e-01
-6.748203651975536177e-01
-6.748215206205949723e-01
-6.748226377587569491e-01
-6.748237194148744011e-01
-6.748247682787882340e-01
-6.748257869288363242e-01
-6.748267778333942868e-01
-6.748277433524599855e-01
-6.748286857392854499e-01
-6.748296071420366582e-01
-6.748305096054916241e-01
-6.748313950727596877e-01
-6.748322653870212351e-01
-6.748331222932787421e-01
-6.748339674401162558e-01
-6.748348023814636498e-01
-6.748356285783587705e-01
-6.748364474007070291e-01
-6.748372601290367756e-01
-6.748380679562469009e-01
-6.748388719893403387e-01
-6.748396732511456886e-01
-6.748404726820175226e-01
-6.748412711415202603e-01
-6.748420694100811801e-01
-6.748428681906184501e-01
-6.748436681101332990e-01
-6.748444697212709897e-01
-6.748452735038398265e-01
-6.748460798662921922e-01
-6.748468891471612885e-01
-6.748477016164518005e-01
-6.748485174769861539e-01
-6.748493368657006997e-01
-6.748501598548888314e-01
-6.748509864533951408e-01
-6.748518166077517311e-01
-6.748526502032587970e-01
-6.748534870650078066e-01
-6.748543269588435090e-01
-6.748551695922657689e-01
-6.748560146152696726e-01
-6.748568616211213511e-01
