-6.748577027045711274e-01
-6.748585576595561575e-01
-6.748594135623259271e-01
-6.748602697814407581e-01
-6.748611256322668561e-01
-6.748619803773638903e-01
-6.748628332267999630e-01
-6.748636833384017431e-01
-6.748645298179347662e-01
-6.748653717192165669e-01
-6.748662080441620859e-01
-6.748670377427616884e-01
-6.748678597129920131e-01
-6.748686728006595414e-01
-6.748694757991851034e-01
-6.748702674493179954e-01
-6.748710464387913666e-01
-6.748718114019165437e-01
-6.748725609191176256e-01
-6.748732935164034608e-01
-6.748740076647880004e-01
-6.748747017796496994e-01
-6.748753742200392924e-01
-6.748760232879317256e-01
-6.748766472274289052e-01
-6.748772442239112657e-01
-6.748778124031471481e-01
-6.748783498303509987e-01
-6.748788545092084812e-01
-6.748793243808607345e-01
-6.748797573228554336e-01
-6.748801511480647664e-01
-6.748805036035762095e-01
-6.748808123695535510e-01
-6.748810750580748197e-01
-6.748812892119455675e-01
-6.748814523034890600e-01
-6.748815617333203676e-01
-6.748816148291062467e-01
-6.748816088443128081e-01
-6.748815409569518531e-01
-6.748814082683270987e-01
-6.748812078017886185e-01
-6.748809365014988293e-01
-6.748805912312173527e-01
-6.748801687731004195e-01
-6.748796658265241444e-01
-6.748790790069226775e-01
-6.748784048446485606e-01
-6.748776397838540664e-01
-6.748767801813944089e-01
-6.748758223057625960e-01
-6.748747623360655812e-01
-6.748735963610527078e-01
-6.748723203782100999e-01
-6.748709302929368770e-01
-6.748694219178100751e-01
-6.748677909719422718e-01
-6.748660330804275853e-01
-6.748641437738646109e-01
-6.748621184879377566e-01
-6.748599525630429863e-01
-6.748576412439430960e-01
-6.748551796794509672e-01
-6.748525629221554523e-01
-6.748497859282238664e-01
-6.748468435573277135e-01
-6.748437305727564839e-01
-6.748404416417744800e-01
-6.748369713362677436e-01
-6.748333141336947394e-01
-6.748294644183147062e-01
-6.748254164826198442e-01
-6.748211645288572091e-01
-6.748167026704954274e-01
-6.748120249335082255e-01
-6.748071252573657475e-01
-6.748019974957168987e-01
-6.747966354168465353e-01
-6.747910327041096723e-01
-6.747851829566428039e-01
-6.747790796907445765e-01
-6.747727163422864161e-01
-6.747660862704469853e-01
-6.747591827628682815e-01
-6.747519990420667302e-01
-6.747445282726349802e-01
-6.747367635684823339e-01
-6.747286979991578004e-01
-6.747203245942827721e-01
-6.747116363452874133e-01
-6.747026262040779487e-01
-6.746932870788957537e-01
-6.746836118284000872e-01
-6.746735932557682558e-01
-6.746632241051769840e-01
-6.746524970632621354e-01
-6.746414047678206405e-01
-6.746299398251263124e-01
-6.746180948357168861e-01
-6.746058624266135784e-01
-6.745932352859126402e-01
-6.745802061939948358e-01
-6.745667680446661985e-01
-6.745529138498640442e-01
-6.745386367233472402e-01
-6.745239298421771279e-01
-6.745087863893910463e-01
-6.744931994865096536e-01
-6.744771621293749186e-01
-6.744606671441273349e-01
-6.744437071806967943e-01
-6.744262747581118989e-01
-6.744083623687715523e-01
-6.743899626380102097e-01
-6.743710685220564161e-01
-6.743516735140642204e-01
-6.743317718171504271e-01
-6.743113584384233805e-01
-6.742904291616587109e-01
-6.742689803702544005e-01
-6.742470087164393888e-01
-6.742245106650983644e-01
-6.742014819763946232e-01
-6.741779172238197004e-01
-6.741538094653205526e-01
-6.741291501868128533e-01
-6.741039296135882264e-01
-6.740781374335067522e-01
-6.740517638993553939e-01
-6.740248011856146970e-01
-6.739972447824070789e-01
-6.739690946365602953e-01
-6.739403557181408155e-01
-6.739110377195589585e-01
-6.738811536951831993e-01
-6.738507176218869743e-01
-6.738197410891101358e-01
-6.737882295780462938e-01
-6.737561790158985708e-01
-6.737235734365111250e-01
-6.736903845874047114e-01
-6.736565741526988615e-01
-6.736220988949453981e-01
-6.735869184772964591e-01
-6.735510050755209033e-01
-6.735143532351902662e-01
-6.734769879137572079e-01
-6.734389684231841811e-01
-6.734003861920068168e-01
-6.733613549801495957e-01
-6.733219934039460508e-01
-6.732824012504921019e-01
-6.732426328479170774e-01
-6.732026723743448349e-01
-6.731624170323003975e-01
-6.731216740897629780e-01
-6.730801765873062337e-01
-6.730376199102502399e-01
-6.729937175687541462e-01
-6.729482698750838265e-01
-6.729012345235794168e-01
-6.728527843695659705e-01
-6.728033360636672677e-01
-6.727535346034752006e-01
-6.727041839247074329e-01
-6.726561223696858605e-01
-6.726100534515911944e-01
-6.725663551301734877e-01
-6.725249024225880001e-01
-6.724849457228190275e-01
-6.724450878454152347e-01
-6.724033943364580157e-01
-6.723576531099858533e-01
-6.723057719705501922e-01
-6.722462693186869176e-01
-6.721787797730375269e-01
-6.721044697550311309e-01
-6.720262461138861720e-01
-6.719486506366665335e-01
-6.718773692001298592e-01
-6.718183464317173392e-01
-6.717765794261678636e-01
-6.717547555218854605e-01
-6.717519821658910484e-01
-6.717629110011815730e-01
-6.717775632127533925e-01
-6.717821032141919613e-01
-6.717606766072586888e-01
-6.716982330361982445e-01
-6.715840179380011543e-01
-6.714151778293416806e-01
-6.711997325631329225e-01
-6.709580810546109664e-01
-6.707222750633849984e-01
-6.705325510522871513e-01
-6.704310535871147447e-01
-6.704532740309745442e-01
-6.706183791608468781e-01
-6.709201911032209864e-01
-6.713209571036505841e-01
-6.717500751036715734e-01
-6.721095149067061181e-01
-6.722867557259536442e-01
-6.721746974376170414e-01
-6.716963447274337806e-01
-6.708303656697410799e-01
-6.696322388967518302e-01
-6.682450359341287616e-01
-6.668943356100658360e-01
-6.658636107609883226e-01
-6.654496819344073444e-01
-6.659021512944055532e-01
-6.673553812166135302e-01
-6.697655667088679987e-01
-6.728677371169584642e-01
-6.761673128340196515e-01
-6.789777426032482799e-01
-6.805097571070454210e-01
-6.800091543078010670e-01
-6.769292349446938140e-01
-6.711119239518354984e-01
-6.629401662114496885e-01
-6.534168732559634263e-01
-6.441273161321027230e-01
-6.370566985701328067e-01
-6.342634639482807035e-01
-6.374463955477005506e-01
-6.474787702849882365e-01
-6.640033661600747150e-01
-6.851808933675798130e-01
-7.076644152553799305e-01
-7.268456737967607939e-01
-7.373986277514151810e-01
-7.341306580183579733e-01
-7.131196821623234650e-01
-6.730277934028991993e-01
-6.163217764316182290e-01
-5.499522078596744690e-01
-4.849864044591343237e-01
-4.349033106048245112e-01
-4.127413357496744206e-01
-4.278216372128269551e-01
-4.830355052963229978e-01
-5.735091017046842765e-01
-6.869018951406292706e-01
-8.049075538423816623e-01
-9.051059591378088909e-01
-9.625917330969979702e-01
-9.518706719622471724e-01
-8.506916807923889934e-01
-6.473132748916335943e-01
-3.498976217397314903e-01
7.698407581809617838e-03
3.706324293127423730e-01
6.785782223202442287e-01
8.827440216343266366e-01
9.543230505972535305e-01
8.841810599650566926e-01
6.812640551128922306e-01
3.741663890515061763e-01
1.149851649440462517e-02
-3.464545174223355173e-01
-6.447025731556447203e-01
-8.491277830404034832e-01
-9.513210268848657503e-01
-9.628678738081135613e-01
-9.059553050487589854e-01
-8.060692619622958910e-01
-6.881324174904300817e-01
-5.745975554299672661e-01
-4.838211455815975559e-01
-4.282122930108058778e-01
-4.127242080452735440e-01
-4.345406180620081660e-01
-4.843946195599961313e-01
-5.492705035409569669e-01
-6.156794318725014037e-01
-6.725199382943888304e-01
-7.127963771885543753e-01
-7.339986697054353693e-01
-7.374314705769170475e-01
-7.269967827802584770e-01
-7.078797307642471504e-01
-6.854090149574267876e-01
-6.642027131984697963e-01
-6.476217376524717739e-01
-6.375206651299386573e-01
-6.342707780074746671e-01
-6.370096439229211427e-01
-6.440449314143562587e-01
-6.533200305803803509e-01
-6.628476021358683523e-01
-6.710375183663630505e-01
-6.768807622021092429e-01
-6.799883843608894862e-01
-6.805135540876251499e-01
-6.789997190467866872e-01
-6.761996227966710071e-01
-6.729026829167185086e-01
-6.697968093339264906e-01
-6.673786569038070438e-01
-6.659154934344696519e-01
-6.654532223358440302e-01
-6.658590837031733711e-01
-6.668844298009166671e-01
-6.682327341405380761e-01
-6.696202574757228465e-01
-6.708207650179711656e-01
-6.716903368850933864e-01
-6.721726377525132357e-01
-6.722882775791757526e-01
-6.721137522650101337e-01
-6.717559161396301493e-01
-6.713272803201214556e-01
-6.709260495064101049e-01
-6.706231143377529014e-01
-6.704565574283516405e-01
-6.704328646655264290e-01
-6.705331100549011270e-01
-6.707219515610933769e-01
-6.709572986590230936e-01
-6.711988862651754317e-01
-6.714145746579617269e-01
-6.715838453983168366e-01
-6.716985542210884841e-01
-6.717614467537544876e-01
-6.717832001493565519e-01
-6.717788235741111169e-01
-6.717641650098283845e-01
-6.717530815975710778e-01
-6.717555918371435064e-01
-6.717770913082993234e-01
-6.718185178767160926e-01
-6.718772205871745840e-01
-6.719482258091360460e-01
-6.720255984740003408e-01
-6.721036498644323842e-01
-6.721778261482334038e-01
-6.722452032107634201e-01
-6.723045960914142416e-01
-6.723563536314896005e-01
-6.724019451050509133e-01
-6.724434556295557641e-01
-6.724830954058211852e-01
-6.725228013049706632e-01
-6.725639758371290133e-01
-6.726073752811246864e-01
-6.726531312081117653e-01
-6.727008710620376863e-01
-6.727498948872313589e-01
-6.727993658406777877e-01
-6.728484796006073410e-01
-6.728965893425816747e-01
-6.729432757321596181e-01
-6.729883629703606873e-01
-6.730318906694361392e-01
-6.730740564329100728e-01
-6.731151454580851512e-01
-6.731554618737627393e-01
-6.731952728419957621e-01
-6.732347717831880241e-01
-6.732740624333537482e-01
-6.733131615804321957e-01
-6.733520157139492035e-01
-6.733905256055908728e-01
-6.734285728979335639e-01
-6.734660438103347024e-01
-6.735028466789377832e-01
-6.735389218314199455e-01
-6.735742439191260145e-01
-6.736088180568694517e-01
-6.736426718405716940e-01
-6.736758455221778519e-01
-6.737083824028079482e-01
-6.737403209937754545e-01
-6.737716898434583657e-01
-6.738025052768988887e-01
-6.738327717526525484e-01
-6.738624841731297721e-01
-6.738916313117465640e-01
-6.739201995264931799e-01
-6.739481760728046611e-01
-6.739755515535233998e-01
-6.740023212940293718e-01
-6.740284856587712703e-01
-6.740540494984581521e-01
-6.740790210188859488e-01
-6.741034103921665910e-01
-6.741272284005006554e-01
-6.741504853305499978e-01
-6.741731902444659807e-01
-6.741953506616249481e-01
-6.742169726085075476e-01
-6.742380609422167215e-01
-6.742586198288998967e-01
-6.742786532595712590e-01
-6.742981655064821389e-01
-6.743171614553681303e-01
-6.743356467846018942e-01
-6.743536279946785728e-01
-6.743711123158966370e-01
-6.743881075362611055e-01
-6.744046217954843270e-01
-6.744206633861983269e-01
-6.744362405928721049e-01
-6.744513615855974864e-01
-6.744660343726806007e-01
-6.744802668051341765e-01
-6.744940666189467304e-01
-6.745074414978324828e-01
-6.745203991396653276e-01
-6.745329473130353692e-01
-6.745450938951893516e-01
-6.745568468878194723e-01
-6.745682144117999268e-01
-6.745792046853530399e-01
-6.745898259919758111e-01
-6.746000866447985356e-01
-6.746099949531558782e-01
-6.746195591954792237e-01
-6.746287876006030748e-01
-6.746376883376797862e-01
-6.746462695133811360e-01
-6.746545391741409770e-01
-6.746625053108594727e-01
-6.746701758636934887e-01
-6.746775587251235828e-01
-6.746846617402448842e-01
-6.746914927039949772e-01
-6.746980593556809458e-01
-6.747043693715907287e-01
-6.747104303566692218e-01
-6.747162498362141436e-01
-6.747218352483560500e-01
-6.747271939377992300e-01
-6.747323331510053368e-01
-6.747372600327221637e-01
-6.747419816235874501e-01
-6.747465048584323499e-01
-6.747508365649116380e-01
-6.747549834621411335e-01
-6.747589521591444983e-01
-6.747627491530203692e-01
-6.747663808268474783e-01
-6.747698534474245724e-01
-6.747731731629870167e-01
-6.747763460010351988e-01
-6.747793778663994102e-01
-6.747822745396135913e-01
-6.747850416756295822e-01
-6.747876848028595553e-01
-6.747902093225028874e-01
-6.747926205080988504e-01
-6.747949235052465022e-01
-6.747971233314388195e-01
-6.747992248759842049e-01
-6.748012328999892784e-01
-6.748031520364152769e-01
-6.748049867902113919e-01
-6.748067415385486933e-01
-6.748084205311689621e-01
-6.748100278908601979e-01
-6.748115676140640229e-01
-6.748130435716112041e-01
-6.748144595095793008e-01
-6.748158190502557829e-01
-6.748171256931935202e-01
-6.748183828163475395e-01
-6.748195936772792836e-01
-6.748207614144224875e-01
-6.748218890484063426e-01
-6.748229794834349482e-01
-6.748240355087223863e-01
-6.748250597999801981e-01
-6.748260549209599279e-01
-6.748270233250460715e-01
-6.748279673568937653e-01
-6.748288892541083328e-01
-6.748297911489564704e-01
-6.748306750701077439e-01
-6.748315429443941804e-01
-6.748323965985866257e-01
-6.748332377611804267e-01
-6.748340680641904399e-01
-6.748348890449445969e-01
-6.748357021478821327e-01
-6.748365087263489270e-01
-6.748373100443876282e-01
-6.748381072785200052e-01
-6.748389015195150886e-01
-6.748396937741475421e-01
-6.748404849669330519e-01
-6.748412759418379592e-01
-6.748420674639671324e-01
-6.748428602212156457e-01
-6.748436548258913703e-01
-6.748444518162964867e-01
-6.748452516582733596e-01
-6.748460547467067805e-01
-6.748468614069822458e-01
-6.748476718963988263e-01
-6.748484864055358523e-01
-6.748493050595684162e-01
-6.748501279195311398e-01
-6.748509549835266519e-01
-6.748517861878808866e-01
-6.748526214082367636e-01
-6.748534604605913589e-01
-6.748543031022710137e-01
-6.748551490328428271e-01
-6.748559978949634219e-01
-6.748568492751645387e-01
