-6.748575915293955063e-01
-6.748584743207097780e-01
-6.748593605626013181e-01
-6.748602496019538988e-01
-6.748611407357728575e-01
-6.748620332115777831e-01
-6.748629262277205942e-01
-6.748638189336260140e-01
-6.748647104299618782e-01
-6.748655997687350583e-01
-6.748664859533138882e-01
-6.748673679383798696e-01
-6.748682446298071014e-01
-6.748691148844716547e-01
-6.748699775099885612e-01
-6.748708312643808549e-01
-6.748716748556786715e-01
-6.748725069414482913e-01
-6.748733261282556795e-01
-6.748741309710638570e-01
-6.748749199725642134e-01
-6.748756915824503100e-01
-6.748764441966309535e-01
-6.748771761563893135e-01
-6.748778857474898585e-01
-6.748785711992346670e-01
-6.748792306834715538e-01
-6.748798623135512376e-01
-6.748804641432424312e-01
-6.748810341655906431e-01
-6.748815703117331255e-01
-6.748820704496668599e-01
-6.748825323829741318e-01
-6.748829538495105806e-01
-6.748833325200682687e-01
-6.748836659970169904e-01
-6.748839518129400306e-01
-6.748841874292657028e-01
-6.748843702348999996e-01
-6.748844975448579087e-01
-6.748845665988891795e-01
-6.748845745600899892e-01
-6.748845185134884073e-01
-6.748843954645989962e-01
-6.748842023379444388e-01
-6.748839359755556266e-01
-6.748835931354655315e-01
-6.748831704902290562e-01
-6.748826646255008388e-01
-6.748820720387006533e-01
-6.748813891377926089e-01
-6.748806122401830310e-01
-6.748797375717244806e-01
-6.748787612657899393e-01
-6.748776793623686432e-01
-6.748764878071212836e-01
-6.748751824503564922e-01
-6.748737590458916413e-01
-6.748722132498230497e-01
-6.748705406192616607e-01
-6.748687366111335573e-01
-6.748667965811739888e-01
-6.748647157832440291e-01
-6.748624893690700066e-01
-6.748601123884484521e-01
-6.748575797898679340e-01
-6.748548864214162224e-01
-6.748520270317598380e-01
-6.748489962709438572e-01
-6.748457886907816006e-01
-6.748423987446755534e-01
-6.748388207868616373e-01
-6.748350490712404781e-01
-6.748310777501344004e-01
-6.748269008734444352e-01
-6.748225123887231502e-01
-6.748179061425931824e-01
-6.748130758837508347e-01
-6.748080152674617027e-01
-6.748027178611173404e-01
-6.747971771500851368e-01
-6.747913865428811775e-01
-6.747853393747084150e-01
-6.747790289086469384e-01
-6.747724483342888435e-01
-6.747655907642677864e-01
-6.747584492298424053e-01
-6.747510166772321405e-01
-6.747432859666769867e-01
-6.747352498759336958e-01
-6.747269011092226210e-01
-6.747182323114564451e-01
-6.747092360861912663e-01
-6.746999050144146803e-01
-6.746902316704290747e-01
-6.746802086310125235e-01
-6.746698284750055619e-01
-6.746590837724227852e-01
-6.746479670649084825e-01
-6.746364708422810663e-01
-6.746245875223032540e-01
-6.746123094418876587e-01
-6.745996288670673691e-01
-6.745865380259096211e-01
-6.745730291633877940e-01
-6.745590946108691588e-01
-6.745447268567316135e-01
-6.745299186003935743e-01
-6.745146627714533327e-01
-6.744989524998511454e-01
-6.744827810323043016e-01
-6.744661416036544788e-01
-6.744490272868847169e-01
-6.744314308587970874e-01
-6.744133447256840386e-01
-6.743947609510071439e-01
-6.743756714128155139e-01
-6.743560680925865247e-01
-6.743359434625854076e-01
-6.743152909021953301e-01
-6.742941050439238415e-01
-6.742723819367441029e-01
-6.742501189266254524e-01
-6.742273141960738458e-01
-6.742039659746196234e-01
-6.741800715210981565e-01
-6.741556260693523095e-01
-6.741306219991105575e-01
-6.741050485191805164e-01
-6.740788921106258824e-01
-6.740521378633651528e-01
-6.740247716564647940e-01
-6.739967829050331760e-01
-6.739681673682628160e-01
-6.739389293401546466e-01
-6.739090824864577556e-01
-6.738786486974183143e-01
-6.738476546195548700e-01
-6.738161259953809878e-01
-6.737840805157234714e-01
-6.737515204677966274e-01
-6.737184269038951623e-01
-6.736847572128492612e-01
-6.736504477268093760e-01
-6.736154222790661228e-01
-6.735796064783016179e-01
-6.735429460281908698e-01
-6.735054259567109236e-01
-6.734670864663157008e-01
-6.734280306378612746e-01
-6.733884197267983041e-01
-6.733484534459603932e-01
-6.733083353796532888e-01
-6.732682271918748462e-01
-6.732281989791858434e-01
-6.731881861692869951e-01
-6.731479648923807124e-01
-6.731071569674191846e-01
-6.730652720716752135e-01
-6.730217883248869049e-01
-6.729762640797873896e-01
-6.729284644920803249e-01
-6.728784783141615877e-01
-6.728267954645230642e-01
-6.727743162888665251e-01
-6.727222704575509526e-01
-6.726720374507663136e-01
-6.726248804142169746e-01
-6.725816280515822809e-01
-6.725423609263948554e-01
-6.725061739150589579e-01
-6.724710903667270312e-01
-6.724341916347756909e-01
-6.723919961717086391e-01
-6.723410767688420275e-01
-6.722788481686042816e-01
-6.722043994849645765e-01
-6.721191989606923878e-01
-6.720274761137159381e-01
-6.719361004458762610e-01
-6.718538343125335377e-01
-6.717899404875470326e-01
-6.717522628090936143e-01
-6.717450508493749695e-01
-6.717669373244189446e-01
-6.718095649783982770e-01
-6.718573636150029227e-01
-6.718888718539718363e-01
-6.718797725842663437e-01
-6.718074798617647003e-01
-6.716567194426832366e-01
-6.714251534385897724e-01
-6.711278004655950591e-01
-6.707988924169586697e-01
-6.704899719655676993e-01
-6.702635196403644580e-01
-6.701821947046647798e-01
-6.702947922965593053e-01
-6.706210932488817500e-01
-6.711386835017822960e-01
-6.717752933182823405e-01
-6.724100258585404832e-01
-6.728858648668002429e-01
-6.730340553176413776e-01
-6.727084827909772802e-01
-6.718253597766247198e-01
-6.704008628912196954e-01
-6.685775099575309577e-01
-6.666297467264609145e-01
-6.649410628761817099e-01
-6.639492726589715232e-01
-6.640630835176060121e-01
-6.655607151459426163e-01
-6.684884853547353734e-01
-6.725820907235436907e-01
-6.772342452489128473e-01
-6.815286093648715848e-01
-6.843515528897881062e-01
-6.845807314018568235e-01
-6.813333259945916209e-01
-6.742380417513528235e-01
-6.636759397721775366e-01
-6.509211114977507817e-01
-6.381113673057788871e-01
-6.279999957187484272e-01
-6.234851130546537057e-01
-6.269748228492701969e-01
-6.397047091035271693e-01
-6.611562861006046177e-01
-6.887178751645033348e-01
-7.176893465907971947e-01
-7.416834321097435234e-01
-7.534444930651618133e-01
-7.460910902502486675e-01
-7.147468626659646551e-01
-6.583824717937862836e-01
-5.814233634398781048e-01
-4.944017579941828999e-01
-4.129150860383123400e-01
-3.546212830174309549e-01
-3.348450836047631163e-01
-3.621145451296855500e-01
-4.351227220894645087e-01
-5.421099939839592041e-01
-6.627225444667648180e-01
-7.714491381953991755e-01
-8.413619059642658549e-01
-8.475250582386953946e-01
-7.706818365134472382e-01
-6.022714942014192330e-01
-3.501651884083907817e-01
-4.146345774233078235e-02
2.822428271145785983e-01
5.774642550579529576e-01
8.128117926094429180e-01
9.755335082000522462e-01
1.067925437845890224e+00
1.097677060108213531e+00
1.068607234094932190e+00
9.769727378300919751e-01
8.150814838008935137e-01
5.805179375735631808e-01
2.858287692708003092e-01
-3.778858288767354690e-02
-3.469106998468175496e-01
-5.998467085413821120e-01
-7.692907562824919943e-01
-8.471599441899980709e-01
-8.418588068224384102e-01
-7.725509182098734273e-01
-6.641257059220939674e-01
-5.435026853694915339e-01
-4.362268789296948612e-01
-3.627316877885143898e-01
-3.348919915407213566e-01
-3.541402963567814033e-01
-4.120528832540045761e-01
-4.933629109218104491e-01
-5.804145408604363121e-01
-6.575656470824067235e-01
-7.142139789493525681e-01
-7.458620452963989900e-01
-7.534816674158107963e-01
-7.419133008998683998e-01
-7.180239341905052530e-01
-6.890724221346520295e-01
-6.614619933626656456e-01
-6.399163926304249905e-01
-6.270735397793242294e-01
-6.234760980770686079e-01
-6.279068181190631259e-01
-6.379678578680657575e-01
-6.507629536785378699e-01
-6.635336622944628671e-01
-6.741325439080595450e-01
-6.812742655050205709e-01
-6.845673995031302805e-01
-6.843754378878620370e-01
-6.815767366460980803e-01
-6.772924954801479158e-01
-6.726379244118989575e-01
-6.685327531223465014e-01
-6.655884614269785837e-01
-6.640734363898139758e-01
-6.639446438704182940e-01
-6.649259525210778898e-01
-6.666094542944119850e-01
-6.685570050970272016e-01
-6.703839831776521319e-01
-6.718144032597103132e-01
-6.727041734236787196e-01
-6.730357957571144745e-01
-6.728921599756013672e-01
-6.724189590642142278e-01
-6.717849587655340127e-01
-6.711475096535735041e-01
-6.706280290436517078e-01
-6.702993581867191519e-01
-6.701844236386889087e-01
-6.702638256304933595e-01
-6.704889867566238282e-01
-6.707973059188201415e-01
-6.711262308565059120e-01
-6.714240611700389438e-01
-6.716563683365984749e-01
-6.718079398460777840e-01
-6.718809532001199791e-01
-6.718905735026351467e-01
-6.718593340333003372e-01
-6.718115507861309732e-01
-6.717687237828221525e-01
-6.717464864404555369e-01
-6.717532683352546163e-01
-6.717905047647765304e-01
-6.718540000476680429e-01
-6.719359445558560351e-01
-6.720270886703048063e-01
-6.721186642971124225e-01
-6.722037819804942416e-01
-6.722781840378423412e-01
-6.723403720138728668e-01
-6.723912298661560705e-01
-6.724333230121098959e-01
-6.724700678402797394e-01
-6.725049441656935079e-01
-6.725408765040600256e-01
-6.725798524561216185e-01
-6.726227902327407415e-01
-6.726696217158606439e-01
-6.727195278537538847e-01
-6.727712511101638926e-01
-6.728234132917422228e-01
-6.728747822584714156e-01
-6.729244525922456477e-01
-6.729719281172821255e-01
-6.730171140049127088e-01
-6.730602402690362140e-01
-6.731017455906910252e-01
-6.731421508878820958e-01
-6.731819472537091675e-01
-6.732215148247049363e-01
-6.732610799506230093e-01
-6.733007095875497283e-01
-6.733403354603032520e-01
-6.733797969121981808e-01
-6.734188905197724395e-01
-6.734574160309054758e-01
-6.734952112077148279e-01
-6.735321718354672083e-01
-6.735682566862816190e-01
-6.736034799979268017e-01
-6.736378957097162168e-01
-6.736715782274027564e-01
-6.737046040285430415e-01
-6.737370372757028880e-01
-6.737689211407063006e-01
-6.738002751002095669e-01
-6.738310973022462180e-01
-6.738613703753746353e-01
-6.738910687931189969e-01
-6.739201660576370490e-01
-6.739486404060670566e-01
-6.739764783227122358e-01
-6.740036757194700634e-01
-6.740302371170895368e-01
-6.740561734577291686e-01
-6.740814992885267865e-01
-6.741062299995147500e-01
-6.741303796263937720e-01
-6.741539594993265494e-01
-6.741769777899460081e-01
-6.741994398238817521e-01
-6.742213489104436075e-01
-6.742427074007604215e-01
-6.742635177107373368e-01
-6.742837831155378270e-01
-6.743035082135997449e-01
-6.743226990477352301e-01
-6.743413629415556665e-01
-6.743595081518402035e-01
-6.743771434498226913e-01
-6.743942777313199910e-01
-6.744109197257011079e-01
-6.744270778368371966e-01
-6.744427601143730966e-01
-6.744579743274358163e-01
-6.744727280985622908e-01
-6.744870290532997137e-01
-6.745008849483068447e-01
-6.745143037541435627e-01
-6.745272936840940314e-01
-6.745398631738342976e-01
-6.745520208261178707e-01
-6.745637753388611380e-01
-6.745751354343990647e-01
-6.745861098034261483e-01
-6.745967070709494307e-01
-6.746069357852187975e-01
-6.746168044254116092e-01
-6.746263214207144365e-01
-6.746354951725833660e-01
-6.746443340730312599e-01
-6.746528465142247466e-01
-6.746610408875863829e-01
-6.746689255733256951e-01
-6.746765089232676926e-01
-6.746837992408108997e-01
-6.746908047617508064e-01
-6.746975336388506550e-01
-6.747039939317068802e-01
-6.747101936020685198e-01
-6.747161405135970735e-01
-6.747218424343398580e-01
-6.747273070399618655e-01
-6.747325419160399296e-01
-6.747375545582684486e-01
-6.747423523701352455e-01
-6.747469426582847207e-01
-6.747513326262805089e-01
-6.747555293677277577e-01
-6.747595398597223681e-01
-6.747633709573859218e-01
-6.747670293899292737e-01
-6.747705217583173098e-01
-6.747738545343134886e-01
-6.747770340604659633e-01
-6.747800665505271356e-01
-6.747829580898346835e-01
-6.747857146353222202e-01
-6.747883420149937139e-01
-6.747908459268733283e-01
-6.747932319375871124e-01
-6.747955054808065789e-01
-6.747976718558091891e-01
-6.747997362263605803e-01
-6.748017036200566476e-01
-6.748035789281673358e-01
-6.748053669059439486e-01
-6.748070721732920552e-01
-6.748086992156787645e-01
-6.748102523851507994e-01
-6.748117359013591221e-01
-6.748131538525374840e-01
-6.748145101964124759e-01
-6.748158087610742761e-01
-6.748170532458500626e-01
-6.748182472222412631e-01
-6.748193941349690528e-01
-6.748204973031685094e-01
-6.748215599217377569e-01
-6.748225850628414291e-01
-6.748235756775416982e-01
-6.748245345975253384e-01
-6.748254645368917393e-01
-6.748263680939768916e-01
-6.748272477531895852e-01
-6.748281058868516036e-01
-6.748289447570420263e-01
-6.748297665174491922e-01
-6.748305732152414249e-01
-6.748313667929626281e-01
-6.748321490904589659e-01
-6.748329218468361868e-01
-6.748336867024437025e-01
-6.748344452008796512e-01
-6.748351987910014005e-01
-6.748359488289409347e-01
-6.748366965801047002e-01
-6.748374432211589058e-01
-6.748381898419918423e-01
-6.748389374476498892e-01
-6.748396869602495407e-01
-6.748404392208575686e-01
-6.748411949913442065e-01
-6.748419549562070241e-01
-6.748427197243650477e-01
-6.748434898309143559e-01
-6.748442657388460386e-01
-6.748450478407218567e-01
-6.748458364603026061e-01
-6.748466318541278541e-01
-6.748474342130404979e-01
-6.748482436636573656e-01
-6.748490602697794216e-01
-6.748498840337466831e-01
-6.748507148977294090e-01
-6.748515527449593376e-01
-6.748523974008964199e-01
-6.748532486343290504e-01
-6.748541061584121259e-01
-6.748549696316331614e-01
-6.748558386587123481e-01
-6.748567127914326669e-01
