-6.748574958869626439e-01
-6.748583924634198317e-01
-6.748592936354071981e-01
-6.748601987391797952e-01
-6.748611070628048880e-01
-6.748620178465573050e-01
-6.748629302832362953e-01
-6.748638435184091122e-01
-6.748647566505752149e-01
-6.748656687312536429e-01
-6.748665787649957837e-01
-6.748674857093223123e-01
-6.748683884745835249e-01
-6.748692859237481745e-01
-6.748701768721151462e-01
-6.748710600869555210e-01
-6.748719342870821425e-01
-6.748727981423511268e-01
-6.748736502730916520e-01
-6.748744892494713543e-01
-6.748753135907955558e-01
-6.748761217647438748e-01
-6.748769121865426657e-01
-6.748776832180792828e-01
-6.748784331669588354e-01
-6.748791602855012117e-01
-6.748798627696857011e-01
-6.748805387580446569e-01
-6.748811863305048675e-01
-6.748818035071842969e-01
-6.748823882471447488e-01
-6.748829384471040083e-01
-6.748834519401109011e-01
-6.748839264941863814e-01
-6.748843598109328656e-01
-6.748847495241182548e-01
-6.748850931982315338e-01
-6.748853883270194975e-01
-6.748856323320012729e-01
-6.748858225609742911e-01
-6.748859562865014983e-01
-6.748860307043983431e-01
-6.748860429322094401e-01
-6.748859900076892293e-01
-6.748858688872833023e-01
-6.748856764446187206e-01
-6.748854094690031058e-01
-6.748850646639383832e-01
-6.748846386456537338e-01
-6.748841279416637473e-01
-6.748835289893613254e-01
-6.748828381346521077e-01
-6.748820516306419659e-01
-6.748811656363832290e-01
-6.748801762156921846e-01
-6.748790793360297524e-01
-6.748778708674548765e-01
-6.748765465816297660e-01
-6.748751021508740955e-01
-6.748735331472505150e-01
-6.748718350416770262e-01
-6.748700032030661156e-01
-6.748680328975064091e-01
-6.748659192875203772e-01
-6.748636574314454961e-01
-6.748612422829971536e-01
-6.748586686910694743e-01
-6.748559313998138132e-01
-6.748530250490085702e-01
-6.748499441746952376e-01
-6.748466832100030732e-01
-6.748432364860549315e-01
-6.748395982328105891e-01
-6.748357625797241077e-01
-6.748317235561194227e-01
-6.748274750912763853e-01
-6.748230110143138560e-01
-6.748183250540760181e-01
-6.748134108393274433e-01
-6.748082618996098514e-01
-6.748028716671014005e-01
-6.747972334797203153e-01
-6.747913405855264779e-01
-6.747851861482307978e-01
-6.747787632533447377e-01
-6.747720649142908700e-01
-6.747650840776447945e-01
-6.747578136267287086e-01
-6.747502463829763153e-01
-6.747423751049110852e-01
-6.747341924851120165e-01
-6.747256911461452233e-01
-6.747168636369487160e-01
-6.747077024314792615e-01
-6.746981999314053402e-01
-6.746883484742313142e-01
-6.746781403474135796e-01
-6.746675678079355754e-01
-6.746566231055461937e-01
-6.746452985067387109e-01
-6.746335863157612023e-01
-6.746214788888020841e-01
-6.746089686380849493e-01
-6.745960480240122958e-01
-6.745827095355525493e-01
-6.745689456615100443e-01
-6.745547488577384732e-01
-6.745401115172504625e-01
-6.745250259511351709e-01
-6.745094843878115531e-01
-6.744934789962961919e-01
-6.744770019358865554e-01
-6.744600454303284476e-01
-6.744426018596769712e-01
-6.744246638584281417e-01
-6.744062244049189303e-01
-6.743872768852096078e-01
-6.743678151153490452e-01
-6.743478333094290456e-01
-6.743273259872366587e-01
-6.743062878242589431e-01
-6.742847134575257195e-01
-6.742625972720833749e-01
-6.742399332031439041e-01
-6.742167145961993624e-01
-6.741929341694924416e-01
-6.741685841181631611e-01
-6.741436563855625064e-01
-6.741181431041444183e-01
-6.740920371768910346e-01
-6.740653329334735933e-01
-6.740380267584943352e-01
-6.740101175596646677e-01
-6.739816069304809254e-01
-6.739524988737716216e-01
-6.739227989964466925e-01
-6.738925131645306932e-01
-6.738616457170983898e-01
-6.738301974656344395e-01
-6.737981638302136256e-01
-6.737655335570590376e-01
-6.737322884911981502e-01
-6.736984048134067038e-01
-6.736638559732407439e-01
-6.736286172592430566e-01
-6.735926715686123556e-01
-6.735560155259810999e-01
-6.735186647355625444e-01
-6.734806567312786596e-01
-6.734420502150665344e-01
-6.734029195220196939e-01
-6.733633439531219178e-01
-6.733233926328883179e-01
-6.732831067565651084e-01
-6.732424822816759358e-01
-6.732014570186746205e-01
-6.731599063882468537e-01
-6.731176515767464119e-01
-6.730744822809453520e-01
-6.730301937090449327e-01
-6.729846342445380269e-01
-6.729377566753651507e-01
-6.728896628465630414e-01
-6.728406298344068448e-01
-6.727911060614427674e-01
-6.727416687589262700e-01
-6.726929400090980726e-01
-6.726454668598036424e-01
-6.725995806264691845e-01
-6.725552597750468209e-01
-6.725120275567906258e-01
-6.724689175734125390e-01
-6.724245357784739419e-01
-6.723772350456386215e-01
-6.723253987190492831e-01
-6.722678045935721602e-01
-6.722040144317198429e-01
-6.721347117709581820e-01
-6.720618985264109613e-01
-6.719888645067507715e-01
-6.719198674573906294e-01
-6.718595054998310889e-01
-6.718118254322884564e-01
-6.717792810465372799e-01
-6.717617226893567439e-01
-6.717556470455203765e-01
-6.717539483820622603e-01
-6.717463760335736778e-01
-6.717208111201403709e-01
-6.716653317502747633e-01
-6.715708558389367200e-01
-6.714339622232414762e-01
-6.712593322986692979e-01
-6.710611693850970783e-01
-6.708629822009336552e-01
-6.706952903317452419e-01
-6.705911287410846189e-01
-6.705796693526582253e-01
-6.706787799820956852e-01
-6.708878127221722387e-01
-6.711822442893642382e-01
-6.715118686476280185e-01
-6.718039794868085890e-01
-6.719723355713390633e-01
-6.719317004500811041e-01
-6.716164931098661528e-01
-6.710007637451529394e-01
-6.701155786375099233e-01
-6.690592678066937804e-01
-6.679961638233928856e-01
-6.671406656487777198e-01
-6.667257500035665974e-01
-6.669582217412969305e-01
-6.679665568285537702e-01
-6.697504332999416610e-01
-6.721431736354224196e-01
-6.747986524691228505e-01
-6.772123353564577508e-01
-6.787819027414492279e-01
-6.789065477112110614e-01
-6.771159196089937549e-01
-6.732105551202141047e-01
-6.673868607835242717e-01
-6.603135978825320773e-01
-6.531265360170881440e-01
-6.473165554339227468e-01
-6.445051825403106394e-01
-6.461278637342562359e-01
-6.530727029472096490e-01
-6.653423938156076689e-01
-6.818131337157313787e-01
-7.001555980741408503e-01
-7.169651982084979114e-01
-7.281298647888456710e-01
-7.294460049970526994e-01
-7.174668999070548114e-01
-6.905113748082942760e-01
-6.496593224125953858e-01
-5.994363091864858273e-01
-5.478184979251877751e-01
-5.052729385579538546e-01
-4.828288778153323468e-01
-4.895600342638287139e-01
-5.301445525299359751e-01
-6.031803279606932078e-01
-7.006323407947586679e-01
-8.083088599807364272e-01
-9.068836903695337570e-01
-9.730544572450919860e-01
-9.811523711955739691e-01
-9.065660789292501187e-01
-7.325963180754594406e-01
-4.603494390185287055e-01
-1.169743215745125964e-01
2.452811416697704416e-01
5.623944068042596722e-01
7.774445042652422533e-01
8.538090553820922857e-01
7.791707390263670208e-01
5.655644337350916873e-01
2.493398282437749025e-01
-1.127605915437352030e-01
-4.566906821656062654e-01
-7.299705201728157178e-01
-9.051320897961855350e-01
-9.808044934453665764e-01
-9.735400750524533242e-01
-9.079040517212371153e-01
-8.095757874710907132e-01
-7.018935425350103507e-01
-6.042339657710007472e-01
-5.308531860078187226e-01
-4.898620189006046011e-01
-4.827403377795581041e-01
-5.048757751577528374e-01
-5.472357240937369971e-01
-5.988012962661362071e-01
-6.490876775836393886e-01
-6.900823925079415666e-01
-7.172171742603402622e-01
-7.293734168656156314e-01
-7.282037934934767476e-01
-7.171387786028878830e-01
-7.003771387129569259e-01
-6.820352351917650102e-01
-6.655282423329342834e-01
-6.531994633041992016e-01
-6.461873248906553346e-01
-6.445020317650291819e-01
-6.472649160915139310e-01
-6.530456155392153628e-01
-6.602233514648521151e-01
-6.673044393881142344e-01
-6.731480157622055094e-01
-6.770793305109429339e-01
-6.788963229992414083e-01
-6.787940140763052410e-01
-6.772399826388961763e-01
-6.748340064590665488e-01
-6.721788906169079425e-01
-6.697807514297869913e-01
-6.679878926753844981e-01
-6.669692804686565557e-01
-6.667272356725326699e-01
-6.671347240442367932e-01
-6.679857068120778063e-01
-6.690473173412448959e-01
-6.701047363684455860e-01
-6.709928682317944926e-01
-6.716124811042123444e-01
-6.719316502961856230e-01
-6.719756447830941282e-01
-6.718096167442687561e-01
-6.715186414536015169e-01
-6.711890341096412582e-01
-6.708937455782333359e-01
-6.706833182659850401e-01
-6.705826268508697785e-01
-6.705926232187525704e-01
-6.706956553520014852e-01
-6.708626619913465872e-01
-6.710606182412353071e-01
-6.712589345595196821e-01
-6.714339818537640170e-01
-6.715714176379252720e-01
-6.716664303736714636e-01
-6.717223402112948438e-01
-6.717481680270575017e-01
-6.717558158127192591e-01
-6.717574179657195277e-01
-6.717632654415657267e-01
-6.717805165132891831e-01
-6.718127274503251645e-01
-6.718600920088330097e-01
-6.719201859813355160e-01
-6.719889757468099356e-01
-6.720618613313397161e-01
-6.721345717841999967e-01
-6.722037975612286109e-01
-6.722675153526547209e-01
-6.723250226242121208e-01
-6.723767437298127092e-01
-6.724238933038806376e-01
-6.724680865601133650e-01
-6.725109740894489319e-01
-6.725539565025603350e-01
-6.725980079231521636e-01
-6.726436122915153693e-01
-6.726907965940347456e-01
-6.727392326154695290e-01
-6.727883740084088515e-01
-6.728375973864435533e-01
-6.728863228731283286e-01
-6.729340988090466436e-01
-6.729806449686105418e-01
-6.730258569473789310e-01
-6.730697802639574734e-01
-6.731125657607965884e-01
-6.731544182497199991e-01
-6.731955486104258535e-01
-6.732361365109228446e-01
-6.732763074051600904e-01
-6.733161241839047406e-01
-6.733555913081967770e-01
-6.733946676934798869e-01
-6.734332840606134241e-01
-6.734713607738845864e-01
-6.735088230842266599e-01
-6.735456118897621414e-01
-6.735816893404927841e-01
-6.736170396391284454e-01
-6.736516661000275796e-01
-6.736855858824478682e-01
-6.737188238429051568e-01
-6.737514067321613842e-01
-6.737833585952456295e-01
-6.738146978173708002e-01
-6.738454358765934016e-01
-6.738755775705838058e-01
-6.739051223056223838e-01
-6.739340659706382075e-01
-6.739624029484293510e-01
-6.739901279102129550e-01
-6.740172371657114914e-01
-6.740437294699984649e-01
-6.740696062987505677e-01
-6.740948716827435128e-01
-6.741195317364552242e-01
-6.741435940271879312e-01
-6.741670669173936981e-01
-6.741899589829357664e-01
-6.742122785728005274e-01
-6.742340335388050665e-01
-6.742552311323840586e-01
-6.742758780425511800e-01
-6.742959805355183134e-01
-6.743155446516035934e-01
-6.743345764173167556e-01
-6.743530820378678126e-01
-6.743710680455982098e-01
-6.743885413910633009e-01
-6.744055094741234768e-01
-6.744219801212146814e-01
-6.744379615212726664e-01
-6.744534621362359150e-01
-6.744684906027211824e-01
-6.744830556397304333e-01
-6.744971659737226677e-01
-6.745108302878368711e-01
-6.745240571972592747e-01
-6.745368552484297675e-01
-6.745492329365341266e-01
-6.745611987338543392e-01
-6.745727611211485009e-01
-6.745839286151266156e-01
-6.745947097869524622e-01
-6.746051132690920049e-01
-6.746151477502471128e-01
-6.746248219601745921e-01
-6.746341446476062931e-01
-6.746431245551002265e-01
-6.746517703945267286e-01
-6.746600908261296548e-01
-6.746680944429885862e-01
-6.746757897614591437e-01
-6.746831852170541710e-01
-6.746902891644142031e-01
-6.746971098795913058e-01
-6.747036555628428411e-01
-6.747099343404362459e-01
-6.747159542644712849e-01
-6.747217233103364187e-01
-6.747272493719371766e-01
-6.747325402552780682e-01
-6.747376036711690839e-01
-6.747424472278898966e-01
-6.747470784245084285e-01
-6.747515046453227416e-01
-6.747557331556269800e-01
-6.747597710987569553e-01
-6.747636254941778988e-01
-6.747673032362764278e-01
-6.747708110935017878e-01
-6.747741557075478402e-01
-6.747773435923722918e-01
-6.747803811329574630e-01
-6.747832745838269197e-01
-6.747860300674054512e-01
-6.747886535723570667e-01
-6.747911509520365669e-01
-6.747935279231733752e-01
-6.747957900648590135e-01
-6.747979428178696448e-01
-6.747999914843142433e-01
-6.748019412275619855e-01
-6.748037970723984591e-01
-6.748055639053496257e-01
-6.748072464751225796e-01
-6.748088493931387877e-01
-6.748103771341352752e-01
-6.748118340368352008e-01
-6.748132243046959244e-01
-6.748145520067465597e-01
-6.748158210785245581e-01
-6.748170353231233154e-01
-6.748181984123526878e-01
-6.748193138880058672e-01
-6.748203851632347261e-01
-6.748214155240173096e-01
-6.748224081307089284e-01
-6.748233660196663042e-01
-6.748242921049404375e-01
-6.748251891800239877e-01
-6.748260599196561627e-01
-6.748269068816697969e-01
-6.748277325088878342e-01
-6.748285391310546721e-01
-6.748293289668051420e-01
-6.748301041256615784e-01
-6.748308666100628628e-01
-6.748316183174060123e-01
-6.748323610421128604e-01
-6.748330964777013996e-01
-6.748338262188704473e-01
-6.748345517635855328e-01
-6.748352745151661169e-01
-6.748359957843672596e-01
-6.748367167914542941e-01
-6.748374386682641779e-01
-6.748381624602511897e-01
-6.748388891285093116e-01
-6.748396195517718521e-01
-6.748403545283836458e-01
-6.748410947782395031e-01
-6.748418409446854671e-01
-6.748425935963848765e-01
-6.748433532291413517e-01
-6.748441202676770390e-01
-6.748448950673651137e-01
-6.748456779159118790e-01
-6.748464690349882389e-01
-6.748472685818063255e-01
-6.748480766506392836e-01
-6.748488932742803259e-01
-6.748497184254428349e-01
-6.748505520180965167e-01
-6.748513939087364966e-01
-6.748522438975894655e-01
-6.748531017297451085e-01
-6.748539670962248049e-01
-6.748548396349716150e-01
-6.748557189317756499e-01
-6.748566045211215059e-01
