-6.748575346895386851e-01
-6.748583363967219917e-01
-6.748591335019779036e-01
-6.748599254160640992e-01
-6.748607114906456372e-01
-6.748614910186625515e-01
-6.748622632346413797e-01
-6.748630273149502923e-01
-6.748637823779988221e-01
-6.748645274843804165e-01
-6.748652616369597013e-01
-6.748659837809042328e-01
-6.748666928036615165e-01
-6.748673875348805140e-01
-6.748680667462817473e-01
-6.748687291514716691e-01
-6.748693734057066296e-01
-6.748699981056057728e-01
-6.748706017888159714e-01
-6.748711829336264678e-01
-6.748717399585399956e-01
-6.748722712217969377e-01
-6.748727750208580733e-01
-6.748732495918458030e-01
-6.748736931089450719e-01
-6.748741036837687668e-01
-6.748744793646838103e-01
-6.748748181361073906e-01
-6.748751179177664428e-01
-6.748753765639302626e-01
-6.748755918626134775e-01
-6.748757615347543704e-01
-6.748758832333708879e-01
-6.748759545426982198e-01
-6.748759729773120553e-01
-6.748759359812404046e-01
-6.748758409270690928e-01
-6.748756851150454761e-01
-6.748754657721807160e-01
-6.748751800513558274e-01
-6.748748250304328344e-01
-6.748743977113700332e-01
-6.748738950193459152e-01
-6.748733138018897515e-01
-6.748726508280210590e-01
-6.748719027873995024e-01
-6.748710662894895629e-01
-6.748701378627487424e-01
-6.748691139538459671e-01
-6.748679909269201804e-01
-6.748667650628934478e-01
-6.748654325588485658e-01
-6.748639895274768374e-01
-6.748624319966105567e-01
-6.748607559088308783e-01
-6.748589571211506266e-01
-6.748570314047602769e-01
-6.748549744448197885e-01
-6.748527818402791922e-01
-6.748504491037152775e-01
-6.748479716611799351e-01
-6.748453448520594922e-01
-6.748425639289713507e-01
-6.748396240577355654e-01
-6.748365203174698790e-01
-6.748332477008750496e-01
-6.748298011147638720e-01
-6.748261753808848518e-01
-6.748223652370574088e-01
-6.748183653386018443e-01
-6.748141702599983471e-01
-6.748097744966716771e-01
-6.748051724667533113e-01
-6.748003585126751691e-01
-6.747953269024451473e-01
-6.747900718305352985e-01
-6.747845874183732162e-01
-6.747788677145617475e-01
-6.747729066950727272e-01
-6.747666982637654520e-01
-6.747602362536561094e-01
-6.747535144293648202e-01
-6.747465264910695870e-01
-6.747392660801082576e-01
-6.747317267860910572e-01
-6.747239021550455185e-01
-6.747157856977822332e-01
-6.747073708974122841e-01
-6.746986512148279713e-01
-6.746896200910809105e-01
-6.746802709459678304e-01
-6.746705971727776641e-01
-6.746605921300145026e-01
-6.746502491318480121e-01
-6.746395614398911222e-01
-6.746285222594552433e-01
-6.746171247434583629e-01
-6.746053620065169953e-01
-6.745932271503473077e-01
-6.745807132995271793e-01
-6.745678136441637385e-01
-6.745545214834836045e-01
-6.745408302623516761e-01
-6.745267335918521123e-01
-6.745122252458167766e-01
-6.744972991279787333e-01
-6.744819492091943536e-01
-6.744661694405579278e-01
-6.744499536552969188e-01
-6.744332954787622958e-01
-6.744161882700484556e-01
-6.743986251191258496e-01
-6.743805989186723027e-01
-6.743621025194269647e-01
-6.743431289624298719e-01
-6.743236717627341115e-01
-6.743037252001640169e-01
-6.742832845575090772e-01
-6.742623462396812872e-01
-6.742409077128974637e-01
-6.742189672234795150e-01
-6.741965232915089201e-01
-6.741735740222548623e-01
-6.741501163312442202e-01
-6.741261452271766208e-01
-6.741016533285710821e-01
-6.740766307930626811e-01
-6.740510658031356739e-01
-6.740249456747172685e-01
-6.739982585394003189e-01
-6.739709954105808087e-01
-6.739431523016156111e-01
-6.739147319507396983e-01
-6.738857446566476339e-01
-6.738562077706357067e-01
-6.738261435454135917e-01
-6.737955753078080923e-01
-6.737645222789225841e-01
-6.737329937601921337e-01
-6.737009837626991571e-01
-6.736684673903909903e-01
-6.736354003058770967e-01
-6.736017223402748222e-01
-6.735673657270917492e-01
-6.735322675753417920e-01
-6.734963851514629285e-01
-6.734597114866981427e-01
-6.734222879947738827e-01
-6.733842104238573212e-01
-6.733456248001814526e-01
-6.733067111879060818e-01
-6.732676550902260137e-01
-6.732286089671614127e-01
-6.731896492639984908e-01
-6.731507369736152713e-01
-6.731116914315247168e-01
-6.730721871060247885e-01
-6.730317810911470300e-01
-6.729899746404780503e-01
-6.729463056459085157e-01
-6.729004612461229051e-01
-6.728523920438194139e-01
-6.728024034101927064e-01
-6.727511968947944565e-01
-6.726998374568995409e-01
-6.726496310720999627e-01
-6.726019121785986599e-01
-6.725577599929676298e-01
-6.725176840735771489e-01
-6.724813385064910554e-01
-6.724473358586057214e-01
-6.724132318160807031e-01
-6.723757356125771301e-01
-6.723311686817704524e-01
-6.722761464709479107e-01
-6.722084019112076758e-01
-6.721276132828185590e-01
-6.720360565547234266e-01
-6.719388860503184846e-01
-6.718438691092846193e-01
-6.717604670719626858e-01
-6.716982653962735306e-01
-6.716648990395560626e-01
-6.716637738458306472e-01
-6.716920200630865923e-01
-6.717391948875942598e-01
-6.717872431419488199e-01
-6.718121040844368119e-01
-6.717871102984885878e-01
-6.716879777223695447e-01
-6.714987776029097688e-01
-6.712178814742679744e-01
-6.708625691402921865e-01
-6.704708839711215340e-01
-6.700994940580262682e-01
-6.698168201897641838e-01
-6.696915107278353929e-01
-6.697773912670224039e-01
-6.700971266393467296e-01
-6.706277760660106502e-01
-6.712919462945359239e-01
-6.719581248130681583e-01
-6.724528546129857620e-01
-6.725856612904840270e-01
-6.721851788460079247e-01
-6.711420264966578841e-01
-6.694511282363924121e-01
-6.672439738062577730e-01
-6.648005416305161619e-01
-6.625319564095930591e-01
-6.609288743413300748e-01
-6.604769497815150547e-01
-6.615486495412912227e-01
-6.642885496892391162e-01
-6.685151513210531027e-01
-6.736645222757239315e-01
-6.787988100751489728e-01
-6.826958394682155484e-01
-6.840250282723203679e-01
-6.816000187132739141e-01
-6.746797975146320292e-01
-6.632685778359694861e-01
-6.483441759558997708e-01
-6.319333601851845339e-01
-6.169620063078731231e-01
-6.068461968194440725e-01
-6.048547689378278580e-01
-6.133459559921845550e-01
-6.330326044541606523e-01
-6.624388507839058526e-01
-6.976733828805044002e-01
-7.325840205113933745e-01
-7.593147004877687234e-01
-7.692866930343498222e-01
-7.546508924234786031e-01
-7.102210241168958049e-01
-6.356865272692652225e-01
-5.375022985140370801e-01
-4.294761010320867767e-01
-3.311348450612630057e-01
-2.637066976861658918e-01
-2.447077994178654403e-01
-2.829305403820335796e-01
-3.755814567791035397e-01
-5.084940283279150153e-01
-6.591158721335680371e-01
-8.007877103541636288e-01
-9.063993659958565763e-01
-9.504744041452315439e-01
-9.107429942304824388e-01
-7.716637277151182639e-01
-5.312381810840566265e-01
-2.084597635544155891e-01
1.551659648954787363e-01
5.048928542102429917e-01
7.890783448815686940e-01
9.717977089067115770e-01
1.034969208571940191e+00
9.735459618390188696e-01
7.924250618361720067e-01
5.094643537315806103e-01
1.603269006607569158e-01
-2.034990138928449155e-01
-5.271917471336139416e-01
-7.689687496198768235e-01
-9.095071933685346943e-01
-9.505554539462656161e-01
-9.075170788501284447e-01
-8.025975349306211371e-01
-6.612395101817550858e-01
-5.105414878900143005e-01
-3.771930398328326439e-01
-2.838380589537902177e-01
-2.447907653170871833e-01
-2.630165294090896499e-01
-3.298739101184069988e-01
-4.279369965031972201e-01
-5.359882498614605417e-01
-6.344405516652666943e-01
-7.093853091326156601e-01
-7.542618247503344309e-01
-7.692958916313697992e-01
-7.596208122646795902e-01
-7.330634806945465209e-01
-6.982048028518108573e-01
-6.629202466742126765e-01
-6.333921811527016832e-01
-6.135469485209438245e-01
-6.048945424190135256e-01
-6.067501689012805288e-01
-6.167738216640670235e-01
-6.317035361228222623e-01
-6.481196525673452724e-01
-6.630851033768542235e-01
-6.745580897743108650e-01
-6.815455852360233768e-01
-6.840307641320707566e-01
-6.827461983370566312e-01
-6.788743984775085227e-01
-6.737462332715975499e-01
-6.685872809723558685e-01
-6.643406418426320847e-01
-6.615760632163201205e-01
-6.604803350071606349e-01
-6.609128735610658723e-01
-6.625035122755004169e-01
-6.647671842142141019e-01
-6.672123889522355578e-01
-6.694261956227309796e-01
-6.711263904275116543e-01
-6.721793048212389987e-01
-6.725882556824189784e-01
-6.724614898382050843e-01
-6.719699142734599784e-01
-6.713041419257936848e-01
-6.706382045306543693e-01
-6.701044270603591091e-01
-6.697810594345980917e-01
-6.696917863350847488e-01
-6.698144721018971515e-01
-6.700955637097114614e-01
-6.704664406910028074e-01
-6.708585170052211444e-01
-6.712148393640257060e-01
-6.714970364364177824e-01
-6.716875244919723320e-01
-6.717876992730691388e-01
-6.718133518790780911e-01
-6.717887255989712925e-01
-6.717405285112831859e-01
-6.716929174333007291e-01
-6.716640694069457851e-01
-6.716645476485927357e-01
-6.716973202083397210e-01
-6.717590454256595622e-01
-6.718421151681520653e-01
-6.719369374960006969e-01
-6.720340202235195459e-01
-6.721255519281855717e-01
-6.722063318083489891e-01
-6.722740437358465382e-01
-6.723289811382252568e-01
-6.723733968042062692e-01
-6.724106741811970434e-01
-6.724445009364145021e-01
-6.724781830720322207e-01
-6.725141820817780447e-01
-6.725539009851394523e-01
-6.725976972792068187e-01
-6.726450678650565118e-01
-6.726949349235930020e-01
-6.727459613029238561e-01
-6.727968356596492061e-01
-6.728464865933430072e-01
-6.728942064310750037e-01
-6.729396849933146907e-01
-6.729829687034216690e-01
-6.730243693471095190e-01
-6.730643495632823159e-01
-6.731034097276149541e-01
-6.731419948950194687e-01
-6.731804327388039022e-01
-6.732189056656554538e-01
-6.732574538064889369e-01
-6.732960011725225291e-01
-6.733343951807733152e-01
-6.733724497998977432e-01
-6.734099842394839497e-01
-6.734468517425329370e-01
-6.734829559735172611e-01
-6.735182551613999591e-01
-6.735527561727803203e-01
-6.735865018690303518e-01
-6.736195554412103270e-01
-6.736519850572111334e-01
-6.736838513212490831e-01
-6.737151989878954472e-01
-6.737460533212330516e-01
-6.737764206194204464e-01
-6.738062918393203926e-01
-6.738356479863241155e-01
-6.738644659520244273e-01
-6.738927237165829309e-01
-6.739204041933480882e-01
-6.739474973902621624e-01
-6.739740009208219362e-01
-6.739999191658870847e-01
-6.740252615425499361e-01
-6.740500403784100980e-01
-6.740742688383715153e-01
-6.740979592370941464e-01
-6.741211219273158806e-01
-6.741437648131848315e-01
-6.741658934216387955e-01
-6.741875113873370129e-01
-6.742086211715160315e-01
-6.742292248383415787e-01
-6.742493247442484794e-01
-6.742689240443145993e-01
-6.742880269728683817e-01
-6.743066389032923436e-01
-6.743247662276777854e-01
-6.743424161174720322e-01
-6.743595962317159298e-01
-6.743763144325268799e-01
-6.743925785522255634e-01
-6.744083962374497476e-01
-6.744237748768008300e-01
-6.744387216031144661e-01
-6.744532433511416514e-01
-6.744673469467240556e-01
-6.744810392039549685e-01
-6.744943270110549394e-01
-6.745072173921139447e-01
-6.745197175389178179e-01
-6.745318348134410336e-01
-6.745435767263406879e-01
-6.745549508995509758e-01
-6.745659650218361891e-01
-6.745766268052597603e-01
-6.745869439485416841e-01
-6.745969241107349079e-01
-6.746065748961703745e-01
-6.746159038495368465e-01
-6.746249184585899616e-01
-6.746336261613201657e-01
-6.746420343544511367e-01
-6.746501504006783279e-01
-6.746579816329054680e-01
-6.746655353546701095e-01
-6.746728188368033008e-01
-6.746798393110075009e-01
-6.746866039614176636e-01
-6.746931199153193282e-01
-6.746993942340981931e-01
-6.747054339052253047e-01
-6.747112458357554798e-01
-6.747168368474830702e-01
-6.747222136736162890e-01
-6.747273829566460268e-01
-6.747323512469854956e-01
-6.747371250019617017e-01
-6.747417105848071417e-01
-6.747461142634050280e-01
-6.747503422086743585e-01
-6.747544004925888350e-01
-6.747582950859114526e-01
-6.747620318557839836e-01
-6.747656165633248992e-01
-6.747690548613791695e-01
-6.747723522925221928e-01
-6.747755142873921308e-01
-6.747785461633618587e-01
-6.747814531235345470e-01
-6.747842402560194630e-01
-6.747869125334299278e-01
-6.747894748125370379e-01
-6.747919318340357409e-01
-6.747942882223790795e-01
-6.747965484856642826e-01
-6.747987170155601566e-01
-6.748007980872854361e-01
-6.748027958596539699e-01
-6.748047143751948473e-01
-6.748065575603755528e-01
-6.748083292259303700e-01
-6.748100330673010294e-01
-6.748116726651941510e-01
-6.748132514862439368e-01
-6.748147728837757819e-01
-6.748162400986530418e-01
-6.748176562602016260e-01
-6.748190243871968752e-01
-6.748203473889075044e-01
-6.748216280661823996e-01
-6.748228691125853773e-01
-6.748240731155689121e-01
-6.748252425576818370e-01
-6.748263798178192330e-01
-6.748274871725041812e-01
-6.748285667972052648e-01
-6.748296207676828251e-01
-6.748306510613667486e-01
-6.748316595587561251e-01
-6.748326480448387787e-01
-6.748336182105273418e-01
-6.748345716541044315e-01
-6.748355098826731568e-01
-6.748364343136116217e-01
-6.748373462760213215e-01
-6.748382470121739862e-01
-6.748391376789462104e-01
-6.748400193492416488e-01
-6.748408930134021100e-01
-6.748417595805981106e-01
-6.748426198802014442e-01
-6.748434746631362113e-01
-6.748443246032030940e-01
-6.748451702983768730e-01
-6.748460122720746357e-01
-6.748468509743916766e-01
-6.748476867833017590e-01
-6.748485200058225164e-01
-6.748493508791385542e-01
-6.748501795716843610e-01
-6.748510061841860308e-01
-6.748518307506543579e-01
-6.748526532393335220e-01
-6.748534735536028117e-01
-6.748542915328277214e-01
-6.748551069531614210e-01
-6.748559195282951562e-01
-6.748567289101531363e-01
