-6.748574958603079654e-01
-6.748583924367639320e-01
-6.748592936087521865e-01
-6.748601987125280033e-01
-6.748611070361575370e-01
-6.748620178199139508e-01
-6.748629302565961607e-01
-6.748638434917707540e-01
-6.748647566239358575e-01
-6.748656687046099556e-01
-6.748665787383455461e-01
-6.748674856826645252e-01
-6.748683884479196315e-01
-6.748692858970809505e-01
-6.748701768454486993e-01
-6.748710600602938481e-01
-6.748719342604279081e-01
-6.748727981157034428e-01
-6.748736502464458553e-01
-6.748744892228186742e-01
-6.748753135641250012e-01
-6.748761217380434552e-01
-6.748769121598041654e-01
-6.748776831913013696e-01
-6.748784331401491698e-01
-6.748791602586765581e-01
-6.748798627428703734e-01
-6.748805387312644122e-01
-6.748811863037800229e-01
-6.748818034805208477e-01
-6.748823882205285951e-01
-6.748829384204992898e-01
-6.748834519134637722e-01
-6.748839264674357796e-01
-6.748843597840267217e-01
-6.748847494970313665e-01
-6.748850931709813317e-01
-6.748853882996732612e-01
-6.748856323046718009e-01
-6.748858225337969197e-01
-6.748859562596022377e-01
-6.748860306778511342e-01
-6.748860429059978516e-01
-6.748859899816850305e-01
-6.748858688612515699e-01
-6.748856764182562529e-01
-6.748854094420089211e-01
-6.748850646361026495e-01
-6.748846386169464751e-01
-6.748841279122951287e-01
-6.748835289597888698e-01
-6.748828381055158587e-01
-6.748820516026271532e-01
-6.748811656100308642e-01
-6.748801761911955577e-01
-6.748790793130805543e-01
-6.748778708451881325e-01
-6.748765465587197587e-01
-6.748751021257908267e-01
-6.748735331186477282e-01
-6.748718350088384055e-01
-6.748700031662864252e-01
-6.748680328582900012e-01
-6.748659192484792735e-01
-6.748636573958478602e-01
-6.748612422539987943e-01
-6.748586686707610527e-01
-6.748559313883161215e-01
-6.748530250438872224e-01
-6.748499441709510105e-01
-6.748466832008032101e-01
-6.748432364641928638e-01
-6.748395981926783582e-01
-6.748357625193664999e-01
-6.748317234788028252e-01
-6.748274750059862770e-01
-6.748230109347478356e-01
-6.748183249960076902e-01
-6.748134108166520262e-01
-6.748082619198383370e-01
-6.748028717274445754e-01
-6.747972335650314069e-01
-6.747913406692004346e-01
-6.747851861966033260e-01
-6.747787632333038799e-01
-6.747720648028103785e-01
-6.747650838710760324e-01
-6.747578133471551221e-01
-6.747502460790512080e-01
-6.747423748454377535e-01
-6.747341923452048196e-01
-6.747256911878304342e-01
-6.747168638881247960e-01
-6.747077028686591094e-01
-6.746982004720768478e-01
-6.746883489835578951e-01
-6.746781406613071574e-01
-6.746675677705433749e-01
-6.746566226146957224e-01
-6.746452975569613431e-01
-6.746335850264019163e-01
-6.746214775054586443e-01
-6.746089674997620689e-01
-6.745960474956881336e-01
-6.745827099151968653e-01
-6.745689470799526299e-01
-6.745547511966495380e-01
-6.745401143723724902e-01
-6.745250286629608238e-01
-6.745094861496846450e-01
-6.744934790317869133e-01
-6.744769997165321884e-01
-6.744600408862727603e-01
-6.744425955248971594e-01
-6.744246568940104325e-01
-6.744062184610640776e-01
-6.743872737948702900e-01
-6.743678164550581666e-01
-6.743478399075404361e-01
-6.743273374952902799e-01
-6.743063024817781415e-01
-6.742847281649443358e-01
-6.742626080367294383e-01
-6.742399359431689998e-01
-6.742167061897692548e-01
-6.741929135420458019e-01
-6.741685530943544169e-01
-6.741436200192878481e-01
-6.741181092573376166e-01
-6.740920152497595907e-01
-6.740653318416466311e-01
-6.740380524730994471e-01
-6.740101707256433983e-01
-6.739816811998021739e-01
-6.739525805815519410e-01
-6.739228686362780385e-01
-6.738925487840007333e-01
-6.738616278963130979e-01
-6.738301150433829712e-01
-6.737980191197570079e-01
-6.737653455741783315e-01
-6.737320928124600483e-01
-6.736982491550409513e-01
-6.736637914151025752e-01
-6.736286861233559131e-01
-6.735928940934758913e-01
-6.735563783839572105e-01
-6.735191148303782960e-01
-6.734811033443905970e-01
-6.734423773245841183e-01
-6.734030080641383309e-01
-6.733631012228304957e-01
-6.733227834278520119e-01
-6.732821788995972945e-01
-6.732413784811080992e-01
-6.732004061745788803e-01
-6.731591906523628488e-01
-6.731175505041910867e-01
-6.730752015338613559e-01
-6.730317917689353502e-01
-6.729869649326416514e-01
-6.729404464209137737e-01
-6.728921383908782472e-01
-6.728422039768906515e-01
-6.727911167760850519e-01
-6.727396523882971380e-01
-6.726888052308553911e-01
-6.726396263573224399e-01
-6.725929955008685956e-01
-6.725493604172467776e-01
-6.725084948258279738e-01
-6.724693380055690728e-01
-6.724299796130553952e-01
-6.723878389666674282e-01
-6.723400577028965097e-01
-6.722840805800456287e-01
-6.722183474086365074e-01
-6.721429694008004274e-01
-6.720602278894234338e-01
-6.719747249598757577e-01
-6.718930441746489013e-01
-6.718228497881779671e-01
-6.717714608725399161e-01
-6.717440689285856248e-01
-6.717419005187366121e-01
-6.717607298466444776e-01
-6.717901875533897060e-01
-6.718142635694874798e-01
-6.718132482979173314e-01
-6.717671016662817296e-01
-6.716599115690026212e-01
-6.714847544709747762e-01
-6.712479742772072822e-01
-6.709717339250333978e-01
-6.706937449206545887e-01
-6.704633954553491648e-01
-6.703340846145333654e-01
-6.703523740961838673e-01
-6.705454686440913692e-01
-6.709093541359778534e-01
-6.714004500069915560e-01
-6.719336727143512267e-01
-6.723892173559987695e-01
-6.726291005877963469e-01
-6.725226517529726555e-01
-6.719779147960197596e-01
-6.709736970452242488e-01
-6.695852597344894575e-01
-6.679959443030898392e-01
-6.664878860706109354e-01
-6.654077030890789279e-01
-6.651075994211628206e-01
-6.658681057449946650e-01
-6.678146022543265392e-01
-6.708444341557270318e-01
-6.745835079024716796e-01
-6.783898487116090115e-01
-6.814164237234595634e-01
-6.827368287724621121e-01
-6.815257196947832607e-01
-6.772718864163113084e-01
-6.699870368908462659e-01
-6.603606426087330616e-01
-6.498056661123402522e-01
-6.403478691204137485e-01
-6.343369730259885708e-01
-6.339994087436882086e-01
-6.408996245049322082e-01
-6.554140815503751716e-01
-6.763351114542806020e-01
-7.007069364867276606e-01
-7.239633560902024589e-01
-7.404038743948770929e-01
-7.440232607156562761e-01
-7.296851078273327573e-01
-6.945612459481720347e-01
-6.396051520632809462e-01
-5.706107682492082001e-01
-4.982620193657479879e-01
-4.367001185415106401e-01
-4.006135620596778524e-01
-4.015103980228727498e-01
-4.442900870282847081e-01
-5.252057344036009656e-01
-6.317865977031364988e-01
-7.445118708323935630e-01
-8.394048663917434983e-01
-8.907446409111328123e-01
-8.739499546061274549e-01
-7.697285752084354060e-01
-5.703863217787729090e-01
-2.867443335595641352e-01
4.922744416778838950e-02
3.909587360933963751e-01
6.918203626524249694e-01
9.188524403916694672e-01
1.056966524277864528e+00
1.103232590679993352e+00
1.058028967988817071e+00
9.209831811945069502e-01
6.949396747979867950e-01
3.947942452404826774e-01
5.329193893435561075e-02
-2.830373967716867667e-01
-5.675242858561249104e-01
-7.679622760173570040e-01
-8.732789335536164099e-01
-8.909892163184535141e-01
-8.402939707198024966e-01
-7.457460530785265940e-01
-6.330763126992624557e-01
-5.263006701009457222e-01
-4.450079090083529643e-01
-4.017604180591693996e-01
-4.004053229906883726e-01
-4.361306648730643998e-01
-4.974839563126730035e-01
-5.697907866316598291e-01
-6.388859105452673326e-01
-6.940369159886933259e-01
-7.293941674129267305e-01
-7.439553913088080561e-01
-7.405145059812169306e-01
-7.241899032908819533e-01
-7.009831287802771316e-01
-6.766019908086431389e-01
-6.556273778278286501e-01
-6.410335562778013418e-01
-6.340470671136512193e-01
-6.343076905229296791e-01
-6.402623702700075414e-01
-6.496901470983098559e-01
-6.602410340467752548e-01
-6.698844943532533680e-01
-6.772001104124463211e-01
-6.814902011268962889e-01
-6.827357081779783510e-01
-6.814424254019563199e-01
-6.784327002153049957e-01
-6.746323272587522180e-01
-6.708897009673991940e-01
-6.678494816844712245e-01
-6.658890429605004435e-01
-6.651142329242771822e-01
-6.654022470708179648e-01
-6.664741938235674290e-01
-6.679784807194797391e-01
-6.695681833539682826e-01
-6.709601924576332754e-01
-6.719698416917804229e-01
-6.725205052875862233e-01
-6.726322225210749073e-01
-6.723961655884560518e-01
-6.719426488749242754e-01
-6.714096964677671586e-01
-6.709174565937922052e-01
-6.705515309839303884e-01
-6.703560621194244451e-01
-6.703355593704909410e-01
-6.704631723025372692e-01
-6.706925200965774270e-01
-6.709702172625149341e-01
-6.712467571441302905e-01
-6.714842291412843611e-01
-6.716602451679165586e-01
-6.717682570697237621e-01
-6.718150374228083477e-01
-6.718164158203433489e-01
-6.717924173310798608e-01
-6.717627909009299403e-01
-6.717436201911415328e-01
-6.717453606848207137e-01
-6.717723179404125888e-01
-6.718233255809802351e-01
-6.718932263070445110e-01
-6.719747092406584965e-01
-6.720600971441987870e-01
-6.721427798906827178e-01
-6.722181235007733680e-01
-6.722838166042188757e-01
-6.723397248341046462e-01
-6.723873945650208350e-01
-6.724293766393767413e-01
-6.724685327286947789e-01
-6.725074518256627387e-01
-6.725480546636102286e-01
-6.725914119032241345e-01
-6.726377575558877275e-01
-6.726866485247837701e-01
-6.727372066139084561e-01
-6.727883797303672031e-01
-6.728391707091413432e-01
-6.728888004279184321e-01
-6.729367917958671841e-01
-6.729829787749307402e-01
-6.730274571817642659e-01
-6.730705005168332589e-01
-6.731124647470572153e-01
-6.731537021056686054e-01
-6.731944973742790550e-01
-6.732350326555081033e-01
-6.732753799147975782e-01
-6.733155156351504633e-01
-6.733553492645716343e-01
-6.733947566804453500e-01
-6.734336111881106257e-01
-6.734718069373373250e-01
-6.735092723688936855e-01
-6.735459737893005894e-01
-6.735819110058309800e-01
-6.736171079517055960e-01
-6.736516014144591225e-01
-6.736854305204759141e-01
-6.737186287782613858e-01
-6.737512195065941123e-01
-6.737832145935825912e-01
-6.738146158960022225e-01
-6.738454182572145568e-01
-6.738756130823670976e-01
-6.739051915930428516e-01
-6.739341471945673456e-01
-6.739624767310604669e-01
-6.739901806979402554e-01
-6.740172626806173461e-01
-6.740437283754548980e-01
-6.740695845360000771e-01
-6.740948381035570813e-01
-6.741194956633975721e-01
-6.741435632510582865e-01
-6.741670464429988519e-01
-6.741899506157311706e-01
-6.742122812484531158e-01
-6.742340441678478236e-01
-6.742552456762134216e-01
-6.742758925507152945e-01
-6.742959919400248747e-01
-6.743155512074325841e-01
-6.743345777746022618e-01
-6.743530790100235039e-01
-6.743710621865769417e-01
-6.743885345102218487e-01
-6.744055032027119756e-01
-6.744219756095576335e-01
-6.744379593017564289e-01
-6.744534621452402678e-01
-6.744684923229252727e-01
-6.744830583072329855e-01
-6.744971687926047954e-01
-6.745108326053812497e-01
-6.745240586112318804e-01
-6.745368556382094205e-01
-6.745492324277192475e-01
-6.745611976180405644e-01
-6.745727597575079670e-01
-6.745839273386665669e-01
-6.745947088416578419e-01
-6.746051127749795873e-01
-6.746151477041885114e-01
-6.746248222631222591e-01
-6.746341451467280370e-01
-6.746431250885367437e-01
-6.746517708285176829e-01
-6.746600910780706783e-01
-6.746680944883951536e-01
-6.746757896267461252e-01
-6.746831849627284994e-01
-6.746902888643994123e-01
-6.746971096020403236e-01
-6.747036553563383610e-01
-6.747099342274667233e-01
-6.747159542420724243e-01
-6.747217233562252670e-01
-6.747272494536170617e-01
-6.747325403394538457e-01
-6.747376037313220776e-01
-6.747424472487192348e-01
-6.747470784029159230e-01
-6.747515045884638907e-01
-6.747557330770879158e-01
-6.747597710141127747e-01
-6.747636254170604753e-01
-6.747673031757258633e-01
-6.747708110529195835e-01
-6.747741556851458711e-01
-6.747773435826948107e-01
-6.747803811289017073e-01
-6.747832745786015440e-01
-6.747860300559941349e-01
-6.747886535522663598e-01
-6.747911509233108784e-01
-6.747935278878312015e-01
-6.747957900260030950e-01
-6.747979427787450524e-01
-6.747999914475377725e-01
-6.748019411946630797e-01
-6.748037970437070765e-01
-6.748055638801814249e-01
-6.748072464521569502e-01
-6.748088493708581659e-01
-6.748103771112134996e-01
-6.748118340123979708e-01
-6.748132242784190549e-01
-6.748145519788075752e-01
-6.748158210494505926e-01
-6.748170352935917160e-01
-6.748181983830014996e-01
-6.748193138592969431e-01
-6.748203851353868910e-01
-6.748214154970095802e-01
-6.748224081043390221e-01
-6.748233659936373474e-01
-6.748242920789498944e-01
-6.748251891538361580e-01
-6.748260598931388188e-01
-6.748269068548028438e-01
-6.748277324817402167e-01
-6.748285391037481817e-01
-6.748293289394737826e-01
-6.748301040984185928e-01
-6.748308665829778619e-01
-6.748316182905005345e-01
-6.748323610153633689e-01
-6.748330964510578234e-01
-6.748338261922723902e-01
-6.748345517369799262e-01
-6.748352744885167676e-01
-6.748359957576596235e-01
-6.748367167646934783e-01
-6.748374386414689452e-01
-6.748381624334449658e-01
-6.748388891017137459e-01
-6.748396195250030427e-01
-6.748403545016490312e-01
-6.748410947515368630e-01
-6.748418409180068078e-01
-6.748425935697198730e-01
-6.748433532024800119e-01
-6.748441202410122575e-01
-6.748448950406931157e-01
-6.748456778892328867e-01
-6.748464690083053608e-01
-6.748472685551240025e-01
-6.748480766239619566e-01
-6.748488932476109925e-01
-6.748497183987831605e-01
-6.748505519914458350e-01
-6.748513938820933644e-01
-6.748522438709503302e-01
-6.748531017031071944e-01
-6.748539670695853365e-01
-6.748548396083287049e-01
-6.748557189051284100e-01
-6.748566044944702691e-01
