-6.748576902114137299e-01
-6.748585506397233313e-01
-6.748594125286345724e-01
-6.748602752424193163e-01
-6.748611380927925785e-01
-6.748620003393025479e-01
-6.748628611896489993e-01
-6.748637197999342030e-01
-6.748645752748421156e-01
-6.748654266677499569e-01
-6.748662729807685112e-01
-6.748671131647122623e-01
-6.748679461190032480e-01
-6.748687706915043050e-01
-6.748695856782875868e-01
-6.748703898233402443e-01
-6.748711818182060451e-01
-6.748719603015684854e-01
-6.748727238587733934e-01
-6.748734710212952459e-01
-6.748742002661450856e-01
-6.748749100152215963e-01
-6.748755986346047786e-01
-6.748762644337903405e-01
-6.748769056648703524e-01
-6.748775205216556161e-01
-6.748781071387470742e-01
-6.748786635905630327e-01
-6.748791878903225294e-01
-6.748796779889985054e-01
-6.748801317742423311e-01
-6.748805470692869068e-01
-6.748809216318283344e-01
-6.748812531528894931e-01
-6.748815392556581916e-01
-6.748817774942942327e-01
-6.748819653527029505e-01
-6.748821002432671134e-01
-6.748821795055447437e-01
-6.748822004049297441e-01
-6.748821601312965379e-01
-6.748820557976455969e-01
-6.748818844387703964e-01
-6.748816430099725538e-01
-6.748813283858382528e-01
-6.748809373590821670e-01
-6.748804666394547791e-01
-6.748799128526854485e-01
-6.748792725394412439e-01
-6.748785421542516927e-01
-6.748777180643774631e-01
-6.748767965486035525e-01
-6.748757737959653058e-01
-6.748746459044479007e-01
-6.748734088797190278e-01
-6.748720586339874705e-01
-6.748705909850758466e-01
-6.748690016557775673e-01
-6.748672862735345390e-01
-6.748654403704087423e-01
-6.748634593832654183e-01
-6.748613386540236458e-01
-6.748590734298012261e-01
-6.748566588627800122e-01
-6.748540900096753337e-01
-6.748513618307879769e-01
-6.748484691887388642e-01
-6.748454068471255729e-01
-6.748421694694468620e-01
-6.748387516186888924e-01
-6.748351477579292990e-01
-6.748313522521854901e-01
-6.748273593715007346e-01
-6.748231632949883707e-01
-6.748187581152756964e-01
-6.748141378425822623e-01
-6.748092964075995681e-01
-6.748042276624712787e-01
-6.747989253794920428e-01
-6.747933832476650240e-01
-6.747875948678436764e-01
-6.747815537477661607e-01
-6.747752532986797114e-01
-6.747686868353391931e-01
-6.747618475808284666e-01
-6.747547286769065567e-01
-6.747473231994661758e-01
-6.747396241774203940e-01
-6.747316246121360939e-01
-6.747233174937392608e-01
-6.747146958104704995e-01
-6.747057525479961404e-01
-6.746964806771880152e-01
-6.746868731312268830e-01
-6.746769227755965437e-01
-6.746666223771071724e-01
-6.746559645798821947e-01
-6.746449418967119804e-01
-6.746335467228680161e-01
-6.746217713762906465e-01
-6.746096081631871577e-01
-6.745970494622413050e-01
-6.745840878147956188e-01
-6.745707160037954786e-01
-6.745569271023049707e-01
-6.745427144740437919e-01
-6.745280717142658755e-01
-6.745129925292426831e-01
-6.744974705655855107e-01
-6.744814992147198929e-01
-6.744650714302909966e-01
-6.744481796040926458e-01
-6.744308155462378496e-01
-6.744129706055886908e-01
-6.743946359461288065e-01
-6.743758029653083019e-01
-6.743564638050680848e-01
-6.743366118712506019e-01
-6.743162422501639552e-01
-6.742953519005746577e-01
-6.742739395126864377e-01
-6.742520049670909232e-01
-6.742295483957664315e-01
-6.742065689370473347e-01
-6.741830633734439138e-01
-6.741590249255503542e-01
-6.741344425241501126e-01
-6.741093008737578662e-01
-6.740835815382325569e-01
-6.740572651185495756e-01
-6.740303343665412505e-01
-6.740027778176247431e-01
-6.739745932789673599e-01
-6.739457903379776349e-01
-6.739163910217937925e-01
-6.738864278918406114e-01
-6.738559392212404298e-01
-6.738249614585166691e-01
-6.737935198607417631e-01
-6.737616188660465744e-01
-6.737292343150744767e-01
-6.736963098558841345e-01
-6.736627596301616450e-01
-6.736284785537378639e-01
-6.735933601828022477e-01
-6.735573204351161802e-01
-6.735203235810048872e-01
-6.734824053106617248e-01
-6.734436867602070498e-01
-6.734043735552178722e-01
-6.733647355020110359e-01
-6.733250655947260466e-01
-6.732856212733798751e-01
-6.732465557795447308e-01
-6.732078521038508123e-01
-6.731692752757046927e-01
-6.731303594490715136e-01
-6.730904434428146565e-01
-6.730487616477196511e-01
-6.730045868114866714e-01
-6.729574083700995413e-01
-6.729071168523536040e-01
-6.728541543282785531e-01
-6.727995861099529407e-01
-6.727450528518702511e-01
-6.726925766852739352e-01
-6.726442200826231455e-01
-6.726016293970864535e-01
-6.725655314294084475e-01
-6.725352835820531672e-01
-6.725085974301303615e-01
-6.724815533312388238e-01
-6.724489937110432747e-01
-6.724053230104342083e-01
-6.723456573400897751e-01
-6.722671682972303220e-01
-6.721703716917336591e-01
-6.720600464432416876e-01
-6.719454558776262187e-01
-6.718396027657872471e-01
-6.717573897203445998e-01
-6.717127707135730486e-01
-6.717152404533812682e-01
-6.717662695795055816e-01
-6.718564940901284865e-01
-6.719645416549123729e-01
-6.720582696823347302e-01
-6.720988696234664328e-01
-6.720477680379605134e-01
-6.718755857199885106e-01
-6.715717111967036690e-01
-6.711524564449327102e-01
-6.706654649501134768e-01
-6.701881978013095598e-01
-6.698190394020109295e-01
-6.696608456058589232e-01
-6.697984706860349302e-01
-6.702736750054029136e-01
-6.710624339403250538e-01
-6.720605933844268076e-01
-6.730836481119570891e-01
-6.738849005881114573e-01
-6.741933523510291737e-01
-6.737686137585647828e-01
-6.724654033840367084e-01
-6.702956591030000411e-01
-6.674729991998878953e-01
-6.644235343004671890e-01
-6.617500183475454323e-01
-6.601436384769961974e-01
-6.602488638320682668e-01
-6.624997784588319005e-01
-6.669581449791420757e-01
-6.731907585409301342e-01
-6.802240350289116000e-01
-6.866064893367112010e-01
-6.905955359178838071e-01
-6.904649977885217726e-01
-6.849042735719444996e-01
-6.734495585688516917e-01
-6.568549412316488922e-01
-6.372865004030280334e-01
-6.182230430505128993e-01
-6.039903230427436931e-01
-5.989447990694497514e-01
-6.064358775990005279e-01
-6.277681032664529370e-01
-6.614135693198799348e-01
-7.026754571109308234e-01
-7.439055187964629390e-01
-7.752936068399657321e-01
-7.862288504866222771e-01
-7.672614842616797270e-01
-7.126450911206266836e-01
-6.231400117740276690e-01
-5.081970015977671506e-01
-3.861731369169284500e-01
-2.814748851763547721e-01
-2.187393773885777104e-01
-2.157270732520273626e-01
-2.774291151477660256e-01
-3.935168106443719949e-01
-5.400054205503087568e-01
-6.843715327048363051e-01
-7.920273519766556358e-01
-8.320676755238589628e-01
-7.818669659564523311e-01
-6.317352842333617824e-01
-3.900221516008229306e-01
-8.575088257552954119e-02
2.360800949748670385e-01
5.277347878526459368e-01
7.545302718813693410e-01
9.038749491649127332e-01
9.840797963256237013e-01
1.016100125746737470e+00
1.023433903410082779e+00
1.023716122651160632e+00
1.023465245218924347e+00
1.016309687905636583e+00
9.847201563069757357e-01
9.052231950461814280e-01
7.567753151138479906e-01
5.308611268454294096e-01
2.398026693027914824e-01
-8.194178883084667075e-02
-3.867033260061955025e-01
-6.293639442878121715e-01
-7.806691598065439441e-01
-8.320321586531315150e-01
-7.929580933058014702e-01
-6.859454661947310683e-01
-5.418232347586933173e-01
-3.951629819317172276e-01
-2.785487465532810458e-01
-2.161018784771111534e-01
-2.183334687683322617e-01
-2.804309020457224633e-01
-3.847591056076455351e-01
-5.067229957761775205e-01
-6.218749245018662108e-01
-7.117614447426247049e-01
-7.668199392887058430e-01
-7.861950254927964066e-01
-7.755704729843301282e-01
-7.443670093178774705e-01
-7.031942188958073547e-01
-6.618812949089907249e-01
-6.281087409168529812e-01
-6.066118318199426040e-01
-5.989560727594723799e-01
-6.038672780678883134e-01
-6.180147231395057839e-01
-6.370474529631057203e-01
-6.566335890798493669e-01
-6.732803372343629800e-01
-6.848043788586962721e-01
-6.904352781726721400e-01
-6.906242474117454400e-01
-6.866744058915693616e-01
-6.803096115491475970e-01
-6.732744355824018534e-01
-6.670252895619179778e-01
-6.625420999050876114e-01
-6.602644147660963192e-01
-6.601357103380077751e-01
-6.617253611114383149e-01
-6.643903617116153626e-01
-6.674391852534811154e-01
-6.702674097078885618e-01
-6.724465350383616036e-01
-6.737604272652081283e-01
-6.741949828172664194e-01
-6.738939677817029628e-01
-6.730970212820359677e-01
-6.720751102341193661e-01
-6.710754599043544655e-01
-6.702834429274611150e-01
-6.698041920045855191e-01
-6.696626250804614822e-01
-6.698176520834610015e-01
-6.701847980117772163e-01
-6.706612937434457411e-01
-6.711485997607867793e-01
-6.715689404251832251e-01
-6.718742906341785837e-01
-6.720479732572355314e-01
-6.721003127294593593e-01
-6.720605129315089243e-01
-6.719670895109354225e-01
-6.718588940410146204e-01
-6.717681818507401648e-01
-6.717164711550925871e-01
-6.717132708691420095e-01
-6.717572282934781702e-01
-6.718389246864145958e-01
-6.719444362535225146e-01
-6.720588502109858808e-01
-6.721691247587807672e-01
-6.722659426577776154e-01
-6.723444694741278482e-01
-6.724041426038431801e-01
-6.724477585739939700e-01
-6.724801862856707446e-01
-6.725070216392591282e-01
-6.725334339678067375e-01
-6.725633611272470169e-01
-6.725991113559480761e-01
-6.726413447555666947e-01
-6.726893472054732426e-01
-6.727414791714211306e-01
-6.727956793791024515e-01
-6.728499224222000974e-01
-6.729025615228342305e-01
-6.729525241011986569e-01
-6.729993611508922058e-01
-6.730431765964035584e-01
-6.730844774142730191e-01
-6.731239893363257787e-01
-6.731624782593026435e-01
-6.732006069647838986e-01
-6.732388436178339264e-01
-6.732774256533091695e-01
-6.733163722266368723e-01
-6.733555316216953690e-01
-6.733946471758148755e-01
-6.734334259540548651e-01
-6.734715976392194881e-01
-6.735089557405443683e-01
-6.735453781348330615e-01
-6.735808282288174853e-01
-6.736153410827722121e-01
-6.736490004228227191e-01
-6.736819126607267449e-01
-6.737141831276293180e-01
-6.737458981272363978e-01
-6.737771145613834500e-01
-6.738078571565512265e-01
-6.738381219927307431e-01
-6.738678842441865324e-01
-6.738971077981006363e-01
-6.739257546365187146e-01
-6.739537924033343064e-01
-6.739811992638002902e-01
-6.740079658447758471e-01
-6.740340946019437451e-01
-6.740595973269405405e-01
-6.740844916635537754e-01
-6.741087974701248653e-01
-6.741325336949633984e-01
-6.741557161852964608e-01
-6.741783565889961638e-01
-6.742004622811100800e-01
-6.742220370855412925e-01
-6.742430824786460608e-01
-6.742635989519357720e-01
-6.742835872595771551e-01
-6.743030493607099496e-01
-6.743219889637482867e-01
-6.743404116699759365e-01
-6.743583247831441696e-01
-6.743757368934798491e-01
-6.743926573579547279e-01
-6.744090957882468151e-01
-6.744250616309052093e-01
-6.744405638891992627e-01
-6.744556110007828842e-01
-6.744702108556109854e-01
-6.744843709182005709e-01
-6.744980984085985343e-01
-6.745114004965326870e-01
-6.745242844709953278e-01
-6.745367578599370528e-01
-6.745488284887882768e-01
-6.745605044794485972e-01
-6.745717942013189639e-01
-6.745827061918029388e-01
-6.745932490653866465e-01
-6.746034314284466982e-01
-6.746132618124284219e-01
-6.746227486322398104e-01
-6.746319001708899199e-01
-6.746407245865657654e-01
-6.746492299351292132e-01
-6.746574241997022048e-01
-6.746653153194315244e-01
-6.746729112112843652e-01
-6.746802197812823421e-01
-6.746872489242572435e-01
-6.746940065135655917e-01
-6.747005003838139059e-01
-6.747067383103808602e-01
-6.747127279894156171e-01
-6.747184770212053539e-01
-6.747239928986227264e-01
-6.747292830011065723e-01
-6.747343545934999520e-01
-6.747392148283221092e-01
-6.747438707496984378e-01
-6.747483292972529245e-01
-6.747525973086426765e-01
-6.747566815199921297e-01
-6.747605885640718393e-01
-6.747643249665919996e-01
-6.747678971413062499e-01
-6.747713113847602084e-01
-6.747745738714499009e-01
-6.747776906499636240e-01
-6.747806676403926840e-01
-6.747835106330283272e-01
-6.747862252881215994e-01
-6.747888171363569665e-01
-6.747912915796401290e-01
-6.747936538918521965e-01
-6.747959092193297481e-01
-6.747980625809654187e-01
-6.748001188679447759e-01
-6.748020828432426121e-01
-6.748039591410454063e-01
-6.748057522662780361e-01
-6.748074665943782913e-01
-6.748091063714084514e-01
-6.748106757145297951e-01
-6.748121786128001842e-01
-6.748136189282336606e-01
-6.748150003970238009e-01
-6.748163266308451202e-01
-6.748176011181625800e-01
-6.748188272255153386e-01
-6.748200081987639765e-01
-6.748211471643118520e-01
-6.748222471303384484e-01
-6.748233109880755753e-01
-6.748243415131601752e-01
-6.748253413670859402e-01
-6.748263130987555147e-01
-6.748272591461346170e-01
-6.748281818379820995e-01
-6.748290833956375190e-01
-6.748299659348445667e-01
-6.748308314675848241e-01
-6.748316819039109626e-01
-6.748325190537696194e-01
-6.748333446288141690e-01
-6.748341602442101683e-01
-6.748349674204392468e-01
-6.748357675851024418e-01
-6.748365620747323046e-01
-6.748373521366056726e-01
-6.748381389305608824e-01
-6.748389235308087652e-01
-6.748397069277337623e-01
-6.748404900296760545e-01
-6.748412736646860477e-01
-6.748420585822479945e-01
-6.748428454549647570e-01
-6.748436348802047124e-01
-6.748444273817060246e-01
-6.748452234111386172e-01
-6.748460233496254013e-01
-6.748468275092186497e-01
-6.748476361343297425e-01
-6.748484494031155023e-01
-6.748492674288165682e-01
-6.748500902610377050e-01
-6.748509178869822600e-01
-6.748517502326211170e-01
-6.748525871638053619e-01
-6.748534284873194400e-01
-6.748542739518659239e-01
-6.748551232489887752e-01
-6.748559760139299923e-01
-6.748568318264228649e-01
