-6.748574677971171942e-01
-6.748583678636292937e-01
-6.748592728059317203e-01
-6.748601819576017791e-01
-6.748610946044613090e-01
-6.748620099849739207e-01
-6.748629272905624088e-01
-6.748638456658496709e-01
-6.748647642088221321e-01
-6.748656819709156762e-01
-6.748665979570241946e-01
-6.748675111254354153e-01
-6.748684203876861298e-01
-6.748693246083459218e-01
-6.748702226047239572e-01
-6.748711131465034985e-01
-6.748719949553060315e-01
-6.748728667041818952e-01
-6.748737270170329650e-01
-6.748745744679679470e-01
-6.748754075805928343e-01
-6.748762248272357489e-01
-6.748770246281117213e-01
-6.748778053504255192e-01
-6.748785653074174107e-01
-6.748793027573483094e-01
-6.748800159024310741e-01
-6.748807028877067404e-01
-6.748813617998706826e-01
-6.748819906660508128e-01
-6.748825874525414825e-01
-6.748831500634967506e-01
-6.748836763395884564e-01
-6.748841640566330957e-01
-6.748846109241883884e-01
-6.748850145841223114e-01
-6.748853726091592620e-01
-6.748856825013975769e-01
-6.748859416908062903e-01
-6.748861475336992433e-01
-6.748862973111922070e-01
-6.748863882276492365e-01
-6.748864174091240287e-01
-6.748863819018071641e-01
-6.748862786704850070e-01
-6.748861045970152572e-01
-6.748858564788295933e-01
-6.748855310274530783e-01
-6.748851248670456604e-01
-6.748846345329582164e-01
-6.748840564703002531e-01
-6.748833870325239292e-01
-6.748826224800331675e-01
-6.748817589788306259e-01
-6.748807925992300616e-01
-6.748797193146527373e-01
-6.748785350005310768e-01
-6.748772354333288925e-01
-6.748758162896660862e-01
-6.748742731455272814e-01
-6.748726014755138669e-01
-6.748707966520944845e-01
-6.748688539448176593e-01
-6.748667685194835730e-01
-6.748645354372985183e-01
-6.748621496540976317e-01
-6.748596060197469271e-01
-6.748568992778577469e-01
-6.748540240659447464e-01
-6.748509749160880311e-01
-6.748477462560804607e-01
-6.748443324109220098e-01
-6.748407276044247061e-01
-6.748369259605997428e-01
-6.748329215045140161e-01
-6.748287081623791650e-01
-6.748242797608257071e-01
-6.748196300255656643e-01
-6.748147525799356172e-01
-6.748096409440265120e-01
-6.748042885352304454e-01
-6.747986886709266274e-01
-6.747928345737247424e-01
-6.747867193791687868e-01
-6.747803361451591986e-01
-6.747736778617432485e-01
-6.747667374594917833e-01
-6.747595078146036984e-01
-6.747519817492894090e-01
-6.747441520268628867e-01
-6.747360113422580241e-01
-6.747275523100981776e-01
-6.747187674536978541e-01
-6.747096491990457467e-01
-6.747001898776407991e-01
-6.746903817408129722e-01
-6.746802169859653642e-01
-6.746696877923388236e-01
-6.746587863609831981e-01
-6.746475049513956934e-01
-6.746358359064241750e-01
-6.746237716581000576e-01
-6.746113047102018090e-01
-6.745984275982193079e-01
-6.745851328331150532e-01
-6.745714128406458121e-01
-6.745572599115341461e-01
-6.745426661782584210e-01
-6.745276236308910267e-01
-6.745121241773920362e-01
-6.744961597440741752e-01
-6.744797224015562920e-01
-6.744628044928842048e-01
-6.744453987361056502e-01
-6.744274982753009073e-01
-6.744090966624750605e-01
-6.743901877668273537e-01
-6.743707656250056415e-01
-6.743508242621227833e-01
-6.743303575241957892e-01
-6.743093589645788866e-01
-6.742878218180744510e-01
-6.742657390774472459e-01
-6.742431036618173890e-01
-6.742199086410173292e-01
-6.741961474617721439e-01
-6.741718141171141321e-01
-6.741469032134832506e-01
-6.741214099196882747e-01
-6.740953298221070700e-01
-6.740686587501807381e-01
-6.740413926618918916e-01
-6.740135276777940998e-01
-6.739850603168426879e-01
-6.739559879190825109e-01
-6.739263091518317150e-01
-6.738960244106115827e-01
-6.738651358739123909e-01
-6.738336469820389585e-01
-6.738015612055536785e-01
-6.737688801503174396e-01
-6.737356012902928626e-01
-6.737017158750093770e-01
-6.736672077526784097e-01
-6.736320539004870822e-01
-6.735962272902092929e-01
-6.735597023052228849e-01
-6.735224622868551947e-01
-6.734845080176481424e-01
-6.734458652105026477e-01
-6.734065885796186590e-01
-6.733667600451146429e-01
-6.733264792451011393e-01
-6.732858458645613053e-01
-6.732449352435034839e-01
-6.732037710070827297e-01
-6.731623005927165337e-01
-6.731203809342825028e-01
-6.730777815889034121e-01
-6.730342107835834975e-01
-6.729893660464352223e-01
-6.729430055461441684e-01
-6.728950297929082724e-01
-6.728455572491703895e-01
-6.727949732898264035e-01
-6.727439315122077934e-01
-6.726932909435268115e-01
-6.726439827526882187e-01
-6.725968149951476738e-01
-6.725522416643903156e-01
-6.725101395158942230e-01
-6.724696484516103911e-01
-6.724291341898898100e-01
-6.723863218066143954e-01
-6.723386237905669693e-01
-6.722836477667958333e-01
-6.722198218727428731e-01
-6.721470283629527032e-01
-6.720670994902533391e-01
-6.719840160674855900e-01
-6.719036686777613010e-01
-6.718330999617109223e-01
-6.717792420554700161e-01
-6.717472851158093894e-01
-6.717389405076311659e-01
-6.717509676893943515e-01
-6.717743859479820001e-01
-6.717947628123888126e-01
-6.717938425412479653e-01
-6.717525503164556433e-01
-6.716551030399140476e-01
-6.714936224460184011e-01
-6.712723480581961333e-01
-6.710103658438937302e-01
-6.707417803984374594e-01
-6.705125201960646653e-01
-6.703734919455331953e-01
-6.703705488888969111e-01
-6.705326016165981118e-01
-6.708600133669313514e-01
-6.713159851259417055e-01
-6.718237524785712900e-01
-6.722719368282342733e-01
-6.725292584070338142e-01
-6.724680886045194539e-01
-6.719941942323073292e-01
-6.710778463923917636e-01
-6.697796939122484527e-01
-6.682639713326117281e-01
-6.667922366662002442e-01
-6.656932546294404007e-01
-6.653088465079488589e-01
-6.659210180048683592e-01
-6.676714493063505840e-01
-6.704891596201217885e-01
-6.740445248292221692e-01
-6.777468883682732370e-01
-6.807984014881449664e-01
-6.823086353893978995e-01
-6.814634241412005355e-01
-6.777280612761410472e-01
-6.710507076295614270e-01
-6.620193526194243505e-01
-6.519195130085122525e-01
-6.426458825244517614e-01
-6.364437308877572974e-01
-6.354940407578740791e-01
-6.414014670068854951e-01
-6.546816106945346769e-01
-6.743599246380911350e-01
-6.977836869527592745e-01
-7.207186666561390398e-01
-7.377697517438499553e-01
-7.431416591892275880e-01
-7.317325843815558617e-01
-7.004943189951537974e-01
-6.498571844248183238e-01
-5.848180370889041191e-01
-5.151361243044295657e-01
-4.541569478336264787e-01
-4.161936521621620866e-01
-4.130076427484892787e-01
-4.504084909853244278e-01
-5.260399440587782971e-01
-6.289817769706169681e-01
-7.410723399697815017e-01
-8.392243666023873061e-01
-8.979463419532454083e-01
-8.920394004462481874e-01
-8.005125050828592048e-01
-6.128101295447256902e-01
-3.362634048650802177e-01
-1.204740834926266974e-04
3.493755130816429966e-01
6.629608584997219722e-01
9.033401667302145555e-01
1.051271869567511619e+00
1.101105157870956308e+00
1.052303026615759807e+00
9.053877653555328919e-01
6.659153033136755440e-01
3.529460689745894664e-01
3.593132151333043069e-03
-3.329423390667697880e-01
-6.103050697894076837e-01
-7.990245603902504934e-01
-8.915475527544237666e-01
-8.982773940302687388e-01
-8.401291078517421074e-01
-7.422771179363457650e-01
-6.302201115748918836e-01
-5.270794448037583457e-01
-4.510793101640893643e-01
-4.132264694532861160e-01
-4.159727811340912518e-01
-4.535922629238076653e-01
-5.143762391716898419e-01
-5.840242548734193573e-01
-6.491668830811990754e-01
-6.999976039344180112e-01
-7.314654703839951200e-01
-7.430926994886466463e-01
-7.378940322424865084e-01
-7.209535989495979846e-01
-6.980631854806569336e-01
-6.746254876284347723e-01
-6.548898384723051969e-01
-6.415279005533111034e-01
-6.355334068788430768e-01
-6.364070295110744180e-01
-6.425552121515075710e-01
-6.518018910666442123e-01
-6.619008585849768256e-01
-6.709520126291685926e-01
-6.776619167056717741e-01
-6.814341489773324545e-01
-6.823132289836129072e-01
-6.808286911567988930e-01
-6.777920872242688688e-01
-6.740936660212996090e-01
-6.705330254707044801e-01
-6.677037831407844903e-01
-6.659389669624204977e-01
-6.653127194508021702e-01
-6.656857778274073434e-01
-6.667775416415147038e-01
-6.682465510831976374e-01
-6.697635220639414078e-01
-6.710657836031861390e-01
-6.719877265849611980e-01
-6.724673716647264765e-01
-6.725333903610760666e-01
-6.722793596215997924e-01
-6.718326796437191772e-01
-6.713247732097756826e-01
-6.708674228611130053e-01
-6.705379254070853445e-01
-6.703736151092700712e-01
-6.703745693475646750e-01
-6.705121655888796051e-01
-6.707406693695440181e-01
-6.710091416500569839e-01
-6.712715121765173709e-01
-6.714934770782853279e-01
-6.716557437817493037e-01
-6.717538982873723086e-01
-6.717957004869513638e-01
-6.717968789716933786e-01
-6.717765119860933387e-01
-6.717529014780849739e-01
-6.717405496485479022e-01
-6.717485117254952121e-01
-6.717800927001690292e-01
-6.718336264143942582e-01
-6.719039454248110221e-01
-6.719841195567415326e-01
-6.720670924715186345e-01
-6.721469508270841997e-01
-6.722196884576705500e-01
-6.722834503309044196e-01
-6.723383372550721937e-01
-6.723859112979574393e-01
-6.724285618356919958e-01
-6.724688787238630727e-01
-6.725091426040878950e-01
-6.725509948702644847e-01
-6.725953024954178794e-01
-6.726421942561664480e-01
-6.726912197957759521e-01
-6.727415727196400796e-01
-6.727923217980280590e-01
-6.728426066625159407e-01
-6.728917715952900114e-01
-6.729394287910666073e-01
-6.729854574306444182e-01
-6.730299549953014937e-01
-6.730731618198778632e-01
-6.731153794552110492e-01
-6.731568993078966834e-01
-6.731979519231990894e-01
-6.732386808081844976e-01
-6.732791391523011981e-01
-6.733193039905258637e-01
-6.733591005444802269e-01
-6.733984294983430541e-01
-6.734371913447790847e-01
-6.734753040600690577e-01
-6.735127126392564945e-01
-6.735493909682161995e-01
-6.735853378411358339e-01
-6.736205695535585347e-01
-6.736551114804866236e-01
-6.736889905619851682e-01
-6.737222298871781145e-01
-6.737548458036712873e-01
-6.737868473458890062e-01
-6.738182373656246282e-01
-6.738490145838975653e-01
-6.738791758307192126e-01
-6.739087179292887475e-01
-6.739376389326322547e-01
-6.739659386615326486e-01
-6.739936186722633726e-01
-6.740206818777669806e-01
-6.740471320583295567e-01
-6.740729734477927115e-01
-6.740982104982954359e-01
-6.741228478401039004e-01
-6.741468903861371764e-01
-6.741703434957613261e-01
-6.741932131108284709e-01
-6.742155058015323332e-01
-6.742372286981150875e-01
-6.742583893236013814e-01
-6.742789953717490681e-01
-6.742990544872404790e-01
-6.743185741008838052e-01
-6.743375613548865388e-01
-6.743560231284759787e-01
-6.743739661494598803e-01
-6.743913971587289780e-01
-6.744083230859342359e-01
-6.744247511963825659e-01
-6.744406891798170323e-01
-6.744561451675894492e-01
-6.744711276815472667e-01
-6.744856455318467559e-01
-6.744997076892730314e-01
-6.745133231593942735e-01
-6.745265008816438979e-01
-6.745392496679490923e-01
-6.745515781852872150e-01
-6.745634949769717670e-01
-6.745750085104760263e-01
-6.745861272362422278e-01
-6.745968596423227437e-01
-6.746072142931391902e-01
-6.746171998459101760e-01
-6.746268250439733105e-01
-6.746360986910747704e-01
-6.746450296138448710e-01
-6.746536266207737720e-01
-6.746618984652116291e-01
-6.746698538177171578e-01
-6.746775012502158608e-01
-6.746848492316024348e-01
-6.746919061322187439e-01
-6.746986802333928557e-01
-6.747051797380104743e-01
-6.747114127787392501e-01
-6.747173874217547995e-01
-6.747231116652261385e-01
-6.747285934330872204e-01
-6.747338405655303184e-01
-6.747388608080590044e-01
-6.747436618008822995e-01
-6.747482510700167913e-01
-6.747526360208501162e-01
-6.747568239342848218e-01
-6.747608219650638173e-01
-6.747646371415534361e-01
-6.747682763661756455e-01
-6.747717464157684253e-01
-6.747750539413830406e-01
-6.747782054673053809e-01
-6.747812073893459939e-01
-6.747840659726258572e-01
-6.747867873491786295e-01
-6.747893775156916796e-01
-6.747918423316251468e-01
-6.747941875178578020e-01
-6.747964186558805810e-01
-6.747985411874743988e-01
-6.748005604147501169e-01
-6.748024815004176613e-01
-6.748043094681658305e-01
-6.748060492030755197e-01
-6.748077054520353890e-01
-6.748092828241608609e-01
-6.748107857912593044e-01
-6.748122186883789286e-01
-6.748135857144816896e-01
-6.748148909332702949e-01
-6.748161382741724168e-01
-6.748173315334746736e-01
-6.748184743755869519e-01
-6.748195703344150864e-01
-6.748206228148168062e-01
-6.748216350941222963e-01
-6.748226103237142670e-01
-6.748235515306582055e-01
-6.748244616193913581e-01
-6.748253433734703322e-01
-6.748261994573739875e-01
-6.748270324183727187e-01
-6.748278446884480308e-01
-6.748286385862627412e-01
-6.748294163191738138e-01
-6.748301799852718386e-01
-6.748309315754451587e-01
-6.748316729754594290e-01
-6.748324059680457232e-01
-6.748331322349973016e-01
-6.748338533592722621e-01
-6.748345708270978571e-01
-6.748352860300753653e-01
-6.748360002672840752e-01
-6.748367147473758321e-01
-6.748374305906611470e-01
-6.748381488311786525e-01
-6.748388704187431308e-01
-6.748395962209666754e-01
-6.748403270252517627e-01
-6.748410635407480207e-01
-6.748418064002733585e-01
-6.748425561621940183e-01
-6.748433133122645478e-01
-6.748440782654209213e-01
-6.748448513675278093e-01
-6.748456328970749984e-01
-6.748464230668237418e-01
-6.748472220253955989e-01
-6.748480298588073190e-01
-6.748488465919423307e-01
-6.748496721899619466e-01
-6.748505065596508423e-01
-6.748513495506972548e-01
-6.748522009569045688e-01
-6.748530605173344021e-01
-6.748539279173799699e-01
-6.748548027897637303e-01
-6.748556847154689731e-01
-6.748565732245912496e-01
