-6.748573393843420032e-01
-6.748582535883335121e-01
-6.748591737645389665e-01
-6.748600992357398631e-01
-6.748610292787368126e-01
-6.748619631247486650e-01
-6.748628999597311440e-01
-6.748638389246138791e-01
-6.748647791154565034e-01
-6.748657195835275902e-01
-6.748666593353020993e-01
-6.748675973323796651e-01
-6.748685324913241690e-01
-6.748694636834268179e-01
-6.748703897343907299e-01
-6.748713094239411348e-01
-6.748722214853597468e-01
-6.748731246049467503e-01
-6.748740174214092891e-01
-6.748748985251814547e-01
-6.748757664576751081e-01
-6.748766197104620890e-01
-6.748774567243945866e-01
-6.748782758886577859e-01
-6.748790755397662267e-01
-6.748798539604958791e-01
-6.748806093787635962e-01
-6.748813399664471691e-01
-6.748820438381570863e-01
-6.748827190499541162e-01
-6.748833635980217016e-01
-6.748839754172935024e-01
-6.748845523800424129e-01
-6.748850922944273911e-01
-6.748855929030108669e-01
-6.748860518812438425e-01
-6.748864668359245700e-01
-6.748868353036361345e-01
-6.748871547491602785e-01
-6.748874225638786806e-01
-6.748876360641579142e-01
-6.748877924897247471e-01
-6.748878890020294508e-01
-6.748879226826053346e-01
-6.748878905314263932e-01
-6.748877894652641762e-01
-6.748876163160517638e-01
-6.748873678292618417e-01
-6.748870406623074247e-01
-6.748866313829693375e-01
-6.748861364678658825e-01
-6.748855523009694712e-01
-6.748848751721762129e-01
-6.748841012759346780e-01
-6.748832267099312832e-01
-6.748822474738294108e-01
-6.748811594680542703e-01
-6.748799584926172823e-01
-6.748786402459731049e-01
-6.748772003239080775e-01
-6.748756342184648593e-01
-6.748739373169230227e-01
-6.748721049008590267e-01
-6.748701321453227653e-01
-6.748680141181702119e-01
-6.748657457795914638e-01
-6.748633219818545026e-01
-6.748607374692795480e-01
-6.748579868784236879e-01
-6.748550647384351509e-01
-6.748519654715181559e-01
-6.748486833934262963e-01
-6.748452127139195067e-01
-6.748415475371212224e-01
-6.748376818617651818e-01
-6.748336095813630697e-01
-6.748293244843815986e-01
-6.748248202545730212e-01
-6.748200904716380455e-01
-6.748151286124084436e-01
-6.748099280527205535e-01
-6.748044820700851432e-01
-6.747987838471685151e-01
-6.747928264759823769e-01
-6.747866029625579909e-01
-6.747801062317630993e-01
-6.747733291318437354e-01
-6.747662644382519392e-01
-6.747589048563704672e-01
-6.747512430228822522e-01
-6.747432715057595232e-01
-6.747349828031383723e-01
-6.747263693416932773e-01
-6.747174234754511613e-01
-6.747081374862513581e-01
-6.746985035871635450e-01
-6.746885139300703438e-01
-6.746781606182001845e-01
-6.746674357236919217e-01
-6.746563313092696079e-01
-6.746448394519576341e-01
-6.746329522656406841e-01
-6.746206619184629272e-01
-6.746079606408585949e-01
-6.745948407206682207e-01
-6.745812944835275493e-01
-6.745673142594542648e-01
-6.745528923400647692e-01
-6.745380209345260836e-01
-6.745226921354383620e-01
-6.745068979073497450e-01
-6.744906301096762480e-01
-6.744738805618359923e-01
-6.744566411512900039e-01
-6.744389039756254478e-01
-6.744206614992137583e-01
-6.744019066955421193e-01
-6.743826331405855523e-01
-6.743628350230818080e-01
-6.743425070460663528e-01
-6.743216442109887243e-01
-6.743002414997596450e-01
-6.742782934977268328e-01
-6.742557940265884175e-01
-6.742327358741596610e-01
-6.742091107114029924e-01
-6.741849092712906000e-01
-6.741601218271350282e-01
-6.741347389524148248e-01
-6.741087524771343098e-01
-6.740821564891699147e-01
-6.740549481775940377e-01
-6.740271282939184205e-01
-6.739987010290673375e-01
-6.739696731751256831e-01
-6.739400525588735702e-01
-6.739098458856658258e-01
-6.738790562937342354e-01
-6.738476810590460220e-01
-6.738157099748515177e-01
-6.737831249265835432e-01
-6.737499010708501990e-01
-6.737160098028465161e-01
-6.736814233773303906e-01
-6.736461206751948039e-01
-6.736100932419623044e-01
-6.735733504407624972e-01
-6.735359224370650599e-01
-6.734978598300233044e-01
-6.734592291029494193e-01
-6.734201036798832529e-01
-6.733805511933502741e-01
-6.733406184850935228e-01
-6.733003167258621025e-01
-6.732596096716813028e-01
-6.732184082876283560e-01
-6.731765746099799275e-01
-6.731339366931978763e-01
-6.730903148099588451e-01
-6.730455568787316878e-01
-6.729995786623892418e-01
-6.729524020200023937e-01
-6.729041828993810315e-01
-6.728552203487186967e-01
-6.728059390466624157e-01
-6.727568409600367394e-01
-6.727084266972503945e-01
-6.726610935044178285e-01
-6.726150237926109554e-01
-6.725700843366709814e-01
-6.725257603327809974e-01
-6.724811487939706955e-01
-6.724350310324805902e-01
-6.723860336036612262e-01
-6.723328714396707984e-01
-6.722746475997812832e-01
-6.722111640369152763e-01
-6.721431810719981081e-01
-6.720725545317530747e-01
-6.720021831895346409e-01
-6.719357184535565963e-01
-6.718770240121766379e-01
-6.718294228921708466e-01
-6.717948267823472541e-01
-6.717728974945983422e-01
-6.717604303834026069e-01
-6.717511610048246817e-01
-6.717361678331335018e-01
-6.717049691266941958e-01
-6.716472927614587363e-01
-6.715553459524964408e-01
-6.714262500230224751e-01
-6.712641658602161998e-01
-6.710815558453495644e-01
-6.708990440702706781e-01
-6.707434750501836129e-01
-6.706440395612769390e-01
-6.706267156947822716e-01
-6.707077141512323148e-01
-6.708870410811439422e-01
-6.711436020523585677e-01
-6.714333664771359178e-01
-6.716919099777706181e-01
-6.718421086082655425e-01
-6.718068873196866297e-01
-6.715258102556616038e-01
-6.709731029652044043e-01
-6.701736465049257241e-01
-6.692128578143075046e-01
-6.682364497278178161e-01
-6.674370625305661164e-01
-6.670267436442300912e-01
-6.671970657482888534e-01
-6.680719034501846343e-01
-6.696609075111272791e-01
-6.718238033539366549e-01
-6.742561488734490904e-01
-6.765056843137683407e-01
-6.780247471237569323e-01
-6.782585284991287100e-01
-6.767615789136682825e-01
-6.733266089188725267e-01
-6.681015109013639375e-01
-6.616646867127208287e-01
-6.550279885579287642e-01
-6.495436304208938028e-01
-6.467075542605715821e-01
-6.478750914843039999e-01
-6.539299101747934051e-01
-6.649666998132789386e-01
-6.800556083431372745e-01
-6.971505461867577580e-01
-7.131882015902472061e-01
-7.244067200072347168e-01
-7.268953631172115903e-01
-7.173616937991975639e-01
-6.940537063220206804e-01
-6.576873782613134045e-01
-6.121205706940304747e-01
-5.644435361373528748e-01
-5.242123809581684668e-01
-5.017811278799471086e-01
-5.060258701178876883e-01
-5.420330360133414072e-01
-6.093750409235021426e-01
-7.013651410166461542e-01
-8.052679587013686913e-01
-9.030825540452894762e-01
-9.725329121141795818e-01
-9.885141202545202344e-01
-9.262239129836612461e-01
-7.675960631902857267e-01
-5.110083951477119024e-01
-1.801942834973485341e-01
1.750325552061186007e-01
4.905312440390440787e-01
7.067973037823104265e-01
7.840910555968940709e-01
7.087129585070540694e-01
4.940194646283021518e-01
1.794411436027255613e-01
-1.756919389581525492e-01
-5.071759739580409265e-01
-7.649168800803697321e-01
-9.248293324913513525e-01
-9.882595663902916661e-01
-9.731293614630746047e-01
-9.042027369616360000e-01
-8.066045478518183431e-01
-7.026566572434796987e-01
-6.104204230346923499e-01
-5.427041538547378030e-01
-5.062757331152818452e-01
-5.016415940519995953e-01
-5.237781148760960459e-01
-5.638447210741023286e-01
-6.114915598838515098e-01
-6.571397705187566052e-01
-6.936599447495542803e-01
-7.171508387052868416e-01
-7.268586707625769305e-01
-7.245087494548015927e-01
-7.133794130536706968e-01
-6.973786913193140702e-01
-6.802745667475326163e-01
-6.651422933155227701e-01
-6.540426739302753756e-01
-6.479202450103959121e-01
-6.466926671099253454e-01
-6.494847296776941059e-01
-6.549450223360444578e-01
-6.615772529820094228e-01
-6.680255661423972757e-01
-6.732725470659688405e-01
-6.767337214080508812e-01
-6.782557862064255705e-01
-6.780420555792000536e-01
-6.765357766620240243e-01
-6.742912847426217882e-01
-6.718571761054730196e-01
-6.696875726608020329e-01
-6.680891847746720513e-01
-6.672044891855315463e-01
-6.670256148279114505e-01
-6.674298379104393053e-01
-6.682260540315420050e-01
-6.692020769438361549e-01
-6.701646836336494495e-01
-6.709673374614757435e-01
-6.715237544180988616e-01
-6.718083023262482190e-01
-6.718462222348140500e-01
-6.716976744588546433e-01
-6.714397025315134160e-01
-6.711495903132692620e-01
-6.708920404548364136e-01
-6.707114040910725494e-01
-6.706290732318629377e-01
-6.706452706530384722e-01
-6.707439230871659053e-01
-6.708990969053111320e-01
-6.710815678370137816e-01
-6.712644048052164303e-01
-6.714268720801456203e-01
-6.715563959832383523e-01
-6.716487236858755816e-01
-6.717066721524981299e-01
-6.717380055579929010e-01
-6.717529969190022543e-01
-6.717621505875125409e-01
-6.717744228906324944e-01
-6.717961161165094675e-01
-6.718304685283436051e-01
-6.718778430872340834e-01
-6.719363421628637978e-01
-6.720026465348941658e-01
-6.720728881477855410e-01
-6.721434059415857254e-01
-6.722112891821140357e-01
-6.722746702998082524e-01
-6.723327792250557433e-01
-6.723858071928336955e-01
-6.724346474640856552e-01
-6.724805841982770538e-01
-6.725249920127988057e-01
-6.725690920416436125e-01
-6.726137902304968330e-01
-6.726596042427445132e-01
-6.727066696461604378e-01
-6.727548056303086499e-01
-6.728036157457650823e-01
-6.728525994353286022e-01
-6.729012541732092290e-01
-6.729491542861626430e-01
-6.729959994805174706e-01
-6.730416324862804611e-01
-6.730860301948268232e-01
-6.731292757813648331e-01
-6.731715205281084691e-01
-6.732129436584105564e-01
-6.732537169013289580e-01
-6.732939782488033265e-01
-6.733338169403799700e-01
-6.733732695194760698e-01
-6.734123251280111910e-01
-6.734509371808495848e-01
-6.734890381984083296e-01
-6.735265547850254331e-01
-6.735634203670934905e-01
-6.735995841647411941e-01
-6.736350157841963782e-01
-6.736697056345493095e-01
-6.737036619873758569e-01
-6.737369058572778568e-01
-6.737694649819545578e-01
-6.738013680584613585e-01
-6.738326401115307673e-01
-6.738632995062525666e-01
-6.738933567452624063e-01
-6.739228148712204103e-01
-6.739516710698330026e-01
-6.739799189550436109e-01
-6.740075510127288005e-01
-6.740345607616383683e-01
-6.740609443292895353e-01
-6.740867013016008658e-01
-6.741118348567196605e-01
-6.741363513120866013e-01
-6.741602592858558785e-01
-6.741835686965563790e-01
-6.742062898045608765e-01
-6.742284324479597135e-01
-6.742500055590119334e-01
-6.742710169802678122e-01
-6.742914735435530105e-01
-6.743113813376688803e-01
-6.743307460744540904e-01
-6.743495734660113206e-01
-6.743678695436532422e-01
-6.743856408750553699e-01
-6.744028946638147559e-01
-6.744196387397891623e-01
-6.744358814656941092e-01
-6.744516315941051499e-01
-6.744668981096040294e-01
-6.744816900851592356e-01
-6.744960165723900003e-01
-6.745098865347535222e-01
-6.745233088230618845e-01
-6.745362921855818650e-01
-6.745488453009342855e-01
-6.745609768210529822e-01
-6.745726954129547259e-01
-6.745840097911527389e-01
-6.745949287362288382e-01
-6.746054610986111921e-01
-6.746156157893608007e-01
-6.746254017615088694e-01
-6.746348279861731356e-01
-6.746439034274732682e-01
-6.746526370194596556e-01
-6.746610376471455783e-01
-6.746691141325662500e-01
-6.746768752258024415e-01
-6.746843296001741042e-01
-6.746914858504046153e-01
-6.746983524924490272e-01
-6.747049379637719557e-01
-6.747112506231390805e-01
-6.747172987493070817e-01
-6.747230905383494459e-01
-6.747286340996433429e-01
-6.747339374507643761e-01
-6.747390085116837799e-01
-6.747438550987066019e-01
-6.747484849185740874e-01
-6.747529055630677730e-01
-6.747571245043467725e-01
-6.747611490911213927e-01
-6.747649865456585294e-01
-6.747686439615055987e-01
-6.747721283017716898e-01
-6.747754463977805317e-01
-6.747786049479148618e-01
-6.747816105165090894e-01
-6.747844695327025466e-01
-6.747871882892190198e-01
-6.747897729410945455e-01
-6.747922295043988772e-01
-6.747945638550340020e-01
-6.747967817276830926e-01
-6.747988887149704018e-01
-6.748008902668776177e-01
-6.748027916904326684e-01
-6.748045981496654244e-01
-6.748063146658027645e-01
-6.748079461176638150e-01
-6.748094972422223892e-01
-6.748109726352939930e-01
-6.748123767523237504e-01
-6.748137139092603709e-01
-6.748149882835037250e-01
-6.748162039149329106e-01
-6.748173647070178083e-01
-6.748184744280223413e-01
-6.748195367123057675e-01
-6.748205550617281112e-01
-6.748215328471519614e-01
-6.748224733100453010e-01
-6.748233795641745969e-01
-6.748242545973762718e-01
-6.748251012734041154e-01
-6.748259223338334278e-01
-6.748267204000235608e-01
-6.748274979751204272e-01
-6.748282574461016425e-01
-6.748290010858573051e-01
-6.748297310552933137e-01
-6.748304494054703229e-01
-6.748311580797591303e-01
-6.748318589160143821e-01
-6.748325536487677079e-01
-6.748332439114308468e-01
-6.748339312385026600e-01
-6.748346170677820277e-01
-6.748353027425756379e-01
-6.748359895139021125e-01
-6.748366785426815895e-01
-6.748373709019103162e-01
-6.748380675788138161e-01
-6.748387694769767409e-01
-6.748394774184427458e-01
-6.748401921457838348e-01
-6.748409143241326236e-01
-6.748416445431768551e-01
-6.748423833191127263e-01
-6.748431310965535834e-01
-6.748438882503889902e-01
-6.748446550875952799e-01
-6.748454318489943704e-01
-6.748462187109537380e-01
-6.748470157870288810e-01
-6.748478231295470531e-01
-6.748486407311274915e-01
-6.748494685261363646e-01
-6.748503063920714418e-01
-6.748511541508824818e-01
-6.748520115702187905e-01
-6.748528783646039475e-01
-6.748537541965374809e-01
-6.748546386775241546e-01
-6.748555313690230983e-01
-6.748564317833243287e-01
