-6.748577005641276383e-01
-6.748585566100646638e-01
-6.748594137068275600e-01
-6.748602712221193345e-01
-6.748611284705744451e-01
-6.748619847141474892e-01
-6.748628391624288403e-01
-6.748636909728994437e-01
-6.748645392511097851e-01
-6.748653830507929108e-01
-6.748662213739076154e-01
-6.748670531706122411e-01
-6.748678773391708630e-01
-6.748686927257949719e-01
-6.748694981244207636e-01
-6.748702922764234780e-01
-6.748710738702721201e-01
-6.748718415411234517e-01
-6.748725938703582505e-01
-6.748733293850597281e-01
-6.748740465574333269e-01
-6.748747438041675650e-01
-6.748754194857383704e-01
-6.748760719056514645e-01
-6.748766993096327882e-01
-6.748772998847636373e-01
-6.748778717585686149e-01
-6.748784129980635038e-01
-6.748789216087681675e-01
-6.748793955336893635e-01
-6.748798326522824631e-01
-6.748802307793850819e-01
-6.748805876641296164e-01
-6.748809009888283583e-01
-6.748811683678254125e-01
-6.748813873463076485e-01
-6.748815553990759053e-01
-6.748816699292758958e-01
-6.748817282670985795e-01
-6.748817276684588862e-01
-6.748816653136775479e-01
-6.748815383061846918e-01
-6.748813436712661762e-01
-6.748810783548655490e-01
-6.748807392224496216e-01
-6.748803230579208945e-01
-6.748798265625666204e-01
-6.748792463540032038e-01
-6.748785789650871836e-01
-6.748778208427659298e-01
-6.748769683468561764e-01
-6.748760177487637124e-01
-6.748749652301792024e-01
-6.748738068818228575e-01
-6.748725387023142286e-01
-6.748711565972470572e-01
-6.748696563785342439e-01
-6.748680337640470261e-01
-6.748662843775192766e-01
-6.748644037486338787e-01
-6.748623873131593953e-01
-6.748602304129779350e-01
-6.748579282958588887e-01
-6.748554761148771730e-01
-6.748528689274656545e-01
-6.748501016941957920e-01
-6.748471692775045438e-01
-6.748440664406648581e-01
-6.748407878473489108e-01
-6.748373280620868497e-01
-6.748336815518197751e-01
-6.748298426885521728e-01
-6.748258057528856435e-01
-6.748215649379760706e-01
-6.748171143532863958e-01
-6.748124480274342307e-01
-6.748075599095192389e-01
-6.748024438685504833e-01
-6.747970936909880590e-01
-6.747915030768849576e-01
-6.747856656355863958e-01
-6.747795748823227635e-01
-6.747732242371796696e-01
-6.747666070277917871e-01
-6.747597164966337990e-01
-6.747525458130069209e-01
-6.747450880888304914e-01
-6.747373363963219406e-01
-6.747292837847985725e-01
-6.747209232933613077e-01
-6.747122479563570918e-01
-6.747032507993353523e-01
-6.746939248247539878e-01
-6.746842629887842557e-01
-6.746742581729000543e-01
-6.746639031561147970e-01
-6.746531905952108943e-01
-6.746421130206181616e-01
-6.746306628543204953e-01
-6.746188324531731118e-01
-6.746066141764185398e-01
-6.745940004705756055e-01
-6.745809839591206947e-01
-6.745675575197246365e-01
-6.745537143295968763e-01
-6.745394478609088029e-01
-6.745247518141009868e-01
-6.745096199871774001e-01
-6.744940460928566806e-01
-6.744780235507179533e-01
-6.744615452952377188e-01
-6.744446036493260133e-01
-6.744271903131591195e-01
-6.744092965071238899e-01
-6.743909132846289678e-01
-6.743720319969839228e-01
-6.743526448528722739e-01
-6.743327454763304862e-01
-6.743123293386016348e-01
-6.742913939302705995e-01
-6.742699385585696481e-01
-6.742479637047613661e-01
-6.742254699561261999e-01
-6.742024566272925012e-01
-6.741789202900190237e-01
-6.741548535168978562e-01
-6.741302441881454888e-01
-6.741050756891711071e-01
-6.740793282254292640e-01
-6.740529812988927949e-01
-6.740260171437680858e-01
-6.739984246432285664e-01
-6.739702029965396468e-01
-6.739413642399726401e-01
-6.739119337083003813e-01
-6.738819477054276419e-01
-6.738514480530446438e-01
-6.738204737831693381e-01
-6.737890509620922952e-01
-6.737571823575372321e-01
-6.737248392272988662e-01
-6.736919577403056580e-01
-6.736584422829855479e-01
-6.736241770578245136e-01
-6.735890459507921646e-01
-6.735529587663140472e-01
-6.735158798842661998e-01
-6.734778535935497246e-01
-6.734390192893008331e-01
-6.733996098655069540e-01
-6.733599283501944255e-01
-6.733203012307092949e-01
-6.732810117649681292e-01
-6.732422222215895813e-01
-6.732038993910272051e-01
-6.731657615311295029e-01
-6.731272657580374963e-01
-6.730876516109975949e-01
-6.730460485406154492e-01
-6.730016427417530034e-01
-6.729538835514587980e-01
-6.729026941839123532e-01
-6.728486394044561614e-01
-6.727929977411175599e-01
-6.727376914444072042e-01
-6.726850456934843070e-01
-6.726373792479186653e-01
-6.725964686030946327e-01
-6.725629702930260301e-01
-6.725359222071186638e-01
-6.725124642014519427e-01
-6.724879111140275034e-01
-6.724562709202993593e-01
-6.724112262499082338e-01
-6.723474955369878048e-01
-6.722623758679471262e-01
-6.721571658771792190e-01
-6.720381012486664751e-01
-6.719164346837360746e-01
-6.718073770626845631e-01
-6.717277937718045822e-01
-6.716928070031183973e-01
-6.717117557749187062e-01
-6.717842536909029993e-01
-6.718972889537782045e-01
-6.720243588462991857e-01
-6.721274631472452521e-01
-6.721623710186972467e-01
-6.720869442103177827e-01
-6.718715230531731031e-01
-6.715095947844565982e-01
-6.710263458107832424e-01
-6.704824496605285011e-01
-6.699707384975027713e-01
-6.696043529113958614e-01
-6.694965405009537518e-01
-6.697342921928584047e-01
-6.703501118760515354e-01
-6.712979315194397278e-01
-6.724399982416103816e-01
-6.735510403019865366e-01
-6.743439230227500358e-01
-6.745173561199887535e-01
-6.738213416088083552e-01
-6.721306200534106212e-01
-6.695113968410080219e-01
-6.662634495695448633e-01
-6.629198373316733672e-01
-6.601911251285930149e-01
-6.588507224696700249e-01
-6.595715696133517270e-01
-6.627392760458912235e-01
-6.682790954603275990e-01
-6.755401166440201388e-01
-6.832775711401060104e-01
-6.897631433558054637e-01
-6.930350049891683684e-01
-6.912752281002193522e-01
-6.832723450575290958e-01
-6.688915004206372750e-01
-6.494389717368076465e-01
-6.277860765647709229e-01
-6.081314534376877079e-01
-5.953477531778808007e-01
-5.939738518937610623e-01
-6.070402426811002394e-01
-6.349982049261180261e-01
-6.750206864408260232e-01
-7.208557447379791983e-01
-7.632942096129399223e-01
-7.912400649769413263e-01
-7.933886278454105323e-01
-7.605605902132321905e-01
-6.886227443658546887e-01
-5.814707222859647473e-01
-4.528647294289784297e-01
-3.255675248733628235e-01
-2.269166911481212967e-01
-1.816271842034378747e-01
-2.041964425468518474e-01
-2.936746375066467962e-01
-4.326860518004741474e-01
-5.909920433606939971e-01
-7.320889243463334362e-01
-8.202484548842631229e-01
-8.261796446167415375e-01
-7.316863441794643208e-01
-5.347174735823102543e-01
-2.539869008431376307e-01
7.128435774726986363e-02
3.907191181020770454e-01
6.590329345297046837e-01
8.500867465663792810e-01
9.612914791306775841e-01
1.008495934055097409e+00
1.016454554279625722e+00
1.009579500427600696e+00
1.005167737791564653e+00
1.009465495927636791e+00
1.016379928267739263e+00
1.008735565420875835e+00
9.621752621904866576e-01
8.518968020022513743e-01
6.618770773197724111e-01
3.944242284808789356e-01
7.538167799909889499e-02
-2.501366696519524702e-01
-5.317037412187888279e-01
-7.298741598152562737e-01
-8.256569567477960447e-01
-8.208698601941920581e-01
-7.335462712019046316e-01
-5.928755020053564362e-01
-4.345450012629194503e-01
-2.950948630388889327e-01
-2.048850352653884543e-01
-1.814754860508798751e-01
-2.260150040068376887e-01
-3.241647239247854029e-01
-4.512867848063547016e-01
-5.800275226746286483e-01
-6.875362049417909072e-01
-7.599340606617280836e-01
-7.932157924412919225e-01
-7.914365073426474773e-01
-7.637338768856661853e-01
-7.214022203981352854e-01
-6.755506405884577070e-01
-6.354175642180838190e-01
-6.072935297637861440e-01
-5.940464265178694303e-01
-5.952609564739386183e-01
-6.079319365062939573e-01
-6.275320137948445787e-01
-6.491865291756808709e-01
-6.686844787910363186e-01
-6.831366025358174277e-01
-6.912179490986306574e-01
-6.930477244276076476e-01
-6.898269302811356196e-01
-6.833688311949560612e-01
-6.756358310328237637e-01
-6.683607478301512028e-01
-6.627951155345978007e-01
-6.595971921803559512e-01
-6.588482222673094357e-01
-6.601672603280526186e-01
-6.628837476563818054e-01
-6.662244433091016882e-01
-6.694772070691025201e-01
-6.721063527241826208e-01
-6.738091529666370150e-01
-6.745167470628224970e-01
-6.743524479836645602e-01
-6.735652008904839949e-01
-6.724561151243642065e-01
-6.713128429570899280e-01
-6.703616152054923116e-01
-6.697413102222586900e-01
-6.694990478091766839e-01
-6.696031315365688075e-01
-6.699670467789949901e-01
-6.704776840350002987e-01
-6.710217578986251707e-01
-6.715061013719771932e-01
-6.718696208427653582e-01
-6.720867195054182064e-01
-6.721635798777241266e-01
-6.721296509100370686e-01
-6.720269884933750548e-01
-6.718998535829413532e-01
-6.717863571307209902e-01
-6.717131547513527368e-01
-6.716934165492335351e-01
-6.717276635743302249e-01
-6.718066496892554085e-01
-6.719152972264252899e-01
-6.720367403751416058e-01
-6.721557333640144627e-01
-6.722609682225275662e-01
-6.723461480212442609e-01
-6.724099190296387585e-01
-6.724549434644445656e-01
-6.724864804097053783e-01
-6.725108426934318651e-01
-6.725340323519556351e-01
-6.725607539243400046e-01
-6.725938906348125634e-01
-6.726344263575598781e-01
-6.726817213781158822e-01
-6.727340091746372153e-01
-6.727889738860595159e-01
-6.728442872577259370e-01
-6.728980199142448049e-01
-6.729488843605855308e-01
-6.729963070439112238e-01
-6.730403576524266462e-01
-6.730815822851775598e-01
-6.731207928989548783e-01
-6.731588605563550987e-01
-6.731965478982987472e-01
-6.732344008317752149e-01
-6.732727041950308244e-01
-6.733114937785652510e-01
-6.733506090353972295e-01
-6.733897674707458592e-01
-6.734286425031827950e-01
-6.734669303851711364e-01
-6.735043971644814054e-01
-6.735409023249833149e-01
-6.735764006131115256e-01
-6.736109269793326693e-01
-6.736445713000130953e-01
-6.736774497052362420e-01
-6.737096782794438354e-01
-6.737413531044128545e-01
-6.737725385675623624e-01
-6.738032639752575825e-01
-6.738335270740526406e-01
-6.738633022305592357e-01
-6.738925507574822227e-01
-6.739212311025979396e-01
-6.739493071820983339e-01
-6.739767538636936006e-01
-6.740035593272654113e-01
-6.740297246293532885e-01
-6.740552611999334198e-01
-6.740801871836240577e-01
-6.741045235225137100e-01
-6.741282905131135150e-01
-6.741515053182490780e-01
-6.741741806390931790e-01
-6.741963245054800602e-01
-6.742179409598446638e-01
-6.742390313080572906e-01
-6.742595955880855696e-01
-6.742796339503798198e-01
-6.742991477297684000e-01
-6.743181400928455194e-01
-6.743366162451309709e-01
-6.743545832622335201e-01
-6.743720496596518066e-01
-6.743890248347524929e-01
-6.744055185058280832e-01
-6.744215402447993890e-01
-6.744370991615665778e-01
-6.744522037582855178e-01
-6.744668619381474217e-01
-6.744810811300154807e-01
-6.744948684791362004e-01
-6.745082310542015458e-01
-6.745211760297089576e-01
-6.745337108162995365e-01
-6.745458431270527910e-01
-6.745575809815378410e-01
-6.745689326597614777e-01
-6.745799066240307784e-01
-6.745905114282138015e-01
-6.746007556316611087e-01
-6.746106477304129045e-01
-6.746201961125609659e-01
-6.746294090390014819e-01
-6.746382946462273766e-01
-6.746468609647943149e-01
-6.746551159458228364e-01
-6.746630674882022616e-01
-6.746707234606353909e-01
-6.746780917148306189e-01
-6.746851800884858807e-01
-6.746919963987922930e-01
-6.746985484287225665e-01
-6.747048439091926086e-01
-6.747108905003227353e-01
-6.747166957745625027e-01
-6.747222672036033986e-01
-6.747276121499690138e-01
-6.747327378632136385e-01
-6.747376514798651970e-01
-6.747423600257811405e-01
-6.747468704194471423e-01
-6.747511894748849937e-01
-6.747553239032103578e-01
-6.747592803123469984e-01
-6.747630652048779432e-01
-6.747666849744016204e-01
-6.747701459010030378e-01
-6.747734541465372216e-01
-6.747766157503550799e-01
-6.747796366259334322e-01
-6.747825225586320252e-01
-6.747852792045809789e-01
-6.747879120905070360e-01
-6.747904266141924179e-01
-6.747928280452301086e-01
-6.747951215257654844e-01
-6.747973120710129002e-01
-6.747994045694474252e-01
-6.748014037826771672e-01
-6.748033143450993254e-01
-6.748051407634811927e-01
-6.748068874166280873e-01
-6.748085585552704435e-01
-6.748101583022532157e-01
-6.748116906530586823e-01
-6.748131594766416663e-01
-6.748145685165113372e-01
-6.748159213919819877e-01
-6.748172215995057455e-01
-6.748184725140304874e-01
-6.748196773903316625e-01
-6.748208393643121417e-01
-6.748219614542748657e-01
-6.748230465621987140e-01
-6.748240974750457921e-01
-6.748251168661388855e-01
-6.748261072966235119e-01
-6.748270712170207908e-01
-6.748280109688776784e-01
-6.748289287864894792e-01
-6.748298267986766463e-01
-6.748307070305977762e-01
-6.748315714055721504e-01
-6.748324217468985031e-01
-6.748332597796655730e-01
-6.748340871325463342e-01
-6.748349053395820141e-01
-6.748357158419583390e-01
-6.748365199897787825e-01
-6.748373190438405889e-01
-6.748381141774074665e-01
-6.748389064779846125e-01
-6.748396969490835229e-01
-6.748404865119761453e-01
-6.748412760074263828e-01
-6.748420661973936197e-01
-6.748428577667022754e-01
-6.748436513246718338e-01
-6.748444474067054610e-01
-6.748452464758374347e-01
-6.748460489242328331e-01
-6.748468550746462569e-01
-6.748476651818330341e-01
-6.748484794339162374e-01
-6.748492979537035197e-01
-6.748501207999564322e-01
-6.748509479686044532e-01
-6.748517793939043941e-01
-6.748526149495435167e-01
-6.748534544496785914e-01
-6.748542976499161128e-01
-6.748551442482255691e-01
-6.748559938857904283e-01
-6.748568461477920666e-01
