-6.748577045440607991e-01
-6.748585584099434653e-01
-6.748594131203358160e-01
-6.748602680446511570e-01
-6.748611224989810031e-01
-6.748619757464818791e-01
-6.748628269976947314e-01
-6.748636754107942837e-01
-6.748645200917710030e-01
-6.748653600945448972e-01
-6.748661944210084807e-01
-6.748670220210049031e-01
-6.748678417922364670e-01
-6.748686525801083080e-01
-6.748694531775116801e-01
-6.748702423245427351e-01
-6.748710187081622403e-01
-6.748717809617955643e-01
-6.748725276648780413e-01
-6.748732573423356085e-01
-6.748739684640107095e-01
-6.748746594440289126e-01
-6.748753286401034668e-01
-6.748759743527851240e-01
-6.748765948246563395e-01
-6.748771882394741795e-01
-6.748777527212710403e-01
-6.748782863334139570e-01
-6.748787870776324915e-01
-6.748792528930188661e-01
-6.748796816550052258e-01
-6.748800711743122571e-01
-6.748804191958726051e-01
-6.748807233977226483e-01
-6.748809813898539733e-01
-6.748811907130265464e-01
-6.748813488375391412e-01
-6.748814531619620194e-01
-6.748815010118444091e-01
-6.748814896384117690e-01
-6.748814162172762643e-01
-6.748812778471755536e-01
-6.748810715487625345e-01
-6.748807942634491575e-01
-6.748804428523043075e-01
-6.748800140949873239e-01
-6.748795046886941762e-01
-6.748789112470825469e-01
-6.748782302991505055e-01
-6.748774582880479045e-01
-6.748765915698243800e-01
-6.748756264121394954e-01
-6.748745589929850963e-01
-6.748733853994951515e-01
-6.748721016269091377e-01
-6.748707035777712360e-01
-6.748691870613927613e-01
-6.748675477935840439e-01
-6.748657813966029151e-01
-6.748638833992155472e-01
-6.748618492367393085e-01
-6.748596742509227475e-01
-6.748573536895470237e-01
-6.748548827056910504e-01
-6.748522563566949906e-01
-6.748494696029578854e-01
-6.748465173068001199e-01
-6.748433942316870437e-01
-6.748400950421149513e-01
-6.748366143044086662e-01
-6.748329464885468587e-01
-6.748290859709591416e-01
-6.748250270380140581e-01
-6.748207638897374405e-01
-6.748162906431646180e-01
-6.748116013347046360e-01
-6.748066899209984593e-01
-6.748015502780123631e-01
-6.747961761984639928e-01
-6.747905613881212128e-01
-6.747846994619211003e-01
-6.747785839411748476e-01
-6.747722082532293664e-01
-6.747655657348040625e-01
-6.747586496397460776e-01
-6.747514531512255331e-01
-6.747439693974361941e-01
-6.747361914689158358e-01
-6.747281124347774828e-01
-6.747197253546924900e-01
-6.747110232835993315e-01
-6.747019992669150978e-01
-6.746926463255485951e-01
-6.746829574321050460e-01
-6.746729254820523769e-01
-6.746625432658374111e-01
-6.746518034494709548e-01
-6.746406985714289428e-01
-6.746292210623749952e-01
-6.746173632910587026e-01
-6.746051176349223688e-01
-6.745924765680303414e-01
-6.745794327529511802e-01
-6.745659791184480669e-01
-6.745521089027477490e-01
-6.745378156439600925e-01
-6.745230931057214496e-01
-6.745079351371973120e-01
-6.744923354811221961e-01
-6.744762875592751339e-01
-6.744597842785620134e-01
-6.744428179090037334e-01
-6.744253800839690172e-01
-6.744074619604795151e-01
-6.743890545527947422e-01
-6.743701492176815693e-01
-6.743507382295542696e-01
-6.743308153453895226e-01
-6.743103762319633265e-01
-6.742894186208231444e-01
-6.742679420769434051e-01
-6.742459473188617824e-01
-6.742234351091188627e-01
-6.742004048348458900e-01
-6.741768530031978512e-01
-6.741527719631063009e-01
-6.741281492090872574e-01
-6.741029676019180128e-01
-6.740772067396406664e-01
-6.740508455281265521e-01
-6.740238657483984541e-01
-6.739962561326214852e-01
-6.739680161950279969e-01
-6.739391588832472912e-01
-6.739097110868204066e-01
-6.738797112179718551e-01
-6.738492034912449968e-01
-6.738182291556296111e-01
-6.737868157031334793e-01
-6.737549658629999882e-01
-6.737226488170928729e-01
-6.736897963447475712e-01
-6.736563063471077140e-01
-6.736220552980202170e-01
-6.735869196187299623e-01
-6.735508039238452538e-01
-6.735136718473783146e-01
-6.734755731872367202e-01
-6.734366599485079874e-01
-6.733971840526850050e-01
-6.733574714034451514e-01
-6.733178707728192380e-01
-6.732786813116382607e-01
-6.732400686538991819e-01
-6.732019854030216743e-01
-6.731641157903716088e-01
-6.731258649692685170e-01
-6.730864095331559049e-01
-6.730448168826144162e-01
-6.730002274880624302e-01
-6.729520776077951849e-01
-6.729003235484467549e-01
-6.728456159419576865e-01
-6.727893679178639230e-01
-6.727336680697320048e-01
-6.726810097684826628e-01
-6.726338421328758033e-01
-6.725939910717833037e-01
-6.725620441474801092e-01
-6.725368307104665488e-01
-6.725151476596594735e-01
-6.724918710181766457e-01
-6.724605475759067863e-01
-6.724144786493582160e-01
-6.723481973323793826e-01
-6.722591183008881366e-01
-6.721490301390132815e-01
-6.720250338880257024e-01
-6.718995370612085294e-01
-6.717890110253563751e-01
-6.717114175293681377e-01
-6.716824918227487506e-01
-6.717113951088630186e-01
-6.717965550523135043e-01
-6.719227219236486581e-01
-6.720603010405888922e-01
-6.721678179566977773e-01
-6.721979061764411512e-01
-6.721065055470605287e-01
-6.718641127715420103e-01
-6.714670853247050042e-01
-6.709463656260391540e-01
-6.703707802141436467e-01
-6.698424664247359939e-01
-6.694830870795169808e-01
-6.694112673797101287e-01
-6.697138999693650341e-01
-6.704162062932933486e-01
-6.714571840153530369e-01
-6.726777625153020912e-01
-6.738281917992379189e-01
-6.745986875984368858e-01
-6.746732267287848250e-01
-6.738010448149714948e-01
-6.718746006457481101e-01
-6.689976751734152405e-01
-6.655243384990673361e-01
-6.620503461356680441e-01
-6.593443799357641133e-01
-6.582176623662220338e-01
-6.593454208624088819e-01
-6.630692785923134602e-01
-6.692217098968136213e-01
-6.770184792128323137e-01
-6.850606025623990902e-01
-6.914742557684382396e-01
-6.941969142243354929e-01
-6.913919981307422580e-01
-6.819421613452939512e-01
-6.659336110468023762e-01
-6.450070124421691808e-01
-6.224315987095715430e-01
-6.027821303596839764e-01
-5.911795144129491364e-01
-5.921841715773974446e-01
-6.085619211245254512e-01
-6.402155802624348579e-01
-6.835529725546115598e-01
-7.314554723683985848e-01
-7.738857017672374772e-01
-7.991128006613361645e-01
-7.955716446460288083e-01
-7.544138861560477638e-01
-6.726346428898108964e-01
-5.561036054442338727e-01
-4.210974111148596544e-01
-2.927166061298717148e-01
-1.995425125416899204e-01
-1.657652727295587380e-01
-2.035032395440811714e-01
-3.081301157926627510e-01
-4.582919160229346200e-01
-6.205349312306361886e-01
-7.566136548847468557e-01
-8.306999661571510263e-01
-8.149625317349681319e-01
-6.943329034276310985e-01
-4.717179840566349536e-01
-1.719372060809535308e-01
1.606803021399480780e-01
4.742304114811800031e-01
7.263556933872983290e-01
8.964423161071490842e-01
9.872326596161697942e-01
1.017947084549188030e+00
1.014547511430476279e+00
1.001261646470836819e+00
9.947975095203834828e-01
1.001118328971002613e+00
1.014404807900693095e+00
1.018066679710630584e+00
9.879385953953040422e-01
8.980319779329932750e-01
7.289823128529243634e-01
4.777904400870148782e-01
1.647716662220260753e-01
-1.679263552168222540e-01
-4.684110645428231079e-01
-6.921703039692016501e-01
-8.141126137570929844e-01
-8.310788601231386963e-01
-7.579490958505958886e-01
-6.224270894660912656e-01
-4.602737748314817412e-01
-3.097467322429044434e-01
-2.044059490056662487e-01
-1.657900305619645076e-01
-1.987400706652409643e-01
-2.913218410788572243e-01
-4.194486438468332801e-01
-5.545413670258274585e-01
-6.714167776461177350e-01
-7.536732403349054588e-01
-7.953190263980006725e-01
-7.992686374536208671e-01
-7.743199489448174822e-01
-7.320228711017757739e-01
-6.841196105591107468e-01
-6.406771316083667012e-01
-6.088543236859161878e-01
-5.922867119935700808e-01
-5.911103662677651416e-01
-6.025875935499738212e-01
-6.221717695609809695e-01
-6.447414031113359867e-01
-6.657098663515178538e-01
-6.817896950195334593e-01
-6.913207403489939340e-01
-6.942000946793847049e-01
-6.915335687610973947e-01
-6.851521400092998038e-01
-6.771181935127371654e-01
-6.693096220058983858e-01
-6.631320475969811890e-01
-6.593772170920538800e-01
-6.582195493217219973e-01
-6.593226096532172065e-01
-6.620140869015209706e-01
-6.654833631526905213e-01
-6.689604453357839153e-01
-6.718470181933606789e-01
-6.737859549902858181e-01
-6.746705941183651634e-01
-6.746062571472459801e-01
-6.738424012049933909e-01
-6.726946818679468976e-01
-6.714733065339930640e-01
-6.704289817098798565e-01
-6.697219730053209918e-01
-6.694144452079372476e-01
-6.694821033144257028e-01
-6.698386311465170939e-01
-6.703656062955786199e-01
-6.709412454326614261e-01
-6.714630653907572855e-01
-6.718617846907092295e-01
-6.721060054209487822e-01
-6.721989967267151256e-01
-6.721700184615677642e-01
-6.720630299846324096e-01
-6.719254235119618279e-01
-6.717987907179236995e-01
-6.717128920680635051e-01
-6.716831503869752362e-01
-6.717112858457567892e-01
-6.717882396146506174e-01
-6.718983261023177000e-01
-6.720235843322189817e-01
-6.721475063621430435e-01
-6.722576260925767766e-01
-6.723467774014216802e-01
-6.724131130604161788e-01
-6.724591748958178572e-01
-6.724904054469534875e-01
-6.725134978594713431e-01
-6.725349151198529718e-01
-6.725598009395284960e-01
-6.725913822782563223e-01
-6.726308525807677130e-01
-6.726776422256893762e-01
-6.727299363315615288e-01
-6.727852895244703646e-01
-6.728412058917996319e-01
-6.728955898848404393e-01
-6.729470192257188677e-01
-6.729948340379681149e-01
-6.730390703058367619e-01
-6.730802865809057955e-01
-6.731193400307987629e-01
-6.731571634555466588e-01
-6.731945823644120974e-01
-6.732321947634700710e-01
-6.732703198025723479e-01
-6.733090078057887284e-01
-6.733480951821699811e-01
-6.733872837745794593e-01
-6.734262248235154402e-01
-6.734645916900348084e-01
-6.735021312858318066e-01
-6.735386903286134652e-01
-6.735742178988861628e-01
-6.736087495723630525e-01
-6.736423803511142339e-01
-6.736752338243892080e-01
-6.737074338456610079e-01
-6.737390830474916381e-01
-6.737702502755228418e-01
-6.738009669664808410e-01
-6.738312309362195496e-01
-6.738610151318071839e-01
-6.738902786360033703e-01
-6.739189774805350863e-01
-6.739470734489581005e-01
-6.739745398355748707e-01
-6.740013638992202738e-01
-6.740275463805361911e-01
-6.740530988656950884e-01
-6.740780399601410400e-01
-6.741023912088334180e-01
-6.741261735194806759e-01
-6.741494045797545853e-01
-6.741720974738550920e-01
-6.741942604511141912e-01
-6.742158976143796112e-01
-6.742370101938330862e-01
-6.742575980503647815e-01
-6.742776610964340556e-01
-6.742972004088463311e-01
-6.743162189126287176e-01
-6.743347216162816071e-01
-6.743527154598826234e-01
-6.743702088896421643e-01
-6.743872112933360086e-01
-6.744037324241725084e-01
-6.744197819134976069e-01
-6.744353689345790048e-01
-6.744505020395068495e-01
-6.744651891563823165e-01
-6.744794377092232507e-01
-6.744932548103602654e-01
-6.745066474739956908e-01
-6.745196228076298928e-01
-6.745321881517637452e-01
-6.745443511540186732e-01
-6.745561197783649376e-01
-6.745675022612908078e-01
-6.745785070332905864e-01
-6.745891426259239543e-01
-6.745994175826348638e-01
-6.746093403867847726e-01
-6.746189194143417112e-01
-6.746281629127632851e-01
-6.746370790027562681e-01
-6.746456756964173129e-01
-6.746539609239159407e-01
-6.746619425611879439e-01
-6.746696284526332299e-01
-6.746770264250353533e-01
-6.746841442912949738e-01
-6.746909898446690201e-01
-6.746975708457283449e-01
-6.747038950050622264e-01
-6.747099699648801963e-01
-6.747158032822232476e-01
-6.747214024156802381e-01
-6.747267747165397456e-01
-6.747319274243764875e-01
-6.747368676663275666e-01
-6.747416024588601680e-01
-6.747461387106593600e-01
-6.747504832253780060e-01
-6.747546427033003225e-01
-6.747586237413806254e-01
-6.747624328315512399e-01
-6.747660763575584753e-01
-6.747695605908368144e-01
-6.747728916860374904e-01
-6.747760756768115264e-01
-6.747791184723107571e-01
-6.747820258546822769e-01
-6.747848034776261494e-01
-6.747874568658983607e-01
-6.747899914155224277e-01
-6.747924123944023522e-01
-6.747947249430438221e-01
-6.747969340751565070e-01
-6.747990446779940088e-01
-6.748010615124017120e-01
-6.748029892126206075e-01
-6.748048322859674375e-01
-6.748065951125284956e-01
-6.748082819450070824e-01
-6.748098969088212051e-01
-6.748114440025078098e-01
-6.748129270984359884e-01
-6.748143499437904147e-01
-6.748157161617538424e-01
-6.748170292528142822e-01
-6.748182925961258016e-01
-6.748195094508705472e-01
-6.748206829575940091e-01
-6.748218161395110881e-01
-6.748229119037990609e-01
-6.748239730429058669e-01
-6.748250022359061351e-01
-6.748260020499262657e-01
-6.748269749416576646e-01
-6.748279232589572407e-01
-6.748288492425317253e-01
-6.748297550276842749e-01
-6.748306426461028185e-01
-6.748315140276731627e-01
-6.748323710022946509e-01
-6.748332153016844970e-01
-6.748340485611727946e-01
-6.748348723214799838e-01
-6.748356880304844374e-01
-6.748364970449804989e-01
-6.748373006324377421e-01
-6.748380999727544571e-01
-6.748388961600118030e-01
-6.748396902042200773e-01
-6.748404830330577697e-01
-6.748412754935871893e-01
-6.748420683539477771e-01
-6.748428623050150010e-01
-6.748436579620245013e-01
-6.748444558661530479e-01
-6.748452564860583092e-01
-6.748460602193718794e-01
-6.748468673941473428e-01
-6.748476782702634846e-01
-6.748484930407805393e-01
-6.748493118332504759e-01
-6.748501347109751025e-01
-6.748509616742136563e-01
-6.748517926613349927e-01
-6.748526275499142635e-01
-6.748534661577687555e-01
-6.748543082439305563e-01
-6.748551535095593801e-01
-6.748560015987873362e-01
-6.748568520995020803e-01
