-6.748575136560416299e-01
-6.748584079155657278e-01
-6.748593065824399773e-01
-6.748602089946993399e-01
-6.748611144419042196e-01
-6.748620221655342588e-01
-6.748629313593095258e-01
-6.748638411694302119e-01
-6.748647506947431651e-01
-6.748656589868329281e-01
-6.748665650500337287e-01
-6.748674678413701944e-01
-6.748683662704194619e-01
-6.748692591991015677e-01
-6.748701454413950085e-01
-6.748710237629839126e-01
-6.748718928808312700e-01
-6.748727514626844393e-01
-6.748735981265145956e-01
-6.748744314398891220e-01
-6.748752499192783860e-01
-6.748760520292996778e-01
-6.748768361818975325e-01
-6.748776007354628792e-01
-6.748783439938960127e-01
-6.748790642056089473e-01
-6.748797595624747014e-01
-6.748804281987291764e-01
-6.748810681898215202e-01
-6.748816775512250787e-01
-6.748822542372067135e-01
-6.748827961395572617e-01
-6.748833010862845816e-01
-6.748837668402736245e-01
-6.748841910979082037e-01
-6.748845714876620105e-01
-6.748849055686564347e-01
-6.748851908291938484e-01
-6.748854246852724614e-01
-6.748856044790887410e-01
-6.748857274775372783e-01
-6.748857908707158737e-01
-6.748857917704439435e-01
-6.748857272087857018e-01
-6.748855941365887734e-01
-6.748853894220214755e-01
-6.748851098491065459e-01
-6.748847521162436580e-01
-6.748843128347233877e-01
-6.748837885272384041e-01
-6.748831756264110915e-01
-6.748824704733726865e-01
-6.748816693164179092e-01
-6.748807683097699517e-01
-6.748797635124735850e-01
-6.748786508874228263e-01
-6.748774263004926333e-01
-6.748760855197395436e-01
-6.748746242146034247e-01
-6.748730379550553771e-01
-6.748713222106439424e-01
-6.748694723494329528e-01
-6.748674836368718788e-01
-6.748653512347001504e-01
-6.748630702000256720e-01
-6.748606354847408451e-01
-6.748580419354246462e-01
-6.748552842938121410e-01
-6.748523571978207736e-01
-6.748492551829917696e-01
-6.748459726840922990e-01
-6.748425040365445549e-01
-6.748388434773281430e-01
-6.748349851450986536e-01
-6.748309230794191649e-01
-6.748266512192668820e-01
-6.748221634012357972e-01
-6.748174533580869605e-01
-6.748125147184266259e-01
-6.748073410082314760e-01
-6.748019256546967659e-01
-6.747962619924463556e-01
-6.747903432715968153e-01
-6.747841626666228887e-01
-6.747777132845392822e-01
-6.747709881708146007e-01
-6.747639803116568524e-01
-6.747566826319636446e-01
-6.747490879892223958e-01
-6.747411891647501214e-01
-6.747329788547181684e-01
-6.747244496640311118e-01
-6.747155941061496742e-01
-6.747064046111761471e-01
-6.746968735430149966e-01
-6.746869932243941825e-01
-6.746767559663813252e-01
-6.746661540972925808e-01
-6.746551799850821762e-01
-6.746438260478117011e-01
-6.746320847487766725e-01
-6.746199485760806525e-01
-6.746074100103430782e-01
-6.745944614879145762e-01
-6.745810953694808543e-01
-6.745673039243710312e-01
-6.745530793387498614e-01
-6.745384137512251410e-01
-6.745232993129790522e-01
-6.745077282627103266e-01
-6.744916930011984890e-01
-6.744751861479191257e-01
-6.744582005641260869e-01
-6.744407293334828690e-01
-6.744227657017992650e-01
-6.744043029895384622e-01
-6.743853345013726130e-01
-6.743658534628197421e-01
-6.743458530120042260e-01
-6.743253262635796608e-01
-6.743042664428561261e-01
-6.742826670647582565e-01
-6.742605221102900837e-01
-6.742378261397941053e-01
-6.742145742840278677e-01
-6.741907620750057228e-01
-6.741663851183055112e-01
-6.741414386611156440e-01
-6.741159171640800363e-01
-6.740898140243234415e-01
-6.740631216054429053e-01
-6.740358316947209216e-01
-6.740079364237052673e-01
-6.739794295631346133e-01
-6.739503079585734691e-01
-6.739205727432441284e-01
-6.738902298910145472e-01
-6.738592896952223521e-01
-6.738277649051441776e-01
-6.737956675240794890e-01
-6.737630046409531781e-01
-6.737297740649866862e-01
-6.736959608644559339e-01
-6.736615360654543139e-01
-6.736264586442225477e-01
-6.735906814852135049e-01
-6.735541611822607466e-01
-6.735168705253645749e-01
-6.734788114260314984e-01
-6.734400251496035494e-01
-6.734005963357263536e-01
-6.733606476593773094e-01
-6.733203232698405927e-01
-6.732797613201930709e-01
-6.732390587127529136e-01
-6.731982341453984775e-01
-6.731571979665045280e-01
-6.731157384650762188e-01
-6.730735333478004012e-01
-6.730301918665088090e-01
-6.729853273939527813e-01
-6.729386528261683820e-01
-6.728900832566777623e-01
-6.728398236697606949e-01
-6.727884159285543175e-01
-6.727367209209046406e-01
-6.726858195581789657e-01
-6.726368304624186223e-01
-6.725906612096327342e-01
-6.725477309180185603e-01
-6.725077204210081483e-01
-6.724694171550212873e-01
-6.724307203738518757e-01
-6.723888549799826864e-01
-6.723408084142530328e-01
-6.722839575751806684e-01
-6.722167985814373470e-01
-6.721396418936688155e-01
-6.720551016715513581e-01
-6.719682040164429715e-01
-6.718859737004102550e-01
-6.718164367274248594e-01
-6.717670914316130615e-01
-6.717430384170197666e-01
-6.717450944892832121e-01
-6.717683161786592860e-01
-6.718013915538247893e-01
-6.718272976233400362e-01
-6.718254510896194409e-01
-6.717753092782784430e-01
-6.716610370361180138e-01
-6.714765003708783597e-01
-6.712295543960372646e-01
-6.709444463639793188e-01
-6.706612313021648175e-01
-6.704314474363665122e-01
-6.703099226030659885e-01
-6.703434192872755881e-01
-6.705577452814521777e-01
-6.709457739199365944e-01
-6.714593200256546712e-01
-6.720078074261225387e-01
-6.724660042902643742e-01
-6.726917583265159539e-01
-6.725527298625102457e-01
-6.719588358246548765e-01
-6.708948634023116364e-01
-6.694459918726455294e-01
-6.678083425966173658e-01
-6.662776827787230127e-01
-6.652123465139344605e-01
-6.649712100680937876e-01
-6.658335317697998690e-01
-6.679134887345843374e-01
-6.710868758333183859e-01
-6.749493380287426847e-01
-6.788238149079324213e-01
-6.818293457005649705e-01
-6.830142802527646717e-01
-6.815447825592000353e-01
-6.769250374966683248e-01
-6.692102627338677445e-01
-6.591606695345744171e-01
-6.482793347901517622e-01
-6.386860843720986169e-01
-6.328071983058112249e-01
-6.329046280838425131e-01
-6.405173081460007189e-01
-6.559242965716163276e-01
-6.777507093210850542e-01
-7.028198402879113349e-01
-7.263200412771774195e-01
-7.423219754327058384e-01
-7.446608810130742606e-01
-7.281725948820649830e-01
-6.901953948471946099e-01
-6.320811650250784952e-01
-5.602301840007386513e-01
-4.860250178141246047e-01
-4.241985630274253682e-01
-3.897019782279962929e-01
-3.938229726306923251e-01
-4.407436192205217429e-01
-5.256432676461172404e-01
-6.348683999898102615e-01
-7.478730435596269155e-01
-8.400226936675906364e-01
-8.854533128758631522e-01
-8.601076613336118282e-01
-7.460680118555946816e-01
-5.379021972391639927e-01
-2.491126436577832393e-01
8.634297599954275648e-02
4.218041156661117563e-01
7.127798693948701469e-01
9.296210497550720930e-01
1.060314606467759768e+00
1.103905387251008952e+00
1.061428186844434851e+00
9.318640332182756003e-01
7.160864667722537380e-01
4.259084544793282356e-01
9.074466295107212754e-02
-2.450374993989846151e-01
-5.346941165586759359e-01
-7.440259451340963670e-01
-8.592575339257491063e-01
-8.856168525297228866e-01
-8.409119700686751298e-01
-7.491624284950256785e-01
-6.362398360934422570e-01
-5.268203981905246192e-01
-4.415241156162564296e-01
-3.941047131456861807e-01
-3.894924683641080021e-01
-4.236009439197724880e-01
-4.852030650213477458e-01
-5.593629329187729260e-01
-6.313213030300416362e-01
-6.896427622152024872e-01
-7.278667495016518663e-01
-7.445891828057741302e-01
-7.424359102990844006e-01
-7.265530600414261686e-01
-7.031026941668776509e-01
-6.780227930627347188e-01
-6.561408706747083874e-01
-6.406528848862140801e-01
-6.329528946370325260e-01
-6.327780267548541726e-01
-6.386004929699133914e-01
-6.481635456072368795e-01
-6.590404669559922768e-01
-6.691066282107004382e-01
-6.768515979375123726e-01
-6.815071254386541044e-01
-6.830108088553142887e-01
-6.818531466922506112e-01
-6.788649775072379544e-01
-6.749972422610602818e-01
-6.711320962643981813e-01
-6.679490999410562235e-01
-6.658557341253049655e-01
-6.649793109600659058e-01
-6.652082253190785277e-01
-6.662649287413702215e-01
-6.677912761536503039e-01
-6.694287616355241166e-01
-6.708807611192597609e-01
-6.719499047214686493e-01
-6.725496740367091775e-01
-6.726941057106733401e-01
-6.724724408869349190e-01
-6.720165878888531008e-01
-6.714686664259704729e-01
-6.709541951820134909e-01
-6.705642377664412512e-01
-6.703475381040033820e-01
-6.703117382400686219e-01
-6.704314197178098400e-01
-6.706600408567345850e-01
-6.709428230628966539e-01
-6.712281344399441130e-01
-6.714757317305463102e-01
-6.716611398698931756e-01
-6.717762864388572286e-01
-6.718271357130738419e-01
-6.718294208480519725e-01
-6.718036534702297446e-01
-6.717704462753025796e-01
-6.717468928651640914e-01
-6.717443945409776740e-01
-6.717679821111224303e-01
-6.718169084306516714e-01
-6.718861161150285755e-01
-6.719681217863191502e-01
-6.720548899925952169e-01
-6.721393696077041513e-01
-6.722165001474631474e-01
-6.722836333012900401e-01
-6.723404309217300145e-01
-6.723883791783816788e-01
-6.724300942168197626e-01
-6.724685909615285562e-01
-6.725066533615638997e-01
-6.725463941508638133e-01
-6.725890379191947765e-01
-6.726349135810567592e-01
-6.726836081979938875e-01
-6.727342165271787966e-01
-6.727856189585217361e-01
-6.728367312894945051e-01
-6.728866882226631763e-01
-6.729349434451828982e-01
-6.729812882755502601e-01
-6.730258051076496439e-01
-6.730687798059253879e-01
-6.731105988558752085e-01
-6.731516536322632582e-01
-6.731922674485670832e-01
-6.732326530954624300e-01
-6.732729011228371085e-01
-6.733129934197957800e-01
-6.733528333311488145e-01
-6.733922826568595754e-01
-6.734311969936611630e-01
-6.734694533036810205e-01
-6.735069665626236546e-01
-6.735436951630114910e-01
-6.735796369321851440e-01
-6.736148189159653077e-01
-6.736492844532007140e-01
-6.736830806794539273e-01
-6.737162487121781673e-01
-6.737488176781738503e-01
-6.737808027075105066e-01
-6.738122062222418052e-01
-6.738430213865360674e-01
-6.738732364626551785e-01
-6.739028389724267543e-01
-6.739318188954285249e-01
-6.739601705325467540e-01
-6.739878930309443072e-01
-6.740149898379529381e-01
-6.740414674968683295e-01
-6.740673342200174112e-01
-6.740925986009468351e-01
-6.741172686981237172e-01
-6.741413515786041089e-01
-6.741648532857184017e-01
-6.741877791113672913e-01
-6.742101340184093461e-01
-6.742319230670601460e-01
-6.742531517383408834e-01
-6.742738261009268985e-01
-6.742939528197838817e-01
-6.743135390442582811e-01
-6.743325922338910816e-01
-6.743511199818583712e-01
-6.743691298826431924e-01
-6.743866294688573015e-01
-6.744036262190279407e-01
-6.744201276194590200e-01
-6.744361412524841892e-01
-6.744516748815437834e-01
-6.744667365092033018e-01
-6.744813343947417827e-01
-6.744954770298673408e-01
-6.745091730814085640e-01
-6.745224313163948882e-01
-6.745352605268528645e-01
-6.745476694692826847e-01
-6.745596668283705410e-01
-6.745712612077635617e-01
-6.745824611444073415e-01
-6.745932751383706405e-01
-6.746037116879681772e-01
-6.746137793204292077e-01
-6.746234866108321571e-01
-6.746328421856587765e-01
-6.746418547111603381e-01
-6.746505328699095028e-01
-6.746588853308647105e-01
-6.746669207187946382e-01
-6.746746475881088001e-01
-6.746820744044478291e-01
-6.746892095352531316e-01
-6.746960612485352060e-01
-6.747026377175689982e-01
-6.747089470284699519e-01
-6.747149971876048591e-01
-6.747207961264252152e-01
-6.747263517023140977e-01
-6.747316716951623494e-01
-6.747367638003539669e-01
-6.747416356194927411e-01
-6.747462946504566572e-01
-6.747507482782342247e-01
-6.747550037676146584e-01
-6.747590682582380595e-01
-6.747629487619889455e-01
-6.747666521622656122e-01
-6.747701852144217805e-01
-6.747735545466037044e-01
-6.747767666603388115e-01
-6.747798279304459967e-01
-6.747827446041103627e-01
-6.747855227992072269e-01
-6.747881685021424047e-01
-6.747906875655446113e-01
-6.747930857061530396e-01
-6.747953685031518045e-01
-6.747975413970981329e-01
-6.747996096894592899e-01
-6.748015785426789703e-01
-6.748034529806290482e-01
-6.748052378892848147e-01
-6.748069380174764875e-01
-6.748085579776261778e-01
-6.748101022464192411e-01
-6.748115751654183425e-01
-6.748129809416634206e-01
-6.748143236483212792e-01
-6.748156072254365423e-01
-6.748168354808365965e-01
-6.748180120912077307e-01
-6.748191406033445805e-01
-6.748202244355515633e-01
-6.748212668791638835e-01
-6.748222711001586882e-01
-6.748232401408259529e-01
-6.748241769214768926e-01
-6.748250842421825713e-01
-6.748259647845419318e-01
-6.748268211134798022e-01
-6.748276556790845371e-01
-6.748284708184909553e-01
-6.748292687578067994e-01
-6.748300516140874894e-01
-6.748308213973457370e-01
-6.748315800125955777e-01
-6.748323292619118341e-01
-6.748330708465052341e-01
-6.748338063687989719e-01
-6.748345373345049358e-01
-6.748352651546933867e-01
-6.748359911478559736e-01
-6.748367165419556502e-01
-6.748374424764672641e-01
-6.748381700044018272e-01
-6.748389000943140204e-01
-6.748396336322870503e-01
-6.748403714238915274e-01
-6.748411141961170312e-01
-6.748418625992633757e-01
-6.748426172087994557e-01
-6.748433785271742424e-01
-6.748441469855868124e-01
-6.748449229457056386e-01
-6.748457067013424737e-01
-6.748464984800698341e-01
-6.748472984447897449e-01
-6.748481066952427554e-01
-6.748489232694599993e-01
-6.748497481451561919e-01
-6.748505812410580118e-01
-6.748514224181697552e-01
-6.748522714809708223e-01
-6.748531281785465907e-01
-6.748539922056484563e-01
-6.748548632036831529e-01
-6.748557407616304626e-01
-6.748566244168875405e-01
