-6.748574381024684543e-01
-6.748583416766890108e-01
-6.748592504045213269e-01
-6.748601636168558571e-01
-6.748610805972653504e-01
-6.748620005824030876e-01
-6.748629227623190729e-01
-6.748638462807011740e-01
-6.748647702350362154e-01
-6.748656936766931347e-01
-6.748666156109301983e-01
-6.748675349968252801e-01
-6.748684507471286453e-01
-6.748693617280406842e-01
-6.748702667589141502e-01
-6.748711646118823460e-01
-6.748720540114160338e-01
-6.748729336338086249e-01
-6.748738021065890935e-01
-6.748746580078672785e-01
-6.748754998656144588e-01
-6.748763261568767602e-01
-6.748771353069270562e-01
-6.748779256883573607e-01
-6.748786956201090481e-01
-6.748794433664490056e-01
-6.748801671358887200e-01
-6.748808650800492970e-01
-6.748815352924747435e-01
-6.748821758073958454e-01
-6.748827845984486373e-01
-6.748833595773485738e-01
-6.748838985925265099e-01
-6.748843994277327063e-01
-6.748848598006085275e-01
-6.748852773612340483e-01
-6.748856496906527891e-01
-6.748859742993750244e-01
-6.748862486258633275e-01
-6.748864700349970214e-01
-6.748866358165210855e-01
-6.748867431834770780e-01
-6.748867892706230665e-01
-6.748867711328468966e-01
-6.748866857435802391e-01
-6.748865299932266248e-01
-6.748863006876087978e-01
-6.748859945464460441e-01
-6.748856082018669378e-01
-6.748851381969566132e-01
-6.748845809843376786e-01
-6.748839329247829921e-01
-6.748831902858533072e-01
-6.748823492405608970e-01
-6.748814058660651538e-01
-6.748803561424082664e-01
-6.748791959513117389e-01
-6.748779210750515123e-01
-6.748765271954310085e-01
-6.748750098928593122e-01
-6.748733646455341573e-01
-6.748715868287140651e-01
-6.748696717140528767e-01
-6.748676144689719214e-01
-6.748654101560528362e-01
-6.748630537324566969e-01
-6.748605400494075424e-01
-6.748578638518106798e-01
-6.748550197781030269e-01
-6.748520023604213103e-01
-6.748488060251623954e-01
-6.748454250939368571e-01
-6.748418537848357435e-01
-6.748380862138422254e-01
-6.748341163961445455e-01
-6.748299382470959173e-01
-6.748255455826113192e-01
-6.748209321189425625e-01
-6.748160914719750769e-01
-6.748110171564438708e-01
-6.748057025856695201e-01
-6.748001410725471549e-01
-6.747943258324491378e-01
-6.747882499884556573e-01
-6.747819065788493997e-01
-6.747752885662213762e-01
-6.747683888469194757e-01
-6.747612002591363289e-01
-6.747537155878066129e-01
-6.747459275648476362e-01
-6.747378288641298072e-01
-6.747294120918507776e-01
-6.747206697744638770e-01
-6.747115943476563737e-01
-6.747021781506570282e-01
-6.746924134300360532e-01
-6.746822923559194773e-01
-6.746718070511789067e-01
-6.746609496310389531e-01
-6.746497122472191466e-01
-6.746380871280991398e-01
-6.746260666052267263e-01
-6.746136431175339121e-01
-6.746008091881131596e-01
-6.745875573740471864e-01
-6.745738801966980613e-01
-6.745597700665085794e-01
-6.745452192210755760e-01
-6.745302196963577357e-01
-6.745147633472815540e-01
-6.744988419256057188e-01
-6.744824472107586733e-01
-6.744655711757043814e-01
-6.744482061578273013e-01
-6.744303449976754017e-01
-6.744119811088792327e-01
-6.743931084520351504e-01
-6.743737214031210181e-01
-6.743538145302082620e-01
-6.743333823160799767e-01
-6.743124188830532661e-01
-6.742909177844049751e-01
-6.742688719206262338e-01
-6.742462736176921823e-01
-6.742231148717759970e-01
-6.741993877269856217e-01
-6.741750847187549800e-01
-6.741501992946542510e-01
-6.741247261235957522e-01
-6.740986612260704280e-01
-6.740720018986042783e-01
-6.740447464555630042e-01
-6.740168938570556545e-01
-6.739884433185837631e-01
-6.739593939954005020e-01
-6.739297447991222656e-01
-6.738994943433147533e-01
-6.738686409464135219e-01
-6.738371825695996797e-01
-6.738051165601290915e-01
-6.737724391254595879e-01
-6.737391445823088798e-01
-6.737052245872234835e-01
-6.736706677178163627e-01
-6.736354598759590750e-01
-6.735995859618061354e-01
-6.735630330720661085e-01
-6.735257950955146899e-01
-6.734878780551899480e-01
-6.734493049828567113e-01
-6.734101186629550817e-01
-6.733703804329257414e-01
-6.733301635410855468e-01
-6.732895404394977357e-01
-6.732485648033614822e-01
-6.732072508376301112e-01
-6.731655542079195698e-01
-6.731233602386149650e-01
-6.730804853309833025e-01
-6.730366964173776223e-01
-6.729917504522833216e-01
-6.729454515696996486e-01
-6.728977181760108506e-01
-6.728486469155120497e-01
-6.727985565035228266e-01
-6.727479933469185935e-01
-6.726976839245764062e-01
-6.726484267375070214e-01
-6.726009289496740484e-01
-6.725556081057513236e-01
-6.725123947799058755e-01
-6.724705839705785726e-01
-6.724287874373499063e-01
-6.723850324144898805e-01
-6.723370322053612291e-01
-6.722826215539013939e-01
-6.722203080991895341e-01
-6.721498476814787848e-01
-6.720727155384618179e-01
-6.719923285204376651e-01
-6.719138854020196838e-01
-6.718437395415718383e-01
-6.717883005526520401e-01
-6.717525709729426087e-01
-6.717385428508043654e-01
-6.717437827954405583e-01
-6.717605933549719577e-01
-6.717761260848000848e-01
-6.717737181581058259e-01
-6.717355258883448421e-01
-6.716462517902723750e-01
-6.714974465942270543e-01
-6.712915748064972599e-01
-6.710448365228965928e-01
-6.707877145918810236e-01
-6.705624236159144491e-01
-6.704168984701837086e-01
-6.703956449147862040e-01
-6.705285913792558006e-01
-6.708198788737769203e-01
-6.712391165235623847e-01
-6.717178202561752132e-01
-6.721533864185037510e-01
-6.724219552307248993e-01
-6.723999292628772828e-01
-6.719919017260351790e-01
-6.711606290890046456e-01
-6.699528869734701075e-01
-6.685140918221554873e-01
-6.670849598644345013e-01
-6.659755693164040036e-01
-6.655160352369281496e-01
-6.659881839473116294e-01
-6.675482198836862890e-01
-6.701551589821176380e-01
-6.735224626752591703e-01
-6.771098581123675686e-01
-6.801683281029610173e-01
-6.818437947351598805e-01
-6.813345634400750361e-01
-6.780848573052066230e-01
-6.719829942596520223e-01
-6.635203754593967940e-01
-6.538606627409190297e-01
-6.447727978551234251e-01
-6.384012880421209291e-01
-6.368822704441975402e-01
-6.418569018127808778e-01
-6.539712100888152024e-01
-6.724700136843185794e-01
-6.949855646463449776e-01
-7.175948912543176350e-01
-7.351881626668331782e-01
-7.421660585289754364e-01
-7.334614314475432773e-01
-7.058286924831662645e-01
-6.592249440368239677e-01
-5.979219874976177129e-01
-5.308303028452524552e-01
-4.705524317372625775e-01
-4.310312275135304017e-01
-4.242285314087709258e-01
-4.567618444610060391e-01
-5.275381279623564401e-01
-6.270652151800514273e-01
-7.384493864881087610e-01
-8.394503820229660684e-01
-9.048278232837327906e-01
-9.088743009707489495e-01
-8.291177851297646395e-01
-6.524429321860686359e-01
-3.829620237781255487e-01
-4.727971717350028247e-02
3.088803754450998307e-01
6.340106012684465497e-01
8.867999151096304100e-01
1.043997716324535308e+00
1.097256628509947429e+00
1.045121896639004566e+00
8.890124719035609191e-01
6.371605411272897035e-01
3.126242860619535269e-01
-4.345924276288018473e-02
-3.796176082881052016e-01
-6.499863350894862224e-01
-8.277219131691645471e-01
-9.084887570031840998e-01
-9.052572560672658142e-01
-8.404315803060702361e-01
-7.397010311144506245e-01
-6.283184357092803651e-01
-5.285634482177544724e-01
-4.573974042032106779e-01
-4.244025478588535072e-01
-4.307683074783061339e-01
-4.699584979364750947e-01
-5.300595135199754893e-01
-5.971360693677864040e-01
-6.585575443880788971e-01
-7.053638916415861937e-01
-7.332287846963165823e-01
-7.421485298051174739e-01
-7.353367941544851627e-01
-7.178448363513666441e-01
-6.952702606306101485e-01
-6.727320861595158519e-01
-6.541696361961575334e-01
-6.419703202516781060e-01
-6.369085958181334162e-01
-6.383541937685750511e-01
-6.446760999032076223e-01
-6.537419503308542490e-01
-6.634052296768163659e-01
-6.718908002769004018e-01
-6.780266840979710663e-01
-6.813130480340875428e-01
-6.818545777891178439e-01
-6.802024037311735771e-01
-6.771561993872702301e-01
-6.735704008527377828e-01
-6.701961653117142204e-01
-6.675769194237783921e-01
-6.660025948506527183e-01
-6.655171581106169576e-01
-6.659665376785616209e-01
-6.670699975874817556e-01
-6.684975079250938812e-01
-6.699382827542450514e-01
-6.711504151045405431e-01
-6.719871424184543640e-01
-6.724004677308166311e-01
-6.724267295991567250e-01
-6.721608347590956045e-01
-6.717262792922865655e-01
-6.712471431632622831e-01
-6.708264546877144019e-01
-6.705332010361744199e-01
-6.703982447532144118e-01
-6.704178076059745806e-01
-6.705621763807790847e-01
-6.707869107705451972e-01
-6.710440172853218144e-01
-6.712911405237311779e-01
-6.714976208787504230e-01
-6.716470864263769380e-01
-6.717369351322611815e-01
-6.717755284858177856e-01
-6.717781283177048923e-01
-6.717625871680992233e-01
-6.717456077193464381e-01
-6.717400939494171386e-01
-6.717538006511190041e-01
-6.717892100246619647e-01
-6.718443643252411945e-01
-6.719142789989397402e-01
-6.719925475475845289e-01
-6.720728083675699960e-01
-6.721498474411320423e-01
-6.722202299188584362e-01
-6.722824632821302604e-01
-6.723367775209759811e-01
-6.723846552096864881e-01
-6.724282564952663854e-01
-6.724698671983800891e-01
-6.725114625213826081e-01
-6.725544353003284348e-01
-6.725994961058062716e-01
-6.726467198415261306e-01
-6.726956935125243398e-01
-6.727457130297985755e-01
-6.727959812581478793e-01
-6.728457714358221375e-01
-6.728945355273540097e-01
-6.729419523087435406e-01
-6.729879222799571847e-01
-6.730325243366012122e-01
-6.730759522005268503e-01
-6.731184475619523822e-01
-6.731602429784399044e-01
-6.732015222789371478e-01
-6.732424008885660172e-01
-6.732829241343142312e-01
-6.733230787781336879e-01
-6.733628118760516257e-01
-6.734020513517399165e-01
-6.734407239553071856e-01
-6.734787680329438198e-01
-6.735161402871411296e-01
-6.735528171148402743e-01
-6.735887919893670528e-01
-6.736240706752679719e-01
-6.736586659273989808e-01
-6.736925928899716309e-01
-6.737258658574085679e-01
-6.737584965408343063e-01
-6.737904936042513615e-01
-6.738218630355445882e-01
-6.738526088890932630e-01
-6.738827340323302328e-01
-6.739122406856110636e-01
-6.739411307037733723e-01
-6.739694056656424515e-01
-6.739970668938312093e-01
-6.740241155227888470e-01
-6.740505526854991825e-01
-6.740763798236805160e-01
-6.741015990673266955e-01
-6.741262135946002321e-01
-6.741502278798670034e-01
-6.741736477632813695e-01
-6.741964803194090416e-01
-6.742187335509182144e-01
-6.742404159730285285e-01
-6.742615361757858805e-01
-6.742821024507058558e-01
-6.743021225481203862e-01
-6.743216035983952139e-01
-6.743405521930433411e-01
-6.743589745894477128e-01
-6.743768769820023268e-01
-6.743942657761605730e-01
-6.744111478096305179e-01
-6.744275304832272333e-01
-6.744434217873670478e-01
-6.744588302331468999e-01
-6.744737647146453741e-01
-6.744882343386482404e-01
-6.745022482586472412e-01
-6.745158155430411862e-01
-6.745289450956045707e-01
-6.745416456327713028e-01
-6.745539257101828001e-01
-6.745657937825110251e-01
-6.745772582768863046e-01
-6.745883276612429924e-01
-6.745990104934763698e-01
-6.746093154439037898e-01
-6.746192512903665950e-01
-6.746288268909761410e-01
-6.746380511430326576e-01
-6.746469329377389190e-01
-6.746554811192412293e-01
-6.746637044539232075e-01
-6.746716116125932583e-01
-6.746792111650798951e-01
-6.746865115843847516e-01
-6.746935212562631401e-01
-6.747002484899619068e-01
-6.747067015266037249e-01
-6.747128885430404566e-01
-6.747188176504593793e-01
-6.747244968883313598e-01
-6.747299342151439339e-01
-6.747351374977447191e-01
-6.747401145010043511e-01
-6.747448728790831352e-01
-6.747494201689723248e-01
-6.747537637863894044e-01
-6.747579110236308075e-01
-6.747618690487237059e-01
-6.747656449051520067e-01
-6.747692455115469334e-01
-6.747726776609416222e-01
-6.747759480194387427e-01
-6.747790631243490989e-01
-6.747820293820022686e-01
-6.747848530654918520e-01
-6.747875403125961347e-01
-6.747900971240465839e-01
-6.747925293622322185e-01
-6.747948427503357438e-01
-6.747970428718366165e-01
-6.747991351702908869e-01
-6.748011249492927854e-01
-6.748030173725466652e-01
-6.748048174640109975e-01
-6.748065301081069833e-01
-6.748081600500105415e-01
-6.748097118960465490e-01
-6.748111901142201940e-01
-6.748125990348938785e-01
-6.748139428516140015e-01
-6.748152256220822931e-01
-6.748164512692491623e-01
-6.748176235825128488e-01
-6.748187462190048391e-01
-6.748198227049508890e-01
-6.748208564370994367e-01
-6.748218506842177389e-01
-6.748228085886606165e-01
-6.748237331680146944e-01
-6.748246273168183595e-01
-6.748254938083543264e-01
-6.748263352965122586e-01
-6.748271543177108978e-01
-6.748279532928666002e-01
-6.748287345294047279e-01
-6.748295002232954642e-01
-6.748302524611171638e-01
-6.748309932221334684e-01
-6.748317243803870769e-01
-6.748324477068060601e-01
-6.748331648713208342e-01
-6.748338774449896826e-01
-6.748345869021331600e-01
-6.748352946224672744e-01
-6.748360018932372251e-01
-6.748367099113398160e-01
-6.748374197854343226e-01
-6.748381325380330420e-01
-6.748388491075698603e-01
-6.748395703504393994e-01
-6.748402970430065206e-01
-6.748410298835798571e-01
-6.748417694943497080e-01
-6.748425164232856321e-01
-6.748432711459937394e-01
-6.748440340675274651e-01
-6.748448055241528243e-01
-6.748455857850600426e-01
-6.748463750540236727e-01
-6.748471734710077552e-01
-6.748479811137082507e-01
-6.748487979990386298e-01
-6.748496240845512917e-01
-6.748504592697923687e-01
-6.748513033975923614e-01
-6.748521562552849407e-01
-6.748530175758605809e-01
-6.748538870390444755e-01
-6.748547642723058404e-01
-6.748556488517898355e-01
-6.748565403031772103e-01
