-6.748575470687346867e-01
-6.748584367177522525e-01
-6.748593303945616961e-01
-6.748602274407486945e-01
-6.748611271488569319e-01
-6.748620287627815628e-01
-6.748629314780892896e-01
-6.748638344422590585e-01
-6.748647367548508136e-01
-6.748656374675966463e-01
-6.748665355844197800e-01
-6.748674300613779486e-01
-6.748683198065326128e-01
-6.748692036797453442e-01
-6.748700804924033791e-01
-6.748709490070733397e-01
-6.748718079370853440e-01
-6.748726559460500596e-01
-6.748734916473055900e-01
-6.748743136033008572e-01
-6.748751203249157005e-01
-6.748759102707135860e-01
-6.748766818461382488e-01
-6.748774334026489408e-01
-6.748781632367994998e-01
-6.748788695892611322e-01
-6.748795506437955671e-01
-6.748802045261772520e-01
-6.748808293030675864e-01
-6.748814229808446363e-01
-6.748819835043893267e-01
-6.748825087558333324e-01
-6.748829965532664454e-01
-6.748834446494088590e-01
-6.748838507302554746e-01
-6.748842124136900100e-01
-6.748845272480769042e-01
-6.748847927108351241e-01
-6.748850062069954303e-01
-6.748851650677516467e-01
-6.748852665490019387e-01
-6.748853078298876484e-01
-6.748852860113289109e-01
-6.748851981145561618e-01
-6.748850410796436439e-01
-6.748848117640376953e-01
-6.748845069410928099e-01
-6.748841232986126926e-01
-6.748836574374134090e-01
-6.748831058699159557e-01
-6.748824650187834617e-01
-6.748817312156198955e-01
-6.748809006997382731e-01
-6.748799696170055817e-01
-6.748789340187593133e-01
-6.748777898607920545e-01
-6.748765330023809295e-01
-6.748751592053442439e-01
-6.748736641331105623e-01
-6.748720433497840121e-01
-6.748702923192205771e-01
-6.748684064041291508e-01
-6.748663808652468621e-01
-6.748642108606469625e-01
-6.748618914452424455e-01
-6.748594175705420195e-01
-6.748567840846990684e-01
-6.748539857328532676e-01
-6.748510171577255523e-01
-6.748478729003818399e-01
-6.748445474010494882e-01
-6.748410349998553714e-01
-6.748373299373723322e-01
-6.748334263549085055e-01
-6.748293182945434010e-01
-6.748249996990238753e-01
-6.748204644117032913e-01
-6.748157061767998677e-01
-6.748107186402599877e-01
-6.748054953514918131e-01
-6.748000297661381763e-01
-6.747943152498944164e-01
-6.747883450831995145e-01
-6.747821124664327153e-01
-6.747756105251022651e-01
-6.747688323144417355e-01
-6.747617708228835776e-01
-6.747544189740334319e-01
-6.747467696270609272e-01
-6.747388155757678696e-01
-6.747305495469574366e-01
-6.747219641990331862e-01
-6.747130521219218968e-01
-6.747038058394005944e-01
-6.746942178146760893e-01
-6.746842804596389076e-01
-6.746739861476295230e-01
-6.746633272289322969e-01
-6.746522960476096786e-01
-6.746408849578725553e-01
-6.746290863379812430e-01
-6.746168925997968469e-01
-6.746042961925243775e-01
-6.745912895999052195e-01
-6.745778653310375850e-01
-6.745640159060464214e-01
-6.745497338388624087e-01
-6.745350116203209234e-01
-6.745198417054950601e-01
-6.745042165095554987e-01
-6.744881284163344315e-01
-6.744715698030525619e-01
-6.744545330831894780e-01
-6.744370107671635584e-01
-6.744189955373460776e-01
-6.744004803301749673e-01
-6.743814584141633039e-01
-6.743619234491843306e-01
-6.743418695104899108e-01
-6.743212910616414035e-01
-6.743001828648885754e-01
-6.742785398261690322e-01
-6.742563567847146278e-01
-6.742336282730191366e-01
-6.742103482892704003e-01
-6.741865101376829372e-01
-6.741621063981473316e-01
-6.741371290809716754e-01
-6.741115700019494339e-01
-6.740854213766982461e-01
-6.740586765836173999e-01
-6.740313309885579418e-01
-6.740033826720168708e-01
-6.739748328649866060e-01
-6.739456858968934094e-01
-6.739159485003651806e-01
-6.738856284088575732e-01
-6.738547323207619844e-01
-6.738232634718526182e-01
-6.737912192285540058e-01
-6.737585892491781969e-01
-6.737253548159396477e-01
-6.736914898780171912e-01
-6.736569641401084496e-01
-6.736217481813331354e-01
-6.735858201283143609e-01
-6.735491729019924545e-01
-6.735118206105314975e-01
-6.734738023901093440e-01
-6.734351820193866800e-01
-6.733960420408694469e-01
-6.733564719437051815e-01
-6.733165511444583196e-01
-6.732763288939569435e-01
-6.732358045937280044e-01
-6.731949130105006063e-01
-6.731535191978951227e-01
-6.731114272861514758e-01
-6.730684055269938737e-01
-6.730242271271935639e-01
-6.729787227709906894e-01
-6.729318368833049346e-01
-6.728836764084870081e-01
-6.728345390727785702e-01
-6.727849086114966459e-01
-6.727354078690797046e-01
-6.726867071541712262e-01
-6.726393942540935811e-01
-6.725938228728753909e-01
-6.725499660840829064e-01
-6.725073083671708751e-01
-6.724648115348130784e-01
-6.724209843994627400e-01
-6.723740723975287770e-01
-6.723223621097313973e-01
-6.722645690325195211e-01
-6.722002492735321688e-01
-6.721301527695978661e-01
-6.720564235707487954e-01
-6.719825576308237070e-01
-6.719130544083610213e-01
-6.718527460522549788e-01
-6.718058531440718184e-01
-6.717748899902059589e-01
-6.717596118359355772e-01
-6.717562446740620308e-01
-6.717572488389834673e-01
-6.717518268683566607e-01
-6.717272878211213438e-01
-6.716712284999021287e-01
-6.715743036540831046e-01
-6.714331619128733886e-01
-6.712529620006364439e-01
-6.710487998003709098e-01
-6.708454128915805059e-01
-6.706747136396205011e-01
-6.705710390168720947e-01
-6.705644668190119395e-01
-6.706730695664917530e-01
-6.708954630304262423e-01
-6.712053406253642995e-01
-6.715497533401096897e-01
-6.718526080165642123e-01
-6.720241743792356726e-01
-6.719763418870059457e-01
-6.716420613037905607e-01
-6.709960378112110879e-01
-6.700725834156709970e-01
-6.689759060355441322e-01
-6.678783267065817597e-01
-6.670032054258793197e-01
-6.665917674578183405e-01
-6.668563342942870342e-01
-6.679261595998650103e-01
-6.697954018162134426e-01
-6.722849089720512872e-01
-6.750297494428945111e-01
-6.775023771978169185e-01
-6.790768809661763550e-01
-6.791331176088699628e-01
-6.771910846649146221e-01
-6.730564044125058043e-01
-6.669487031769328889e-01
-6.595784207308852398e-01
-6.521375235787860714e-01
-6.461789364056480522e-01
-6.433794044417212588e-01
-6.452081755043663769e-01
-6.525523164850229874e-01
-6.653696729317469805e-01
-6.824457892212429932e-01
-7.013211000695004360e-01
-7.184357251944789580e-01
-7.295198292579552213e-01
-7.302400091283105521e-01
-7.170849598848777484e-01
-6.884135662463551908e-01
-6.454803603190991668e-01
-5.931221566013858970e-01
-5.397194262090951877e-01
-4.961441358479107833e-01
-4.737110289815064101e-01
-4.815541498648001073e-01
-5.241383903988632298e-01
-5.996058237043923045e-01
-6.993228247014170451e-01
-8.084856987797279793e-01
-9.072554734632113371e-01
-9.719908946879319833e-01
-9.769213423522083994e-01
-8.976702832575833568e-01
-7.182322465495308839e-01
-4.408588140023877999e-01
-9.394533573898133927e-02
2.695744059354538980e-01
5.860505874197208254e-01
7.998056754493702014e-01
8.755284392522788561e-01
8.014564263495114194e-01
5.890915653710671052e-01
2.734868727985536041e-01
-8.985794689113034417e-02
-4.372826522150106143e-01
-7.156399886142594813e-01
-8.962295754712243934e-01
-9.765412567840006108e-01
-9.724335386962938976e-01
-9.082340721929079708e-01
-8.097204760237242116e-01
-7.005660402847647683e-01
-6.006563244828623249e-01
-5.248560366323571369e-01
-4.818723358349964458e-01
-4.736402048955652977e-01
-4.957613381136047326e-01
-5.391446513697391030e-01
-5.924879166078701465e-01
-6.449031965044018655e-01
-6.879747695775130234e-01
-7.168234389071808099e-01
-7.301557414287059844e-01
-7.295837885624519847e-01
-7.186020386637711477e-01
-7.015384719614002895e-01
-6.826666847754393475e-01
-6.655567234953171374e-01
-6.526818633706080730e-01
-6.452710890155631818e-01
-6.433795255124525880e-01
-6.461297450805596476e-01
-6.520578595163954994e-01
-6.594881561783274559e-01
-6.668651475278927210e-01
-6.729919382444105036e-01
-6.771521774011376449e-01
-6.791205810170939383e-01
-6.790870171591202320e-01
-6.775286087023367765e-01
-6.750643452110582921e-01
-6.723205043965632122e-01
-6.698261180171123375e-01
-6.679482344164181518e-01
-6.668682714261887634e-01
-6.665940833248208408e-01
-6.669979004750166141e-01
-6.678682266238059606e-01
-6.689640099479650104e-01
-6.700615263757047080e-01
-6.709877326249313878e-01
-6.716375401463990924e-01
-6.719757797683451050e-01
-6.720270499083677018e-01
-6.718579440118005452e-01
-6.715563795604888586e-01
-6.712121302455660299e-01
-6.709015096113417620e-01
-6.706777884076275953e-01
-6.705676205396587930e-01
-6.705726997223037111e-01
-6.706751818224729877e-01
-6.708451160261862389e-01
-6.710481919898199088e-01
-6.712524412201069657e-01
-6.714330148443995450e-01
-6.715746813004453974e-01
-6.716721499046253152e-01
-6.717286650912641655e-01
-6.717535026137541054e-01
-6.717590370059004501e-01
-6.717579671576506817e-01
-6.717611256314252044e-01
-6.717761023792766517e-01
-6.718067249748758130e-01
-6.718532851681401352e-01
-6.719133024982653080e-01
-6.719825741758070903e-01
-6.720562702534437216e-01
-6.721298809006474029e-01
-6.721998917177469668e-01
-6.722641370254980320e-01
-6.723218464338120981e-01
-6.723734477551123190e-01
-6.724202155271699066e-01
-6.724638596215773978e-01
-6.725061366019960962e-01
-6.725485435671577639e-01
-6.725921265753169731e-01
-6.726374091193469962e-01
-6.726844247368307661e-01
-6.727328240747422194e-01
-6.727820211341252188e-01
-6.728313450474081581e-01
-6.728801706448568343e-01
-6.729280108628715729e-01
-6.729745644147029360e-01
-6.730197212035714527e-01
-6.730635344857249791e-01
-6.731061722749120957e-01
-6.731478610418761832e-01
-6.731888329904782697e-01
-6.732292849317710326e-01
-6.732693529291311485e-01
-6.733091032409485033e-01
-6.733485372126941648e-01
-6.733876059729141383e-01
-6.734262301183344679e-01
-6.734643198785451590e-01
-6.735017922476376206e-01
-6.735385829246925971e-01
-6.735746523014054521e-01
-6.736099859255600952e-01
-6.736445907000214728e-01
-6.736784884930874240e-01
-6.737117088665285358e-01
-6.737442823605129805e-01
-6.737762353278990979e-01
-6.738075868041936145e-01
-6.738383474350116975e-01
-6.738685201294131177e-01
-6.738981018981085036e-01
-6.739270862704410670e-01
-6.739554657383756142e-01
-6.739832338102894616e-01
-6.740103864288413682e-01
-6.740369226768231359e-01
-6.740628448340760803e-01
-6.740881579412020264e-01
-6.741128690680535662e-01
-6.741369864827259084e-01
-6.741605188820237737e-01
-6.741834747917060389e-01
-6.742058621879323255e-01
-6.742276883411530974e-01
-6.742489598468616174e-01
-6.742696827867972198e-01
-6.742898629584432868e-01
-6.743095061167306836e-01
-6.743286181854114547e-01
-6.743472054121527615e-01
-6.743652744574273328e-01
-6.743828324202427726e-01
-6.743998868124708723e-01
-6.744164454978978096e-01
-6.744325166127457249e-01
-6.744481084824043293e-01
-6.744632295455689208e-01
-6.744778882929405306e-01
-6.744920932238334110e-01
-6.745058528208843773e-01
-6.745191755407790035e-01
-6.745320698174791518e-01
-6.745445440737642961e-01
-6.745566067368425900e-01
-6.745682662541786501e-01
-6.745795311064094468e-01
-6.745904098151440653e-01
-6.746009109444708329e-01
-6.746110430960020610e-01
-6.746208148981868158e-01
-6.746302349913121388e-01
-6.746393120100402374e-01
-6.746480545654442995e-01
-6.746564712283292797e-01
-6.746645705152160000e-01
-6.746723608777803749e-01
-6.746798506959217345e-01
-6.746870482740755515e-01
-6.746939618399380167e-01
-6.747005995445424231e-01
-6.747069694626107728e-01
-6.747130795922483548e-01
-6.747189378533573478e-01
-6.747245520844972200e-01
-6.747299300382715304e-01
-6.747350793755982901e-01
-6.747400076593940144e-01
-6.747447223482559986e-01
-6.747492307906557407e-01
-6.747535402200189880e-01
-6.747576577508743734e-01
-6.747615903760646461e-01
-6.747653449648712831e-01
-6.747689282617805873e-01
-6.747723468856109408e-01
-6.747756073287275447e-01
-6.747787159561537962e-01
-6.747816790044695034e-01
-6.747845025804899421e-01
-6.747871926597859282e-01
-6.747897550851627013e-01
-6.747921955652252946e-01
-6.747945196731507389e-01
-6.747967328457525893e-01
-6.747988403828819592e-01
-6.748008474471605123e-01
-6.748027590640156559e-01
-6.748045801219536566e-01
-6.748063153730101682e-01
-6.748079694333172229e-01
-6.748095467837460504e-01
-6.748110517705958600e-01
-6.748124886063289196e-01
-6.748138613703563715e-01
-6.748151740098942142e-01
-6.748164303409084352e-01
-6.748176340491655045e-01
-6.748187886913999955e-01
-6.748198976966020002e-01
-6.748209643674124569e-01
-6.748219918816211749e-01
-6.748229832937514550e-01
-6.748239415367154326e-01
-6.748248694235270406e-01
-6.748257696490601587e-01
-6.748266447918497279e-01
-6.748274973159291701e-01
-6.748283295726987818e-01
-6.748291438028308775e-01
-6.748299421382021324e-01
-6.748307266038553465e-01
-6.748314991199878543e-01
-6.748322615039631378e-01
-6.748330154723365393e-01
-6.748337626428936309e-01
-6.748345045366926920e-01
-6.748352425801094068e-01
-6.748359781068739016e-01
-6.748367123601024531e-01
-6.748374464943117657e-01
-6.748381815774203707e-01
-6.748389185927269329e-01
-6.748396584408687948e-01
-6.748404019417503230e-01
-6.748411498364450534e-01
-6.748419027890619759e-01
-6.748426613885749603e-01
-6.748434261506142118e-01
-6.748441975192140951e-01
-6.748449758685148847e-01
-6.748457615044155533e-01
-6.748465546661797099e-01
-6.748473555279826952e-01
-6.748481642004053871e-01
-6.748489807318704958e-01
-6.748498051100192408e-01
-6.748506372630271866e-01
-6.748514770608547986e-01
-6.748523243164343821e-01
-6.748531787867878551e-01
-6.748540401740781292e-01
-6.748549081265898808e-01
-6.748557822396391570e-01
-6.748566620564133700e-01
