-6.748577124059081944e-01
-6.748585576252594809e-01
-6.748594028545029655e-01
-6.748602474698518483e-01
-6.748610907932045544e-01
-6.748619320925276499e-01
-6.748627705821713674e-01
-6.748636054231165193e-01
-6.748644357231572410e-01
-6.748652605370171198e-01
-6.748660788664003762e-01
-6.748668896599789857e-01
-6.748676918133162950e-01
-6.748684841687284663e-01
-6.748692655150837494e-01
-6.748700345875453532e-01
-6.748707900672502591e-01
-6.748715305809291909e-01
-6.748722547004656347e-01
-6.748729609423965714e-01
-6.748736477673513701e-01
-6.748743135794328385e-01
-6.748749567255455384e-01
-6.748755754946685892e-01
-6.748761681170876159e-01
-6.748767327635800672e-01
-6.748772675445667835e-01
-6.748777705092275925e-01
-6.748782396445855980e-01
-6.748786728745620467e-01
-6.748790680589931146e-01
-6.748794229926138311e-01
-6.748797354039999252e-01
-6.748800029544705925e-01
-6.748802232369502940e-01
-6.748803937747974713e-01
-6.748805120206039510e-01
-6.748805753549866893e-01
-6.748805810853745202e-01
-6.748805264448155539e-01
-6.748804085908111094e-01
-6.748802246041816222e-01
-6.748799714879690770e-01
-6.748796461663617574e-01
-6.748792454836323174e-01
-6.748787662030661938e-01
-6.748782050058605986e-01
-6.748775584899883162e-01
-6.748768231690163155e-01
-6.748759954708969389e-01
-6.748750717367598684e-01
-6.748740482197477242e-01
-6.748729210839433668e-01
-6.748716864034475238e-01
-6.748703401616410469e-01
-6.748688782506551131e-01
-6.748672964710380473e-01
-6.748655905315767978e-01
-6.748637560491947962e-01
-6.748617885488331636e-01
-6.748596834632135666e-01
-6.748574361324052306e-01
-6.748550418031559195e-01
-6.748524956280095299e-01
-6.748497926643157729e-01
-6.748469278732944776e-01
-6.748438961193846675e-01
-6.748406921701095573e-01
-6.748373106966728541e-01
-6.748337462754031568e-01
-6.748299933900441250e-01
-6.748260464347144438e-01
-6.748218997172062972e-01
-6.748175474621517234e-01
-6.748129838135287217e-01
-6.748082028360223861e-01
-6.748031985149048895e-01
-6.747979647543747017e-01
-6.747924953746484711e-01
-6.747867841084776996e-01
-6.747808245980944086e-01
-6.747746103938012663e-01
-6.747681349554104369e-01
-6.747613916574889403e-01
-6.747543737988321855e-01
-6.747470746158361621e-01
-6.747394872985542635e-01
-6.747316050073595139e-01
-6.747234208874728356e-01
-6.747149280783582004e-01
-6.747061197152752765e-01
-6.746969889212334204e-01
-6.746875287891787032e-01
-6.746777323563147855e-01
-6.746675925747372959e-01
-6.746571022846156174e-01
-6.746462541974845850e-01
-6.746350408973236235e-01
-6.746234548656095953e-01
-6.746114885332510358e-01
-6.745991343573832788e-01
-6.745863849150122160e-01
-6.745732329993578968e-01
-6.745596716998065734e-01
-6.745456944440674230e-01
-6.745312949827925175e-01
-6.745164673035184411e-01
-6.745012054723609207e-01
-6.744855034175516462e-01
-6.744693546864095612e-01
-6.744527522233826344e-01
-6.744356882272896092e-01
-6.744181541466955920e-01
-6.744001408601092429e-01
-6.743816390609752576e-01
-6.743626398275848199e-01
-6.743431353098153780e-01
-6.743231194162694342e-01
-6.743025883478606097e-01
-6.742815408092093232e-01
-6.742599777481700363e-01
-6.742379015329872383e-01
-6.742153145756283328e-01
-6.741922175390743233e-01
-6.741686074061303824e-01
-6.741444758090348044e-01
-6.741198080889995170e-01
-6.740945835397035291e-01
-6.740687771643079085e-01
-6.740423630344059003e-01
-6.740153189987757587e-01
-6.739876320957646216e-01
-6.739593036493866096e-01
-6.739303527691533624e-01
-6.739008169254773195e-01
-6.738707485175543521e-01
-6.738402069287730001e-01
-6.738092464509694013e-01
-6.737779015475076072e-01
-6.737461720275618182e-01
-6.737140115654249861e-01
-6.736813233366691911e-01
-6.736479661050170931e-01
-6.736137727274852383e-01
-6.735785807680542137e-01
-6.735422719612585984e-01
-6.735048141247163001e-01
-6.734662964651592088e-01
-6.734269478451246904e-01
-6.733871282206858044e-01
-6.733472866295496795e-01
-6.733078848713287545e-01
-6.732692938491878776e-01
-6.732316782419709433e-01
-6.731948929619222532e-01
-6.731584195803755888e-01
-6.731213704658620678e-01
-6.730825812238313555e-01
-6.730407977048032953e-01
-6.729949434711282041e-01
-6.729444300912070798e-01
-6.728894505506575197e-01
-6.728311811380426333e-01
-6.727718151989469098e-01
-6.727143677392934951e-01
-6.726622248523214109e-01
-6.726184641603982772e-01
-6.725850349215906077e-01
-6.725619475258552971e-01
-6.725466668432400486e-01
-6.725339165305406208e-01
-6.725160688948408350e-01
-6.724842108308900501e-01
-6.724298444976355427e-01
-6.723470181004239654e-01
-6.722345163168809146e-01
-6.720976101942205405e-01
-6.719488150356027756e-01
-6.718071688227646998e-01
-6.716957440201511975e-01
-6.716374368097205450e-01
-6.716495011571633755e-01
-6.717377374690625125e-01
-6.718916068053092383e-01
-6.720817107483035846e-01
-6.722609558867935764e-01
-6.723702516497211956e-01
-6.723487762409200430e-01
-6.721477743090531476e-01
-6.717456944809823138e-01
-6.711614819918386710e-01
-6.704623003736601694e-01
-6.697621426849360571e-01
-6.692088955625647984e-01
-6.689594566651140273e-01
-6.691452597771698763e-01
-6.698335599437025278e-01
-6.709924035549643673e-01
-6.724686183161971975e-01
-6.739877751243452675e-01
-6.751825359558946138e-01
-6.756511181402820032e-01
-6.750411939655268645e-01
-6.731472435397266585e-01
-6.700024729256973677e-01
-6.659416436345244605e-01
-6.616105951413736586e-01
-6.579037633735479451e-01
-6.558234210629765304e-01
-6.562724587687670530e-01
-6.598125892638090351e-01
-6.664364722905590233e-01
-6.754101860187877726e-01
-6.852388365743498078e-01
-6.937933962962291590e-01
-6.986138568853199615e-01
-6.973747019766659561e-01
-6.884630609908676258e-01
-6.715761815031183746e-01
-6.481973653330735941e-01
-6.217764147260897989e-01
-5.974533013648994917e-01
-5.812494275874106053e-01
-5.788046905569311784e-01
-5.939088250001370861e-01
-6.271829585992371170e-01
-6.752526772496878493e-01
-7.306211311305240708e-01
-7.822778052123978698e-01
-8.169828949532759177e-01
-8.212201190942329809e-01
-7.839266830758525595e-01
-7.000097226164367914e-01
-5.740584188392048315e-01
-4.226896610273218613e-01
-2.734539214766728010e-01
-1.591806718457171310e-01
-1.089379192669530649e-01
-1.387873628344067634e-01
-2.457843665849584747e-01
-4.074013575520296637e-01
-5.865732178317932810e-01
-7.403171671188772951e-01
-8.284963560282490036e-01
-8.204301285575379410e-01
-6.999669802366119686e-01
-4.706544679843038814e-01
-1.595348451305315107e-01
1.857650984006466999e-01
5.100529211892055326e-01
7.687966794761130762e-01
9.405776709475091035e-01
1.028047516188055566e+00
1.050283789883775132e+00
1.032968265047736312e+00
1.000826110176287864e+00
9.733233392429124775e-01
9.626801302963954310e-01
9.730744362029274397e-01
1.000430110526205452e+00
1.032622660693052419e+00
1.050265523671191525e+00
1.028676303334612241e+00
9.421441221275927980e-01
7.714514314337272971e-01
5.136893535502884411e-01
1.899675610781719204e-01
-1.554068234063629983e-01
-4.672610586922371634e-01
-6.977803808905734817e-01
-8.196363626689654458e-01
-8.290114027465415036e-01
-7.418485301410451260e-01
-5.886801612336992617e-01
-4.095619978827780283e-01
-2.474911637268011888e-01
-1.396603515377062565e-01
-1.088147777694551954e-01
-1.581463180793657719e-01
-2.717981861670968891e-01
-4.208084299180498977e-01
-5.723346760963541335e-01
-6.987189255872067184e-01
-7.831957368040762812e-01
-8.210389064803005343e-01
-8.172453765500031775e-01
-7.828283472626463846e-01
-7.312930059752463796e-01
-6.758962434658455365e-01
-6.276850129959117286e-01
-5.942039052608514282e-01
-5.788777520704149193e-01
-5.811296053577570397e-01
-5.972002799450917276e-01
-6.214629258765393960e-01
-6.478922448894741670e-01
-6.713317537358478582e-01
-6.883087849265050462e-01
-6.973169420214796466e-01
-6.986401785711934265e-01
-6.938792622314666758e-01
-6.853547895983259641e-01
-6.755281493209108756e-01
-6.665343569675626911e-01
-6.598768594089778894e-01
-6.562986696857676661e-01
-6.558150448425157375e-01
-6.578698406142196031e-01
-6.615628675619286136e-01
-6.658918036944750929e-01
-6.699600232308742243e-01
-6.731182383280710502e-01
-6.750279025186775028e-01
-6.756524621627493232e-01
-6.751950407861001535e-01
-6.740067413132622143e-01
-6.724892498691266152e-01
-6.710106987068438222e-01
-6.698468571098262769e-01
-6.691524168472887668e-01
-6.689607124994638720e-01
-6.692055096692014482e-01
-6.697559289661604298e-01
-6.704551650947443431e-01
-6.711550508432785334e-01
-6.717410776704932918e-01
-6.721454813860811006e-01
-6.723487614694931835e-01
-6.723720507961231663e-01
-6.722638675302861078e-01
-6.720849781590338967e-01
-6.718945668615718958e-01
-6.717399171980512618e-01
-6.716506567543160111e-01
-6.716375417549338422e-01
-6.716949406171037751e-01
-6.718057007118088952e-01
-6.719469574673112566e-01
-6.720956112086492462e-01
-6.722325568228624260e-01
-6.723451935022205506e-01
-6.724281659961529600e-01
-6.724826214486834264e-01
-6.725144678356737016e-01
-6.725321855367140111e-01
-6.725446933798162608e-01
-6.725596414207966056e-01
-6.725823370535776169e-01
-6.726153475284282202e-01
-6.726586896312656272e-01
-6.727104326136177370e-01
-6.727675073895725832e-01
-6.728265272054192447e-01
-6.728844694342477339e-01
-6.729391291083989257e-01
-6.729893173032961418e-01
-6.730348298581568800e-01
-6.730762471282371040e-01
-6.731146412746201735e-01
-6.731512658249502179e-01
-6.731872874380705474e-01
-6.732235977876873667e-01
-6.732607199550151300e-01
-6.732988032898808983e-01
-6.733376862945371633e-01
-6.733769998390503053e-01
-6.734162825000303831e-01
-6.734550844856183049e-01
-6.734930443678353029e-01
-6.735299315423611821e-01
-6.735656551831306071e-01
-6.736002462537467039e-01
-6.736338223420548221e-01
-6.736665457586409334e-01
-6.736985839847082769e-01
-6.737300789113644939e-01
-6.737611281705708777e-01
-6.737917789018003090e-01
-6.738220320092281890e-01
-6.738518535849438162e-01
-6.738811897242737992e-01
-6.739099812892384023e-01
-6.739381760335094729e-01
-6.739657366042619557e-01
-6.739926440273273922e-01
-6.740188971723046762e-01
-6.740445092768189150e-01
-6.740695028580876436e-01
-6.740939042946384463e-01
-6.741177391025480192e-01
-6.741410285572229100e-01
-6.741637879171703540e-01
-6.741860261645463703e-01
-6.742077469347450558e-01
-6.742289501815279529e-01
-6.742496341080119748e-01
-6.742697969629765087e-01
-6.742894384233302230e-01
-6.743085604233579611e-01
-6.743271674208753952e-01
-6.743452661898762246e-01
-6.743628652889244179e-01
-6.743799743739348207e-01
-6.743966035096596867e-01
-6.744127625968698858e-01
-6.744284609839605871e-01
-6.744437072834298386e-01
-6.744585093736814585e-01
-6.744728745396952885e-01
-6.744868096936696977e-01
-6.745003216173942606e-01
-6.745134171784991084e-01
-6.745261034887380935e-01
-6.745383879899961022e-01
-6.745502784694017429e-01
-6.745617830166181772e-01
-6.745729099430229914e-01
-6.745836676842288382e-01
-6.745940647051255068e-01
-6.746041094216694844e-01
-6.746138101475257498e-01
-6.746231750676342509e-01
-6.746322122358306972e-01
-6.746409295903437187e-01
-6.746493349794814298e-01
-6.746574361899163597e-01
-6.746652409713248533e-01
-6.746727570531713125e-01
-6.746799921517275811e-01
-6.746869539674809069e-01
-6.746936501746902959e-01
-6.747000884057946513e-01
-6.747062762336782926e-01
-6.747122211545417692e-01
-6.747179305734584132e-01
-6.747234117938389897e-01
-6.747286720111450586e-01
-6.747337183104260561e-01
-6.747385576667360718e-01
-6.747431969472267310e-01
-6.747476429137031495e-01
-6.747519022246400988e-01
-6.747559814359843644e-01
-6.747598870004458682e-01
-6.747636252653438360e-01
-6.747672024693271986e-01
-6.747706247384674949e-01
-6.747738980822451937e-01
-6.747770283899015009e-01
-6.747800214274892738e-01
-6.747828828358020115e-01
-6.747856181291875810e-01
-6.747882326951282206e-01
-6.747907317943764305e-01
-6.747931205614151606e-01
-6.747954040050130331e-01
-6.747975870087111749e-01
-6.747996743311358570e-01
-6.748016706061171766e-01
-6.748035803426445378e-01
-6.748054079247465253e-01
-6.748071576113889858e-01
-6.748088335364864632e-01
-6.748104397091078122e-01
-6.748119800139146252e-01
-6.748134582118477942e-01
-6.748148779410346743e-01
-6.748162427178863165e-01
-6.748175559383251532e-01
-6.748188208790942832e-01
-6.748200406991048395e-01
-6.748212184407892389e-01
-6.748223570314517694e-01
-6.748234592846144020e-01
-6.748245279013701525e-01
-6.748255654717608687e-01
-6.748265744761997587e-01
-6.748275572869503192e-01
-6.748285161696745416e-01
-6.748294532850406258e-01
-6.748303706903951982e-01
-6.748312703414791613e-01
-6.748321540941739638e-01
-6.748330237062656334e-01
-6.748338808392075894e-01
-6.748347270598771264e-01
-6.748355638423182423e-01
-6.748363925694716992e-01
-6.748372145348858764e-01
-6.748380309444146352e-01
-6.748388429179082992e-01
-6.748396514908882038e-01
-6.748404576162153612e-01
-6.748412621657418065e-01
-6.748420659319483983e-01
-6.748428696295538654e-01
-6.748436738971002047e-01
-6.748444792984998886e-01
-6.748452863245443245e-01
-6.748460953943705709e-01
-6.748469068568795359e-01
-6.748477209921109887e-01
-6.748485380125671673e-01
-6.748493580644885359e-01
-6.748501812290800261e-01
-6.748510075236844319e-01
-6.748518369029071762e-01
-6.748526692596851229e-01
-6.748535044262978788e-01
-6.748543421753223637e-01
-6.748551822205298700e-01
-6.748560242177161772e-01
-6.748568677654761538e-01
