-6.748576957854007796e-01
-6.748585540188051235e-01
-6.748594135084016177e-01
-6.748602736201795294e-01
-6.748611336673150385e-01
-6.748619929105591497e-01
-6.748628505585562154e-01
-6.748637057680955120e-01
-6.748645576442916516e-01
-6.748654052406972692e-01
-6.748662475593428800e-01
-6.748670835507100119e-01
-6.748679121136366144e-01
-6.748687320951544111e-01
-6.748695422902608598e-01
-6.748703414416282742e-01
-6.748711282392525490e-01
-6.748719013200427108e-01
-6.748726592673484070e-01
-6.748734006104364358e-01
-6.748741238239014395e-01
-6.748748273270248621e-01
-6.748755094830706236e-01
-6.748761685985262826e-01
-6.748768029222865783e-01
-6.748774106447826826e-01
-6.748779898970627134e-01
-6.748785387498269506e-01
-6.748790552124254161e-01
-6.748795372318269203e-01
-6.748799826915599098e-01
-6.748803894106329970e-01
-6.748807551424336193e-01
-6.748810775736027168e-01
-6.748813543228805445e-01
-6.748815829399176236e-01
-6.748817609040480558e-01
-6.748818856230210939e-01
-6.748819544316971841e-01
-6.748819645907159215e-01
-6.748819132851558988e-01
-6.748817976232055482e-01
-6.748816146348685097e-01
-6.748813612707217358e-01
-6.748810344007384332e-01
-6.748806308131722886e-01
-6.748801472134886570e-01
-6.748795802233180652e-01
-6.748789263793961712e-01
-6.748781821324548735e-01
-6.748773438460432539e-01
-6.748764077952763563e-01
-6.748753701655365589e-01
-6.748742270511800534e-01
-6.748729744543237041e-01
-6.748716082838049912e-01
-6.748701243543868689e-01
-6.748685183862676018e-01
-6.748667860048909173e-01
-6.748649227410035145e-01
-6.748629240308448018e-01
-6.748607852163082121e-01
-6.748585015449103386e-01
-6.748560681694222296e-01
-6.748534801470978950e-01
-6.748507324385409900e-01
-6.748478199063756566e-01
-6.748447373140115113e-01
-6.748414793248544985e-01
-6.748380405023389761e-01
-6.748344153110540367e-01
-6.748305981190835245e-01
-6.748265832014215260e-01
-6.748223647440790840e-01
-6.748179368482494223e-01
-6.748132935337786131e-01
-6.748084287411989513e-01
-6.748033363317897937e-01
-6.747980100855062169e-01
-6.747924436971354245e-01
-6.747866307715777445e-01
-6.747805648196217865e-01
-6.747742392558407909e-01
-6.747676474001697011e-01
-6.747607824842806190e-01
-6.747536376630903776e-01
-6.747462060306422815e-01
-6.747384806384756351e-01
-6.747304545136033616e-01
-6.747221206726384812e-01
-6.747134721286733861e-01
-6.747045018883562895e-01
-6.746952029382049520e-01
-6.746855682214161209e-01
-6.746755906088878207e-01
-6.746652628704506993e-01
-6.746545776538337424e-01
-6.746435274791645620e-01
-6.746321047554839634e-01
-6.746203018226644144e-01
-6.746081110175171647e-01
-6.745955247573089952e-01
-6.745825356282962870e-01
-6.745691364624543107e-01
-6.745553203835128464e-01
-6.745410808048974971e-01
-6.745264113678066664e-01
-6.745113058174733167e-01
-6.744957578287091859e-01
-6.744797608062621519e-01
-6.744633076985853126e-01
-6.744463908720584877e-01
-6.744290020932838248e-01
-6.744111326572789222e-01
-6.743927736782323601e-01
-6.743739165282043313e-01
-6.743545533716029938e-01
-6.743346777059824326e-01
-6.743142847911155480e-01
-6.742933718375477836e-01
-6.742719378408819075e-01
-6.742499829934235356e-01
-6.742275076795840594e-01
-6.742045111576949745e-01
-6.741809901333176702e-01
-6.741569375163531941e-01
-6.741323417017622832e-01
-6.741071866985517413e-01
-6.740814533382071261e-01
-6.740551216193586548e-01
-6.740281740051971004e-01
-6.740005992185169603e-01
-6.739723958283269090e-01
-6.739435747547349864e-01
-6.739141597983128174e-01
-6.738841854752447569e-01
-6.738536918296967881e-01
-6.738227164770501654e-01
-6.737912848329680182e-01
-6.737594001822616585e-01
-6.737270357808338161e-01
-6.736941313945064014e-01
-6.736605964135501390e-01
-6.736263208560182569e-01
-6.735911942002803521e-01
-6.735551302071771662e-01
-6.735180939781540976e-01
-6.734801258346593267e-01
-6.734413556463099138e-01
-6.734020014140299493e-01
-6.733623475436034678e-01
-6.733227014123228660e-01
-6.732833313059484182e-01
-6.732443939866155080e-01
-6.732058650957578605e-01
-6.731674891020587026e-01
-6.731287663184044590e-01
-6.730889915897804165e-01
-6.730473520694477685e-01
-6.730030803339708267e-01
-6.729556452249249032e-01
-6.729049485702951472e-01
-6.728514844944720741e-01
-6.727964129134145210e-01
-6.727415032483686774e-01
-6.726889204123659427e-01
-6.726408527175791185e-01
-6.725990177986564955e-01
-6.725641222813124598e-01
-6.725353855203242137e-01
-6.725102576171980706e-01
-6.724844578084140378e-01
-6.724524245683648482e-01
-6.724082018464723198e-01
-6.723466922369198961e-01
-6.722651010085951562e-01
-6.721642955833696531e-01
-6.720497388136672523e-01
-6.719316471492329246e-01
-6.718240966661688240e-01
-6.717429588252165074e-01
-6.717027835327521457e-01
-6.717130281115016865e-01
-6.717743053146595367e-01
-6.718755254876961347e-01
-6.719928684303126953e-01
-6.720913826814449710e-01
-6.721296457467333951e-01
-6.720673433207685621e-01
-6.718749064344577970e-01
-6.715436037377643386e-01
-6.710938862546224071e-01
-6.705795086705617081e-01
-6.700851730224817171e-01
-6.697162626732007240e-01
-6.695806492596833026e-01
-6.697644062637778672e-01
-6.703052371889769434e-01
-6.711690907830499819e-01
-6.722363146730927497e-01
-6.733033777622552396e-01
-6.741044191360083815e-01
-6.743536437683391727e-01
-6.738051520674581685e-01
-6.723217380508001995e-01
-6.699394215844878264e-01
-6.669112041227501786e-01
-6.637131450286569700e-01
-6.609995838468275542e-01
-6.595027218424021065e-01
-6.598840856154835066e-01
-6.625593482757637931e-01
-6.675301459905366164e-01
-6.742633665685638933e-01
-6.816575413059423605e-01
-6.881269780207137643e-01
-6.918181671314608261e-01
-6.909509716256617695e-01
-6.842494675502929224e-01
-6.713943378265071482e-01
-6.533944032818215231e-01
-6.327511094636609768e-01
-6.132961554568766571e-01
-5.996367321496079983e-01
-5.962448100468963341e-01
-6.063475698830582683e-01
-6.308656030137294035e-01
-6.676603272698465874e-01
-7.112844220955453212e-01
-7.533192482604581519e-01
-7.833017588872527304e-01
-7.902405457030802216e-01
-7.647583830336603938e-01
-7.018214421271189440e-01
-6.036445365710811917e-01
-4.817360606590602168e-01
-3.566243872515735269e-01
-2.542502429196948355e-01
-1.994516707579195303e-01
-2.085650512592900074e-01
-2.837994749224019286e-01
-4.114168723717562814e-01
-5.643193539723624363e-01
-7.079214461639321554e-01
-8.069447119755882580e-01
-8.311350308940682607e-01
-7.598586537293363641e-01
-5.869399593139786875e-01
-3.256207368310322647e-01
-9.953066866293725987e-03
3.120893327248754900e-01
5.934432619758898131e-01
8.032536630364558450e-01
9.338014264029359524e-01
9.973104798063215926e-01
1.016900360509043200e+00
1.016779535587513106e+00
1.014582130991573017e+00
1.016745778184789284e+00
1.016975283611852410e+00
9.977444192746774965e-01
9.348825374425597801e-01
8.052051823905579386e-01
5.963074387003914900e-01
3.156452335911289486e-01
-6.174448882265093363e-03
-3.222003809844952715e-01
-5.843776226989965128e-01
-7.584374463893931440e-01
-8.308941098566151595e-01
-8.077241199286315787e-01
-7.094204735093478931e-01
-5.661472316693396678e-01
-4.131501294882323205e-01
-2.850580729926380230e-01
-2.090935543078796532e-01
-1.991752441184646838e-01
-2.532819512214044000e-01
-3.552199283528417184e-01
-4.802120608466416418e-01
-6.022903020408779673e-01
-7.008349800352229320e-01
-7.642228418246478361e-01
-7.901366067494968171e-01
-7.835392615027955143e-01
-7.537720625352755111e-01
-7.118200350365087026e-01
-6.681620070412259693e-01
-6.312474421969416216e-01
-6.065625471651272527e-01
-5.962856116630945724e-01
-5.995296486995568275e-01
-6.130897161260251416e-01
-6.325023619419112286e-01
-6.531561376386950668e-01
-6.712058749670931634e-01
-6.841322453725332542e-01
-6.909087036089157641e-01
-6.918403472420732170e-01
-6.881941431422565758e-01
-6.817468426494333045e-01
-6.743533887738755173e-01
-6.676043436726548652e-01
-6.626078504680953385e-01
-6.599039286892226519e-01
-6.594968095381249507e-01
-6.609748282984672096e-01
-6.636782992849029617e-01
-6.668748512360316294e-01
-6.699084578328270423e-01
-6.723005182463708262e-01
-6.737952988787467845e-01
-6.743543964195753970e-01
-6.741133269952279683e-01
-6.733171300399001247e-01
-6.722515255430489001e-01
-6.711829121598592574e-01
-6.703157328004788473e-01
-6.697706779888575879e-01
-6.695827516904737653e-01
-6.697149701906353059e-01
-6.700816744809594550e-01
-6.705751001229827146e-01
-6.710897162167278607e-01
-6.715405036022481511e-01
-6.718733160570768970e-01
-6.720673227206404032e-01
-6.721309508671311495e-01
-6.720935770888195604e-01
-6.719954430852662641e-01
-6.718780037465597044e-01
-6.717763181292190078e-01
-6.717143530140843311e-01
-6.717033487761779886e-01
-6.717428198522434890e-01
-6.718233953480519105e-01
-6.719305649428488625e-01
-6.720484535678327154e-01
-6.721629488868198221e-01
-6.722637795275668848e-01
-6.723454231906691447e-01
-6.724069601801907492e-01
-6.724511478198372805e-01
-6.724830641859079750e-01
-6.725086632571786183e-01
-6.725335179819139642e-01
-6.725619287136019864e-01
-6.725964675637599033e-01
-6.726379353226882296e-01
-6.726856402619253439e-01
-6.727378729466588769e-01
-6.727924466918604463e-01
-6.728471929272238361e-01
-6.729003352161816442e-01
-6.729507053215871837e-01
-6.729978012641300023e-01
-6.730417150690629624e-01
-6.730829740798449645e-01
-6.731223442901258514e-01
-6.731606391240902987e-01
-6.731985656918907379e-01
-6.732366263089489822e-01
-6.732750791709558591e-01
-6.733139508594441214e-01
-6.733530861157537295e-01
-6.733922173544802936e-01
-6.734310371701509590e-01
-6.734692605802767851e-01
-6.735066686880883946e-01
-6.735431306383021788e-01
-6.735786052263851298e-01
-6.736131267040061932e-01
-6.736467809670599882e-01
-6.736796785033624113e-01
-6.737119295278277686e-01
-6.737436250764921031e-01
-6.737748259176622456e-01
-6.738055593564445944e-01
-6.738358226320112498e-01
-6.738655907759241170e-01
-6.738948265293815965e-01
-6.739234901231131447e-01
-6.739515472596262491e-01
-6.739789743349146045e-01
-6.740057606381424371e-01
-6.740319078514835915e-01
-6.740574275647575053e-01
-6.740823376972063796e-01
-6.741066587006089295e-01
-6.741304102523928421e-01
-6.741536088973112406e-01
-6.741762668246207291e-01
-6.741983917267715398e-01
-6.742199875101679840e-01
-6.742410555339428679e-01
-6.742615960365294647e-01
-6.742816094566543850e-01
-6.743010974422941617e-01
-6.743200634436266050e-01
-6.743385128825456487e-01
-6.743564529665083684e-01
-6.743738922602933172e-01
-6.743908401446179202e-01
-6.744073062800336471e-01
-6.744233001660098203e-01
-6.744388308477725635e-01
-6.744539067858373871e-01
-6.744685358717449342e-01
-6.744827255522425347e-01
-6.744964830142738954e-01
-6.745098153836591726e-01
-6.745227298987890308e-01
-6.745352340337140706e-01
-6.745473355594581166e-01
-6.745590425454596195e-01
-6.745703633128452559e-01
-6.745813063569215950e-01
-6.745918802577317575e-01
-6.746020935954932796e-01
-6.746119548833028334e-01
-6.746214725239150223e-01
-6.746306547918416996e-01
-6.746395098374299293e-01
-6.746480457064858438e-01
-6.746562703676948214e-01
-6.746641917403365385e-01
-6.746718177163127939e-01
-6.746791561727587538e-01
-6.746862149739567549e-01
-6.746930019634751474e-01
-6.746995249490574942e-01
-6.747057916836287639e-01
-6.747118098458576574e-01
-6.747175870231629791e-01
-6.747231306990620903e-01
-6.747284482456332722e-01
-6.747335469207929037e-01
-6.747384338692951067e-01
-6.747431161259008769e-01
-6.747476006191009956e-01
-6.747518941740311416e-01
-6.747560035136562773e-01
-6.747599352578691478e-01
-6.747636959206378959e-01
-6.747672919057354779e-01
-6.747707295017851825e-01
-6.747740148773799795e-01
-6.747771540769070819e-01
-6.747801530174798446e-01
-6.747830174871098929e-01
-6.747857531440221157e-01
-6.747883655168285255e-01
-6.747908600052046069e-01
-6.747932418807016663e-01
-6.747955162874105239e-01
-6.747976882423033507e-01
-6.747997626352095768e-01
-6.748017442284947043e-01
-6.748036376565736960e-01
-6.748054474254365775e-01
-6.748071779123432368e-01
-6.748088333657983329e-01
-6.748104179058725949e-01
-6.748119355248664020e-01
-6.748133900882633540e-01
-6.748147853358973380e-01
-6.748161248832418302e-01
-6.748174122227464933e-01
-6.748186507251631161e-01
-6.748198436408385792e-01
-6.748209941009726265e-01
-6.748221051188628694e-01
-6.748231795911753261e-01
-6.748242202992684735e-01
-6.748252299106003438e-01
-6.748262109802364295e-01
-6.748271659524518462e-01
-6.748280971624235347e-01
-6.748290068379895201e-01
-6.748298971014518033e-01
-6.748307699714006791e-01
-6.748316273645454944e-01
-6.748324710975369678e-01
-6.748333028887766316e-01
-6.748341243602183903e-01
-6.748349370391568680e-01
-6.748357423600191973e-01
-6.748365416661545879e-01
-6.748373362116278917e-01
-6.748381271630154998e-01
-6.748389156011979084e-01
-6.748397025231445134e-01
-6.748404888436818627e-01
-6.748412753972373723e-01
-6.748420629395519565e-01
-6.748428521493595733e-01
-6.748436436300243590e-01
-6.748444379111366853e-01
-6.748452354500672490e-01
-6.748460366334791960e-01
-6.748468417787929496e-01
-6.748476511356088503e-01
-6.748484648870809455e-01
-6.748492831512467038e-01
-6.748501059823015513e-01
-6.748509333718236691e-01
-6.748517652499366193e-01
-6.748526014864204559e-01
-6.748534418917546684e-01
-6.748542862181016178e-01
-6.748551341602261333e-01
-6.748559853563487199e-01
-6.748568393889311512e-01
