-6.748576930975929145e-01
-6.748585524275183545e-01
-6.748594131159609821e-01
-6.748602745280515292e-01
-6.748611359762358708e-01
-6.748619967206637149e-01
-6.748628559695071250e-01
-6.748637128792113193e-01
-6.748645665546747496e-01
-6.748654160493614551e-01
-6.748662603653404757e-01
-6.748670984532595396e-01
-6.748679292122471418e-01
-6.748687514897486750e-01
-6.748695640812969465e-01
-6.748703657302205228e-01
-6.748711551272866815e-01
-6.748719309102885200e-01
-6.748726916635716666e-01
-6.748734359175025954e-01
-6.748741621478807629e-01
-6.748748687752923470e-01
-6.748755541644058109e-01
-6.748762166232101789e-01
-6.748768544021951366e-01
-6.748774656934780625e-01
-6.748780486298799897e-01
-6.748786012839558257e-01
-6.748791216669856041e-01
-6.748796077279345385e-01
-6.748800573523867641e-01
-6.748804683614564315e-01
-6.748808385106789265e-01
-6.748811654888793310e-01
-6.748814469170143493e-01
-6.748816803469834813e-01
-6.748818632604002277e-01
-6.748819930673284340e-01
-6.748820671049725606e-01
-6.748820826363463032e-01
-6.748820368489212296e-01
-6.748819268532861848e-01
-6.748817496818316775e-01
-6.748815022874866676e-01
-6.748811815425175276e-01
-6.748807842373942822e-01
-6.748803070797115833e-01
-6.748797466931375499e-01
-6.748790996163648304e-01
-6.748783623020201405e-01
-6.748775311155091883e-01
-6.748766023337874342e-01
-6.748755721440695687e-01
-6.748744366425287744e-01
-6.748731918330547197e-01
-6.748718336261584350e-01
-6.748703578381105572e-01
-6.748687601903751165e-01
-6.748670363093577373e-01
-6.748651817264278430e-01
-6.748631918781107242e-01
-6.748610621063018122e-01
-6.748587876583282963e-01
-6.748563636866961035e-01
-6.748537852484352006e-01
-6.748510473040463253e-01
-6.748481447161904789e-01
-6.748450722483829711e-01
-6.748418245640503965e-01
-6.748383962263337921e-01
-6.748347816989648251e-01
-6.748309753483747730e-01
-6.748269714469739000e-01
-6.748227641772569507e-01
-6.748183476361331312e-01
-6.748137158387143009e-01
-6.748088627207650125e-01
-6.748037821391932312e-01
-6.747984678703190520e-01
-6.747929136061712185e-01
-6.747871129496488818e-01
-6.747810594098958559e-01
-6.747747463995635853e-01
-6.747681672356435900e-01
-6.747613151451465896e-01
-6.747541832761287939e-01
-6.747467647134580693e-01
-6.747390524975042103e-01
-6.747310396428506385e-01
-6.747227191534370672e-01
-6.747140840305466680e-01
-6.747051272708284309e-01
-6.746958418531786572e-01
-6.746862207155872593e-01
-6.746762567256360255e-01
-6.746659426507370938e-01
-6.746552711358280163e-01
-6.746442346965847436e-01
-6.746328257348558344e-01
-6.746210365798879227e-01
-6.746088595541820387e-01
-6.745962870571605707e-01
-6.745833116541541941e-01
-6.745699261537734248e-01
-6.745561236547601425e-01
-6.745418975449837262e-01
-6.745272414409677619e-01
-6.745121490661390995e-01
-6.744966140789137032e-01
-6.744806298758698748e-01
-6.744641894079832500e-01
-6.744472850559980470e-01
-6.744299086114428077e-01
-6.744120514001837874e-01
-6.743937045648296102e-01
-6.743748594919972694e-01
-6.743555083341082890e-01
-6.743356445392191256e-01
-6.743152632744767727e-01
-6.742943616179220001e-01
-6.742729384072019272e-01
-6.742509936769220946e-01
-6.742285276881682110e-01
-6.742055396468815687e-01
-6.741820263077823450e-01
-6.741579807468365271e-01
-6.741333916339840027e-01
-6.741082433262329809e-01
-6.740825170132725974e-01
-6.740561929799611107e-01
-6.740292538160211899e-01
-6.740016881360522127e-01
-6.739734941232505827e-01
-6.739446820402603677e-01
-6.739152748233767642e-01
-6.738853060416042373e-01
-6.738548148807934624e-01
-6.738238383841568258e-01
-6.737924018727287079e-01
-6.737605091628471321e-01
-6.737281347360587480e-01
-6.736952202314956395e-01
-6.736616773754491305e-01
-6.736273986528376057e-01
-6.735922756748653484e-01
-6.735562234461328623e-01
-6.735192068545170496e-01
-6.734812640811819184e-01
-6.734425206984465673e-01
-6.734031884114417554e-01
-6.733635440058226562e-01
-6.733238871636997303e-01
-6.732844801675054169e-01
-6.732454775362320953e-01
-6.732068584065852290e-01
-6.731683778288541919e-01
-6.731295538952974944e-01
-6.730897047705721725e-01
-6.730480427628992013e-01
-6.730038218454384991e-01
-6.729565217464111848e-01
-6.729060380886671133e-01
-6.728528370777575596e-01
-6.727980282714904892e-01
-6.727433130720482657e-01
-6.726907817179217375e-01
-6.726425577533109434e-01
-6.726003237027672332e-01
-6.725647996705677034e-01
-6.725352800505589590e-01
-6.725093532695990417e-01
-6.724829265478409202e-01
-6.724506455228089763e-01
-6.724067354614796654e-01
-6.723462015415342385e-01
-6.722662228293678766e-01
-6.721674777904163012e-01
-6.720550729549356062e-01
-6.719387358800847920e-01
-6.718319988333248949e-01
-6.717502491861785385e-01
-6.717077476259254443e-01
-6.717139866408832205e-01
-6.717700299923577978e-01
-6.718656753781592217e-01
-6.719783499229756707e-01
-6.720745251924137298e-01
-6.721140958849061153e-01
-6.720576164580076561e-01
-6.718755958411821716e-01
-6.715583274682151993e-01
-6.711241384135474553e-01
-6.706236566306620350e-01
-6.701378842222746046e-01
-6.697686329228227375e-01
-6.696212240959115158e-01
-6.697811349057953834e-01
-6.702881889608026666e-01
-6.711135288368222929e-01
-6.721455093616688359e-01
-6.731904082489631458e-01
-6.739922112453018421e-01
-6.742726665858715940e-01
-6.737885639898356649e-01
-6.723983186042474802e-01
-6.701252843278322491e-01
-6.672019356162157688e-01
-6.640784755132368433e-01
-6.613827592599242911e-01
-6.598262423909176944e-01
-6.600623529818298030e-01
-6.625171598519259408e-01
-6.672242179470798673e-01
-6.737025877241055172e-01
-6.809168459089531833e-01
-6.873498118608889484e-01
-6.912035832802410074e-01
-6.907234626683915746e-01
-6.846128287035949667e-01
-6.724752475775170879e-01
-6.551866290729568831e-01
-6.350758726327023762e-01
-6.157956677324775141e-01
-6.018136181242647043e-01
-5.975493621625617147e-01
-6.063003131742572549e-01
-6.291900994282811910e-01
-6.643960710075367260e-01
-7.068539735526523371e-01
-7.485337284211297515e-01
-7.792966107248010532e-01
-7.883329279104890341e-01
-7.662130970563617582e-01
-7.075231246845133937e-01
-6.137221236165792959e-01
-4.952653447568476364e-01
-3.715876622245868899e-01
-2.678802117231683932e-01
-2.089219378496676438e-01
-2.118139235240535934e-01
-2.802028663277089660e-01
-4.020807660808498607e-01
-5.519033444716997527e-01
-6.960890286884484635e-01
-7.996652283984209131e-01
-8.320087629168262389e-01
-7.714408946191626537e-01
-6.099737170931571750e-01
-3.583615588093405080e-01
-4.815248866205066453e-02
2.740872707322739577e-01
5.608422858583150816e-01
7.792644809991492449e-01
9.191916922968920156e-01
9.909393793284072549e-01
1.016610441125283870e+00
1.020113792271965414e+00
1.019118199213615794e+00
1.020112746034418816e+00
1.016752407243801004e+00
9.914747925062383782e-01
9.204020608823487715e-01
7.813550899662092819e-01
5.638264444524480057e-01
2.777128653571980244e-01
-4.437299899480107168e-02
-3.550047065316122574e-01
-6.075163413143479518e-01
-7.701371022783343179e-01
-8.318731525888556355e-01
-8.005210830569892133e-01
-6.976257190483865500e-01
-5.537265736199744603e-01
-4.037711336047786759e-01
-2.813925597306631832e-01
-2.122656389047667957e-01
-2.085800616327575796e-01
-2.668726675077571775e-01
-3.701766647040809488e-01
-4.937647033027258714e-01
-6.124113116483869135e-01
-7.065875924316042944e-01
-7.657247509695737087e-01
-7.882647910825731907e-01
-7.795548834904076907e-01
-7.489920668121469172e-01
-7.073821966638007552e-01
-6.648814564088655343e-01
-6.295515556211794816e-01
-6.064955363582118508e-01
-5.975748109126346463e-01
-6.016978035556929116e-01
-6.155875762039432209e-01
-6.348314629324010028e-01
-6.549565949476675586e-01
-6.722964710030892022e-01
-6.845045604328986455e-01
-6.906878761470204298e-01
-6.912294374903658056e-01
-6.874176666096909472e-01
-6.810044480983337145e-01
-6.737894398771122617e-01
-6.672947614480940759e-01
-6.625623705848131539e-01
-6.600798395730039791e-01
-6.598191564413321553e-01
-6.613579637834982039e-01
-6.640444597824288753e-01
-6.671669115726808208e-01
-6.700957729497751814e-01
-6.723783726913969971e-01
-6.737796190232011595e-01
-6.742738956915175219e-01
-6.740011982657170275e-01
-6.732039422117384042e-01
-6.721603314265957030e-01
-6.711269128229805370e-01
-6.702982939563596476e-01
-6.697871219536755127e-01
-6.696231710827955652e-01
-6.697673085986421970e-01
-6.701344528150353641e-01
-6.706193805082778514e-01
-6.711201314221371117e-01
-6.715553908198876876e-01
-6.718741466863586975e-01
-6.720577006423756883e-01
-6.721154634756523194e-01
-6.720767411471780806e-01
-6.719809123293204456e-01
-6.718681185772373832e-01
-6.717719976800586856e-01
-6.717152687162489810e-01
-6.717082824170877986e-01
-6.717500985209144959e-01
-6.718313066318355453e-01
-6.719376815189409546e-01
-6.720538290487986233e-01
-6.721661790288535610e-01
-6.722649489558579772e-01
-6.723449742519240768e-01
-6.724055264944565069e-01
-6.724493918010069349e-01
-6.724815479177940203e-01
-6.725077689808171000e-01
-6.725334212820182067e-01
-6.725626167976545000e-01
-6.725977882851569278e-01
-6.726396601956224908e-01
-6.726875261063673950e-01
-6.727397108242997303e-01
-6.727940920354185117e-01
-6.728485759022849733e-01
-6.729014543987146268e-01
-6.729516101954768903e-01
-6.729985697689644386e-01
-6.730424317475508511e-01
-6.730837127873600112e-01
-6.731231574912611704e-01
-6.731615539931382619e-01
-6.731995858807557909e-01
-6.732377374904253697e-01
-6.732762562888903179e-01
-6.733151652886431027e-01
-6.733543114692323028e-01
-6.733934332906061915e-01
-6.734322311035426667e-01
-6.734704276015149871e-01
-6.735078102193865490e-01
-6.735442524112009721e-01
-6.735797151058460219e-01
-6.736142327522227635e-01
-6.736478899861964020e-01
-6.736807951530120464e-01
-6.737130559995979651e-01
-6.737447612316374013e-01
-6.737759697524927649e-01
-6.738067076483531537e-01
-6.738369716289783762e-01
-6.738667368172586158e-01
-6.738959665191286419e-01
-6.739246218146516254e-01
-6.739526693458246509e-01
-6.739800863686560284e-01
-6.740068628298074849e-01
-6.740330008011069518e-01
-6.740585119867247288e-01
-6.740834141859242123e-01
-6.741077275694822291e-01
-6.741314714594491830e-01
-6.741546620527708589e-01
-6.741773112618199004e-01
-6.741994266100023170e-01
-6.742210119516638400e-01
-6.742420686964493148e-01
-6.742625972057849637e-01
-6.742825980773512473e-01
-6.743020731195550344e-01
-6.743210259181712241e-01
-6.743394619907981946e-01
-6.743573885969791348e-01
-6.743748143153308616e-01
-6.743917485131535328e-01
-6.744082008232386016e-01
-6.744241807147141055e-01
-6.744396972085647812e-01
-6.744547587520366427e-01
-6.744693732357408544e-01
-6.744835481166411295e-01
-6.744972906004250701e-01
-6.745106078371743141e-01
-6.745235070923415455e-01
-6.745359958677354939e-01
-6.745480819613542955e-01
-6.745597734678093760e-01
-6.745710787308815126e-01
-6.745820062654780402e-01
-6.745925646678277987e-01
-6.746027625308190778e-01
-6.746126083769594661e-01
-6.746221106158070135e-01
-6.746312775270809636e-01
-6.746401172659545198e-01
-6.746486378838937314e-01
-6.746568473570364599e-01
-6.746647536144286805e-01
-6.746723645600393171e-01
-6.746796880848393574e-01
-6.746867320678098245e-01
-6.746935043670027055e-01
-6.747000128034236210e-01
-6.747062651412996104e-01
-6.747122690683031720e-01
-6.747180321786450108e-01
-6.747235619608727974e-01
-6.747288657910095466e-01
-6.747339509305648741e-01
-6.747388245281624730e-01
-6.747434936231160307e-01
-6.747479651492901409e-01
-6.747522459378801907e-01
-6.747563427182717843e-01
-6.747602621167085868e-01
-6.747640106530223836e-01
-6.747675947360387561e-01
-6.747710206584467407e-01
-6.747742945919099622e-01
-6.747774225830196482e-01
-6.747804105504481287e-01
-6.747832642833748729e-01
-6.747859894410266346e-01
-6.747885915530140721e-01
-6.747910760200769298e-01
-6.747934481148845087e-01
-6.747957129826178679e-01
-6.747978756411973089e-01
-6.747999409811410443e-01
-6.748019137651454225e-01
-6.748037986275471356e-01
-6.748056000738408278e-01
-6.748073224804069792e-01
-6.748089700945517633e-01
-6.748105470349040624e-01
-6.748120572921469940e-01
-6.748135047300269918e-01
-6.748148930865525141e-01
-6.748162259752921166e-01
-6.748175068867017234e-01
-6.748187391894323595e-01
-6.748199261315969144e-01
-6.748210708420090409e-01
-6.748221763314229404e-01
-6.748232454938017932e-01
-6.748242811076580194e-01
-6.748252858374796936e-01
-6.748262622352602103e-01
-6.748272127421264255e-01
-6.748281396900525086e-01
-6.748290453036323022e-01
-6.748299317018933152e-01
-6.748308009001269259e-01
-6.748316548117203606e-01
-6.748324952499792362e-01
-6.748333239299396658e-01
-6.748341424701703728e-01
-6.748349523945675887e-01
-6.748357551341542804e-01
-6.748365520288787112e-01
-6.748373443294179985e-01
-6.748381331989852239e-01
-6.748389197151314356e-01
-6.748397048715395474e-01
-6.748404895797982528e-01
-6.748412746711518473e-01
-6.748420608982181879e-01
-6.748428489366705696e-01
-6.748436393868795236e-01
-6.748444327755142025e-01
-6.748452295571002457e-01
-6.748460301155347896e-01
-6.748468347655580679e-01
-6.748476437541804929e-01
-6.748484572620615518e-01
-6.748492754048434072e-01
-6.748500982344297627e-01
-6.748509257402138806e-01
-6.748517578502459813e-01
-6.748525944323437997e-01
-6.748534352951417459e-01
-6.748542801890742293e-01
-6.748551288072971444e-01
-6.748559807865436300e-01
-6.748568357079127722e-01
