-6.748576661296593615e-01
-6.748584881688847181e-01
-6.748593078487102881e-01
-6.748601245636787205e-01
-6.748609376514194125e-01
-6.748617463930211002e-01
-6.748625500133473842e-01
-6.748633476812877507e-01
-6.748641385099516388e-01
-6.748649215567983362e-01
-6.748656958237090331e-01
-6.748664602569993676e-01
-6.748672137473722410e-01
-6.748679551298086832e-01
-6.748686831834057598e-01
-6.748693966311548609e-01
-6.748700941396620356e-01
-6.748707743188157027e-01
-6.748714357213984050e-01
-6.748720768426494931e-01
-6.748726961197709651e-01
-6.748732919313912282e-01
-6.748738625969774585e-01
-6.748744063762051049e-01
-6.748749214682836506e-01
-6.748754060112409636e-01
-6.748758580811698993e-01
-6.748762756914353789e-01
-6.748766567918471626e-01
-6.748769992677964291e-01
-6.748773009393620459e-01
-6.748775595603841992e-01
-6.748777728175147095e-01
-6.748779383292417000e-01
-6.748780536448982792e-01
-6.748781162436541248e-01
-6.748781235335000739e-01
-6.748780728502250525e-01
-6.748779614563934492e-01
-6.748777865403229326e-01
-6.748775452150652665e-01
-6.748772345173936760e-01
-6.748768514067907676e-01
-6.748763927644436666e-01
-6.748758553922429293e-01
-6.748752360117883375e-01
-6.748745312634064630e-01
-6.748737377051831077e-01
-6.748728518120274966e-01
-6.748718699747698890e-01
-6.748707884993161432e-01
-6.748696036058637882e-01
-6.748683114281948114e-01
-6.748669080130461628e-01
-6.748653893195646347e-01
-6.748637512188355725e-01
-6.748619894934733132e-01
-6.748600998372571436e-01
-6.748580778547947912e-01
-6.748559190612009040e-01
-6.748536188817837456e-01
-6.748511726517439913e-01
-6.748485756159162685e-01
-6.748458229285833054e-01
-6.748429096534230842e-01
-6.748398307636477300e-01
-6.748365811423856497e-01
-6.748331555833563256e-01
-6.748295487918503088e-01
-6.748257553859906555e-01
-6.748217698982137414e-01
-6.748175867768645420e-01
-6.748132003877715945e-01
-6.748086050156659743e-01
-6.748037948653173856e-01
-6.747987640623255290e-01
-6.747935066535810655e-01
-6.747880166075198582e-01
-6.747822878144031922e-01
-6.747763140869482701e-01
-6.747700891616961183e-01
-6.747636067014763928e-01
-6.747568602992553011e-01
-6.747498434834527936e-01
-6.747425497245804760e-01
-6.747349724427437190e-01
-6.747271050152784388e-01
-6.747189407835748609e-01
-6.747104730580714138e-01
-6.747016951205269120e-01
-6.746926002230336783e-01
-6.746831815838097990e-01
-6.746734323805516631e-01
-6.746633457429215275e-01
-6.746529147464485066e-01
-6.746421324105306150e-01
-6.746309917032010661e-01
-6.746194855546926439e-01
-6.746076068805977322e-01
-6.745953486136309074e-01
-6.745827037408789195e-01
-6.745696653413335575e-01
-6.745562266169095045e-01
-6.745423809095231205e-01
-6.745281216976196648e-01
-6.745134425679918388e-01
-6.744983371628593405e-01
-6.744827991075386109e-01
-6.744668219298896039e-01
-6.744503989879219175e-01
-6.744335234251791489e-01
-6.744161881735081243e-01
-6.743983860185227552e-01
-6.743801097341938222e-01
-6.743613522799947191e-01
-6.743421070385091642e-01
-6.743223680559427002e-01
-6.743021302359624158e-01
-6.742813894323362867e-01
-6.742601423912247816e-01
-6.742383865116512442e-01
-6.742161194225438914e-01
-6.741933384140583740e-01
-6.741700398039898179e-01
-6.741462183587476620e-01
-6.741218669128926644e-01
-6.740969763319356600e-01
-6.740715359326227007e-01
-6.740455344103307711e-01
-6.740189612282031506e-01
-6.739918083085403300e-01
-6.739640717527956015e-01
-6.739357532270269235e-01
-6.739068606118416849e-01
-6.738774075536594355e-01
-6.738474116823314208e-01
-6.738168914784564700e-01
-6.737858620620812422e-01
-6.737543304914709319e-01
-6.737222914461135082e-01
-6.736897243503475741e-01
-6.736565930019730031e-01
-6.736228485491100315e-01
-6.735884361868472725e-01
-6.735533052492220785e-01
-6.735174215349937210e-01
-6.734807798667347134e-01
-6.734434142239407173e-01
-6.734054025103012320e-01
-6.733668632890374983e-01
-6.733279427572597120e-01
-6.732887918282697282e-01
-6.732495353026627383e-01
-6.732102374313680970e-01
-6.731708702647674070e-01
-6.731312925162346028e-01
-6.730912467255302234e-01
-6.730503808872583260e-01
-6.730082972555199161e-01
-6.729646259433322841e-01
-6.729191148157346314e-01
-6.728717210496183432e-01
-6.728226849333852622e-01
-6.727725644535290650e-01
-6.727222112463544512e-01
-6.726726753697679362e-01
-6.726250380435966347e-01
-6.725801869291299084e-01
-6.725385654383148060e-01
-6.724999427466271662e-01
-6.724632607975311593e-01
-6.724266148515688490e-01
-6.723874121644650703e-01
-6.723427280819744833e-01
-6.722898416889470097e-01
-6.722268886451628900e-01
-6.721535244437311096e-01
-6.720714567447844123e-01
-6.719846911861480088e-01
-6.718993504346671974e-01
-6.718229768457706363e-01
-6.717633145628606472e-01
-6.717266790685245681e-01
-6.717161446348761666e-01
-6.717298891616592105e-01
-6.717601037588274426e-01
-6.717928740585835667e-01
-6.718093513322196397e-01
-6.717883468189936869e-01
-6.717102134521056866e-01
-6.715615581075099483e-01
-6.713400084330178874e-01
-6.710580112770974104e-01
-6.707445409950479887e-01
-6.704437130961062863e-01
-6.702096725797809240e-01
-6.700977524740555635e-01
-6.701527134096748606e-01
-6.703957545791685568e-01
-6.708127547686902892e-01
-6.713466601933636424e-01
-6.718968985175630682e-01
-6.723280358381432675e-01
-6.724885674815758163e-01
-6.722388250118044306e-01
-6.714847074513541347e-01
-6.702116632546767372e-01
-6.685115511921393416e-01
-6.665942675731766354e-01
-6.647768970623212370e-01
-6.634459830432086758e-01
-6.629932793114284850e-01
-6.637314435508158139e-01
-6.658024256237592420e-01
-6.690963357246553223e-01
-6.732009758901487118e-01
-6.774010788545807848e-01
-6.807413463403647613e-01
-6.821588067809958300e-01
-6.806781478057553070e-01
-6.756488952226421540e-01
-6.669866027168305234e-01
-6.553644216022318503e-01
-6.422922157845477598e-01
-6.300255337978594161e-01
-6.212725035170861831e-01
-6.187124624737158074e-01
-6.243948909696847016e-01
-6.391320158990523304e-01
-6.620153043762538880e-01
-6.901689086744203783e-01
-7.188136556031866631e-01
-7.416778470102148857e-01
-7.517759956239152830e-01
-7.425756122735885922e-01
-7.095353924663138079e-01
-6.518556248934161967e-01
-5.740155696882552894e-01
-4.864051818967031759e-01
-4.043488100348379688e-01
-3.452721599750993020e-01
-3.245654868469378673e-01
-3.513903491448216454e-01
-4.258239060763898132e-01
-5.382442835409979587e-01
-6.709542224759810214e-01
-8.010974689298572260e-01
-9.034914761014862794e-01
-9.526056042024412251e-01
-9.244416177537502222e-01
-8.003630308919461589e-01
-5.742381245244840837e-01
-2.607630508914461354e-01
1.013326728341799182e-01
4.569382608785558242e-01
7.508393832383041255e-01
9.421421804979727144e-01
1.008739917934391439e+00
9.440621354218977634e-01
7.544788891275209242e-01
4.618341503586340102e-01
1.067508679579287495e-01
-2.556791508378901123e-01
-5.702104336629413295e-01
-7.977835541315614343e-01
-9.233472278703417357e-01
-9.527827484154891557e-01
-9.046037730057900905e-01
-8.027698333727947277e-01
-6.728130082255788791e-01
-5.399435568195515289e-01
-4.270796272395320781e-01
-3.520208876515283913e-01
-3.245213836737763091e-01
-3.446385623935136477e-01
-4.033153702238861937e-01
-4.852117234719769967e-01
-5.728912974090929477e-01
-6.509711870873277073e-01
-7.089798514056192547e-01
-7.423587234303165028e-01
-7.518472861825311604e-01
-7.419517592032993658e-01
-7.191929881025446170e-01
-6.905630353281967393e-01
-6.623524955326995922e-01
-6.393662335019385523e-01
-6.245075492484760682e-01
-6.187097333984034053e-01
-6.211791303056825031e-01
-6.298766286255217395e-01
-6.421248196712640022e-01
-6.552104711237649592e-01
-6.668683954955842985e-01
-6.755773890789354974e-01
-6.806537408122784738e-01
-6.821738182049228438e-01
-6.807832962471611626e-01
-6.774559745522802379e-01
-6.732560416583555085e-01
-6.691418734463241424e-01
-6.658327153221040851e-01
-6.637447650588770287e-01
-6.629912551288680289e-01
-6.634325070862379103e-01
-6.647569253505902775e-01
-6.665727106877099573e-01
-6.684924376058781759e-01
-6.701976561253005782e-01
-6.714769748804551019e-01
-6.722372005144067186e-01
-6.724919013265490131e-01
-6.723346290848442042e-01
-6.719049243988778342e-01
-6.713545037388168879e-01
-6.708192329327851144e-01
-6.704002089018431532e-01
-6.701549908442342440e-01
-6.700981051420550338e-01
-6.702086134469703582e-01
-6.704418630106102617e-01
-6.707424953026379644e-01
-6.710562439143671343e-01
-6.713388205253707497e-01
-6.715610687023840786e-01
-6.717103833838250493e-01
-6.717890233016777790e-01
-6.718103204832216457e-01
-6.717939104618170232e-01
-6.717610094583595925e-01
-6.717305182091046767e-01
-6.717164127432974086e-01
-6.717265605463150768e-01
-6.717628302791752715e-01
-6.718221775181125732e-01
-6.718982992077868754e-01
-6.719834485671654090e-01
-6.720700697766417431e-01
-6.721520208097551130e-01
-6.722252754033670730e-01
-6.722881076510680565e-01
-6.723408485111130872e-01
-6.723853544322828668e-01
-6.724243438944358386e-01
-6.724607435461572580e-01
-6.724971510840370703e-01
-6.725354775924916595e-01
-6.725767874802454083e-01
-6.726213168984830348e-01
-6.726686261277304846e-01
-6.727178293664582975e-01
-6.727678455591913353e-01
-6.728176234831473312e-01
-6.728663094886107032e-01
-6.729133432200595788e-01
-6.729584820917182686e-01
-6.730017670144822217e-01
-6.730434487770607932e-01
-6.730838965397720752e-01
-6.731235078908217595e-01
-6.731626351246670081e-01
-6.732015362787560075e-01
-6.732403533421821296e-01
-6.732791149502862504e-01
-6.733177574162821921e-01
-6.733561563216319268e-01
-6.733941609359326286e-01
-6.734316250651528613e-01
-6.734684300142780300e-01
-6.735044976713109310e-01
-6.735397938321315836e-01
-6.735743234858811990e-01
-6.736081207206644494e-01
-6.736412361865091736e-01
-6.736737247750838042e-01
-6.737056355193073998e-01
-6.737370048786180954e-01
-6.737678537391953437e-01
-6.737981877621992410e-01
-6.738280002404459790e-01
-6.738572764015761107e-01
-6.738859981023059831e-01
-6.739141480393093797e-01
-6.739417128867626339e-01
-6.739686850870002521e-01
-6.739950633089045740e-01
-6.740208518071429955e-01
-6.740460590440227051e-01
-6.740706959741139537e-01
-6.740947743545658843e-01
-6.741183053550605653e-01
-6.741412986275348018e-01
-6.741637618818855371e-01
-6.741857009188607641e-01
-6.742071200066298564e-01
-6.742280224568077962e-01
-6.742484112561751841e-01
-6.742682896345995047e-01
-6.742876614881592179e-01
-6.743065316194422065e-01
-6.743249057962777959e-01
-6.743427906600446553e-01
-6.743601935324611274e-01
-6.743771221752267175e-01
-6.743935845520593331e-01
-6.744095886307253096e-01
-6.744251422472653523e-01
-6.744402530391291339e-01
-6.744549284409304679e-01
-6.744691757276269906e-01
-6.744830020856068531e-01
-6.744964146921008652e-01
-6.745094207865395264e-01
-6.745220277226352534e-01
-6.745342429958136599e-01
-6.745460742459757908e-01
-6.745575292396772671e-01
-6.745686158383212838e-01
-6.745793419597482243e-01
-6.745897155400225609e-01
-6.745997445006300941e-01
-6.746094367242105871e-01
-6.746188000398541940e-01
-6.746278422171781974e-01
-6.746365709671783284e-01
-6.746449939472007884e-01
-6.746531187673591168e-01
-6.746609529961191676e-01
-6.746685041634772340e-01
-6.746757797609383989e-01
-6.746827872382548108e-01
-6.746895339974531280e-01
-6.746960273850345358e-01
-6.747022746833633011e-01
-6.747082831021912197e-01
-6.747140597710535870e-01
-6.747196117329861131e-01
-6.747249459397306470e-01
-6.747300692483365614e-01
-6.747349884188840186e-01
-6.747397101129672947e-01
-6.747442408925602431e-01
-6.747485872189348255e-01
-6.747527554514031189e-01
-6.747567518457626701e-01
-6.747605825524219947e-01
-6.747642536142779424e-01
-6.747677709644624988e-01
-6.747711404241000244e-01
-6.747743677002047136e-01
-6.747774583838309637e-01
-6.747804179485336062e-01
-6.747832517491693105e-01
-6.747859650210178417e-01
-6.747885628791868706e-01
-6.747910503182433795e-01
-6.747934322120104911e-01
-6.747957133134789842e-01
-6.747978982547948590e-01
-6.747999915472975285e-01
-6.748019975816033078e-01
-6.748039206277395285e-01
-6.748057648353423810e-01
-6.748075342339370231e-01
-6.748092327333145013e-01
-6.748108641240220251e-01
-6.748124320779673724e-01
-6.748139401491409783e-01
-6.748153917744491581e-01
-6.748167902746455837e-01
-6.748181388553523563e-01
-6.748194406081543528e-01
-6.748206985117554124e-01
-6.748219154331858149e-01
-6.748230941290547236e-01
-6.748242372468421513e-01
-6.748253473262278979e-01
-6.748264268004584565e-01
-6.748274779977463389e-01
-6.748285031427059266e-01
-6.748295043578217411e-01
-6.748304836649501315e-01
-6.748314429868420561e-01
-6.748323841486943975e-01
-6.748333088797143775e-01
-6.748342188147010701e-01
-6.748351154956288012e-01
-6.748360003732366552e-01
-6.748368748086109870e-01
-6.748377400747664900e-01
-6.748385973582115005e-01
-6.748394477605063058e-01
-6.748402922998022468e-01
-6.748411319123653884e-01
-6.748419674540766522e-01
-6.748427997019134095e-01
-6.748436293554010978e-01
-6.748444570380401908e-01
-6.748452832986996386e-01
-6.748461086129740050e-01
-6.748469333845114049e-01
-6.748477579462944798e-01
-6.748485825618834033e-01
-6.748494074266142562e-01
-6.748502326687523256e-01
-6.748510583505960003e-01
-6.748518844695332586e-01
-6.748527109590457540e-01
-6.748535376896612759e-01
-6.748543644698531407e-01
-6.748551910468842951e-01
-6.748560171075963510e-01
-6.748568422791421106e-01
