-6.748575701262647941e-01
-6.748584563377493239e-01
-6.748593462895894346e-01
-6.748602393260236809e-01
-6.748611347418296269e-01
-6.748620317827150883e-01
-6.748629296456366555e-01
-6.748638274790436098e-01
-6.748647243830456777e-01
-6.748656194095059568e-01
-6.748665115620626764e-01
-6.748673997960737969e-01
-6.748682830184921100e-01
-6.748691600876671748e-01
-6.748700298130794195e-01
-6.748708909549986368e-01
-6.748717422240797514e-01
-6.748725822808858688e-01
-6.748734097353452643e-01
-6.748742231461428709e-01
-6.748750210200433752e-01
-6.748758018111559176e-01
-6.748765639201323996e-01
-6.748773056933148329e-01
-6.748780254218231800e-01
-6.748787213405964547e-01
-6.748793916273818638e-01
-6.748800344016797625e-01
-6.748806477236418688e-01
-6.748812295929198513e-01
-6.748817779474746148e-01
-6.748822906623364037e-01
-6.748827655483201626e-01
-6.748832003507048150e-01
-6.748835927478752383e-01
-6.748839403499393708e-01
-6.748842406973268870e-01
-6.748844912593848777e-01
-6.748846894329685320e-01
-6.748848325410374827e-01
-6.748849178312578134e-01
-6.748849424745992920e-01
-6.748849035639215010e-01
-6.748847981125427609e-01
-6.748846230527774104e-01
-6.748843752344456659e-01
-6.748840514233640508e-01
-6.748836482998312736e-01
-6.748831624571447474e-01
-6.748825904001767295e-01
-6.748819285440480487e-01
-6.748811732129217367e-01
-6.748803206389248910e-01
-6.748793669611868884e-01
-6.748783082249484311e-01
-6.748771403806956837e-01
-6.748758592832541092e-01
-6.748744606907856047e-01
-6.748729402636700625e-01
-6.748712935632849019e-01
-6.748695160507446333e-01
-6.748676030857174712e-01
-6.748655499254552215e-01
-6.748633517241816593e-01
-6.748610035329495327e-01
-6.748585003000052707e-01
-6.748558368716061073e-01
-6.748530079931382986e-01
-6.748500083102948466e-01
-6.748468323700264060e-01
-6.748434746210068003e-01
-6.748399294134426185e-01
-6.748361909982213414e-01
-6.748322535255866228e-01
-6.748281110437374108e-01
-6.748237574978812603e-01
-6.748191867303336977e-01
-6.748143924821439210e-01
-6.748093683965069589e-01
-6.748041080238590395e-01
-6.747986048281556792e-01
-6.747928521934634105e-01
-6.747868434297706886e-01
-6.747805717769314038e-01
-6.747740304059433036e-01
-6.747672124173096364e-01
-6.747601108369722933e-01
-6.747527186110807706e-01
-6.747450286014773368e-01
-6.747370335840425781e-01
-6.747287262518225637e-01
-6.747200992240657280e-01
-6.747111450610708827e-01
-6.747018562832410860e-01
-6.746922253913580914e-01
-6.746822448841616193e-01
-6.746719072692476393e-01
-6.746612050642749603e-01
-6.746501307874722686e-01
-6.746386769391859994e-01
-6.746268359791302016e-01
-6.746146003063444585e-01
-6.746019622498395929e-01
-6.745889140769371073e-01
-6.745754480231122008e-01
-6.745615563420778171e-01
-6.745472313688014587e-01
-6.745324655825085669e-01
-6.745172516532310647e-01
-6.745015824556128692e-01
-6.744854510384937774e-01
-6.744688505482351326e-01
-6.744517741165252378e-01
-6.744342147369420948e-01
-6.744161651653345357e-01
-6.743976178832903345e-01
-6.743785651584814911e-01
-6.743589992190817117e-01
-6.743389125328684841e-01
-6.743182981492791273e-01
-6.742971500315457778e-01
-6.742754632849286001e-01
-6.742532341847584654e-01
-6.742304599310239288e-01
-6.742071381063431401e-01
-6.741832658865735128e-01
-6.741588391358900312e-01
-6.741338515923994690e-01
-6.741082943942432459e-01
-6.740821561886461977e-01
-6.740554239933648217e-01
-6.740280848396761337e-01
-6.740001280333567379e-01
-6.739715476578330700e-01
-6.739423447597393535e-01
-6.739125285569022017e-01
-6.738821160436930802e-01
-6.738511295720241989e-01
-6.738195923594956227e-01
-6.737875223789440149e-01
-6.737549256312185264e-01
-6.737217902737813180e-01
-6.736880833320444406e-01
-6.736537516292325778e-01
-6.736187280503953545e-01
-6.735829433026530033e-01
-6.735463420464572470e-01
-6.735089008620465112e-01
-6.734706442848055197e-01
-6.734316544439611363e-01
-6.733920699994148107e-01
-6.733520713122419510e-01
-6.733118511338058720e-01
-6.732715733292741200e-01
-6.732313257595581302e-01
-6.731910766889692699e-01
-6.731506460892721089e-01
-6.731097031343926673e-01
-6.730677984264502589e-01
-6.730244339184709990e-01
-6.729791655749357560e-01
-6.729317246962265298e-01
-6.728821352980761672e-01
-6.728307991318276393e-01
-6.727785189950331590e-01
-6.727264365476209873e-01
-6.726758735228143271e-01
-6.726280841525835719e-01
-6.725839492863892044e-01
-6.725436649673950384e-01
-6.725064949564583117e-01
-6.724706624628830065e-01
-6.724334467011869876e-01
-6.723915226069692164e-01
-6.723415382059562129e-01
-6.722808688508811192e-01
-6.722084299414021746e-01
-6.721253820563283243e-01
-6.720355381723850385e-01
-6.719452939905437017e-01
-6.718629570781257110e-01
-6.717974488751410345e-01
-6.717564862904310541e-01
-6.717444969991730463e-01
-6.717606561390936371e-01
-6.717975183068675138e-01
-6.718407248933984111e-01
-6.718701684494331472e-01
-6.718627843487620099e-01
-6.717968290017989341e-01
-6.716571322500529684e-01
-6.714404430104052857e-01
-6.711597039613920179e-01
-6.708459818073919667e-01
-6.705469220169755218e-01
-6.703210359301644550e-01
-6.702278548779130318e-01
-6.703149223067618179e-01
-6.706035907062963819e-01
-6.710764380813769581e-01
-6.716695872496322162e-01
-6.722730904586486922e-01
-6.727416926822179510e-01
-6.729166842398229820e-01
-6.726573163721962789e-01
-6.718776633724478087e-01
-6.705823179947913992e-01
-6.688924925864321303e-01
-6.670536306456856801e-01
-6.654171098422984043e-01
-6.643923555399494640e-01
-6.643714880098776643e-01
-6.656356452247206290e-01
-6.682589163575721747e-01
-6.720306842316177143e-01
-6.764186196296351206e-01
-6.805917342749586707e-01
-6.835156547319704012e-01
-6.841209976609733401e-01
-6.815309666686744094e-01
-6.753169070995339585e-01
-6.657325697227134409e-01
-6.538637203970235623e-01
-6.416267973957405779e-01
-6.315665509914765163e-01
-6.264416847863808480e-01
-6.286435159195330469e-01
-6.395489448586634262e-01
-6.589444485100657278e-01
-6.846581880925435293e-01
-7.125051489188317655e-01
-7.366051899009880000e-01
-7.501000485555818775e-01
-7.462778273935333218e-01
-7.200783191394068972e-01
-6.698354543221927138e-01
-5.988790762176134930e-01
-5.163510856779405245e-01
-4.365205705843911432e-01
-3.762390274761283071e-01
-3.509257501045686678e-01
-3.702238531321497272e-01
-4.347513080770994409e-01
-5.350119108069991691e-01
-6.526962892674286199e-01
-7.636724862979590300e-01
-8.414856692279697459e-01
-8.606388478839793743e-01
-8.001029345560906059e-01
-6.481777685985551374e-01
-4.085586734614591320e-01
-1.044240915552165638e-01
2.244010945058113049e-01
5.328743545511337443e-01
7.853958874250056565e-01
9.642860288866765828e-01
1.067911624788628666e+00
1.101691793110354700e+00
1.068732312819698160e+00
9.659874774411582043e-01
7.880134939401534089e-01
5.362989532507785873e-01
2.283047891419588138e-01
-1.005472302895674269e-01
-4.052414276479473498e-01
-6.458098924687885045e-01
-7.988428493455298485e-01
-8.604289045687302240e-01
-8.421207791702584045e-01
-7.648671827058557415e-01
-6.541322493598553667e-01
-5.363766565071823589e-01
-4.357800941961610941e-01
-3.707421645520139752e-01
-3.508783869931434984e-01
-3.756925173247810945e-01
-4.356355770619447232e-01
-5.153333348046688078e-01
-5.979253176736603059e-01
-6.690915408460028635e-01
-7.196194103898285732e-01
-7.461104684072235038e-01
-7.501785840969947827e-01
-7.368534773932069459e-01
-7.128371290315560493e-01
-6.849942594628934955e-01
-6.592227663669034676e-01
-6.397315959464241475e-01
-6.287177860844670452e-01
-6.264169759727600262e-01
-6.314680525590903315e-01
-6.414875309800796011e-01
-6.537167562318728642e-01
-6.656049257953677856e-01
-6.752259959342086226e-01
-6.814837025484716815e-01
-6.841150733241536663e-01
-6.835421777762709095e-01
-6.806383754782184825e-01
-6.764725760878494976e-01
-6.720809924847636063e-01
-6.682978875445464428e-01
-6.656593965487481723e-01
-6.643796974379267972e-01
-6.643874645111724764e-01
-6.654032403660533612e-01
-6.670354718902384850e-01
-6.688743585351176746e-01
-6.705674994320380833e-01
-6.718681145812398503e-01
-6.726536469945718633e-01
-6.729183804620837428e-01
-6.727474719374230139e-01
-6.722812964379878409e-01
-6.716785499629913669e-01
-6.710847491872586890e-01
-6.706102708022895209e-01
-6.703194798330250892e-01
-6.702302532523500833e-01
-6.703215956547182719e-01
-6.705461881064185281e-01
-6.708445851184478004e-01
-6.711582394068871249e-01
-6.714393799365432347e-01
-6.716567640252284477e-01
-6.717972614000117249e-01
-6.718639564931752073e-01
-6.718718963748999684e-01
-6.718427562783400031e-01
-6.717995874032035575e-01
-6.717625299680927142e-01
-6.717460069233103237e-01
-6.717575425066083517e-01
-6.717980386198905141e-01
-6.718631299098922760e-01
-6.719451391012009056e-01
-6.720351591634000643e-01
-6.721248740794816268e-01
-6.722078628004578560e-01
-6.722802779417595964e-01
-6.723409234156416669e-01
-6.723908538228600129e-01
-6.724326736253575243e-01
-6.724697260703810242e-01
-6.725053381445833534e-01
-6.725422405738751275e-01
-6.725822245108803443e-01
-6.726260412913662723e-01
-6.726735076478054243e-01
-6.727237512168664502e-01
-6.727755212350431391e-01
-6.728274948122642263e-01
-6.728785257050239332e-01
-6.729278047036461041e-01
-6.729749234150158577e-01
-6.730198522384790438e-01
-6.730628561367448803e-01
-6.731043775080932656e-01
-6.731449146472264777e-01
-6.731849185533788082e-01
-6.732247223385455781e-01
-6.732645083599517744e-01
-6.733043102326686791e-01
-6.733440412445065304e-01
-6.733835378841622754e-01
-6.734226070721383017e-01
-6.734610676611709756e-01
-6.734987800097821387e-01
-6.735356610508047570e-01
-6.735716855278772730e-01
-6.736068764462641578e-01
-6.736412890467640135e-01
-6.736749927873245669e-01
-6.737080551253273875e-01
-6.737405296631674423e-01
-6.737724498037027665e-01
-6.738038277663684905e-01
-6.738346578522748098e-01
-6.738649223190398274e-01
-6.738945981303011701e-01
-6.739236630974483333e-01
-6.739521004027301254e-01
-6.739799010429904369e-01
-6.740070642392468336e-01
-6.740335962335859410e-01
-6.740595081003882827e-01
-6.740848132350103494e-01
-6.741095250829465257e-01
-6.741336554879413523e-01
-6.741572138242127865e-01
-6.741802068841713513e-01
-6.742026393518173455e-01
-6.742245146184644433e-01
-6.742458356897981231e-01
-6.742666059772927101e-01
-6.742868298415776174e-01
-6.743065128382788043e-01
-6.743256616895878519e-01
-6.743442840550905037e-01
-6.743623881984649460e-01
-6.743799826442962164e-01
-6.743970758980208924e-01
-6.744136762707626520e-01
-6.744297918183582707e-01
-6.744454303772685622e-01
-6.744605996634673861e-01
-6.744753073949717459e-01
-6.744895614029515762e-01
-6.745033697071813883e-01
-6.745167405451749643e-01
-6.745296823571222955e-01
-6.745422037381604285e-01
-6.745543133742966102e-01
-6.745660199784020428e-01
-6.745773322391768190e-01
-6.745882587903453409e-01
-6.745988082012884801e-01
-6.746089889852713295e-01
-6.746188096182550442e-01
-6.746282785603300303e-01
-6.746374042727967257e-01
-6.746461952262777784e-01
-6.746546598981518761e-01
-6.746628067603444023e-01
-6.746706442604877285e-01
-6.746781808004393977e-01
-6.746854247160436469e-01
-6.746923842611082245e-01
-6.746990675971783480e-01
-6.747054827892046136e-01
-6.747116378059642150e-01
-6.747175405233317713e-01
-6.747231987282642507e-01
-6.747286201216367019e-01
-6.747338123186821246e-01
-6.747387828465519766e-01
-6.747435391392528903e-01
-6.747480885307564069e-01
-6.747524382473614191e-01
-6.747565954004007827e-01
-6.747605669801464146e-01
-6.747643598514211360e-01
-6.747679807510129635e-01
-6.747714362866434890e-01
-6.747747329370017422e-01
-6.747778770522746550e-01
-6.747808748546372248e-01
-6.747837324383162416e-01
-6.747864557690356202e-01
-6.747890506828527757e-01
-6.747915228845522417e-01
-6.747938779458541037e-01
-6.747961213037190209e-01
-6.747982582589929779e-01
-6.748002939755416429e-01
-6.748022334799317345e-01
-6.748040816616202031e-01
-6.748058432735433154e-01
-6.748075229329653091e-01
-6.748091251224460629e-01
-6.748106541908166500e-01
-6.748121143540993794e-01
-6.748135096963512325e-01
-6.748148441704611145e-01
-6.748161215989472161e-01
-6.748173456748129961e-01
-6.748185199625247321e-01
-6.748196478991405067e-01
-6.748207327956079471e-01
-6.748217778382238352e-01
-6.748227860902265007e-01
-6.748237604934927969e-01
-6.748247038703012457e-01
-6.748256189251337078e-01
-6.748265082464912634e-01
-6.748273743087188636e-01
-6.748282194738389750e-01
-6.748290459933986574e-01
-6.748298560103370702e-01
-6.748306515608876177e-01
-6.748314345765130673e-01
-6.748322068858768619e-01
-6.748329702168441857e-01
-6.748337261985070112e-01
-6.748344763632174725e-01
-6.748352221486270119e-01
-6.748359648997145355e-01
-6.748367058708044652e-01
-6.748374462275628094e-01
-6.748381870489732481e-01
-6.748389293292861302e-01
-6.748396739799502608e-01
-6.748404218315139369e-01
-6.748411736355032220e-01
-6.748419300662656939e-01
-6.748426917227859922e-01
-6.748434591304627306e-01
-6.748442327428432197e-01
-6.748450129433147815e-01
-6.748458000467459916e-01
-6.748465943010762969e-01
-6.748473958888537849e-01
-6.748482049287153339e-01
-6.748490214768083639e-01
-6.748498455281560782e-01
-6.748506770179609759e-01
-6.748515158228439725e-01
-6.748523617620224568e-01
-6.748532145984202923e-01
-6.748540740397136473e-01
-6.748549397393032168e-01
-6.748558112972222744e-01
-6.748566882609684514e-01
