-6.748573960156698526e-01
-6.748583042944222843e-01
-6.748592180933828955e-01
-6.748601367398465722e-01
-6.748610595143818003e-01
-6.748619856512253490e-01
-6.748629143386024598e-01
-6.748638447189658773e-01
-6.748647758891540560e-01
-6.748657069004744269e-01
-6.748666367587039527e-01
-6.748675644240146321e-01
-6.748684888108207325e-01
-6.748694087875487524e-01
-6.748703231763334420e-01
-6.748712307526369969e-01
-6.748721302447967529e-01
-6.748730203334982747e-01
-6.748738996511801647e-01
-6.748747667813687068e-01
-6.748756202579432317e-01
-6.748764585643377556e-01
-6.748772801326777815e-01
-6.748780833428541515e-01
-6.748788665215366134e-01
-6.748796279411319876e-01
-6.748803658186839360e-01
-6.748810783147191072e-01
-6.748817635320408792e-01
-6.748824195144758065e-01
-6.748830442455735490e-01
-6.748836356472601716e-01
-6.748841915784556944e-01
-6.748847098336503425e-01
-6.748851881414510423e-01
-6.748856241630989405e-01
-6.748860154909601672e-01
-6.748863596469976134e-01
-6.748866540812227255e-01
-6.748868961701337543e-01
-6.748870832151396826e-01
-6.748872124409726059e-01
-6.748872809940925643e-01
-6.748872859410824931e-01
-6.748872242670429511e-01
-6.748870928739849617e-01
-6.748868885792335126e-01
-6.748866081138429340e-01
-6.748862481210435860e-01
-6.748858051547168557e-01
-6.748852756779198936e-01
-6.748846560614567558e-01
-6.748839425825056137e-01
-6.748831314232984768e-01
-6.748822186698523184e-01
-6.748812003107480528e-01
-6.748800722359434845e-01
-6.748788302356270030e-01
-6.748774699991033632e-01
-6.748759871137204325e-01
-6.748743770638504502e-01
-6.748726352299430076e-01
-6.748707568876761709e-01
-6.748687372072328383e-01
-6.748665712527294192e-01
-6.748642539818169306e-01
-6.748617802454682790e-01
-6.748591447879515037e-01
-6.748563422469798789e-01
-6.748533671540154488e-01
-6.748502139346851392e-01
-6.748468769092744735e-01
-6.748433502932517092e-01
-6.748396281977800948e-01
-6.748357046301938222e-01
-6.748315734944372313e-01
-6.748272285914956869e-01
-6.748226636198875195e-01
-6.748178721763385957e-01
-6.748128477567916228e-01
-6.748075837579352587e-01
-6.748020734794341058e-01
-6.747963101269962571e-01
-6.747902868163262458e-01
-6.747839965778711369e-01
-6.747774323620995274e-01
-6.747705870448671428e-01
-6.747634534322879407e-01
-6.747560242644680129e-01
-6.747482922175371822e-01
-6.747402499036573298e-01
-6.747318898690960465e-01
-6.747232045910013243e-01
-6.747141864740908712e-01
-6.747048278489733431e-01
-6.746951209740650324e-01
-6.746850580429424316e-01
-6.746746311983464750e-01
-6.746638325529310531e-01
-6.746526542153518102e-01
-6.746410883186120255e-01
-6.746291270461316492e-01
-6.746167626501715642e-01
-6.746039874573999118e-01
-6.745907938578438179e-01
-6.745771742762386447e-01
-6.745631211286147177e-01
-6.745486267712592632e-01
-6.745336834530789583e-01
-6.745182832848664045e-01
-6.745024182390358947e-01
-6.744860801903787006e-01
-6.744692610021451040e-01
-6.744519526527980036e-01
-6.744341473884613025e-01
-6.744158378763122075e-01
-6.743970173273119428e-01
-6.743776795549907277e-01
-6.743578189422035907e-01
-6.743374303004497916e-01
-6.743165086256104335e-01
-6.742950487772632062e-01
-6.742730451320937402e-01
-6.742504912803319872e-01
-6.742273798425804099e-01
-6.742037024786606825e-01
-6.741794501380795612e-01
-6.741546135640649196e-01
-6.741291840139329583e-01
-6.741031541050385156e-01
-6.740765186475202730e-01
-6.740492752932196741e-01
-6.740214248246280127e-01
-6.739929709355925169e-01
-6.739639194192086347e-01
-6.739342767739908702e-01
-6.739040483563448758e-01
-6.738732363285835358e-01
-6.738418377554490357e-01
-6.738098432647581237e-01
-6.737772366874540397e-01
-6.737439960131840211e-01
-6.737100958337812751e-01
-6.736755112067074336e-01
-6.736402225774863473e-01
-6.736042210943904429e-01
-6.735675133836616091e-01
-6.735301246909336514e-01
-6.734920992951431984e-01
-6.734534973139558733e-01
-6.734143874683418129e-01
-6.733748360444185010e-01
-6.733348931212446153e-01
-6.732945780103287703e-01
-6.732538666156788754e-01
-6.732126838810862379e-01
-6.731709044506979378e-01
-6.731283639738553370e-01
-6.730848820628819729e-01
-6.730402958180384809e-01
-6.729945002831860812e-01
-6.729474895754449237e-01
-6.728993902756309486e-01
-6.728504775881849476e-01
-6.728011653697679728e-01
-6.727519638119322520e-01
-6.727034034599436163e-01
-6.726559310271661429e-01
-6.726097902707351972e-01
-6.725649086689001743e-01
-6.725208160455580231e-01
-6.724766227680277764e-01
-6.724310811006781741e-01
-6.723827428247284299e-01
-6.723302095505795384e-01
-6.722724509098420009e-01
-6.722091432149314150e-01
-6.721409617375571077e-01
-6.720697487584629259e-01
-6.719984820765312339e-01
-6.719309884649287135e-01
-6.718713847205813883e-01
-6.718232828537294976e-01
-6.717888586913484117e-01
-6.717679437041808033e-01
-6.717573442647681858e-01
-6.717506061060841693e-01
-6.717384120278155901e-01
-6.717097210853054667e-01
-6.716536296175595888e-01
-6.715617716159684170e-01
-6.714309028192981810e-01
-6.712651641268339020e-01
-6.710774354593548319e-01
-6.708892094142888674e-01
-6.707285625701882026e-01
-6.706260883322271438e-01
-6.706090575741627813e-01
-6.706945384867942783e-01
-6.708826516953899644e-01
-6.711514580600119739e-01
-6.714550696029770727e-01
-6.717263532222766953e-01
-6.718850186737109764e-01
-6.718509642528754933e-01
-6.715615872104194750e-01
-6.709905210642390649e-01
-6.701641795831675408e-01
-6.691718555321070072e-01
-6.681652304732798031e-01
-6.673442191114047350e-01
-6.669281599905823033e-01
-6.671143013606409822e-01
-6.680288783810333086e-01
-6.696791783528743824e-01
-6.719170979525971310e-01
-6.744251486762631309e-01
-6.767342355025477429e-01
-6.782786873253272564e-01
-6.784880961540898925e-01
-6.769079051788501333e-01
-6.733320750278429800e-01
-6.679228269643591176e-01
-6.612865337725956083e-01
-6.544742041308414526e-01
-6.488825454977759088e-01
-6.460485308696718443e-01
-6.473546985477370841e-01
-6.536883079109808703e-01
-6.651171429376900868e-01
-6.806518692169107876e-01
-6.981580612979689793e-01
-7.144648926765745367e-01
-7.256991871635328772e-01
-7.278558739893569163e-01
-7.175906607807356341e-01
-6.931694636916500007e-01
-6.554178679084798897e-01
-6.083996959878144040e-01
-5.594826274749766792e-01
-5.185129393689722477e-01
-4.960663378165168780e-01
-5.010945024816497728e-01
-5.385690513032651561e-01
-6.077643076455475635e-01
-7.015673940123876573e-01
-8.067682693637302505e-01
-9.049156361589925091e-01
-9.733595003433392900e-01
-9.867512974216962052e-01
-9.202783747378366908e-01
-7.562567420373468297e-01
-4.939384088418985463e-01
-1.582396503372462682e-01
2.000839474366017945e-01
5.167683709017739657e-01
7.330504481494035662e-01
8.101787751814516492e-01
7.349051100099790457e-01
5.201553923006061453e-01
2.043836872581681063e-01
-1.538237965680033514e-01
-4.901541819960740787e-01
-7.535875381431259568e-01
-9.188657134177873331e-01
-9.864636729747781052e-01
-9.739196323290635338e-01
-9.060051825184060048e-01
-8.080856410545214086e-01
-7.028534713454182015e-01
-6.088170269275039459e-01
-5.392564709957715641e-01
-5.013641911167705523e-01
-4.959446104109623832e-01
-5.180902160544155199e-01
-5.588869957425773860e-01
-6.077656748068737125e-01
-6.548589694249251636e-01
-6.927609659137961007e-01
-7.173645748692566437e-01
-7.278059388326209023e-01
-7.257916556379526707e-01
-7.146510226938047605e-01
-6.983855472311160106e-01
-6.808738247729140269e-01
-6.652981403940669836e-01
-6.538074235040542970e-01
-6.474057647113987679e-01
-6.460380397252234452e-01
-6.488259074465126952e-01
-6.543912536935880819e-01
-6.611971972862796809e-01
-6.678436950182113918e-01
-6.732743104295453307e-01
-6.768765671428654818e-01
-6.784826718682758218e-01
-6.782944494179691253e-01
-6.767639938342558947e-01
-6.744610083354926067e-01
-6.719519323715991144e-01
-6.697076429107365891e-01
-6.680479028499859417e-01
-6.671230954303499772e-01
-6.669278366449825635e-01
-6.673371810859131115e-01
-6.681544743384979501e-01
-6.691603296005974588e-01
-6.701542936334576872e-01
-6.709838583155476321e-01
-6.715588226611480804e-01
-6.718519567093172995e-01
-6.718890211426045145e-01
-6.717322786049921834e-01
-6.714617536151517019e-01
-6.711578750894828804e-01
-6.708880574597301250e-01
-6.706985317878074726e-01
-6.706115690194677237e-01
-6.706273146335441915e-01
-6.707288701844581480e-01
-6.708890312053770177e-01
-6.710771798829718859e-01
-6.712651498027424335e-01
-6.714313239651551468e-01
-6.715626931515138454e-01
-6.716550058255309485e-01
-6.717114290123319398e-01
-6.717402902925225794e-01
-6.717524910355200385e-01
-6.717590976674402414e-01
-6.717694694184269677e-01
-6.717901077139982746e-01
-6.718242489199875989e-01
-6.718720934449839977e-01
-6.719314835395381325e-01
-6.719988116900826869e-01
-6.720699545811863462e-01
-6.721410717764709775e-01
-6.722091688260325437e-01
-6.722723874370196695e-01
-6.723300395455499290e-01
-6.723824406071847726e-01
-6.724306174983603057e-01
-6.724759691476674961e-01
-6.725199471086167335e-01
-6.725638038496531967e-01
-6.726084338708061550e-01
-6.726543114125486111e-01
-6.727015117259540489e-01
-6.727497923040208772e-01
-6.727987063636373666e-01
-6.728477223159139431e-01
-6.728963283668412121e-01
-6.729441088868064469e-01
-6.729907870276996551e-01
-6.730362348794318716e-01
-6.730804573842669170e-01
-6.731235589333647296e-01
-6.731657021691195286e-01
-6.732070674381295250e-01
-6.732478191762142350e-01
-6.732880828770523296e-01
-6.733279337360834615e-01
-6.733673959599348890e-01
-6.734064503055119388e-01
-6.734450467168804355e-01
-6.734831188885090913e-01
-6.735205980432299455e-01
-6.735574239781918493e-01
-6.735935523102827283e-01
-6.736289576832522608e-01
-6.736636333687046063e-01
-6.736975881408507894e-01
-6.737308415168375975e-01
-6.737634184547754979e-01
-6.737953444391893143e-01
-6.738266416194724773e-01
-6.738573263622592568e-01
-6.738874082867889470e-01
-6.739168906128919501e-01
-6.739457714879327765e-01
-6.739740458797590650e-01
-6.740017076218083325e-01
-6.740287512582687768e-01
-6.740551734399509165e-01
-6.740809737418869130e-01
-6.741061548900634248e-01
-6.741307224801663667e-01
-6.741546843351046148e-01
-6.741780496764059327e-01
-6.742008282796508878e-01
-6.742230297528791771e-01
-6.742446630293305043e-01
-6.742657361126539461e-01
-6.742862560635763947e-01
-6.743062291792329965e-01
-6.743256612940455863e-01
-6.743445581249808418e-01
-6.743629255921333998e-01
-6.743807700637705072e-01
-6.743980984982146376e-01
-6.744149184782467499e-01
-6.744312381530617184e-01
-6.744470661156377611e-01
-6.744624112487423995e-01
-6.744772825712680442e-01
-6.744916891098196032e-01
-6.745056398107605045e-01
-6.745191434975740252e-01
-6.745322088693977980e-01
-6.745448445302643092e-01
-6.745570590354955653e-01
-6.745688609417140880e-01
-6.745802588493531315e-01
-6.745912614304374610e-01
-6.746018774387180228e-01
-6.746121157030877669e-01
-6.746219851080079710e-01
-6.746314945661624485e-01
-6.746406529887383208e-01
-6.746494692579009245e-01
-6.746579522045795807e-01
-6.746661105930115143e-01
-6.746739531119668731e-01
-6.746814883714481459e-01
-6.746887249030277811e-01
-6.746956711618464775e-01
-6.747023355285500790e-01
-6.747087263099331711e-01
-6.747148517376606591e-01
-6.747207199649564169e-01
-6.747263390615979572e-01
-6.747317170077752335e-01
-6.747368616874643843e-01
-6.747417808819102802e-01
-6.747464822636582982e-01
-6.747509733914109908e-01
-6.747552617057930302e-01
-6.747593545259894521e-01
-6.747632590471133174e-01
-6.747669823381273746e-01
-6.747705313401334282e-01
-6.747739128648775342e-01
-6.747771335933506753e-01
-6.747802000744212991e-01
-6.747831187234641925e-01
-6.747858958209927982e-01
-6.747885375113237272e-01
-6.747910498013098834e-01
-6.747934385591894957e-01
-6.747957095135954653e-01
-6.747978682527568939e-01
-6.747999202239213234e-01
-6.748018707330089017e-01
-6.748037249444945873e-01
-6.748054878815109570e-01
-6.748071644261470770e-01
-6.748087593199169065e-01
-6.748102771643736952e-01
-6.748117224218422860e-01
-6.748130994162513385e-01
-6.748144123340504841e-01
-6.748156652252098597e-01
-6.748168620042964694e-01
-6.748180064516369203e-01
-6.748191022145688667e-01
-6.748201528087875989e-01
-6.748211616197896667e-01
-6.748221319044124256e-01
-6.748230667924661752e-01
-6.748239692884533403e-01
-6.748248422733605922e-01
-6.748256885065173627e-01
-6.748265106275115333e-01
-6.748273111581494232e-01
-6.748280925044563006e-01
-6.748288569587080898e-01
-6.748296067014928346e-01
-6.748303438037972501e-01
-6.748310702291151486e-01
-6.748317878355757360e-01
-6.748324983780895625e-01
-6.748332035105069071e-01
-6.748339047877829344e-01
-6.748346036681495130e-01
-6.748353015152853684e-01
-6.748359996004785755e-01
-6.748366991047806129e-01
-6.748374011211418777e-01
-6.748381066565303232e-01
-6.748388166340243410e-01
-6.748395318948788857e-01
-6.748402532005608467e-01
-6.748409812347488934e-01
-6.748417166052975702e-01
-6.748424598461614243e-01
-6.748432114192727260e-01
-6.748439717163761120e-01
-6.748447410608131580e-01
-6.748455197092557700e-01
-6.748463078533836201e-01
-6.748471056215039621e-01
-6.748479130801138259e-01
-6.748487302354001516e-01
-6.748495570346751959e-01
-6.748503933677468813e-01
-6.748512390682211981e-01
-6.748520939147344411e-01
-6.748529576321169454e-01
-6.748538298924801060e-01
-6.748547103162348959e-01
-6.748555984730314483e-01
-6.748564938826259185e-01
