-6.748576704399281700e-01
-6.748584935140644614e-01
-6.748593143387726645e-01
-6.748601323077731973e-01
-6.748609467579866905e-01
-6.748617569699078000e-01
-6.748625621679192887e-01
-6.748633615205432701e-01
-6.748641541406352751e-01
-6.748649390855144814e-01
-6.748657153570331024e-01
-6.748664819015890437e-01
-6.748672376100750547e-01
-6.748679813177729248e-01
-6.748687118041861721e-01
-6.748694277928173335e-01
-6.748701279508867446e-01
-6.748708108889976964e-01
-6.748714751607453044e-01
-6.748721192622744169e-01
-6.748727416317868988e-01
-6.748733406489978437e-01
-6.748739146345458240e-01
-6.748744618493606184e-01
-6.748749804939818686e-01
-6.748754687078420966e-01
-6.748759245685084229e-01
-6.748763460908845380e-01
-6.748767312263785900e-01
-6.748770778620365451e-01
-6.748773838196421293e-01
-6.748776468547865726e-01
-6.748778646559135952e-01
-6.748780348433378595e-01
-6.748781549682474346e-01
-6.748782225116904954e-01
-6.748782348835518086e-01
-6.748781894215247767e-01
-6.748780833900803744e-01
-6.748779139794407467e-01
-6.748776783045514760e-01
-6.748773734040625083e-01
-6.748769962393097455e-01
-6.748765436933034101e-01
-6.748760125697209622e-01
-6.748753995919060111e-01
-6.748747014018782187e-01
-6.748739145593575239e-01
-6.748730355408206760e-01
-6.748720607385914061e-01
-6.748709864599858888e-01
-6.748698089265171562e-01
-6.748685242731797818e-01
-6.748671285478137216e-01
-6.748656177105514242e-01
-6.748639876333363263e-01
-6.748622340995064084e-01
-6.748603528034253785e-01
-6.748583393501392802e-01
-6.748561892550475338e-01
-6.748538979435829699e-01
-6.748514607509024099e-01
-6.748488729216186588e-01
-6.748461296096058826e-01
-6.748432258779381021e-01
-6.748401566990132050e-01
-6.748369169549295332e-01
-6.748335014381476871e-01
-6.748299048524619703e-01
-6.748261218142569406e-01
-6.748221468539783441e-01
-6.748179744177259520e-01
-6.748135988688239717e-01
-6.748090144892351372e-01
-6.748042154806945803e-01
-6.747991959654963123e-01
-6.747939499869503033e-01
-6.747884715096332808e-01
-6.747827544196643990e-01
-6.747767925253298493e-01
-6.747705795584448829e-01
-6.747641091768132870e-01
-6.747573749680647603e-01
-6.747503704549613346e-01
-6.747430891020202992e-01
-6.747355243229995470e-01
-6.747276694885195880e-01
-6.747195179328701053e-01
-6.747110629589986308e-01
-6.747022978407832827e-01
-6.746932158220638742e-01
-6.746838101124698062e-01
-6.746740738808225668e-01
-6.746640002476881337e-01
-6.746535822793406911e-01
-6.746428129858127454e-01
-6.746316853256801860e-01
-6.746201922195977918e-01
-6.746083265733734402e-01
-6.745960813095875919e-01
-6.745834494046508700e-01
-6.745704239261284263e-01
-6.745569980635720553e-01
-6.745431651454957267e-01
-6.745289186359288980e-01
-6.745142521064345642e-01
-6.744991591835796108e-01
-6.744836334771677766e-01
-6.744676685003473393e-01
-6.744512575978658386e-01
-6.744343939019439294e-01
-6.744170703351980434e-01
-6.743992796757957153e-01
-6.743810146911803916e-01
-6.743622683338119650e-01
-6.743430339769743709e-01
-6.743233056533701752e-01
-6.743030782473223850e-01
-6.742823475865213911e-01
-6.742611103846164466e-01
-6.742393640035058144e-01
-6.742171060338035815e-01
-6.741943337309471707e-01
-6.741710433871250796e-01
-6.741472297575100692e-01
-6.741228856835274064e-01
-6.740980020565555675e-01
-6.740725682351714765e-01
-6.740465729649959270e-01
-6.740200057560171709e-01
-6.739928585591977717e-01
-6.739651274710672935e-01
-6.739368141064019380e-01
-6.739079262417142502e-01
-6.738784773698304198e-01
-6.738484849329632320e-01
-6.738179672180418800e-01
-6.737869391837378874e-01
-6.737554078026330995e-01
-6.737233677846565794e-01
-6.736907987282848564e-01
-6.736576647536938189e-01
-6.736239174528800833e-01
-6.735895025243959777e-01
-6.735543697709440725e-01
-6.735184853090726564e-01
-6.734818440094915148e-01
-6.734444795343133006e-01
-6.734064690599277370e-01
-6.733679300455691630e-01
-6.733290073356571481e-01
-6.732898504663161754e-01
-6.732505831374882010e-01
-6.732112691111786784e-01
-6.731718808663842424e-01
-6.731322786620227427e-01
-6.730922077157630579e-01
-6.730513196029818124e-01
-6.730092205613854572e-01
-6.729655443464217512e-01
-6.729200412256559627e-01
-6.728726686369161936e-01
-6.728236642834468650e-01
-6.727735804323188296e-01
-6.727232601896163677e-01
-6.726737433277982792e-01
-6.726261008089989835e-01
-6.725812124069091569e-01
-6.725395185725584479e-01
-6.725007927173640709e-01
-6.724639896080750745e-01
-6.724272258440130434e-01
-6.723879365621311388e-01
-6.723432275052145801e-01
-6.722904048482496453e-01
-6.722276211538039670e-01
-6.721545318970864047e-01
-6.720728227621792783e-01
-6.719864537657285197e-01
-6.719014813957867593e-01
-6.718253699364847842e-01
-6.717657876191318600e-01
-6.717289941603367120e-01
-6.717180473562492926e-01
-6.717311643266550281e-01
-6.717606402774430885e-01
-6.717927274996881026e-01
-6.718087896491885536e-01
-6.717878639683960706e-01
-6.717104980479520204e-01
-6.715634102705677622e-01
-6.713442074089434053e-01
-6.710651481793218354e-01
-6.707548432852997733e-01
-6.704568975323832447e-01
-6.702248683701126364e-01
-6.701135335415651095e-01
-6.701672662344339004e-01
-6.704071859535658540e-01
-6.708195140852230010e-01
-6.713480179487435473e-01
-6.718933928058317129e-01
-6.723217789803049849e-01
-6.724833027382484119e-01
-6.722396442632121438e-01
-6.714973876856592527e-01
-6.702416511711989378e-01
-6.685627137005435427e-01
-6.666676168476651787e-01
-6.648695708237879476e-01
-6.635507891975627182e-01
-6.630990773124466608e-01
-6.638245225784459302e-01
-6.658688597245665530e-01
-6.691250757839304342e-01
-6.731872184563504335e-01
-6.773492755002412657e-01
-6.806671200554370582e-01
-6.820890504282258737e-01
-6.806487193266834712e-01
-6.756996278274043366e-01
-6.671538474876052005e-01
-6.556720264297013490e-01
-6.427426098065663895e-01
-6.305931866955659659e-01
-6.219021369319830406e-01
-6.193237557749199373e-01
-6.248940666324441784e-01
-6.394289889939833715e-01
-6.620436393488708937e-01
-6.899051548866999006e-01
-7.182928104329681096e-01
-7.410022332485285412e-01
-7.511149431498679307e-01
-7.421526240019920007e-01
-7.095988795642278468e-01
-6.526312554624567053e-01
-5.756451791724490619e-01
-4.888880932110344357e-01
-4.075098104490812445e-01
-3.487775332772873882e-01
-3.279918455143190914e-01
-3.543287076805760050e-01
-4.279858435805531380e-01
-5.395351135729090641e-01
-6.714900755697182921e-01
-8.011651214274437827e-01
-9.034714618405881303e-01
-9.528863156388213129e-01
-9.253400505181212932e-01
-8.020519384684452469e-01
-5.766838146021816547e-01
-2.637065445276834397e-01
9.830335120263282433e-02
4.542228214555185661e-01
7.486483946580325677e-01
9.404155975669643563e-01
1.007195642617966236e+00
9.423337963175010268e-01
7.522827099137989748e-01
4.591077795218762581e-01
1.037036857592446154e-01
-2.586460739536137754e-01
-5.726812022594809370e-01
-7.994943386449554490e-01
-9.242603262019751797e-01
-9.530685623189202316e-01
-9.045786387276132379e-01
-8.028230950127569487e-01
-6.733278054434569393e-01
-5.412107990238673727e-01
-4.292204493263343523e-01
-3.549453055452178041e-01
-3.279440977800658907e-01
-3.481512626255430232e-01
-4.064927874680529518e-01
-4.877163783084901838e-01
-5.745435169024585287e-01
-6.517663567686200476e-01
-7.090572135563368850e-01
-7.419429464176201527e-01
-7.511871624659537394e-01
-7.412721190054923914e-01
-7.186649756217623475e-01
-6.902908855416698408e-01
-6.623729147848890220e-01
-6.396570600378302940e-01
-6.250030876484112818e-01
-6.193200604014805766e-01
-6.218101228021071236e-01
-6.304472665817665300e-01
-6.425789682454835505e-01
-6.555217789405054507e-01
-6.670386536628321039e-01
-6.756300706663129763e-01
-6.806250964947647697e-01
-6.821038118839637399e-01
-6.807080718886153736e-01
-6.774027803222343325e-01
-6.732408465465028469e-01
-6.691694063504571854e-01
-6.658983470656041348e-01
-6.638375089189428868e-01
-6.630971486657213365e-01
-6.635377322498013930e-01
-6.648501987304517025e-01
-6.666466958598749049e-01
-6.685441535188134665e-01
-6.702280380435869933e-01
-6.714898595133478310e-01
-6.722380460960721837e-01
-6.724865264777337703e-01
-6.723281828165873497e-01
-6.719012084439879295e-01
-6.713556790537220653e-01
-6.708258696123019504e-01
-6.704115906634838806e-01
-6.701695633776239003e-01
-6.701139592213347651e-01
-6.702239130926187505e-01
-6.704551589905097808e-01
-6.707528975322168963e-01
-6.710634564965860527e-01
-6.713430657750942832e-01
-6.715629393318903739e-01
-6.717106651103427195e-01
-6.717885252224571335e-01
-6.718097403996611261e-01
-6.717937499313606509e-01
-6.717615413771145239e-01
-6.717318001210256240e-01
-6.717183328995807168e-01
-6.717289012301546069e-01
-6.717653336238493811e-01
-6.718246021008229540e-01
-6.719004600296075713e-01
-6.719852375963983881e-01
-6.720714582046953822e-01
-6.721530470073101560e-01
-6.722260240520198105e-01
-6.722886857267980076e-01
-6.723413629812446946e-01
-6.723858950776475663e-01
-6.724249729820005461e-01
-6.724614924985927722e-01
-6.724980230650724478e-01
-6.725364541758883652e-01
-6.725778373101369834e-01
-6.726224044069075703e-01
-6.726697188249047832e-01
-6.727189028145894589e-01
-6.727688857453580917e-01
-6.728186268157635430e-01
-6.728672809913450736e-01
-6.729142936654858298e-01
-6.729594248189791905e-01
-6.730027150503214983e-01
-6.730444126793634352e-01
-6.730848831593394532e-01
-6.731245200440312271e-01
-6.731636720165620202e-01
-6.732025944269927065e-01
-6.732414277269114233e-01
-6.732802001424466054e-01
-6.733188484996185386e-01
-6.733572495028489202e-01
-6.733952538154108769e-01
-6.734327166046327751e-01
-6.734695202803805403e-01
-6.735055874526594266e-01
-6.735408842256790374e-01
-6.735754155302089430e-01
-6.736092151273301853e-01
-6.736423331916140400e-01
-6.736748241075316557e-01
-6.737067364633134714e-01
-6.737381063974665629e-01
-6.737689546248080141e-01
-6.737992867792205187e-01
-6.738290962419911656e-01
-6.738583684040583277e-01
-6.738870853166875063e-01
-6.739152298641120087e-01
-6.739427888733217076e-01
-6.739697548896119716e-01
-6.739961266319939304e-01
-6.740219083591542093e-01
-6.740471085042473165e-01
-6.740717379749767701e-01
-6.740958084786603521e-01
-6.741193311439002134e-01
-6.741423155977381843e-01
-6.741647695442806176e-01
-6.741866987966003144e-01
-6.742081076495142211e-01
-6.742289994503328776e-01
-6.742493772250702788e-01
-6.742692442416121645e-01
-6.742886044294510439e-01
-6.743074626182056219e-01
-6.743258245960778163e-01
-6.743436970190753721e-01
-6.743610872194427674e-01
-6.743780029672202803e-01
-6.743944522340717951e-01
-6.744104429967054948e-01
-6.744259831019524531e-01
-6.744410802001962191e-01
-6.744557417409620115e-01
-6.744699750156017970e-01
-6.744837872277297253e-01
-6.744971855719689158e-01
-6.745101773047456062e-01
-6.745227697959829127e-01
-6.745349705563312703e-01
-6.745467872399024678e-01
-6.745582276265568167e-01
-6.745692995902754507e-01
-6.745800110609606604e-01
-6.745903699864079783e-01
-6.746003842996464162e-01
-6.746100618947531435e-01
-6.746194106121700118e-01
-6.746284382327640827e-01
-6.746371524786181073e-01
-6.746455610179405982e-01
-6.746536714714129745e-01
-6.746614914177225808e-01
-6.746690283966997326e-01
-6.746762899092785259e-01
-6.746832834142303392e-01
-6.746900163221951630e-01
-6.746964959878948287e-01
-6.747027297015372183e-01
-6.747087246803551430e-01
-6.747144880610105311e-01
-6.747200268933226663e-01
-6.747253481354810178e-01
-6.747304586506476243e-01
-6.747353652046854666e-01
-6.747400744646425697e-01
-6.747445929976199075e-01
-6.747489272696925999e-01
-6.747530836446548053e-01
-6.747570683824646309e-01
-6.747608876373756281e-01
-6.747645474558131573e-01
-6.747680537741245210e-01
-6.747714124163399774e-01
-6.747746290920767498e-01
-6.747777093946932814e-01
-6.747806587997587924e-01
-6.747834826638620109e-01
-6.747861862237412023e-01
-6.747887745957008576e-01
-6.747912527752498724e-01
-6.747936256369096997e-01
-6.747958979341339703e-01
-6.747980742993013870e-01
-6.748001592437623541e-01
-6.748021571579295719e-01
-6.748040723114175909e-01
-6.748059088532480931e-01
-6.748076708121374390e-01
-6.748093620968818040e-01
-6.748109864968530047e-01
-6.748125476826138947e-01
-6.748140492066500018e-01
-6.748154945042112995e-01
-6.748168868942544529e-01
-6.748182295804735498e-01
-6.748195256524005536e-01
-6.748207780865722594e-01
-6.748219897477457652e-01
-6.748231633901584647e-01
-6.748243016588272303e-01
-6.748254070908876745e-01
-6.748264821169643879e-01
-6.748275290625811440e-01
-6.748285501496033012e-01
-6.748295474977141772e-01
-6.748305231259240644e-01
-6.748314789541031145e-01
-6.748324168045377602e-01
-6.748333384035060112e-01
-6.748342453828628518e-01
-6.748351392816331895e-01
-6.748360215476066903e-01
-6.748368935389267298e-01
-6.748377565256784560e-01
-6.748386116914614208e-01
-6.748394601349515520e-01
-6.748403028714494711e-01
-6.748411408344056062e-01
-6.748419748769304283e-01
-6.748428057732779317e-01
-6.748436342203044669e-01
-6.748444608388995958e-01
-6.748452861753845289e-01
-6.748461107028775885e-01
-6.748469348226215914e-01
-6.748477588652710413e-01
-6.748485830921407969e-01
-6.748494076964047794e-01
-6.748502328042539355e-01
-6.748510584760051279e-01
-6.748518847071580673e-01
-6.748527114294033957e-01
-6.748535385115791430e-01
-6.748543657605710067e-01
-6.748551929221592305e-01
-6.748560196818095269e-01
-6.748568456654062686e-01
