-6.748576902586493897e-01
-6.748585506869589912e-01
-6.748594125758596851e-01
-6.748602752896272206e-01
-6.748611381399826081e-01
-6.748620003864812533e-01
-6.748628612368284818e-01
-6.748637198471290066e-01
-6.748645753220671173e-01
-6.748654267150152597e-01
-6.748662730280748923e-01
-6.748671132120510618e-01
-6.748679461663529278e-01
-6.748687707388364432e-01
-6.748695857255715413e-01
-6.748703898705509241e-01
-6.748711818653330141e-01
-6.748719603486216245e-01
-6.748727239057857874e-01
-6.748734710683212956e-01
-6.748742003132510714e-01
-6.748749100624733543e-01
-6.748755986820491604e-01
-6.748762644814392253e-01
-6.748769057126867699e-01
-6.748775205695519697e-01
-6.748781071865949110e-01
-6.748786636382145820e-01
-6.748791879376450087e-01
-6.748796780359123115e-01
-6.748801318207549027e-01
-6.748805471155147062e-01
-6.748809216779966258e-01
-6.748812531993026997e-01
-6.748815393026431630e-01
-6.748817775421221965e-01
-6.748819654015051350e-01
-6.748821002929652479e-01
-6.748821795558137548e-01
-6.748822004552168519e-01
-6.748821601809030790e-01
-6.748820558458680230e-01
-6.748818844850795751e-01
-6.748816430541956235e-01
-6.748813284282983993e-01
-6.748809374006472517e-01
-6.748804666814598452e-01
-6.748799128967177818e-01
-6.748792725870011999e-01
-6.748785422063506845e-01
-6.748777181211522702e-01
-6.748767966090536419e-01
-6.748757738579093113e-01
-6.748746459647667617e-01
-6.748734089349035514e-01
-6.748720586809241473e-01
-6.748705910219385817e-01
-6.748690016828235994e-01
-6.748672862935809480e-01
-6.748654403887903719e-01
-6.748634594071490911e-01
-6.748613386910891077e-01
-6.748590734864524654e-01
-6.748566589422220208e-01
-6.748540901103003975e-01
-6.748513619453482271e-01
-6.748484693047118732e-01
-6.748454069484806084e-01
-6.748421695397254227e-01
-6.748387516449642076e-01
-6.748351477348878413e-01
-6.748313521853595010e-01
-6.748273592786447894e-01
-6.748231632048112827e-01
-6.748187580631848093e-01
-6.748141378637496635e-01
-6.748092965283799538e-01
-6.748042278918460202e-01
-6.747989257026097976e-01
-6.747933836235361360e-01
-6.747875952327428983e-01
-6.747815540248938149e-01
-6.747752534132841484e-01
-6.747686867330113802e-01
-6.747618472454099958e-01
-6.747547281437037414e-01
-6.747473225595704838e-01
-6.747396235700232614e-01
-6.747316242037989520e-01
-6.747233174463349581e-01
-6.747146962425143446e-01
-6.747057534966739434e-01
-6.746964820699115073e-01
-6.746868747754229956e-01
-6.746769243733471422e-01
-6.746666235672273970e-01
-6.746559650045208523e-01
-6.746449412834472081e-01
-6.746335449677604013e-01
-6.746217686097111255e-01
-6.746096047797137674e-01
-6.745970460992597451e-01
-6.745840852718556491e-01
-6.745707151056599127e-01
-6.745569285214810806e-01
-6.745427185412585791e-01
-6.745280782551213994e-01
-6.745130007694462027e-01
-6.744974791434090733e-01
-6.744815063264346655e-01
-6.744650751125356170e-01
-6.744481781286165711e-01
-6.744308078713829868e-01
-6.744129568010741593e-01
-6.743946174900373736e-01
-6.743757828113770003e-01
-6.743564461395661347e-01
-6.743366015238481115e-01
-6.743162437895499073e-01
-6.742953685249838403e-01
-6.742739719242668572e-01
-6.742520504793571012e-01
-6.742296005459005315e-01
-6.742066178426640022e-01
-6.741830969768349835e-01
-6.741590311093708099e-01
-6.741344118779428740e-01
-6.741092296735976541e-01
-6.740834743184304090e-01
-6.740571361178359089e-01
-6.740302071710366771e-01
-6.740026827323850611e-01
-6.739745623428960997e-01
-6.739458504178876819e-01
-6.739165560015084599e-01
-6.738866914942577280e-01
-6.738562703255150943e-01
-6.738253037645027810e-01
-6.737937973083683030e-01
-6.737617473090333764e-01
-6.737291386460548814e-01
-6.736959442663867925e-01
-6.736621272514107250e-01
-6.736276457198716594e-01
-6.735924603517738918e-01
-6.735565436851290722e-01
-6.735198896993029871e-01
-6.734825216923213675e-01
-6.734444962338334006e-01
-6.734059011631264857e-01
-6.733668462852511194e-01
-6.733274465979890433e-01
-6.732877994506739627e-01
-6.732479587693692702e-01
-6.732079110557187551e-01
-6.731675588905879914e-01
-6.731267177628587062e-01
-6.730851308999249438e-01
-6.730425042785613821e-01
-6.729985602785110155e-01
-6.729531039460487918e-01
-6.729060913003539479e-01
-6.728576855109181798e-01
-6.728082851573051748e-01
-6.727585100979717181e-01
-6.727091353152641062e-01
-6.726609714765705572e-01
-6.726147021019759364e-01
-6.725706995747744443e-01
-6.725288534593271139e-01
-6.724884519381122416e-01
-6.724481578977417051e-01
-6.724061131461206431e-01
-6.723601865499521102e-01
-6.723083554841874365e-01
-6.722491779846706539e-01
-6.721822806326609445e-01
-6.721087613650660320e-01
-6.720313946433358332e-01
-6.719545354930160919e-01
-6.718836531250687027e-01
-6.718244842804426131e-01
-6.717818757626630166e-01
-6.717584735829215115e-01
-6.717534962574578383e-01
-6.717618824053779303e-01
-6.717741083774113608e-01
-6.717769150664467670e-01
-6.717550580593368847e-01
-6.716940084329346972e-01
-6.715833044925473283e-01
-6.714200244244707960e-01
-6.712116649031304449e-01
-6.709776250037917666e-01
-6.707485571731278684e-01
-6.705630888933773459e-01
-6.704618412848553088e-01
-6.704792355378336177e-01
-6.706342028455599680e-01
-6.709214794712221597e-01
-6.713055362932451864e-01
-6.717192268480464135e-01
-6.720688386055697627e-01
-6.722463597782319944e-01
-6.721484729433940819e-01
-6.717001991861449861e-01
-6.708794855197360851e-01
-6.697376878889118590e-01
-6.684102432953623607e-01
-6.671122286058602802e-01
-6.661152361786064624e-01
-6.657050816023265538e-01
-6.661239753273230368e-01
-6.675052503525524816e-01
-6.698125938441196192e-01
-6.727979912226264014e-01
-6.759924772188817821e-01
-6.787408984059566386e-01
-6.802862073027838852e-01
-6.799005757569061004e-01
-6.770502853340784055e-01
-6.715697936968603177e-01
-6.638094092155056858e-01
-6.547139092135588756e-01
-6.457907005183262106e-01
-6.389398150531042653e-01
-6.361450195892737192e-01
-6.390608517383991050e-01
-6.485643146495688738e-01
-6.643605870883916298e-01
-6.847323543717691585e-01
-7.065044539142603108e-01
-7.252703429287107317e-01
-7.359062925457888760e-01
-7.333835134771816699e-01
-7.138570266226699212e-01
-6.759281057782684510e-01
-6.218276120086517755e-01
-5.580984130923334341e-01
-4.952950197638630869e-01
-4.464071816327224163e-01
-4.241615766568098134e-01
-4.378643411494822502e-01
-4.907210575980633926e-01
-5.784296938435486979e-01
-6.893279598720833956e-01
-8.057219624407576664e-01
-9.056074606372854774e-01
-9.642362845894383305e-01
-9.559914772596527222e-01
-8.581928301203374243e-01
-6.583492181854273539e-01
-3.636706813633688307e-01
-7.217958638462479946e-03
3.563392624949349718e-01
6.660310243691991428e-01
8.719309661058260996e-01
9.442179784633857320e-01
8.733592090147958009e-01
6.686946563392288656e-01
3.598323189738429906e-01
-3.477812854652568165e-03
-3.602990745221388291e-01
-6.558091118025506372e-01
-8.566870277182087046e-01
-9.554807261520873451e-01
-9.645307547767838496e-01
-9.064568831729242770e-01
-8.068698299948938724e-01
-6.905362084675670253e-01
-5.794935539549020964e-01
-4.914857790782592439e-01
-4.382425534448000648e-01
-4.241430548881812146e-01
-4.460539741364979438e-01
-4.947209421947302288e-01
-5.574384639026453980e-01
-6.212066908777318375e-01
-6.754379102979780614e-01
-7.135457465215764294e-01
-7.332576094764508001e-01
-7.359401316666007720e-01
-7.254188351579926586e-01
-7.067151735583955263e-01
-6.849553779585804136e-01
-6.645554753415348070e-01
-6.487041904591543950e-01
-6.391337063930997431e-01
-6.361525375845517027e-01
-6.388942538044927177e-01
-6.457106192048049920e-01
-6.546196737409865074e-01
-6.637193237680174551e-01
-6.714974408934109018e-01
-6.770032953003080056e-01
-6.798807096096989300e-01
-6.802904168784398298e-01
-6.787629353972106649e-01
-6.760246462023635772e-01
-6.728327273350976911e-01
-6.698436566615535437e-01
-6.675284350747550111e-01
-6.661373376343445729e-01
-6.657087470624531989e-01
-6.661109146976632589e-01
-6.671025766118234834e-01
-6.683982117095418340e-01
-6.697259671930946290e-01
-6.708701187924773768e-01
-6.716943898146164882e-01
-6.721465747442755267e-01
-6.722480094304015275e-01
-6.720731759095579516e-01
-6.717251465288835988e-01
-6.713119229701470791e-01
-6.709273912988562572e-01
-6.706389855124207378e-01
-6.704825637097691082e-01
-6.704636969859706364e-01
-6.705636944453096104e-01
-6.707482838057686747e-01
-6.709768975390042467e-01
-6.712108790159327931e-01
-6.714194872353154153e-01
-6.715832030004210695e-01
-6.716944047106773175e-01
-6.717559059814517397e-01
-6.717780909873284356e-01
-6.717754476017027132e-01
-6.717632141808083102e-01
-6.717546718950363482e-01
-6.717593846412486247e-01
-6.717824615408454214e-01
-6.718247297788590977e-01
-6.718835799320409530e-01
-6.719541886641833273e-01
-6.720308286132053999e-01
-6.721080274123359954e-01
-6.721814176058880097e-01
-6.722482070819681965e-01
-6.723072790409484467e-01
-6.723589901431589189e-01
-6.724047699348556506e-01
-6.724466339934970227e-01
-6.724867116975106196e-01
-6.725268638497596818e-01
-6.725684331030034047e-01
-6.726121381435236080e-01
-6.726580961412714776e-01
-6.727059401942616645e-01
-6.727549903447708202e-01
-6.728044373652921628e-01
-6.728535057818171294e-01
-6.729015737805308373e-01
-6.729482399704325157e-01
-6.729933381318564667e-01
-6.730369094804905528e-01
-6.730791468547285827e-01
-6.731203265898274557e-01
-6.731607422611048941e-01
-6.732006509000025840e-01
-6.732402377669862714e-01
-6.732796012731774304e-01
-6.733187559198136052e-01
-6.733576486138207473e-01
-6.733961825581189498e-01
-6.734342429889503823e-01
-6.734717200435059725e-01
-6.735085256054031966e-01
-6.735446027052837126e-01
-6.735799276226834831e-01
-6.736145060189440148e-01
-6.736483651205539269e-01
-6.736815441665420234e-01
-6.737140851138319064e-01
-6.737460250925658700e-01
-6.737773914678569787e-01
-6.738081997319267380e-01
-6.738384539260452444e-01
-6.738681489378407496e-01
-6.738972738563694387e-01
-6.739258155783154347e-01
-6.739537620020810138e-01
-6.739811043679959646e-01
-6.740078385474720379e-01
-6.740339653054331359e-01
-6.740594897269699404e-01
-6.740844200955334875e-01
-6.741087665360541159e-01
-6.741325397038406830e-01
-6.741557497278497513e-01
-6.741784055261579311e-01
-6.742005145216872775e-01
-6.742220827122985538e-01
-6.742431150001327866e-01
-6.742636156631636180e-01
-6.742835888547933365e-01
-6.743030390388458084e-01
-6.743219712995633941e-01
-6.743403915013098660e-01
-6.743583063040226033e-01
-6.743757230635841760e-01
-6.743926496591546860e-01
-6.744090942922688070e-01
-6.744250652969971949e-01
-6.744405709895298084e-01
-6.744556195722591907e-01
-6.744702190946494369e-01
-6.744843774629111222e-01
-6.744981024839962203e-01
-6.745114019268894090e-01
-6.745242835851663621e-01
-6.745367553283189155e-01
-6.745488251342152131e-01
-6.745605011001440943e-01
-6.745717914342297394e-01
-6.745827044320326094e-01
-6.745932484446391930e-01
-6.746034318445851552e-01
-6.746132629948761172e-01
-6.746227502246215924e-01
-6.746319018128427158e-01
-6.746407259802259526e-01
-6.746492308872881205e-01
-6.746574246366712213e-01
-6.746653152771329154e-01
-6.746729108071097825e-01
-6.746802191763510148e-01
-6.746872482848615959e-01
-6.746940059791020072e-01
-6.747005000459321833e-01
-6.747067382051207263e-01
-6.747127281013349798e-01
-6.747184772964360810e-01
-6.747239932626867276e-01
-6.747292833771950660e-01
-6.747343549176456623e-01
-6.747392150591553506e-01
-6.747438708719595279e-01
-6.747483293195845055e-01
-6.747525972571956077e-01
-6.747566814298892046e-01
-6.747605884708086643e-01
-6.747643248990575771e-01
-6.747678971174700946e-01
-6.747713114103471854e-01
-6.747745739412782662e-01
-6.747776907511577882e-01
-6.747806677564689437e-01
-6.747835107478753480e-01
-6.747862253891107054e-01
-6.747888172161374820e-01
-6.747912916365284008e-01
-6.747936539290161351e-01
-6.747959092431757844e-01
-6.747980625992058279e-01
-6.748001188877984502e-01
-6.748020828700980189e-01
-6.748039591777617030e-01
-6.748057523131355540e-01
-6.748074666495538221e-01
-6.748091064317757182e-01
-6.748106757765546249e-01
-6.748121786733370930e-01
-6.748136189850795219e-01
-6.748150004491645371e-01
-6.748163266784126257e-01
-6.748176011621729309e-01
-6.748188272674811028e-01
-6.748200082402848743e-01
-6.748211472067352501e-01
-6.748222471745397577e-01
-6.748233110343809793e-01
-6.748243415613952578e-01
-6.748253414167159070e-01
-6.748263131490704891e-01
-6.748272591964300515e-01
-6.748281818877004401e-01
-6.748290834444522490e-01
-6.748299659826769714e-01
-6.748308315145689074e-01
-6.748316819503205055e-01
-6.748325190999336920e-01
-6.748333446750387488e-01
-6.748341602907206305e-01
-6.748349674673516096e-01
-6.748357676324236998e-01
-6.748365621223815225e-01
-6.748373521844494016e-01
-6.748381389784516848e-01
-6.748389235786180773e-01
-6.748397069753747646e-01
-6.748404900771137749e-01
-6.748412737119332538e-01
-6.748420586293526480e-01
-6.748428455019929162e-01
-6.748436349272238788e-01
-6.748444274287688227e-01
-6.748452234582772435e-01
-6.748460233968475164e-01
-6.748468275565105978e-01
-6.748476361816653224e-01
-6.748484494504642939e-01
-6.748492674761498167e-01
-6.748500903083374247e-01
-6.748509179342393471e-01
-6.748517502798377921e-01
-6.748525872109930601e-01
-6.748534285344932604e-01
-6.748542739990415207e-01
-6.748551232961775836e-01
-6.748559760611380076e-01
-6.748568318736483107e-01
