-6.748572130450795070e-01
-6.748581392493724351e-01
-6.748590723086752563e-01
-6.748600115366757413e-01
-6.748609562026092190e-01
-6.748619055316611437e-01
-6.748628587052831751e-01
-6.748638148614295451e-01
-6.748647730947079371e-01
-6.748657324564506510e-01
-6.748666919547015031e-01
-6.748676505541216786e-01
-6.748686071758146499e-01
-6.748695606970713801e-01
-6.748705099510379224e-01
-6.748714537263019730e-01
-6.748723907664050392e-01
-6.748733197692754482e-01
-6.748742393865920786e-01
-6.748751482230719301e-01
-6.748760448356870834e-01
-6.748769277328154903e-01
-6.748777953733187118e-01
-6.748786461655602587e-01
-6.748794784663572077e-01
-6.748802905798718665e-01
-6.748810807564428194e-01
-6.748818471913590189e-01
-6.748825880235801433e-01
-6.748833013344044396e-01
-6.748839851460874950e-01
-6.748846374204119369e-01
-6.748852560572179415e-01
-6.748858388928916652e-01
-6.748863836988178155e-01
-6.748868881798008035e-01
-6.748873499724602487e-01
-6.748877666435973977e-01
-6.748881356885420013e-01
-6.748884545294826509e-01
-6.748887205137794609e-01
-6.748889309122604319e-01
-6.748890829175121508e-01
-6.748891736421550602e-01
-6.748892001171167276e-01
-6.748891592899062264e-01
-6.748890480228911803e-01
-6.748888630915914622e-01
-6.748886011829906550e-01
-6.748882588938812654e-01
-6.748878327292459067e-01
-6.748873191006869998e-01
-6.748867143249065448e-01
-6.748860146222385170e-01
-6.748852161152342211e-01
-6.748843148272951620e-01
-6.748833066813488823e-01
-6.748821874985613256e-01
-6.748809529970841714e-01
-6.748795987908381422e-01
-6.748781203883406077e-01
-6.748765131915991367e-01
-6.748747724950908689e-01
-6.748728934848610139e-01
-6.748708712377764485e-01
-6.748687007209581701e-01
-6.748663767914162559e-01
-6.748638941958907678e-01
-6.748612475708852809e-01
-6.748584314428586195e-01
-6.748554402285286136e-01
-6.748522682352265933e-01
-6.748489096612488858e-01
-6.748453585961593504e-01
-6.748416090210276330e-01
-6.748376548086206794e-01
-6.748334897236117902e-01
-6.748291074229156861e-01
-6.748245014562866961e-01
-6.748196652673477125e-01
-6.748145921952136694e-01
-6.748092754768394430e-01
-6.748037082501611161e-01
-6.747978835580057400e-01
-6.747917943526233753e-01
-6.747854335005522008e-01
-6.747787937874170083e-01
-6.747718679221613725e-01
-6.747646485402213345e-01
-6.747571282052183816e-01
-6.747492994089964169e-01
-6.747411545701624824e-01
-6.747326860317423014e-01
-6.747238860590293319e-01
-6.747147468390998215e-01
-6.747052604836595302e-01
-6.746954190367342452e-01
-6.746852144881769764e-01
-6.746746387929839495e-01
-6.746636838950889059e-01
-6.746523417528904609e-01
-6.746406043625159388e-01
-6.746284637741492007e-01
-6.746159120969634770e-01
-6.746029414895386989e-01
-6.745895441351369426e-01
-6.745757122045366039e-01
-6.745614378128163002e-01
-6.745467129796852701e-01
-6.745315296048691733e-01
-6.745158794698312699e-01
-6.744997542743490504e-01
-6.744831457110967987e-01
-6.744660455740427718e-01
-6.744484458882700206e-01
-6.744303390413216581e-01
-6.744117178910861155e-01
-6.743925758240525425e-01
-6.743729067415336065e-01
-6.743527049603673662e-01
-6.743319650280569233e-01
-6.743106814686502526e-01
-6.742888484927324066e-01
-6.742664597198958498e-01
-6.742435079721300628e-01
-6.742199851989807424e-01
-6.741958825878491268e-01
-6.741711908938854414e-01
-6.741459009932989632e-01
-6.741200046228927878e-01
-6.740934952208230690e-01
-6.740663687353372069e-01
-6.740386242288584073e-01
-6.740102640859390037e-01
-6.739812936478977168e-01
-6.739517201551118442e-01
-6.739215509851038677e-01
-6.738907913261263927e-01
-6.738594416041905344e-01
-6.738274951542054803e-01
-6.737949367486844032e-01
-6.737617426204730586e-01
-6.737278824949086697e-01
-6.736933238572805349e-01
-6.736580382330703554e-01
-6.736220087052761096e-01
-6.735852373357378298e-01
-6.735477507330589475e-01
-6.735096018691354436e-01
-6.734708665189236276e-01
-6.734316334513879010e-01
-6.733919887018211536e-01
-6.733519957527969169e-01
-6.733116749680904123e-01
-6.732709867990802621e-01
-6.732298237327078994e-01
-6.731880153582552317e-01
-6.731453491458992966e-01
-6.731016066482768956e-01
-6.730566112397391443e-01
-6.730102798473818204e-01
-6.729626682330558385e-01
-6.729139981110736635e-01
-6.728646554169751548e-01
-6.728151526956556161e-01
-6.727660546488747340e-01
-6.727178735852525904e-01
-6.726709495376649306e-01
-6.726253365042809129e-01
-6.725807199416679039e-01
-6.725363899179604976e-01
-6.724912885036260501e-01
-6.724441392256017558e-01
-6.723936519272531998e-01
-6.723387802572462491e-01
-6.722789939762535694e-01
-6.722145172487034026e-01
-6.721464797275460423e-01
-6.720769314561411134e-01
-6.720086862190316479e-01
-6.719449804809404236e-01
-6.718889646093999524e-01
-6.718430765542398042e-01
-6.718083813358523004e-01
-6.717839875061124566e-01
-6.717666685919161385e-01
-6.717508177142199610e-01
-6.717288419415758938e-01
-6.716920558262806651e-01
-6.716320601193359607e-01
-6.715424953720349199e-01
-6.714209504376856819e-01
-6.712706991714993965e-01
-6.711018580306272741e-01
-6.709315305477925317e-01
-6.707825595604938185e-01
-6.706806654626091824e-01
-6.706500141023401529e-01
-6.707076133752526426e-01
-6.708573365329170146e-01
-6.710847377976940642e-01
-6.713540661023843503e-01
-6.716088938364851435e-01
-6.717774731663764820e-01
-6.717832673110232244e-01
-6.715600982742594427e-01
-6.710701120478824722e-01
-6.703214889740009008e-01
-6.693818099077741834e-01
-6.683825692406883956e-01
-6.675108284193981278e-01
-6.669856380487015901e-01
-6.670196099459446692e-01
-6.677695781967722954e-01
-6.692840295484804303e-01
-6.714580755698549286e-01
-6.740083142462049981e-01
-6.764792818521253581e-01
-6.782899236317526670e-01
-6.788225561051066670e-01
-6.775484398017641574e-01
-6.741740326991975119e-01
-6.687816248424468535e-01
-6.619297387102250907e-01
-6.546758299509333190e-01
-6.484901108695200200e-01
-6.450468989974759149e-01
-6.459072755460696369e-01
-6.521378860994152538e-01
-6.639361575706660412e-01
-6.803436598276754177e-01
-6.991238458550506074e-01
-7.168623164934807557e-01
-7.293255599728862837e-01
-7.320923087095688730e-01
-7.214420489743136322e-01
-6.954264731700476876e-01
-6.549441502682051830e-01
-6.045050270474490173e-01
-5.522878518908003187e-01
-5.091712301834281362e-01
-4.867112054974142565e-01
-4.944531684593877485e-01
-5.372877010063710213e-01
-6.135894669610822971e-01
-7.145671720906607849e-01
-8.247403347568367238e-01
-9.230528815451979341e-01
-9.842306565816822950e-01
-9.808012494054618724e-01
-8.872892154999417746e-01
-6.881382997507812238e-01
-3.883028685507040612e-01
-2.065305453506481939e-02
3.577251032444661583e-01
6.817957835648484899e-01
8.978670433194114731e-01
9.738374691924384097e-01
8.994642962160245281e-01
6.847709800353716236e-01
3.616150540688497506e-01
-1.651176305081929543e-02
-3.846046905512154890e-01
-6.853925268850931118e-01
-8.857021530870295978e-01
-9.803053502828030785e-01
-9.845942044098364709e-01
-9.239843454076799301e-01
-8.259509433280580737e-01
-7.158001821207496951e-01
-6.146367819168727653e-01
-5.380050754845319139e-01
-4.947726733238403396e-01
-4.866440423349717159e-01
-5.087961386373390793e-01
-5.517263253822886071e-01
-6.038900618871427817e-01
-6.543915028485963736e-01
-6.950155944695018961e-01
-7.212093868538368424e-01
-7.320351885684465154e-01
-7.294124569572604244e-01
-7.170453112192198830e-01
-6.993503439359054497e-01
-6.805658419076129340e-01
-6.641175268841257306e-01
-6.522567338986186014e-01
-6.459571683893980953e-01
-6.450345966887429672e-01
-6.484316536105934059e-01
-6.545917738387654339e-01
-6.618405573456903612e-01
-6.687041027536796411e-01
-6.741191217935786906e-01
-6.775206549649527288e-01
-6.788206636331641786e-01
-6.783084884167729367e-01
-6.765105900921255522e-01
-6.740442440944224289e-01
-6.714916036625980800e-01
-6.693101982990429244e-01
-6.677858802553621187e-01
-6.670258549330894127e-01
-6.669834416727004056e-01
-6.675029000185285222e-01
-6.683719714328798522e-01
-6.693713305634961808e-01
-6.703132132649451957e-01
-6.710652248613236948e-01
-6.715588972258017542e-01
-6.717853321591097382e-01
-6.717819216910015934e-01
-6.716146556626084729e-01
-6.713601199358334437e-01
-6.710902782281146228e-01
-6.708618583110124156e-01
-6.707109195078253538e-01
-6.706521665884597194e-01
-6.706819031680105736e-01
-6.707832072555389713e-01
-6.709319182001552972e-01
-6.711022621824737078e-01
-6.712713106963490439e-01
-6.714218667390590145e-01
-6.715437310432774698e-01
-6.716335684238086134e-01
-6.716937537182001705e-01
-6.717306330441658035e-01
-6.717526099332699063e-01
-6.717683852094938901e-01
-6.717855722374025396e-01
-6.718097987659742421e-01
-6.718443096457846764e-01
-6.718900107711617276e-01
-6.719458472510361213e-01
-6.720093871534441599e-01
-6.720774824660123992e-01
-6.721468959275498367e-01
-6.722148103429438359e-01
-6.722791702523100987e-01
-6.723388393091926929e-01
-6.723935862296703814e-01
-6.724439346117464522e-01
-6.724909254757606147e-01
-6.725358455743076780e-01
-6.725799701881405301e-01
-6.726243581671007554e-01
-6.726697220223833984e-01
-6.727163798319819588e-01
-6.727642812861682753e-01
-6.728130894587202038e-01
-6.728622940320296841e-01
-6.729113309285755795e-01
-6.729596869059027986e-01
-6.730069743007545124e-01
-6.730529690855130420e-01
-6.730976130850959693e-01
-6.731409872826970009e-01
-6.731832668250883334e-01
-6.732246694093348971e-01
-6.732654074991604176e-01
-6.733056519565161491e-01
-6.733455110312706049e-01
-6.733850250577242402e-01
-6.734241743140677583e-01
-6.734628956974230141e-01
-6.735011032536435405e-01
-6.735387080317296604e-01
-6.735756338952972877e-01
-6.736118274357620894e-01
-6.736472616311968142e-01
-6.736819341043150944e-01
-6.737158615958787067e-01
-6.737490725516160905e-01
-6.737815995870504171e-01
-6.738134731739622296e-01
-6.738447173352332120e-01
-6.738753475795473680e-01
-6.739053708555827749e-01
-6.739347870120804274e-01
-6.739635911261118162e-01
-6.739917760829764459e-01
-6.740193349133380973e-01
-6.740462625663148355e-01
-6.740725569764868252e-01
-6.740982194355450430e-01
-6.741232543875049776e-01
-6.741476688252497906e-01
-6.741714714807397479e-01
-6.741946719823598277e-01
-6.742172801132594318e-01
-6.742393052560178290e-01
-6.742607560609481521e-01
-6.742816403342032361e-01
-6.743019651111857860e-01
-6.743217368618930063e-01
-6.743409617673705725e-01
-6.743596460088966404e-01
-6.743777960215742162e-01
-6.743954186789545835e-01
-6.744125213923053419e-01
-6.744291121244417875e-01
-6.744451993314486415e-01
-6.744607918545458825e-01
-6.744758987881624979e-01
-6.744905293491749720e-01
-6.745046927672407877e-01
-6.745183982087087360e-01
-6.745316547384240247e-01
-6.745444713163837314e-01
-6.745568568208287763e-01
-6.745688200865248563e-01
-6.745803699467427528e-01
-6.745915152693012784e-01
-6.746022649802330129e-01
-6.746126280723000468e-01
-6.746226135989421557e-01
-6.746322306567479332e-01
-6.746414883608912172e-01
-6.746503958182149541e-01
-6.746589621019856153e-01
-6.746671962310925030e-01
-6.746751071550427525e-01
-6.746827037447867825e-01
-6.746899947884174020e-01
-6.746969889902275641e-01
-6.747036949714602105e-01
-6.747101212712806051e-01
-6.747162763468753655e-01
-6.747221685720719009e-01
-6.747278062343035065e-01
-6.747331975301114060e-01
-6.747383505595923037e-01
-6.747432733202950450e-01
-6.747479737010644296e-01
-6.747524594762455141e-01
-6.747567383005280695e-01
-6.747608177045901767e-01
-6.747647050915650535e-01
-6.747684077342670506e-01
-6.747719327730454797e-01
-6.747752872141034031e-01
-6.747784779281223999e-01
-6.747815116490512022e-01
-6.747843949729489532e-01
-6.747871343568253577e-01
-6.747897361174575170e-01
-6.747922064302001033e-01
-6.747945513278335028e-01
-6.747967766995069949e-01
-6.747988882898368068e-01
-6.748008916982076721e-01
-6.748027923783148641e-01
-6.748045956379554733e-01
-6.748063066390714848e-01
-6.748079303980207833e-01
-6.748094717860473324e-01
-6.748109355299209966e-01
-6.748123262127128097e-01
-6.748136482746823761e-01
-6.748149060142567546e-01
-6.748161035890957171e-01
-6.748172450172352788e-01
-6.748183341783162703e-01
-6.748193748149028393e-01
-6.748203705338930991e-01
-6.748213248080274784e-01
-6.748222409774955466e-01
-6.748231222516383188e-01
-6.748239717107382685e-01
-6.748247923078948274e-01
-6.748255868709693850e-01
-6.748263581045925719e-01
-6.748271085922289414e-01
-6.748278407982812865e-01
-6.748285570702359237e-01
-6.748292596408405064e-01
-6.748299506303088169e-01
-6.748306320485492060e-01
-6.748313057974120177e-01
-6.748319736729578855e-01
-6.748326373677363543e-01
-6.748332984730757156e-01
-6.748339584813769498e-01
-6.748346187884101122e-01
-6.748352806956048333e-01
-6.748359454123331602e-01
-6.748366140581784078e-01
-6.748372876651858032e-01
-6.748379671800878166e-01
-6.748386534665061776e-01
-6.748393473071208071e-01
-6.748400494058065524e-01
-6.748407603897285112e-01
-6.748414808113979424e-01
-6.748422111506859888e-01
-6.748429518167886609e-01
-6.748437031501415273e-01
-6.748444654242830021e-01
-6.748452388476611219e-01
-6.748460235653822581e-01
-6.748468196608994329e-01
-6.748476271576370200e-01
-6.748484460205506075e-01
-6.748492761576178056e-01
-6.748501174212605536e-01
-6.748509696096941513e-01
-6.748518324682079017e-01
-6.748527056903637078e-01
-6.748535889191252801e-01
-6.748544817479062985e-01
-6.748553837215408580e-01
-6.748562943371759770e-01
