-6.748574773334622412e-01
-6.748583762346642700e-01
-6.748592799185068047e-01
-6.748601877194599918e-01
-6.748610989240949598e-01
-6.748620127714795025e-01
-6.748629284534947148e-01
-6.748638451150765771e-01
-6.748647618543806015e-01
-6.748656777228683179e-01
-6.748665917253174884e-01
-6.748675028197578252e-01
-6.748684099173281048e-01
-6.748693118820606740e-01
-6.748702075305913484e-01
-6.748710956317964804e-01
-6.748719749063560869e-01
-6.748728440262499184e-01
-6.748737016141815870e-01
-6.748745462429384112e-01
-6.748753764346839823e-01
-6.748761906601887794e-01
-6.748769873379985018e-01
-6.748777648335397839e-01
-6.748785214581695113e-01
-6.748792554681637412e-01
-6.748799650636519987e-01
-6.748806483874991713e-01
-6.748813035241338909e-01
-6.748819284983336164e-01
-6.748825212739639756e-01
-6.748830797526802483e-01
-6.748836017725935443e-01
-6.748840851069028979e-01
-6.748845274625032697e-01
-6.748849264785583557e-01
-6.748852797250493030e-01
-6.748855847012963372e-01
-6.748858388344598502e-01
-6.748860394780146210e-01
-6.748861839102150428e-01
-6.748862693325474726e-01
-6.748862928681845785e-01
-6.748862515604457935e-01
-6.748861423712758656e-01
-6.748859621797367314e-01
-6.748857077805234805e-01
-6.748853758824914228e-01
-6.748849631071994759e-01
-6.748844659874588814e-01
-6.748838809658932458e-01
-6.748832043935100167e-01
-6.748824325283063752e-01
-6.748815615339240903e-01
-6.748805874783824210e-01
-6.748795063329143806e-01
-6.748783139709197965e-01
-6.748770061670347209e-01
-6.748755785962999854e-01
-6.748740268333893733e-01
-6.748723463518485621e-01
-6.748705325233028685e-01
-6.748685806166008216e-01
-6.748664857969044473e-01
-6.748642431247839912e-01
-6.748618475554134521e-01
-6.748592939380141376e-01
-6.748565770156760291e-01
-6.748536914256805241e-01
-6.748506317003580834e-01
-6.748473922684132820e-01
-6.748439674565265278e-01
-6.748403514909389056e-01
-6.748365384986876325e-01
-6.748325225081718282e-01
-6.748282974488731822e-01
-6.748238571502668259e-01
-6.748191953402447041e-01
-6.748143056436347598e-01
-6.748091815816001926e-01
-6.748038165727366922e-01
-6.747982039365190143e-01
-6.747923368993420379e-01
-6.747862086028483253e-01
-6.747798121135798466e-01
-6.747731404324353033e-01
-6.747661865021067351e-01
-6.747589432107524710e-01
-6.747514033907399122e-01
-6.747435598123029399e-01
-6.747354051732803448e-01
-6.747269320874648146e-01
-6.747181330751074180e-01
-6.747090005595313134e-01
-6.746995268732572937e-01
-6.746897042755213292e-01
-6.746795249807125971e-01
-6.746689811944696080e-01
-6.746580651515697857e-01
-6.746467691480579898e-01
-6.746350855598568508e-01
-6.746230068418275216e-01
-6.746105255048168159e-01
-6.745976340731718590e-01
-6.745843250305357808e-01
-6.745705907662042922e-01
-6.745564235366325878e-01
-6.745418154558161516e-01
-6.745267585238486907e-01
-6.745112446954326657e-01
-6.744952659807781359e-01
-6.744788145622436781e-01
-6.744618829035640140e-01
-6.744444638267047543e-01
-6.744265505355416801e-01
-6.744081365756033897e-01
-6.743892157334412385e-01
-6.743697818946976508e-01
-6.743498288927494144e-01
-6.743293503860267046e-01
-6.743083397989515504e-01
-6.742867903483192871e-01
-6.742646951558448620e-01
-6.742420474233001837e-01
-6.742188406257672018e-01
-6.741950686679765159e-01
-6.741707259538746166e-01
-6.741458073421722208e-01
-6.741203079975084389e-01
-6.740942231894355707e-01
-6.740675481271289904e-01
-6.740402779325238569e-01
-6.740124078370014482e-01
-6.739839336320345708e-01
-6.739548523178643391e-01
-6.739251627935708422e-01
-6.738948663444097598e-01
-6.738639666410148887e-01
-6.738324690004250384e-01
-6.738003787889038643e-01
-6.737676990673551192e-01
-6.737344278599326497e-01
-6.737005557047133220e-01
-6.736660643403848958e-01
-6.736309274075505948e-01
-6.735951138269423710e-01
-6.735585940308168595e-01
-6.735213485032692793e-01
-6.734833772414797748e-01
-6.734447079665949465e-01
-6.734054004215374034e-01
-6.733655441280389509e-01
-6.733252477138207404e-01
-6.732846194174745280e-01
-6.732437405100135663e-01
-6.732026358096628860e-01
-6.731612476925056265e-01
-6.731194213780941071e-01
-6.730769091596663367e-01
-6.730333991789068104e-01
-6.729885701745995652e-01
-6.729421676994128410e-01
-6.728940904835761794e-01
-6.728444693183319725e-01
-6.727937167517773487e-01
-6.727425257605839093e-01
-6.726918006991510213e-01
-6.726425146892830442e-01
-6.725955034119772691e-01
-6.725512237686342987e-01
-6.725095235048565989e-01
-6.724694801311983383e-01
-6.724293697044421148e-01
-6.723868145678354447e-01
-6.723391324191340113e-01
-6.722838686443626255e-01
-6.722194450092150442e-01
-6.721458094411160156e-01
-6.720649352911972629e-01
-6.719810063828643987e-01
-6.719001466362541919e-01
-6.718296154517243712e-01
-6.717764899623710484e-01
-6.717459808447798775e-01
-6.717396581621594143e-01
-6.717539688665351560e-01
-6.717794764143210084e-01
-6.718012173921242836e-01
-6.718004331438337529e-01
-6.717576972969373506e-01
-6.716571470486728535e-01
-6.714911857181091737e-01
-6.712647257707223813e-01
-6.709978660772926151e-01
-6.707259219325936161e-01
-6.704960062102960361e-01
-6.703599072833584804e-01
-6.703637774330756249e-01
-6.705360222691738592e-01
-6.708755974550593137e-01
-6.713434710800630922e-01
-6.718601011432780989e-01
-6.723112609507984061e-01
-6.725633660363161681e-01
-6.724876828844649213e-01
-6.719906404201169137e-01
-6.710452688500637697e-01
-6.697170278472304172e-01
-6.681764993233388905e-01
-6.666921234168611266e-01
-6.655986831728496478e-01
-6.652415655745691492e-01
-6.659024160031179473e-01
-6.677176267958905287e-01
-6.706058076797998257e-01
-6.742226545619388611e-01
-6.779605353476718665e-01
-6.810053133781085455e-01
-6.824546292500101030e-01
-6.814905689732130289e-01
-6.775861020399311929e-01
-6.707102304675367499e-01
-6.614842189946645856e-01
-6.512353314171783758e-01
-6.419011349764000007e-01
-6.357609949165974328e-01
-6.350106378789495132e-01
-6.412414528725958185e-01
-6.549235209116962553e-01
-6.750062688534240740e-01
-6.987384348380343280e-01
-7.217782093248098496e-01
-7.386319037083515227e-01
-7.434367896293820888e-01
-7.310801862577059884e-01
-6.985846749811061018e-01
-6.465483419269685283e-01
-5.802235431011029121e-01
-5.096663404442921541e-01
-4.484786482121429496e-01
-4.110962919513842517e-01
-4.092023223751756200e-01
-4.483171632718663813e-01
-5.256405773471214404e-01
-6.297562482890987079e-01
-7.420672374766681401e-01
-8.392011745041962900e-01
-8.955916099689600340e-01
-8.862322893619714037e-01
-7.906650894882787384e-01
-5.992360642290073258e-01
-3.203846052749130258e-01
1.576387706219816928e-02
3.628409635387283561e-01
6.723997571009991958e-01
9.085239132540903206e-01
1.053310579156708338e+00
1.101993472807632823e+00
1.054334292852136423e+00
9.105635738756490127e-01
6.753572853175017210e-01
3.664363476409860376e-01
1.952725270946380556e-02
-3.169963959330890368e-01
-5.966599314542160304e-01
-7.891147803686250350e-01
-8.856940428171338198e-01
-8.958936363416792892e-01
-8.400920082317561155e-01
-7.432696940566262400e-01
-6.310003369745382784e-01
-5.266907101762972054e-01
-4.490005237670153804e-01
-4.094328786080747018e-01
-4.108841067653885570e-01
-4.479181952222062724e-01
-5.089058581529074532e-01
-5.794249382652613134e-01
-6.458502551991528451e-01
-6.980787089112429067e-01
-7.308037446192813258e-01
-7.433795320338653090e-01
-7.387496975075346084e-01
-7.220089285797236522e-01
-6.990161379534073349e-01
-6.752722752180781995e-01
-6.551339517927254885e-01
-6.413711459524454872e-01
-6.350535210315434442e-01
-6.357273263379313866e-01
-6.418124645526193106e-01
-6.511184049301109722e-01
-6.613651367752392263e-01
-6.706099295069806177e-01
-6.775177548825092044e-01
-6.814589655840065374e-01
-6.824571925755671398e-01
-6.810341747822915570e-01
-6.780050541419083698e-01
-6.742718492088629612e-01
-6.706503124602757326e-01
-6.677509523732627628e-01
-6.659214500421335448e-01
-6.652463850180241334e-01
-6.655918504962198279e-01
-6.666776950548350955e-01
-6.681589813593646898e-01
-6.697004770293247811e-01
-6.710326699219314461e-01
-6.719836123306950348e-01
-6.724864946461978077e-01
-6.725671906459735894e-01
-6.723185685626789088e-01
-6.718690897697248143e-01
-6.713524492076448080e-01
-6.708832607262660286e-01
-6.705415982255824581e-01
-6.703670417738173404e-01
-6.703610975131377714e-01
-6.704956714437897425e-01
-6.707247506565434669e-01
-6.709965283588921192e-01
-6.712637554987105348e-01
-6.714909152256353098e-01
-6.716576939128111601e-01
-6.717589934692622666e-01
-6.718022810070929385e-01
-6.718033559713775249e-01
-6.717816430756257118e-01
-6.717559461955513456e-01
-6.717413009692135839e-01
-6.717472231836231211e-01
-6.717773358146831297e-01
-6.718301188850896999e-01
-6.719003877682284687e-01
-6.719810686758327378e-01
-6.720648880463404584e-01
-6.721456973865267415e-01
-6.722192850492397787e-01
-6.722836524722840545e-01
-6.723388329387326445e-01
-6.723863939084354646e-01
-6.724287869209928381e-01
-6.724686972688548314e-01
-6.725085093839781036e-01
-6.725499554538224567e-01
-6.725939657682389328e-01
-6.726406986622116557e-01
-6.726897009991896770e-01
-6.727401385330695760e-01
-6.727910376376299295e-01
-6.728414921144165728e-01
-6.728908064413459122e-01
-6.729385653800254996e-01
-6.729846357141946456e-01
-6.730291168013041725e-01
-6.730722617904821847e-01
-6.731143912480067604e-01
-6.731558168550726418e-01
-6.731967865325763078e-01
-6.732374555246485315e-01
-6.732778820302303124e-01
-6.733180417958249953e-01
-6.733578540090368048e-01
-6.733972107201606772e-01
-6.734360033925517186e-01
-6.734741424048674707e-01
-6.735115677616356766e-01
-6.735482513958958029e-01
-6.735841929413322049e-01
-6.736194115889251322e-01
-6.736539366794975781e-01
-6.736877991956081724e-01
-6.737210255377477086e-01
-6.737536341311671784e-01
-6.737856346932968865e-01
-6.738170295081817862e-01
-6.738478158383821581e-01
-6.738779886278225550e-01
-6.739075428411673840e-01
-6.739364750600429499e-01
-6.739647842330097616e-01
-6.739924716948324512e-01
-6.740195406997446792e-01
-6.740459957492349607e-01
-6.740718419550959517e-01
-6.740970845929749045e-01
-6.741217289029083348e-01
-6.741457801084542734e-01
-6.741692435720508803e-01
-6.741921249866026367e-01
-6.742144305174397889e-01
-6.742361668434501132e-01
-6.742573410877134021e-01
-6.742779606639938139e-01
-6.742980330875866235e-01
-6.743175658041570264e-01
-6.743365660799466310e-01
-6.743550409763338083e-01
-6.743729974079999412e-01
-6.743904422633051343e-01
-6.744073825526093469e-01
-6.744238255471641796e-01
-6.744397788772721336e-01
-6.744552505709485724e-01
-6.744702490295416686e-01
-6.744847829508462400e-01
-6.744988612201551215e-01
-6.745124927938184189e-01
-6.745256865981654748e-01
-6.745384514602756898e-01
-6.745507960781512713e-01
-6.745627290286527744e-01
-6.745742588040914978e-01
-6.745853938639726488e-01
-6.745961426874699240e-01
-6.746065138144535789e-01
-6.746165158672613460e-01
-6.746261575506712349e-01
-6.746354476324284422e-01
-6.746443949102461923e-01
-6.746530081729352757e-01
-6.746612961631671679e-01
-6.746692675477231615e-01
-6.746769308985283153e-01
-6.746842946849973544e-01
-6.746913672758899638e-01
-6.746981569473150531e-01
-6.747046718929845532e-01
-6.747109202331734723e-01
-6.747169100198494585e-01
-6.747226492367813799e-01
-6.747281457947509331e-01
-6.747334075229989292e-01
-6.747384421586372083e-01
-6.747432573358398411e-01
-6.747478605763438386e-01
-6.747522592822244869e-01
-6.747564607312885876e-01
-6.747604720748390239e-01
-6.747643003371883719e-01
-6.747679524161012132e-01
-6.747714350833909913e-01
-6.747747549850759974e-01
-6.747779186407703023e-01
-6.747809324422672228e-01
-6.747838026514900722e-01
-6.747865353981126191e-01
-6.747891366772023058e-01
-6.747916123471672245e-01
-6.747939681282076885e-01
-6.747962096013440103e-01
-6.747983422079850691e-01
-6.748003712499309747e-01
-6.748023018896613934e-01
-6.748041391507796360e-01
-6.748058879185035996e-01
-6.748075529401501571e-01
-6.748091388256022283e-01
-6.748106500477849545e-01
-6.748120909431947201e-01
-6.748134657125336444e-01
-6.748147784214831857e-01
-6.748160330016391706e-01
-6.748172332516055860e-01
-6.748183828382370297e-01
-6.748194852980018421e-01
-6.748205440384392739e-01
-6.748215623396903728e-01
-6.748225433560869346e-01
-6.748234901177883049e-01
-6.748244055324669199e-01
-6.748252923870445841e-01
-6.748261533494842590e-01
-6.748269909706384739e-01
-6.748278076861504715e-01
-6.748286058184091996e-01
-6.748293875785460472e-01
-6.748301550684651096e-01
-6.748309102829014305e-01
-6.748316551114944550e-01
-6.748323913408728059e-01
-6.748331206567468321e-01
-6.748338446460032669e-01
-6.748345647988025497e-01
-6.748352825106762598e-01
-6.748359990846179990e-01
-6.748367157331718325e-01
-6.748374335805080726e-01
-6.748381536644844081e-01
-6.748388769386856056e-01
-6.748396042744400081e-01
-6.748403364628052792e-01
-6.748410742165206200e-01
-6.748418181719229025e-01
-6.748425688908212816e-01
-6.748433268623316161e-01
-6.748440925046632621e-01
-6.748448661668613457e-01
-6.748456481304982990e-01
-6.748464386113141034e-01
-6.748472377608019102e-01
-6.748480456677382611e-01
-6.748488623596494707e-01
-6.748496878042198333e-01
-6.748505219106343267e-01
-6.748513645308558129e-01
-6.748522154608325163e-01
-6.748530744416413318e-01
-6.748539411605547489e-01
-6.748548152520409404e-01
-6.748556962986883567e-01
-6.748565838320583765e-01
