-6.748573154867482105e-01
-6.748582320747688046e-01
-6.748591548138438423e-01
-6.748600830249423810e-01
-6.748610159833553501e-01
-6.748619529190935662e-01
-6.748628930172079210e-01
-6.748638354180231946e-01
-6.748647792172974835e-01
-6.748657234662970295e-01
-6.748666671717923338e-01
-6.748676092959731143e-01
-6.748685487562854357e-01
-6.748694844251923453e-01
-6.748704151298539067e-01
-6.748713396517319607e-01
-6.748722567261210559e-01
-6.748731650416039951e-01
-6.748740632394361061e-01
-6.748749499128576801e-01
-6.748758236063382432e-01
-6.748766828147537700e-01
-6.748775259824970618e-01
-6.748783515025262858e-01
-6.748791577153508969e-01
-6.748799429079567203e-01
-6.748807053126741895e-01
-6.748814431059898533e-01
-6.748821544073064782e-01
-6.748828372776507489e-01
-6.748834897183340065e-01
-6.748841096695692432e-01
-6.748846950090459096e-01
-6.748852435504699709e-01
-6.748857530420665496e-01
-6.748862211650558107e-01
-6.748866455320993163e-01
-6.748870236857232863e-01
-6.748873530967208767e-01
-6.748876311625343627e-01
-6.748878552056234437e-01
-6.748880224718212251e-01
-6.748881301286804302e-01
-6.748881752638152820e-01
-6.748881548832432742e-01
-6.748880659097291623e-01
-6.748879051811411678e-01
-6.748876694488171735e-01
-6.748873553759547894e-01
-6.748869595360250662e-01
-6.748864784112222903e-01
-6.748859083909545253e-01
-6.748852457703802266e-01
-6.748844867490035870e-01
-6.748836274293265047e-01
-6.748826638155597246e-01
-6.748815918123932667e-01
-6.748804072238172580e-01
-6.748791057519832881e-01
-6.748776829961037338e-01
-6.748761344513813931e-01
-6.748744555079787544e-01
-6.748726414500488824e-01
-6.748706874548604517e-01
-6.748685885920625571e-01
-6.748663398231359301e-01
-6.748639360010781907e-01
-6.748613718703440068e-01
-6.748586420670383834e-01
-6.748557411193181199e-01
-6.748526634479269370e-01
-6.748494033667586933e-01
-6.748459550833456611e-01
-6.748423126991847099e-01
-6.748384702098785271e-01
-6.748344215051281791e-01
-6.748301603687122396e-01
-6.748256804786527674e-01
-6.748209754078148270e-01
-6.748160386251795817e-01
-6.748108634979632647e-01
-6.748054432946500869e-01
-6.747997711888410466e-01
-6.747938402636817212e-01
-6.747876435164970044e-01
-6.747811738632076839e-01
-6.747744241421239630e-01
-6.747673871168170523e-01
-6.747600554779510373e-01
-6.747524218441596222e-01
-6.747444787622454143e-01
-6.747362187071512807e-01
-6.747276340822352392e-01
-6.747187172204093253e-01
-6.747094603867040963e-01
-6.746998557827739162e-01
-6.746898955538416232e-01
-6.746795717985034635e-01
-6.746688765816869493e-01
-6.746578019507443180e-01
-6.746463399541319239e-01
-6.746344826613054346e-01
-6.746222221814671682e-01
-6.746095506777879391e-01
-6.745964603731051668e-01
-6.745829435432542098e-01
-6.745689924955327044e-01
-6.745545995326072131e-01
-6.745397569062346887e-01
-6.745244567699717475e-01
-6.745086911444363453e-01
-6.744924519112298622e-01
-6.744757308507870475e-01
-6.744585197339997285e-01
-6.744408104671959503e-01
-6.744225952758611253e-01
-6.744038668968613814e-01
-6.743846187356240529e-01
-6.743648449382003696e-01
-6.743445403325871723e-01
-6.743237002116756473e-01
-6.743023199615029162e-01
-6.742803945791894238e-01
-6.742579181673838962e-01
-6.742348835255831396e-01
-6.742112819719625616e-01
-6.741871035126693057e-01
-6.741623374243311817e-01
-6.741369732328036379e-01
-6.741110019689170452e-01
-6.740844174804611066e-01
-6.740572175045432823e-01
-6.740294041814930415e-01
-6.740009837400638970e-01
-6.739719652102175163e-01
-6.739423582129867585e-01
-6.739121701063293113e-01
-6.738814029849480303e-01
-6.738500511860479047e-01
-6.738180999905515334e-01
-6.737855260958640624e-01
-6.737523001658420885e-01
-6.737183913661316526e-01
-6.736837733340049761e-01
-6.736484306035794845e-01
-6.736123642117672894e-01
-6.735755951367812244e-01
-6.735381644233507936e-01
-6.735001293273494838e-01
-6.734615555069001225e-01
-6.734225060817150554e-01
-6.733830291269292667e-01
-6.733431457064996684e-01
-6.733028407581653774e-01
-6.732620589497074759e-01
-6.732207070433712248e-01
-6.731786634153672511e-01
-6.731357943188673865e-01
-6.730919754118931397e-01
-6.730471161395631396e-01
-6.730011838610655550e-01
-6.729542241869991281e-01
-6.729063738426140917e-01
-6.728578624925701801e-01
-6.728090003903097749e-01
-6.727601495635294748e-01
-6.727116777065405007e-01
-6.726638962350570683e-01
-6.726169871997230709e-01
-6.725709278505772604e-01
-6.725254261157075364e-01
-6.724798841550748696e-01
-6.724334090886461279e-01
-6.723848883535246124e-01
-6.723331404430147318e-01
-6.722771392256934320e-01
-6.722162920927048368e-01
-6.721507310117533773e-01
-6.720815552339768351e-01
-6.720109505390555737e-01
-6.719421088456548619e-01
-6.718788893532459117e-01
-6.718252011737365637e-01
-6.717841463618086095e-01
-6.717570343799710297e-01
-6.717424513476492054e-01
-6.717356220534720368e-01
-6.717283196937053891e-01
-6.717095398635865022e-01
-6.716670510772290159e-01
-6.715897661226950532e-01
-6.714706652309696544e-01
-6.713097790571271872e-01
-6.711165571314511302e-01
-6.709108633449877290e-01
-6.707219075085308901e-01
-6.705846755260239656e-01
-6.705338610175410885e-01
-6.705958841550919702e-01
-6.707802165869589661e-01
-6.710717817053029055e-01
-6.714265137552446472e-01
-6.717720933858889465e-01
-6.720153312312278082e-01
-6.720566219985264489e-01
-6.718104188316428305e-01
-6.712289770339934236e-01
-6.703249968855060636e-01
-6.691876551148011609e-01
-6.679862828282578935e-01
-6.669569890340605323e-01
-6.663700157753722486e-01
-6.664793959581047922e-01
-6.674610292139468992e-01
-6.693497046170739928e-01
-6.719888144221173309e-01
-6.750075351989146544e-01
-6.778384390565962425e-01
-6.797836105854956346e-01
-6.801295551314255894e-01
-6.783009849195733576e-01
-6.740318702032702669e-01
-6.675206434918743437e-01
-6.595281056790811558e-01
-6.513755916877820296e-01
-6.448115190786413153e-01
-6.417383432610590521e-01
-6.438259690618576281e-01
-6.520730240028461688e-01
-6.664025427029103277e-01
-6.853848413186206523e-01
-7.061669940134295276e-01
-7.246635332422958209e-01
-7.360379163222948717e-01
-7.354817867112040108e-01
-7.192640006908700423e-01
-6.859445584082890512e-01
-6.375138126873420852e-01
-5.800637752119434110e-01
-5.235382618503253704e-01
-4.802704506086887259e-01
-4.624206705900636982e-01
-4.789070811673136197e-01
-5.327056417054689685e-01
-6.192976176619797712e-01
-7.265822016347739387e-01
-8.359718047883671899e-01
-9.240354306316614919e-01
-9.643604327300632217e-01
-9.303050472906611024e-01
-8.002240890339822332e-01
-5.660015556780252366e-01
-2.422640226916276673e-01
1.305042175294290896e-01
4.948299136589740521e-01
7.941881933103157598e-01
9.879704158179579698e-01
1.055150409889084040e+00
9.897521903153144729e-01
7.975800565563160305e-01
4.994166385961011922e-01
1.356047138323998036e-01
-2.374620033683324249e-01
-5.621895499342776104e-01
-7.977740896828116046e-01
-9.292375644147179425e-01
-9.644463151139813784e-01
-9.249282302589627580e-01
-8.373034175273875723e-01
-7.280148319198344042e-01
-6.205528859926753293e-01
-5.335869053348945013e-01
-4.793161492470635054e-01
-4.623616251408245170e-01
-4.798348843260968333e-01
-5.228734656574860473e-01
-5.793324694916364148e-01
-6.368570953454626427e-01
-6.854575979493788829e-01
-7.189881415200082282e-01
-7.354105950834857186e-01
-7.361312802522322896e-01
-7.248638890683730684e-01
-7.064136929090175654e-01
-6.856248246430651783e-01
-6.665969271211314995e-01
-6.521998756799437524e-01
-6.438798337390911897e-01
-6.417272935316524762e-01
-6.447526605569690039e-01
-6.512900657768406765e-01
-6.594365516801871108e-01
-6.674398229127153082e-01
-6.739727838071426502e-01
-6.782684438253141490e-01
-6.801228992932110140e-01
-6.797981431149612286e-01
-6.778671471609055699e-01
-6.750427500822396842e-01
-6.720235738718783880e-01
-6.693786901708549397e-01
-6.674810404677203879e-01
-6.664893950397655642e-01
-6.663708261221741314e-01
-6.669507644666570201e-01
-6.679758747031602217e-01
-6.691759973201301115e-01
-6.703146036263268881e-01
-6.712216126310018849e-01
-6.718069596118799724e-01
-6.720570949627296953e-01
-6.720190878586015382e-01
-6.717780624240665688e-01
-6.714334743617876855e-01
-6.710786060833034972e-01
-6.707860462049247685e-01
-6.706002220402027536e-01
-6.705365807444347848e-01
-6.705859622569297906e-01
-6.707221556929150452e-01
-6.709105586919998920e-01
-6.711161677657651037e-01
-6.713096739184781780e-01
-6.714710688864691246e-01
-6.715907503543440127e-01
-6.716685565839362049e-01
-6.717114171796051414e-01
-6.717303772123246475e-01
-6.717376704405890742e-01
-6.717443367881068550e-01
-6.717586570070488428e-01
-6.717854639377254244e-01
-6.718262209246731453e-01
-6.718796524572115958e-01
-6.719426723980193028e-01
-6.720113711138403501e-01
-6.720818768087247763e-01
-6.721509784583790115e-01
-6.722164700258065340e-01
-6.722772349914659662e-01
-6.723331295303278665e-01
-6.723847404873688482e-01
-6.724330936053981578e-01
-6.724793737944583238e-01
-6.725246989324400460e-01
-6.725699674215197543e-01
-6.726157816054845195e-01
-6.726624364100395326e-01
-6.727099557054307954e-01
-6.727581571402515559e-01
-6.728067280910130510e-01
-6.728552992831521307e-01
-6.729035071611589869e-01
-6.729510402478813269e-01
-6.729976680361010599e-01
-6.730432532845656013e-01
-6.730877500705837457e-01
-6.731311907978934084e-01
-6.731736657683189406e-01
-6.732152990210448218e-01
-6.732562239696625594e-01
-6.732965619261895851e-01
-6.733364058958538623e-01
-6.733758110976435507e-01
-6.734147926082363345e-01
-6.734533294805417070e-01
-6.734913738088408319e-01
-6.735288626361992659e-01
-6.735657304088598085e-01
-6.736019198857438051e-01
-6.736373899433747425e-01
-6.736721194534748269e-01
-6.737061071988046379e-01
-6.737393684834049878e-01
-6.737719295714136303e-01
-6.738038212932658810e-01
-6.738350730888177376e-01
-6.738657084662500463e-01
-6.738957424315757949e-01
-6.739251809872508492e-01
-6.739540224016585812e-01
-6.739822596798022980e-01
-6.740098835498011809e-01
-6.740368853145058958e-01
-6.740632590688868664e-01
-6.740890030010293632e-01
-6.741141197231383941e-01
-6.741386157723765482e-01
-6.741625005489240152e-01
-6.741857850086847570e-01
-6.742084804066079684e-01
-6.742305973126454521e-01
-6.742521450215438472e-01
-6.742731313754989353e-01
-6.742935629356195948e-01
-6.743134453862746902e-01
-6.743327840389863326e-01
-6.743515843151243194e-01
-6.743698521197968310e-01
-6.743875940615986497e-01
-6.744048175136719836e-01
-6.744215305431069396e-01
-6.744377417540330377e-01
-6.744534600945206737e-01
-6.744686946711155873e-01
-6.744834546016418297e-01
-6.744977489212704569e-01
-6.745115865425809210e-01
-6.745249762599329069e-01
-6.745379267829074710e-01
-6.745504467826309858e-01
-6.745625449372776306e-01
-6.745742299674256648e-01
-6.745855106567627546e-01
-6.745963958577732011e-01
-6.746068944848738758e-01
-6.746170154988710976e-01
-6.746267678868007600e-01
-6.746361606405644196e-01
-6.746452027367914051e-01
-6.746539031193168334e-01
-6.746622706848354190e-01
-6.746703142717418444e-01
-6.746780426518500517e-01
-6.746854645245475846e-01
-6.746925885128877143e-01
-6.746994231610894399e-01
-6.747059769328925816e-01
-6.747122582102182964e-01
-6.747182752916068837e-01
-6.747240363900040006e-01
-6.747295496296155104e-01
-6.747348230417481441e-01
-6.747398645597556532e-01
-6.747446820133836676e-01
-6.747492831229171539e-01
-6.747536754935518077e-01
-6.747578666103615230e-01
-6.747618638341066344e-01
-6.747656743979801863e-01
-6.747693054052302797e-01
-6.747727638274952922e-01
-6.747760565036092784e-01
-6.747791901386389624e-01
-6.747821713029446000e-01
-6.747850064311391449e-01
-6.747877018208977562e-01
-6.747902636316506220e-01
-6.747926978832358147e-01
-6.747950104546266425e-01
-6.747972070828262003e-01
-6.747992933620190481e-01
-6.748012747430159886e-01
-6.748031565330032677e-01
-6.748049438955675550e-01
-6.748066418509602871e-01
-6.748082552765440889e-01
-6.748097889073851885e-01
-6.748112473369511921e-01
-6.748126350178952348e-01
-6.748139562629199562e-01
-6.748152152457205233e-01
-6.748164160020178048e-01
-6.748175624306862463e-01
-6.748186582949859957e-01
-6.748197072238986127e-01
-6.748207127135665839e-01
-6.748216781288320920e-01
-6.748226067048685994e-01
-6.748235015488952548e-01
-6.748243656419672387e-01
-6.748252018408347208e-01
-6.748260128798617696e-01
-6.748268013730005510e-01
-6.748275698158109348e-01
-6.748283205875242885e-01
-6.748290559531413546e-01
-6.748297780655631017e-01
-6.748304889677485541e-01
-6.748311905948909395e-01
-6.748318847766152651e-01
-6.748325732391873277e-01
-6.748332576077324951e-01
-6.748339394084619247e-01
-6.748346200708970066e-01
-6.748353009300952499e-01
-6.748359832288662874e-01
-6.748366681199791106e-01
-6.748373566683492086e-01
-6.748380498532103866e-01
-6.748387485702558308e-01
-6.748394536337547489e-01
-6.748401657786357033e-01
-6.748408856625315311e-01
-6.748416138677859610e-01
-6.748423509034182644e-01
-6.748430972070419420e-01
-6.748438531467364498e-01
-6.748446190228665209e-01
-6.748453950698513060e-01
-6.748461814578727846e-01
-6.748469782945306639e-01
-6.748477856264315511e-01
-6.748486034407182865e-01
-6.748494316665305526e-01
-6.748502701764006462e-01
-6.748511187875755324e-01
-6.748519772632729508e-01
-6.748528453138612493e-01
-6.748537225979672760e-01
-6.748546087235075541e-01
-6.748555032486422967e-01
-6.748564056826545920e-01
