-6.748571577326558657e-01
-6.748580887934598760e-01
-6.748590270543145531e-01
-6.748599718252449309e-01
-6.748609223724498785e-01
-6.748618779187028904e-01
-6.748628376436708320e-01
-6.748638006841457537e-01
-6.748647661341965476e-01
-6.748657330452327852e-01
-6.748667004259913949e-01
-6.748676672424344103e-01
-6.748686324175721118e-01
-6.748695948311984605e-01
-6.748705533195515915e-01
-6.748715066748912639e-01
-6.748724536450004807e-01
-6.748733929326105052e-01
-6.748743231947511578e-01
-6.748752430420259518e-01
-6.748761510378183948e-01
-6.748770456974250154e-01
-6.748779254871221100e-01
-6.748787888231648768e-01
-6.748796340707249319e-01
-6.748804595427604358e-01
-6.748812634988344827e-01
-6.748820441438659889e-01
-6.748827996268319529e-01
-6.748835280394134273e-01
-6.748842274145917530e-01
-6.748848957251980529e-01
-6.748855308824185384e-01
-6.748861307342604032e-01
-6.748866930639786377e-01
-6.748872155884738655e-01
-6.748876959566584288e-01
-6.748881317477967157e-01
-6.748885204698229501e-01
-6.748888595576434390e-01
-6.748891463714158379e-01
-6.748893781948183124e-01
-6.748895522333069330e-01
-6.748896656123621884e-01
-6.748897153757309475e-01
-6.748896984836689761e-01
-6.748896118111835651e-01
-6.748894521462917018e-01
-6.748892161882972252e-01
-6.748889005460964041e-01
-6.748885017365214845e-01
-6.748880161827301993e-01
-6.748874402126442407e-01
-6.748867700574456840e-01
-6.748860018501231517e-01
-6.748851316240692677e-01
-6.748841553117199688e-01
-6.748830687432320063e-01
-6.748818676451919796e-01
-6.748805476393601177e-01
-6.748791042414580277e-01
-6.748775328600118417e-01
-6.748758287952840718e-01
-6.748739872383199279e-01
-6.748720032701448490e-01
-6.748698718611469971e-01
-6.748675878706650311e-01
-6.748651460467937069e-01
-6.748625410263882074e-01
-6.748597673352391135e-01
-6.748568193883639488e-01
-6.748536914903479067e-01
-6.748503778356710336e-01
-6.748468725089673548e-01
-6.748431694851899643e-01
-6.748392626297050612e-01
-6.748351456983804342e-01
-6.748308123377967371e-01
-6.748262560857486436e-01
-6.748214703722316132e-01
-6.748164485210981223e-01
-6.748111837525221368e-01
-6.748056691863177914e-01
-6.747998978460409969e-01
-6.747938626636519333e-01
-6.747875564843800467e-01
-6.747809720713267012e-01
-6.747741021092996672e-01
-6.747669392074346906e-01
-6.747594759003243681e-01
-6.747517046476517733e-01
-6.747436178326760015e-01
-6.747352077603161469e-01
-6.747264666559156243e-01
-6.747173866660005626e-01
-6.747079598623645369e-01
-6.746981782505628855e-01
-6.746880337833622843e-01
-6.746775183788735752e-01
-6.746666239421147404e-01
-6.746553423876970879e-01
-6.746436656604599680e-01
-6.746315857503804025e-01
-6.746190946981733827e-01
-6.746061845888906561e-01
-6.745928475325174700e-01
-6.745790756330558580e-01
-6.745648609505272564e-01
-6.745501954633248420e-01
-6.745350710407223005e-01
-6.745194794363922330e-01
-6.745034123128009762e-01
-6.744868613028589532e-01
-6.744698181091270950e-01
-6.744522746327139551e-01
-6.744342231148772182e-01
-6.744156562660712506e-01
-6.743965673519243254e-01
-6.743769502056310428e-01
-6.743567991431809183e-01
-6.743361087723728220e-01
-6.743148737076677390e-01
-6.742930882277713422e-01
-6.742707459368124656e-01
-6.742478395073003838e-01
-6.742243605878190937e-01
-6.742002999459568713e-01
-6.741756478852789503e-01
-6.741503949260875261e-01
-6.741245326794492732e-01
-6.740980547828554492e-01
-6.740709577168821909e-01
-6.740432412988995869e-01
-6.740149086634773523e-01
-6.739859655958387874e-01
-6.739564191832209117e-01
-6.739262758795296904e-01
-6.738955392229915020e-01
-6.738642075798088049e-01
-6.738322723810371562e-01
-6.737997173476678592e-01
-6.737665191384780705e-01
-6.737326496950755139e-01
-6.736980803015414354e-01
-6.736627870425760944e-01
-6.736267569737603989e-01
-6.735899939688237970e-01
-6.735525229551423410e-01
-6.735143911708075803e-01
-6.734756652498513629e-01
-6.734364234189965659e-01
-6.733967428783262932e-01
-6.733566834841305804e-01
-6.733162700207355744e-01
-6.732754764250554746e-01
-6.732342160363019579e-01
-6.731923419870567971e-01
-6.731496609790453833e-01
-6.731059617712495946e-01
-6.730610568287397344e-01
-6.730148320799229644e-01
-6.729672962233309574e-01
-6.729186183443220948e-01
-6.728691416617079701e-01
-6.728193628199835574e-01
-6.727698707128745292e-01
-6.727212462240022006e-01
-6.726739336257879787e-01
-6.726281040742183581e-01
-6.725835394970064440e-01
-6.725395688211341927e-01
-6.724950858703228063e-01
-6.724486682351250577e-01
-6.723987992489085519e-01
-6.723441728876440315e-01
-6.722840376408794061e-01
-6.722185151253412538e-01
-6.721488178096737265e-01
-6.720772923804212429e-01
-6.720072338084580599e-01
-6.719424499568362741e-01
-6.718866039834625603e-01
-6.718424147694210813e-01
-6.718108444519362843e-01
-6.717904360448446743e-01
-6.717769731296185931e-01
-6.717636106841912147e-01
-6.717415690198836886e-01
-6.717013951445676145e-01
-6.716346874316445614e-01
-6.715360654545761143e-01
-6.714050663096683413e-01
-6.712475823498826877e-01
-6.710764424698966168e-01
-6.709107951414507998e-01
-6.707740840496445589e-01
-6.706906136258347084e-01
-6.706809661568378100e-01
-6.707568242453867402e-01
-6.709160281531096892e-01
-6.711389021022330370e-01
-6.713869570081583138e-01
-6.716049628588462994e-01
-6.717270399653607615e-01
-6.716868299573909296e-01
-6.714310018051676821e-01
-6.709344078142676082e-01
-6.702142763708596185e-01
-6.693401212513876430e-01
-6.684358107498865609e-01
-6.676707150167116023e-01
-6.672381977030571454e-01
-6.673219366867895186e-01
-6.680534213479653038e-01
-6.694670170002999798e-01
-6.714615705997041273e-01
-6.737789605887388733e-01
-6.760096586433215204e-01
-6.776328583559390051e-01
-6.780938708274567572e-01
-6.769144102164964538e-01
-6.738226055231283373e-01
-6.688802214520895850e-01
-6.625767145520971013e-01
-6.558564078706944356e-01
-6.500495689289996770e-01
-6.466926814955495928e-01
-6.472468562380357948e-01
-6.527512431709873164e-01
-6.634726022182253491e-01
-6.786252007391477825e-01
-6.962334464493665775e-01
-7.131958124874208105e-01
-7.255893408861906480e-01
-7.292333988983785709e-01
-7.205032457816695768e-01
-6.973305673849963249e-01
-6.602332056954204331e-01
-6.130928904178208905e-01
-5.633132069128622410e-01
-5.210403226538818933e-01
-4.973756031976426240e-01
-5.018871796751906977e-01
-5.400496182269876044e-01
-6.113133639279942910e-01
-7.082589733584775393e-01
-8.168301168271021595e-01
-9.172334154428142261e-01
-9.851152852962751227e-01
-9.933267515240213896e-01
-9.156713942469252299e-01
-7.343218555703108219e-01
-4.504439174987924233e-01
-9.289030795815413077e-02
2.831935713376245167e-01
6.110621983363704324e-01
8.325243999957196994e-01
9.109658608582680284e-01
8.342744665266462745e-01
6.142883521965253335e-01
2.873452400793300998e-01
-8.855783092413993529e-02
-4.466654582539697493e-01
-7.316001456954249749e-01
-9.141781571832915398e-01
-9.929553599105678252e-01
-9.856031456989181594e-01
-9.182683255180374982e-01
-8.181109807087956209e-01
-7.095238484545911550e-01
-6.123559343114448605e-01
-5.407339109372732988e-01
-5.021581352510247065e-01
-4.972587029297345640e-01
-5.206265084762129458e-01
-5.627314919014059225e-01
-6.124781497291673649e-01
-6.596981530265437765e-01
-6.969484784030001157e-01
-7.203033005749968076e-01
-7.292062544253569145e-01
-7.256985158851252393e-01
-7.133906983225231091e-01
-6.964611179102483396e-01
-6.788395700965045299e-01
-6.636403555344873029e-01
-6.528544907014374177e-01
-6.472827651822211648e-01
-6.466706837552106402e-01
-6.499870290917127980e-01
-6.557737935327032641e-01
-6.624932526713894765e-01
-6.688107572770435327e-01
-6.737759938172904750e-01
-6.768933843253580607e-01
-6.780960527318197206e-01
-6.776524359342028792e-01
-6.760392544894202604e-01
-6.738113080445305991e-01
-6.714907490001024160e-01
-6.694891404148348713e-01
-6.680667976095915339e-01
-6.673268019812049756e-01
-6.672361807461730798e-01
-6.676641949148396371e-01
-6.684273107592431096e-01
-6.693318378326464924e-01
-6.702077920536180233e-01
-6.709305893292868417e-01
-6.714300501541992094e-01
-6.716884303617253194e-01
-6.717305563212021546e-01
-6.716096296546389954e-01
-6.713920364603862545e-01
-6.711437905645843971e-01
-6.709203099115939040e-01
-6.707602805626721176e-01
-6.706835523912282326e-01
-6.706924181140790919e-01
-6.707752805289400877e-01
-6.709115972374394277e-01
-6.710770653865286706e-01
-6.712482141128387481e-01
-6.714058490223399067e-01
-6.715370859499415479e-01
-6.716359761775413384e-01
-6.717029319890541750e-01
-6.717432941421738191e-01
-6.717654388772862362e-01
-6.717788093364718272e-01
-6.717921900157928228e-01
-6.718124425927074483e-01
-6.718438077455306523e-01
-6.718877693866520673e-01
-6.719433901912550411e-01
-6.720079701464312105e-01
-6.720778567072417387e-01
-6.721492438156537741e-01
-6.722188305840025579e-01
-6.722842589902333632e-01
-6.723443027254599746e-01
-6.723988267096182581e-01
-6.724485716733583640e-01
-6.724948369318870522e-01
-6.725391368775157641e-01
-6.725828955371353501e-01
-6.726272234250630921e-01
-6.726727972251645982e-01
-6.727198405080290211e-01
-6.727681864388191935e-01
-6.728173932852881123e-01
-6.728668807970794585e-01
-6.729160590756322335e-01
-6.729644293530082644e-01
-6.730116457773632765e-01
-6.730575366785002123e-01
-6.731020912318300686e-01
-6.731454220628241281e-01
-6.731877159786285869e-01
-6.732291841079414141e-01
-6.732700200664627488e-01
-6.733103712588411893e-01
-6.733503249154244585e-01
-6.733899075647924448e-01
-6.734290947088324986e-01
-6.734678265793729857e-01
-6.735060258900033014e-01
-6.735436142020496675e-01
-6.735805246018136128e-01
-6.736167095586614861e-01
-6.736521438842002496e-01
-6.736868235061099774e-01
-6.737207612501017184e-01
-6.737539809985130246e-01
-6.737865115169197061e-01
-6.738183809865546658e-01
-6.738496129314336391e-01
-6.738802238585315241e-01
-6.739102225956219439e-01
-6.739396110540762930e-01
-6.739683859833767166e-01
-6.739965412231290198e-01
-6.740240699854584960e-01
-6.740509667941969596e-01
-6.740772288400176393e-01
-6.741028566546698464e-01
-6.741278541379336353e-01
-6.741522280697073155e-01
-6.741759872967882927e-01
-6.741991417980670587e-01
-6.742217018090432834e-01
-6.742436771379690663e-01
-6.742650767449690496e-01
-6.742859085952287446e-01
-6.743061797480695008e-01
-6.743258966117868791e-01
-6.743450652813722801e-01
-6.743636918807726088e-01
-6.743817828485080268e-01
-6.743993451293801566e-01
-6.744163862598843151e-01
-6.744329143561287321e-01
-6.744489380277030044e-01
-6.744644662479981623e-01
-6.744795082115530027e-01
-6.744940732038109399e-01
-6.745081705003939110e-01
-6.745218093038838347e-01
-6.745349987178971274e-01
-6.745477477521202303e-01
-6.745600653484561393e-01
-6.745719604174200690e-01
-6.745834418749572237e-01
-6.745945186722127618e-01
-6.746051998137861938e-01
-6.746154943629634193e-01
-6.746254114348961828e-01
-6.746349601804190188e-01
-6.746441497640792706e-01
-6.746529893400593503e-01
-6.746614880291812444e-01
-6.746696548993057485e-01
-6.746774989504012998e-01
-6.746850291045647374e-01
-6.746922542004626377e-01
-6.746991829911161975e-01
-6.747058241437037251e-01
-6.747121862400681236e-01
-6.747182777768411244e-01
-6.747241071644443089e-01
-6.747296827246069828e-01
-6.747350126864036790e-01
-6.747401051810946182e-01
-6.747449682362082202e-01
-6.747496097693753692e-01
-6.747540375823872782e-01
-6.747582593558317798e-01
-6.747622826445445199e-01
-6.747661148739430015e-01
-6.747697633372035098e-01
-6.747732351931454708e-01
-6.747765374646377268e-01
-6.747796770373349906e-01
-6.747826606585780596e-01
-6.747854949363292221e-01
-6.747881863380761347e-01
-6.747907411896849617e-01
-6.747931656742276463e-01
-6.747954658308371600e-01
-6.747976475536554553e-01
-6.747997165909453976e-01
-6.748016785444154175e-01
-6.748035388687932956e-01
-6.748053028716621826e-01
-6.748069757135511937e-01
-6.748085624082595935e-01
-6.748100678233789340e-01
-6.748114966809832804e-01
-6.748128535584509979e-01
-6.748141428893951188e-01
-6.748153689646845255e-01
-6.748165359335455138e-01
-6.748176478047456239e-01
-6.748187084478610709e-01
-6.748197215946335481e-01
-6.748206908404227322e-01
-6.748216196457588190e-01
-6.748225113379934248e-01
-6.748233691130474110e-01
-6.748241960372453052e-01
-6.748249950492342109e-01
-6.748257689619707733e-01
-6.748265204647723170e-01
-6.748272521254172762e-01
-6.748279663922934768e-01
-6.748286655965803904e-01
-6.748293519544635855e-01
-6.748300275693795980e-01
-6.748306944342815639e-01
-6.748313544339262782e-01
-6.748320093471786851e-01
-6.748326608493259160e-01
-6.748333105144052046e-01
-6.748339598175312481e-01
-6.748346101372262318e-01
-6.748352627577447471e-01
-6.748359188713881629e-01
-6.748365795808032308e-01
-6.748372459012645930e-01
-6.748379187629299780e-01
-6.748385990130701950e-01
-6.748392874182655987e-01
-6.748399846665673607e-01
-6.748406913696223253e-01
-6.748414080647535673e-01
-6.748421352169977627e-01
-6.748428732210921543e-01
-6.748436224034132236e-01
-6.748443830238596286e-01
-6.748451552776788542e-01
-6.748459392972356863e-01
-6.748467351537170700e-01
-6.748475428587751290e-01
-6.748483623661017949e-01
-6.748491935729348246e-01
-6.748500363214945397e-01
-6.748508904003469588e-01
-6.748517555456915451e-01
-6.748526314425761230e-01
-6.748535177260321927e-01
-6.748544139821335275e-01
-6.748553197489740585e-01
-6.748562345175658228e-01
