-6.748572743623709735e-01
-6.748580535291113236e-01
-6.748588254194294311e-01
-6.748595894621948199e-01
-6.748603450248878977e-01
-6.748610914139632211e-01
-6.748618278751548072e-01
-6.748625535937351483e-01
-6.748632676947210474e-01
-6.748639692430289383e-01
-6.748646572435788027e-01
-6.748653306413486819e-01
-6.748659883213800059e-01
-6.748666291087301872e-01
-6.748672517683803607e-01
-6.748678550050917213e-01
-6.748684374632183403e-01
-6.748689977264711315e-01
-6.748695343176386308e-01
-6.748700456982651419e-01
-6.748705302682876939e-01
-6.748709863656310315e-01
-6.748714122657641923e-01
-6.748718061812235547e-01
-6.748721662610966954e-01
-6.748724905904780469e-01
-6.748727771898896943e-01
-6.748730240146736392e-01
-6.748732289543567520e-01
-6.748733898319884128e-01
-6.748735044034541719e-01
-6.748735703567713129e-01
-6.748735853113614347e-01
-6.748735468173115981e-01
-6.748734523546212616e-01
-6.748732993324453311e-01
-6.748730850883312149e-01
-6.748728068874564334e-01
-6.748724619218738896e-01
-6.748720473097602479e-01
-6.748715600946735282e-01
-6.748709972448223571e-01
-6.748703556523436564e-01
-6.748696321325917680e-01
-6.748688234234395678e-01
-6.748679261845895727e-01
-6.748669369969009235e-01
-6.748658523617402372e-01
-6.748646687003571065e-01
-6.748633823533063403e-01
-6.748619895799190527e-01
-6.748604865578426981e-01
-6.748588693826579332e-01
-6.748571340675816321e-01
-6.748552765432581646e-01
-6.748532926576322755e-01
-6.748511781758895767e-01
-6.748489287804512182e-01
-6.748465400709928730e-01
-6.748440075644737135e-01
-6.748413266951575062e-01
-6.748384928146261563e-01
-6.748355011918077961e-01
-6.748323470130519475e-01
-6.748290253823193696e-01
-6.748255313215524298e-01
-6.748218597713103728e-01
-6.748180055917292197e-01
-6.748139635638479294e-01
-6.748097283912860567e-01
-6.748052947022140646e-01
-6.748006570514906155e-01
-6.747958099227825413e-01
-6.747907477304763146e-01
-6.747854648211835116e-01
-6.747799554747010431e-01
-6.747742139043995113e-01
-6.747682342571464931e-01
-6.747620106130431950e-01
-6.747555369854124629e-01
-6.747488073215831550e-01
-6.747418155050489696e-01
-6.747345553594802370e-01
-6.747270206548532379e-01
-6.747192051156023496e-01
-6.747111024302600013e-01
-6.747027062615896797e-01
-6.746940102558309782e-01
-6.746850080494666280e-01
-6.746756932720165967e-01
-6.746660595437928842e-01
-6.746561004683635510e-01
-6.746458096206007227e-01
-6.746351805324536377e-01
-6.746242066798022741e-01
-6.746128814745727675e-01
-6.746011982664823492e-01
-6.745891503580468962e-01
-6.745767310347267065e-01
-6.745639336093686156e-01
-6.745507514767253854e-01
-6.745371781703359826e-01
-6.745232074111712217e-01
-6.745088331360028500e-01
-6.744940494942186504e-01
-6.744788508052859122e-01
-6.744632314753358227e-01
-6.744471858799004904e-01
-6.744307082294679345e-01
-6.744137924434912001e-01
-6.743964320645630117e-01
-6.743786202454379319e-01
-6.743603498356787185e-01
-6.743416135810607059e-01
-6.743224044281238561e-01
-6.743027159008074811e-01
-6.742825424900531495e-01
-6.742618799761981307e-01
-6.742407255940705557e-01
-6.742190779575232273e-01
-6.741969366874150937e-01
-6.741743017349832723e-01
-6.741511724570531383e-01
-6.741275465713880699e-01
-6.741034191862796954e-01
-6.740787821417707493e-01
-6.740536239043322109e-01
-6.740279302094129843e-01
-6.740016855415963404e-01
-6.739748753855117069e-01
-6.739474889907023369e-01
-6.739195222018160569e-01
-6.738909797533662038e-01
-6.738618763615138452e-01
-6.738322360046945514e-01
-6.738020889960720794e-01
-6.737714668138666818e-01
-6.737403951373541755e-01
-6.737088860672658663e-01
-6.736769309878615219e-01
-6.736444958329175225e-01
-6.736115205291590691e-01
-6.735779240158703551e-01
-6.735436154427256739e-01
-6.735085109751713928e-01
-6.734725542304496049e-01
-6.734357369649672798e-01
-6.733981155442827493e-01
-6.733598182853862690e-01
-6.733210392621817864e-01
-6.732820157871899358e-01
-6.732429895117920671e-01
-6.732041546627864914e-01
-6.731656008280352266e-01
-6.731272611610220613e-01
-6.730888790006582800e-01
-6.730500058259571983e-01
-6.730100405298317101e-01
-6.729683139744344622e-01
-6.729242140619842161e-01
-6.728773362094728760e-01
-6.728276339297550868e-01
-6.727755364791416781e-01
-6.727219976772194077e-01
-6.726684441556425309e-01
-6.726166036738707721e-01
-6.725682145414099145e-01
-6.725246435717062710e-01
-6.724864683913015506e-01
-6.724531047187474186e-01
-6.724225738764399996e-01
-6.723915040133257026e-01
-6.723554356995694592e-01
-6.723094573173484800e-01
-6.722491311081172372e-01
-6.721715951048983229e-01
-6.720766526762443904e-01
-6.719676068043767270e-01
-6.718515782767727762e-01
-6.717390808409303693e-01
-6.716427204295799536e-01
-6.715750374335844874e-01
-6.715457047778249366e-01
-6.715585002440818130e-01
-6.716086474583936594e-01
-6.716812187546198354e-01
-6.717512701331243008e-01
-6.717862024303186130e-01
-6.717505059868015271e-01
-6.716125730586400833e-01
-6.713527139932704557e-01
-6.709709858564480989e-01
-6.704930577583416706e-01
-6.699722255946616301e-01
-6.694859615483876869e-01
-6.691261001065910152e-01
-6.689828980450951423e-01
-6.691246303559571507e-01
-6.695758608093765885e-01
-6.702987404043107000e-01
-6.711823022689162865e-01
-6.720444467982011894e-01
-6.726499666648496634e-01
-6.727455280868657184e-01
-6.721091725734197331e-01
-6.706080162557032098e-01
-6.682540244728563117e-01
-6.652448954476086751e-01
-6.619762425792158345e-01
-6.590134231775811591e-01
-6.570171004507436852e-01
-6.566256521225256604e-01
-6.583084192743383634e-01
-6.622141151892106947e-01
-6.680457885485134861e-01
-6.749955194596376495e-01
-6.817678219795684225e-01
-6.867110762132878632e-01
-6.880620460710022979e-01
-6.842896175275560156e-01
-6.744993472764831965e-01
-6.588305094603735812e-01
-6.387475847896738612e-01
-6.171121457317815251e-01
-5.979374413210102324e-01
-5.857890429241553454e-01
-5.848927628829427849e-01
-5.981126169124600933e-01
-6.260217300780210881e-01
-6.662767788980449302e-01
-7.134278569951137960e-01
-7.591984377920546478e-01
-7.932237059425509829e-01
-8.042832898306377931e-01
-7.821610847536742961e-01
-7.202439773119090338e-01
-6.186212048081510817e-01
-4.867423663725936600e-01
-3.440581457178738534e-01
-2.172691419232687660e-01
-1.342064699827199004e-01
-1.161985073263011592e-01
-1.716943022806386998e-01
-2.934153043274076444e-01
-4.599565986574093990e-01
-6.410824942122477221e-01
-8.043258861778630475e-01
-9.199551410414682495e-01
-9.629652014639171753e-01
-9.136968644905575365e-01
-7.604174308463568233e-01
-5.055108115556234960e-01
-1.721626797148647359e-01
1.954236769071310831e-01
5.425483908972417169e-01
8.203600807035456022e-01
9.969627386385361278e-01
1.057585726548720295e+00
9.984452613983298974e-01
8.232247665763849920e-01
5.465174806912439509e-01
1.999856957811981806e-01
-1.676840102726323278e-01
-5.017657102588741758e-01
-7.578427875849774731e-01
-9.124511868823976801e-01
-9.629845787327495632e-01
-9.210428628963883702e-01
-8.062046363877380939e-01
-6.434043731173350045e-01
-4.623118574318110241e-01
-2.953777604294153258e-01
-1.729045969116810300e-01
-1.164518128401204611e-01
-1.335047253779143017e-01
-2.158151908291938148e-01
-3.421925332679160436e-01
-4.848446085832651686e-01
-6.170118325909775825e-01
-7.191218526254468113e-01
-7.815898248770520862e-01
-8.042159787697052975e-01
-7.935437046258071447e-01
-7.597584228719815869e-01
-7.140796099776549610e-01
-6.668917145981854144e-01
-6.265042881966961241e-01
-5.984076314862714074e-01
-5.849866677202083531e-01
-5.857047470954133139e-01
-5.977238308919018417e-01
-6.168305498092203631e-01
-6.384582981771990129e-01
-6.585821783849868938e-01
-6.743228759099896275e-01
-6.841968097302589813e-01
-6.880480471031612533e-01
-6.867591269570195722e-01
-6.818548422536678810e-01
-6.750973622642882921e-01
-6.681414191021574078e-01
-6.622883369177547941e-01
-6.583530618428043990e-01
-6.566393657904462389e-01
-6.570040747193878206e-01
-6.589814568516697557e-01
-6.619346220824392502e-01
-6.652024852523169551e-01
-6.682178550982501575e-01
-6.705825051631765232e-01
-6.720959691424722715e-01
-6.727438647122612192e-01
-6.726573374777327086e-01
-6.720574223360102906e-01
-6.711973117686379497e-01
-6.703126989478797038e-01
-6.695865728258640903e-01
-6.691309533221516670e-01
-6.689846931808309805e-01
-6.691240260153820119e-01
-6.694811804863834981e-01
-6.699660913038711918e-01
-6.704868416385713070e-01
-6.709656790984864783e-01
-6.713489219469679359e-01
-6.716104987628244150e-01
-6.717500053636230595e-01
-6.717868855125960215e-01
-6.717526207803271587e-01
-6.716827084883009169e-01
-6.716098255864576538e-01
-6.715590504727031451e-01
-6.715454663538708013e-01
-6.715739952604510288e-01
-6.716409728173734495e-01
-6.717367953719950435e-01
-6.718489459177411360e-01
-6.719648024163250577e-01
-6.720738071611612741e-01
-6.721687812803516238e-01
-6.722463626078326593e-01
-6.723066977680314249e-01
-6.723526143027349633e-01
-6.723885334467092356e-01
-6.724193669547973151e-01
-6.724495872636024885e-01
-6.724825869742626638e-01
-6.725203679651928779e-01
-6.725635356467291048e-01
-6.726115282931964812e-01
-6.726629882061126997e-01
-6.727161793538632972e-01
-6.727693705459487639e-01
-6.728211278628404290e-01
-6.728704884388306828e-01
-6.729170141449326570e-01
-6.729607442408124252e-01
-6.730020785896091429e-01
-6.730416273178774222e-01
-6.730800600575123083e-01
-6.731179802324714911e-01
-6.731558396921911713e-01
-6.731938986349117471e-01
-6.732322269950374860e-01
-6.732707373917050653e-01
-6.733092367434078129e-01
-6.733474835281231252e-01
-6.733852397611229668e-01
-6.734223102033026764e-01
-6.734585652079573270e-01
-6.734939472022759555e-01
-6.735284635498526296e-01
-6.735621701858597321e-01
-6.735951509389298542e-01
-6.736274970280982100e-01
-6.736592901427279623e-01
-6.736905911129840163e-01
-6.737214347684243876e-01
-6.737518304019242121e-01
-6.737817664500854731e-01
-6.738112176174694268e-01
-6.738401526760252613e-01
-6.738685414715560595e-01
-6.738963601459715402e-01
-6.739235941159726906e-01
-6.739502388333370453e-01
-6.739762987187839505e-01
-6.740017848763737440e-01
-6.740267122579645109e-01
-6.740510968826076699e-01
-6.740749535645915724e-01
-6.740982944118441011e-01
-6.741211281654343468e-01
-6.741434602928452202e-01
-6.741652936414110897e-01
-6.741866294095095746e-01
-6.742074681965453120e-01
-6.742278109355739346e-01
-6.742476595781911053e-01
-6.742670174735594379e-01
-6.742858894485250776e-01
-6.743042816443919341e-01
-6.743222011937773930e-01
-6.743396558282510611e-01
-6.743566534977721849e-01
-6.743732020618959933e-01
-6.743893090865483719e-01
-6.744049817544562897e-01
-6.744202268763053176e-01
-6.744350509758092471e-01
-6.744494604157570405e-01
-6.744634615329950789e-01
-6.744770607563448372e-01
-6.744902646904891164e-01
-6.745030801585897295e-01
-6.745155142050730523e-01
-6.745275740664041786e-01
-6.745392671212189217e-01
-6.745506008320070190e-01
-6.745615826890877242e-01
-6.745722201647247340e-01
-6.745825206816874475e-01
-6.745924915971369673e-01
-6.746021401999566791e-01
-6.746114737178487974e-01
-6.746204993297791885e-01
-6.746292241795202038e-01
-6.746376553868929093e-01
-6.746458000545261235e-01
-6.746536652692535219e-01
-6.746612580984004959e-01
-6.746685855820483413e-01
-6.746756547227981127e-01
-6.746824724746508517e-01
-6.746890457324077328e-01
-6.746953813226008734e-01
-6.747014859964920452e-01
-6.747073664252362102e-01
-6.747130291969382077e-01
-6.747184808151123203e-01
-6.747237276979578535e-01
-6.747287761778967274e-01
-6.747336325009342106e-01
-6.747383028255629078e-01
-6.747427932211043089e-01
-6.747471096655198730e-01
-6.747512580428413065e-01
-6.747552441404122137e-01
-6.747590736461488437e-01
-6.747627521459984568e-01
-6.747662851217232083e-01
-6.747696779490698349e-01
-6.747729358963376889e-01
-6.747760641233028212e-01
-6.747790676804362731e-01
-6.747819515083313124e-01
-6.747847204372745544e-01
-6.747873791868937987e-01
-6.747899323658467230e-01
-6.747923844715382202e-01
-6.747947398898579419e-01
-6.747970028949614729e-01
-6.747991776491129023e-01
-6.748012682026111042e-01
-6.748032784938191586e-01
-6.748052123493076815e-01
-6.748070734841223883e-01
-6.748088655021672322e-01
-6.748105918966988970e-01
-6.748122560509177692e-01
-6.748138612386466173e-01
-6.748154106250791040e-01
-6.748169072675912483e-01
-6.748183541166029586e-01
-6.748197540164879715e-01
-6.748211097065252018e-01
-6.748224238218923920e-01
-6.748236988946985093e-01
-6.748249373550573305e-01
-6.748261415321979984e-01
-6.748273136556114382e-01
-6.748284558562356317e-01
-6.748295701676658709e-01
-6.748306585273975422e-01
-6.748317227780861183e-01
-6.748327646688280224e-01
-6.748337858564538161e-01
-6.748347879068287147e-01
-6.748357722961592087e-01
-6.748367404123007951e-01
-6.748376935560604917e-01
-6.748386329424991281e-01
-6.748395597022207593e-01
-6.748404748826551947e-01
-6.748413794493267615e-01
-6.748422742871059699e-01
-6.748431602014447472e-01
-6.748440379195922434e-01
-6.748449080917873211e-01
-6.748457712924222918e-01
-6.748466280211831148e-01
-6.748474787041562895e-01
-6.748483236949065489e-01
-6.748491632755135861e-01
-6.748499976575810244e-01
-6.748508269831995365e-01
-6.748516513258756566e-01
-6.748524706914145188e-01
-6.748532850187632937e-01
-6.748540941808076621e-01
-6.748548979851252128e-01
-6.748556961746920990e-01
-6.748564884285408461e-01
