-6.748577115125851122e-01
-6.748585524525608781e-01
-6.748593929796364854e-01
-6.748602324733928848e-01
-6.748610702586073096e-01
-6.748619056056338605e-01
-6.748627377307163666e-01
-6.748635657962422929e-01
-6.748643889109253724e-01
-6.748652061299267313e-01
-6.748660164549110663e-01
-6.748668188340388729e-01
-6.748676121618959467e-01
-6.748683952793602669e-01
-6.748691669734060428e-01
-6.748699259768494718e-01
-6.748706709680305504e-01
-6.748714005704409269e-01
-6.748721133522878057e-01
-6.748728078260058938e-01
-6.748734824477123917e-01
-6.748741356166088057e-01
-6.748747656743308010e-01
-6.748753709042486504e-01
-6.748759495307204981e-01
-6.748764997183032133e-01
-6.748770195709165032e-01
-6.748775071309708329e-01
-6.748779603784569314e-01
-6.748783772299988826e-01
-6.748787555378705783e-01
-6.748790930889849715e-01
-6.748793876038481354e-01
-6.748796367354892300e-01
-6.748798380683648235e-01
-6.748799891172404530e-01
-6.748800873260583089e-01
-6.748801300667917058e-01
-6.748801146382936711e-01
-6.748800382651456431e-01
-6.748798980965093897e-01
-6.748796912049840335e-01
-6.748794145854748461e-01
-6.748790651540675922e-01
-6.748786397469127563e-01
-6.748781351191166511e-01
-6.748775479436429636e-01
-6.748768748102205173e-01
-6.748761122242710186e-01
-6.748752566058573432e-01
-6.748743042886738985e-01
-6.748732515190837278e-01
-6.748720944552262235e-01
-6.748708291662007808e-01
-6.748694516313424874e-01
-6.748679577395865214e-01
-6.748663432889159264e-01
-6.748646039858797741e-01
-6.748627354451611771e-01
-6.748607331891702810e-01
-6.748585926476515784e-01
-6.748563091572920003e-01
-6.748538779613424410e-01
-6.748512942092761424e-01
-6.748485529565366736e-01
-6.748456491644383437e-01
-6.748425777002811099e-01
-6.748393333377494807e-01
-6.748359107576320515e-01
-6.748323045488652250e-01
-6.748285092098608162e-01
-6.748245191500237272e-01
-6.748203286913300181e-01
-6.748159320698113861e-01
-6.748113234367971724e-01
-6.748064968598105340e-01
-6.748014463230923576e-01
-6.747961657278384040e-01
-6.747906488923492985e-01
-6.747848895524111157e-01
-6.747788813622945803e-01
-6.747726178967706767e-01
-6.747660926544705173e-01
-6.747592990627413467e-01
-6.747522304839126406e-01
-6.747448802225868292e-01
-6.747372415332619777e-01
-6.747293076273658263e-01
-6.747210716786894436e-01
-6.747125268262907927e-01
-6.747036661742681352e-01
-6.746944827883616380e-01
-6.746849696900447668e-01
-6.746751198495599677e-01
-6.746649261800384823e-01
-6.746543815352796791e-01
-6.746434787137534084e-01
-6.746322104708284417e-01
-6.746205695400719904e-01
-6.746085486627781957e-01
-6.745961406228986323e-01
-6.745833382825814351e-01
-6.745701346120182018e-01
-6.745565227067330527e-01
-6.745424957861638759e-01
-6.745280471696758484e-01
-6.745131702299120846e-01
-6.744978583283101070e-01
-6.744821047429260252e-01
-6.744659026034014460e-01
-6.744492448508103699e-01
-6.744321242400168614e-01
-6.744145333982708435e-01
-6.743964649457044880e-01
-6.743779116717443234e-01
-6.743588667476011489e-01
-6.743393239413257856e-01
-6.743192777913860070e-01
-6.742987236905658710e-01
-6.742776578369832352e-01
-6.742560770248485769e-01
-6.742339782740405241e-01
-6.742113583321571735e-01
-6.741882131203439377e-01
-6.741645372277491610e-01
-6.741403235803787863e-01
-6.741155634101682059e-01
-6.740902466229438117e-01
-6.740643626073393735e-01
-6.740379014440004424e-01
-6.740108553756202214e-01
-6.739832202999748167e-01
-6.739549969716031042e-01
-6.739261915661929336e-01
-6.738968152954635249e-01
-6.738668828717726544e-01
-6.738364098101122801e-01
-6.738054088030536182e-01
-6.737738856758291872e-01
-6.737418356724721447e-01
-6.737092409786069602e-01
-6.736760703917289428e-01
-6.736422818594008932e-01
-6.736078282019282160e-01
-6.735726657417760999e-01
-6.735367648485067749e-01
-6.735001206939704721e-01
-6.734627619523413378e-01
-6.734247549413043821e-01
-6.733862009330121579e-01
-6.733472251581351653e-01
-6.733079573809566121e-01
-6.732685057133679374e-01
-6.732289273041385247e-01
-6.731892013140277076e-01
-6.731492107237918576e-01
-6.731087395819376207e-01
-6.730674909443464804e-01
-6.730251278554979510e-01
-6.729813354335131281e-01
-6.729358969605440111e-01
-6.728887717021979631e-01
-6.728401581028330414e-01
-6.727905242444608414e-01
-6.727405890967649293e-01
-6.726912437937418998e-01
-6.726434119365717335e-01
-6.725978608456087970e-01
-6.725549899132998721e-01
-6.725146350488652169e-01
-6.724759364498767988e-01
-6.724373174140961806e-01
-6.723966121773633509e-01
-6.723513598700165961e-01
-6.722992507967399112e-01
-6.722386740529097127e-01
-6.721692781627227609e-01
-6.720924270201097395e-01
-6.720114207074623369e-01
-6.719313625582716831e-01
-6.718585949415596392e-01
-6.717996965662870190e-01
-6.717601271120723361e-01
-6.717427072580446357e-01
-6.717462142416688042e-01
-6.717644319038795775e-01
-6.717859971239942274e-01
-6.717953143580148723e-01
-6.717746600421902192e-01
-6.717073774251677287e-01
-6.715817962659587081e-01
-6.713952446909925431e-01
-6.711573099108829599e-01
-6.708914135767981568e-01
-6.706338528963636803e-01
-6.704297554627151046e-01
-6.703259029642164579e-01
-6.703610477694746939e-01
-6.705550771563407730e-01
-6.708990303834713176e-01
-6.713483796315149466e-01
-6.718219911741533101e-01
-6.722086747214034430e-01
-6.723821677610001268e-01
-6.722238475866424423e-01
-6.716505898968778698e-01
-6.706432909313475577e-01
-6.692700386503216414e-01
-6.676972237858619375e-01
-6.661824748321618639e-01
-6.650454862229504549e-01
-6.646165853458326778e-01
-6.651678225979218428e-01
-6.668366006291528425e-01
-6.695562276891269260e-01
-6.730101301008305503e-01
-6.766259443876159185e-01
-6.796219656892298344e-01
-6.811115182633753484e-01
-6.802610285417711733e-01
-6.764853686375278397e-01
-6.696503444602096566e-01
-6.602392604163654921e-01
-6.494325171494575999e-01
-6.390519627827376814e-01
-6.313401930180646549e-01
-6.285795624433877515e-01
-6.325992238137527757e-01
-6.442574040437253347e-01
-6.630059675605066705e-01
-6.866380961206312028e-01
-7.112933005633742534e-01
-7.317631268488338225e-01
-7.421210965987331543e-01
-7.366891245706996827e-01
-7.113183868874255467e-01
-6.648570390038225364e-01
-6.004824478883751260e-01
-5.263671382055474801e-01
-4.551044355101405703e-01
-4.016107812576006908e-01
-3.798142854754976705e-01
-3.990348357913841015e-01
-4.611955618354001141e-01
-5.597225647568715434e-01
-6.803058035091222866e-01
-8.029113017484156289e-01
-9.040056941513193722e-01
-9.583416052669728735e-01
-9.408824311221434256e-01
-8.306695081855871576e-01
-6.180818086065302808e-01
-3.138573657672925621e-01
4.611226933230339053e-02
4.067057510842382317e-01
7.094887753134854202e-01
9.087703717674329162e-01
9.784379880977607247e-01
9.103980008116273615e-01
7.125476603641881512e-01
4.107650262413878872e-01
5.052486855064945714e-02
-3.098075932913542108e-01
-6.149611434607205052e-01
-8.287510366840646903e-01
-9.401490924992547127e-01
-9.585860219958146633e-01
-9.049377622390791798e-01
-8.042261337302515356e-01
-6.817156388557951141e-01
-5.609759419127131608e-01
-4.620989706258399332e-01
-3.994758186258105526e-01
-3.797754587469978071e-01
-4.011653577268207704e-01
-4.543914715636611090e-01
-5.255532206010544716e-01
-5.997217997049967275e-01
-6.642618306594453292e-01
-7.109456861065953648e-01
-7.365437166978041628e-01
-7.421684627946260049e-01
-7.319459517614324007e-01
-7.115468046217671150e-01
-6.869020043504002748e-01
-6.632326124213663299e-01
-6.444161383844472235e-01
-6.326774778444265168e-01
-6.285809943500966224e-01
-6.312806290595944780e-01
-6.389541063775502350e-01
-6.493205471278894469e-01
-6.601343242356666474e-01
-6.695676039508764443e-01
-6.764328011219502557e-01
-6.802397789654558435e-01
-6.811173428293745280e-01
-6.796472277913602200e-01
-6.766616790983938090e-01
-6.730478205097457645e-01
-6.695890814548735026e-01
-6.668602471760979311e-01
-6.651804577980223732e-01
-6.646186675032831337e-01
-6.650391333409645389e-01
-6.661707281812098147e-01
-6.676833290832145940e-01
-6.692568601681690987e-01
-6.706329255801392053e-01
-6.716441989416879199e-01
-6.722216825691926800e-01
-6.723837400858775348e-01
-6.722130066528586578e-01
-6.718278877188283982e-01
-6.713546720701243364e-01
-6.709047586598290147e-01
-6.705595959752558288e-01
-6.703640570552211742e-01
-6.703274153094901378e-01
-6.704300204040410938e-01
-6.706332602470709281e-01
-6.708903963273297189e-01
-6.711562625588176623e-01
-6.713944666987051724e-01
-6.715814640156811954e-01
-6.717075426279497385e-01
-6.717752687365733388e-01
-6.717962386584771517e-01
-6.717870716350340388e-01
-6.717654878334710089e-01
-6.717471062270717885e-01
-6.717433302390051209e-01
-6.717604228010124467e-01
-6.717996508439116887e-01
-6.718582286654867231e-01
-6.719307187677763249e-01
-6.720105511104491613e-01
-6.720913801087291528e-01
-6.721680905086483415e-01
-6.722373654681553790e-01
-6.722978232663101572e-01
-6.723497995748992651e-01
-6.723948935816520533e-01
-6.724354082887883388e-01
-6.724738028093112385e-01
-6.725122452209090218e-01
-6.725523172798899552e-01
-6.725948851094694092e-01
-6.726401190407180763e-01
-6.726876248099726840e-01
-6.727366384954164280e-01
-6.727862379656575076e-01
-6.728355317877247055e-01
-6.728837993367577930e-01
-6.729305700613660290e-01
-6.729756427884328041e-01
-6.730190557391748651e-01
-6.730610236698354454e-01
-6.731018602258295180e-01
-6.731419018705999679e-01
-6.731814456967883942e-01
-6.732207082624793726e-01
-6.732598074375328867e-01
-6.732987649521261497e-01
-6.733375244262971293e-01
-6.733759782909951586e-01
-6.734139970575945267e-01
-6.734514555182489204e-01
-6.734882522261941284e-01
-6.735243205701492153e-01
-6.735596315471003015e-01
-6.735941896954236174e-01
-6.736280244497759861e-01
-6.736611794168347878e-01
-6.736937018375870334e-01
-6.737256339455185428e-01
-6.737570072182819114e-01
-6.737878398077193909e-01
-6.738181368382200054e-01
-6.738478928580429184e-01
-6.738770955358160952e-01
-6.739057296976134204e-01
-6.739337809529073464e-01
-6.739612384001800738e-01
-6.739880961739370679e-01
-6.740143538426907055e-01
-6.740400158563089050e-01
-6.740650903532486860e-01
-6.740895876727405200e-01
-6.741135188861938632e-01
-6.741368945861858641e-01
-6.741597240734424901e-01
-6.741820149835832110e-01
-6.742037733126344801e-01
-6.742250037434786014e-01
-6.742457101479741866e-01
-6.742658961391837513e-01
-6.742855655687921557e-01
-6.743047228981048358e-01
-6.743233734085550823e-01
-6.743415232521844382e-01
-6.743591793690741909e-01
-6.743763493146360810e-01
-6.743930410447953605e-01
-6.744092627030756626e-01
-6.744250224431811436e-01
-6.744403283070581345e-01
-6.744551881646149161e-01
-6.744696097096188891e-01
-6.744836004982001088e-01
-6.744971680124273172e-01
-6.745103197312711796e-01
-6.745230631941051547e-01
-6.745354060465594825e-01
-6.745473560638219901e-01
-6.745589211514064765e-01
-6.745701093271746496e-01
-6.745809286907049618e-01
-6.745913873868496502e-01
-6.746014935697759451e-01
-6.746112553722946048e-01
-6.746206808833404844e-01
-6.746297781344773314e-01
-6.746385550946235599e-01
-6.746470196710246947e-01
-6.746551797139270779e-01
-6.746630430223898856e-01
-6.746706173490896186e-01
-6.746779104026660034e-01
-6.746849298469158596e-01
-6.746916832968766764e-01
-6.746981783123863208e-01
-6.747044223900290350e-01
-6.747104229544907961e-01
-6.747161873502357521e-01
-6.747217228342075046e-01
-6.747270365699405970e-01
-6.747321356231890110e-01
-6.747370269589179070e-01
-6.747417174393423034e-01
-6.747462138226183459e-01
-6.747505227617988099e-01
-6.747546508037413071e-01
-6.747586043877593642e-01
-6.747623898439362167e-01
-6.747660133911224101e-01
-6.747694811347186850e-01
-6.747727990643920259e-01
-6.747759730518805288e-01
-6.747790088490160931e-01
-6.747819120860625297e-01
-6.747846882704121585e-01
-6.747873427856391215e-01
-6.747898808908669999e-01
-6.747923077204005526e-01
-6.747946282835410869e-01
-6.747968474645312797e-01
-6.747989700225810461e-01
-6.748010005919412579e-01
-6.748029436820202065e-01
-6.748048036775479153e-01
-6.748065848388057342e-01
-6.748082913019443074e-01
-6.748099270794043480e-01
-6.748114960604634227e-01
-6.748130020119070815e-01
-6.748144485788267755e-01
-6.748158392855381216e-01
-6.748171775366005321e-01
-6.748184666179265490e-01
-6.748197096979675624e-01
-6.748209098289570385e-01
-6.748220699482099239e-01
-6.748231928794636847e-01
-6.748242813342629765e-01
-6.748253379133869467e-01
-6.748263651083177272e-01
-6.748273653027478947e-01
-6.748283407741326734e-01
-6.748292936952762222e-01
-6.748302261359532261e-01
-6.748311400645615743e-01
-6.748320373497949110e-01
-6.748329197623369469e-01
-6.748337889765636533e-01
-6.748346465722530052e-01
-6.748354940362927268e-01
-6.748363327643893683e-01
-6.748371640627701673e-01
-6.748379891498751393e-01
-6.748388091580388437e-01
-6.748396251351584940e-01
-6.748404380463420837e-01
-6.748412487755401923e-01
-6.748420581271512564e-01
-6.748428668276054143e-01
-6.748436755269122678e-01
-6.748444848001816654e-01
-6.748452951491054064e-01
-6.748461070034005305e-01
-6.748469207222115296e-01
-6.748477365954689278e-01
-6.748485548452032301e-01
-6.748493756268088006e-01
-6.748501990302602227e-01
-6.748510250812771449e-01
-6.748518537424360586e-01
-6.748526849142254536e-01
-6.748535184360483496e-01
-6.748543540871648760e-01
-6.748551915875762308e-01
-6.748560305988492436e-01
-6.748568707248776555e-01
