-6.748574773588276177e-01
-6.748583762600295355e-01
-6.748592799438711820e-01
-6.748601877448225927e-01
-6.748610989494552292e-01
-6.748620127968368854e-01
-6.748629284788491001e-01
-6.748638451404289640e-01
-6.748647618797323222e-01
-6.748656777482212599e-01
-6.748665917506746492e-01
-6.748675028451204261e-01
-6.748684099426973670e-01
-6.748693119074369307e-01
-6.748702075559731561e-01
-6.748710956571812858e-01
-6.748719749317412253e-01
-6.748728440516331695e-01
-6.748737016395621735e-01
-6.748745462683175544e-01
-6.748753764600677885e-01
-6.748761906855867965e-01
-6.748769873634200556e-01
-6.748777648589927569e-01
-6.748785214836567903e-01
-6.748792554936808852e-01
-6.748799650891861290e-01
-6.748806484130301930e-01
-6.748813035496390444e-01
-6.748819285237945831e-01
-6.748825212993732059e-01
-6.748830797780477342e-01
-6.748836017979479296e-01
-6.748840851322921441e-01
-6.748845274879821110e-01
-6.748849265041750867e-01
-6.748852797508295698e-01
-6.748855847272288155e-01
-6.748858388604862535e-01
-6.748860395040353621e-01
-6.748861839361072201e-01
-6.748862693581946237e-01
-6.748862928935152050e-01
-6.748862515854697763e-01
-6.748861423961058925e-01
-6.748859622045864093e-01
-6.748857078056720304e-01
-6.748853759082215076e-01
-6.748849631337123789e-01
-6.748844660147903518e-01
-6.748838809938525474e-01
-6.748832044216721560e-01
-6.748824325560688342e-01
-6.748815615606361673e-01
-6.748805875035269741e-01
-6.748795063563014507e-01
-6.748783139928401509e-01
-6.748770061883144766e-01
-6.748755786182116800e-01
-6.748740268574048295e-01
-6.748723463792623001e-01
-6.748705325547993406e-01
-6.748685806518793795e-01
-6.748664858344882722e-01
-6.748642431621209026e-01
-6.748618475893247703e-01
-6.748592939654514122e-01
-6.748565770346561798e-01
-6.748536914361726868e-01
-6.748506317048477143e-01
-6.748473922718871698e-01
-6.748439674657202847e-01
-6.748403515128670316e-01
-6.748365385386785320e-01
-6.748325225678459827e-01
-6.748282975246361337e-01
-6.748238572329038343e-01
-6.748191954160368544e-01
-6.748143056970941078e-01
-6.748091815994811116e-01
-6.748038165485125139e-01
-6.747982038741549005e-01
-6.747923368150848811e-01
-6.747862085239662022e-01
-6.747798120735731819e-01
-6.747731404631277519e-01
-6.747661866240287631e-01
-6.747589434241110240e-01
-6.747514036697174200e-01
-6.747435601052395038e-01
-6.747354054102999710e-01
-6.747269321954110222e-01
-6.747181329975502351e-01
-6.747090002775416595e-01
-6.746995264212672927e-01
-6.746897037464341107e-01
-6.746795245158716536e-01
-6.746689809571705387e-01
-6.746580652870776129e-01
-6.746467697376755668e-01
-6.746350865803053543e-01
-6.746230081427668779e-01
-6.746105268157455148e-01
-6.745976350458066095e-01
-6.745843253145700213e-01
-6.745705901065244259e-01
-6.745564218709142468e-01
-6.745418129856266543e-01
-6.745267557324284846e-01
-6.745112422927261875e-01
-6.744952647709859805e-01
-6.744788152490776012e-01
-6.744618858694737540e-01
-6.744444689392034009e-01
-6.744265570407205201e-01
-6.744081431314991049e-01
-6.743892206123116573e-01
-6.743697833455529755e-01
-6.743498256100427524e-01
-6.743293419873268579e-01
-6.743083271858284489e-01
-6.742867758219374119e-01
-6.742646821894834330e-01
-6.742420400588653440e-01
-6.742188425522499529e-01
-6.741950821396989202e-01
-6.741707507913831110e-01
-6.741458403025931689e-01
-6.741203427816693239e-01
-6.740942512583423252e-01
-6.740675603351384826e-01
-6.740402667729281649e-01
-6.740123698802540364e-01
-6.739838715722410445e-01
-6.739547759855448739e-01
-6.739250885856000739e-01
-6.738948147819687762e-01
-6.738639581714747084e-01
-6.738325186445769388e-01
-6.738004906982327791e-01
-6.737678623726843785e-01
-6.737346152420902179e-01
-6.737007258146388011e-01
-6.736661685214050399e-01
-6.736309201964773008e-01
-6.735949655985352669e-01
-6.735583031467579085e-01
-6.735209497162687464e-01
-6.734829431503481789e-01
-6.734443411888881847e-01
-6.734052158554821865e-01
-6.733656430162457962e-01
-6.733256877844889798e-01
-6.732853875807502941e-01
-6.732447357726952797e-01
-6.732036696578715951e-01
-6.731620668345645875e-01
-6.731197534842352503e-01
-6.730765266144472792e-01
-6.730321899002056352e-01
-6.729865996465888012e-01
-6.729397140425743551e-01
-6.728916359556063043e-01
-6.728426378187537527e-01
-6.727931574571639484e-01
-6.727437565584349910e-01
-6.726950390919849143e-01
-6.726475349500546930e-01
-6.726015633963922102e-01
-6.725570999265449990e-01
-6.725136767770509838e-01
-6.724703493590562520e-01
-6.724257564561398892e-01
-6.723782900883340519e-01
-6.723263718162070246e-01
-6.722688079344718570e-01
-6.722051702359952419e-01
-6.721361270361752016e-01
-6.720636369253214504e-01
-6.719909209376533354e-01
-6.719221514996061018e-01
-6.718618395985795910e-01
-6.718139618478695674e-01
-6.717809385129043243e-01
-6.717626396883784601e-01
-6.717556442494503344e-01
-6.717529889966409318e-01
-6.717446104238402604e-01
-6.717185920712606118e-01
-6.716631895788243156e-01
-6.715694284387127011e-01
-6.714338835237350089e-01
-6.712610924113681099e-01
-6.710649692122906407e-01
-6.708686124027988251e-01
-6.707020671618258989e-01
-6.705979156320805989e-01
-6.705850024019077704e-01
-6.706810980815175460e-01
-6.708857709646428580e-01
-6.711750659099943173e-01
-6.714996706758854517e-01
-6.717879954757399741e-01
-6.719549597813270214e-01
-6.719162948852442918e-01
-6.716069327761959862e-01
-6.710007443244370151e-01
-6.701277687116932169e-01
-6.690844452389199670e-01
-6.680325200668829622e-01
-6.671834783674142066e-01
-6.667676010633029060e-01
-6.669898680163938165e-01
-6.679784487625232137e-01
-6.697347354316611767e-01
-6.720959963696712114e-01
-6.747220836911888009e-01
-6.771157911887092373e-01
-6.786823209427367276e-01
-6.788270418854259747e-01
-6.770827105036486548e-01
-6.732483027949962562e-01
-6.675129243780917321e-01
-6.605321932212149250e-01
-6.534241338524287013e-01
-6.476600088365866981e-01
-6.448438453110888480e-01
-6.464003112260217065e-01
-6.532176988881174262e-01
-6.653127146097420619e-01
-6.815900578809248600e-01
-6.997614689485165407e-01
-7.164714249371614274e-01
-7.276578152896838736e-01
-7.291583125204444960e-01
-7.175470279631128712e-01
-6.911307343137225168e-01
-6.509348340162652846e-01
-6.013870397164118309e-01
-5.503355985938387374e-01
-5.081183684467902584e-01
-4.856719974412929131e-01
-4.920481808166065063e-01
-5.319900549921333655e-01
-6.042391141204673799e-01
-7.009522306881392772e-01
-8.081376982251909924e-01
-9.066420450827555877e-01
-9.732841474518717506e-01
-9.824432747854831005e-01
-9.094472193059484066e-01
-7.373805102327860572e-01
-4.669713537976292739e-01
-1.249374369076308583e-01
2.367343496213212550e-01
5.539304385572306755e-01
7.693334897228358837e-01
8.458864641361363290e-01
7.710854116836602934e-01
5.571441646488936028e-01
2.408421461963126120e-01
-1.206817848011511041e-01
-4.632857370577547207e-01
-7.347444167306814711e-01
-9.080163154911052859e-01
-9.821067950275635949e-01
-9.737845136250813383e-01
-9.076765068141184889e-01
-8.094152959709922657e-01
-7.022191915828560616e-01
-6.052934248968260267e-01
-5.326952413032399747e-01
-4.923443228644028835e-01
-4.855771759130345644e-01
-5.077161561911873733e-01
-5.497500423323199437e-01
-6.007518014306908460e-01
-6.503651901739070373e-01
-6.907052747182058638e-01
-7.173015233102365551e-01
-7.290898895513118205e-01
-7.277352736309902204e-01
-7.166475359123453126e-01
-6.999843968115255777e-01
-6.818124569134730306e-01
-6.654979821286099995e-01
-6.533433115628159982e-01
-6.464584048943947669e-01
-6.448394254257949765e-01
-6.476074383940993995e-01
-6.533427535795851560e-01
-6.604419817269344684e-01
-6.674309631095537432e-01
-6.731865163260987162e-01
-6.770470064069263882e-01
-6.788176778261938438e-01
-6.786951416443042229e-01
-6.771439149744163943e-01
-6.747576508954213903e-01
-6.721316806362835905e-01
-6.697648295053820755e-01
-6.679994460030308501e-01
-6.670005561657877946e-01
-6.667687576833160046e-01
-6.671773026659099104e-01
-6.680219514527356850e-01
-6.690725069343178566e-01
-6.701170415959206705e-01
-6.709930315111299892e-01
-6.716031295970521509e-01
-6.719164405868071066e-01
-6.719584216203625671e-01
-6.717937246101634008e-01
-6.715064708383791103e-01
-6.711818269705575046e-01
-6.708916360404661994e-01
-6.706855508811918609e-01
-6.705878777429781223e-01
-6.705993482969232478e-01
-6.707024013162095066e-01
-6.708682956135221254e-01
-6.710644524608547767e-01
-6.712607517930124779e-01
-6.714339721719463361e-01
-6.715700601632259570e-01
-6.716643499456006472e-01
-6.717201688972680440e-01
-6.717464341138507100e-01
-6.717548735909580904e-01
-6.717574219644593114e-01
-6.717641844618930103e-01
-6.717821769640157648e-01
-6.718148725909437458e-01
-6.718624436577846915e-01
-6.719224975000824829e-01
-6.719910688332823012e-01
-6.720636434322883046e-01
-6.721360349280839364e-01
-6.722050024914429933e-01
-6.722685666503629420e-01
-6.723260409805477122e-01
-6.723778408321636757e-01
-6.724251532823263267e-01
-6.724695560183565624e-01
-6.725126608318592325e-01
-6.725558354993053101e-01
-6.726000320412898192e-01
-6.726457249373054559e-01
-6.726929436113955330e-01
-6.727413714241714526e-01
-6.727904788479246445e-01
-6.728396604539269577e-01
-6.728883519328981988e-01
-6.729361123878110362e-01
-6.729826664840313777e-01
-6.730279090604137648e-01
-6.730718804613105011e-01
-6.731147237564990560e-01
-6.731566353456605034e-01
-6.731978187636016298e-01
-6.732384485827391796e-01
-6.732786479442991467e-01
-6.733184801152056753e-01
-6.733579520353706327e-01
-6.733970263269126733e-01
-6.734356377021674112e-01
-6.734737099834128271e-01
-6.735111707858745245e-01
-6.735479620353737040e-01
-6.735840456347392813e-01
-6.736194045619040560e-01
-6.736540403598300086e-01
-6.736879683255732054e-01
-6.737212117497509700e-01
-6.737537963691522247e-01
-6.737857458655035492e-01
-6.738170788633498498e-01
-6.738478075249983990e-01
-6.738779375617308665e-01
-6.739074693030217000e-01
-6.739363993910404416e-01
-6.739647226807305991e-01
-6.739924340008758286e-01
-6.740195295403461628e-01
-6.740460077402898875e-01
-6.740718696773883023e-01
-6.740971190029135807e-01
-6.741217615519388140e-01
-6.741458047573137824e-01
-6.741692569987781658e-01
-6.741921269957968921e-01
-6.742144233209719228e-01
-6.742361540760302141e-01
-6.742573267398992432e-01
-6.742779481720152512e-01
-6.742980247357869272e-01
-6.743175624976124327e-01
-6.743365674553954969e-01
-6.743550457556211075e-01
-6.743730038678072969e-01
-6.743904486973548718e-01
-6.744073876304096382e-01
-6.744238285155695900e-01
-6.744397795957800534e-01
-6.744552494088178474e-01
-6.744702466762224624e-01
-6.744847801987480240e-01
-6.744988587721564288e-01
-6.745124911315162342e-01
-6.745256859261901106e-01
-6.745384517223973475e-01
-6.745507970263384667e-01
-6.745627303188085344e-01
-6.745742600919956145e-01
-6.745853948805323741e-01
-6.745961432813224468e-01
-6.746065139596116866e-01
-6.746165156416221720e-01
-6.746261570963438814e-01
-6.746354471104910600e-01
-6.746443944610847065e-01
-6.746530078897140514e-01
-6.746612960814761806e-01
-6.746692676502242803e-01
-6.746769311303473238e-01
-6.746842949741420625e-01
-6.746913675530639143e-01
-6.746981571608452466e-01
-6.747046720165782441e-01
-6.747109202663108540e-01
-6.747169099823112637e-01
-6.747226491598006248e-01
-6.747281457114997494e-01
-6.747334074607013177e-01
-6.747384421337274674e-01
-6.747432573526070954e-01
-6.747478606286142488e-01
-6.747522593570470795e-01
-6.747564608133526098e-01
-6.747604721504701919e-01
-6.747643003971013353e-01
-6.747679524565596276e-01
-6.747714351058499149e-01
-6.747747549947197276e-01
-6.747779186445210797e-01
-6.747809324468313497e-01
-6.747838026618770968e-01
-6.747865354168689489e-01
-6.747891367043725719e-01
-6.747916123808369582e-01
-6.747939681653757349e-01
-6.747962096388508968e-01
-6.747983422432723977e-01
-6.748003712814957256e-01
-6.748023019171685011e-01
-6.748041391748801354e-01
-6.748058879404683630e-01
-6.748075529614397938e-01
-6.748091388474903862e-01
-6.748106500711082978e-01
-6.748120909682608914e-01
-6.748134657391690050e-01
-6.748147784491839163e-01
-6.748160330297615639e-01
-6.748172332795477901e-01
-6.748183828655688332e-01
-6.748194853245254032e-01
-6.748205440641811270e-01
-6.748215623648450290e-01
-6.748225433809333929e-01
-6.748234901426055643e-01
-6.748244055574692535e-01
-6.748252924123482321e-01
-6.748261533751033214e-01
-6.748269909965050051e-01
-6.748278077121505625e-01
-6.748286058444207258e-01
-6.748293876044687556e-01
-6.748301550942403804e-01
-6.748309103085158300e-01
-6.748316551369721861e-01
-6.748323913662607199e-01
-6.748331206820978867e-01
-6.748338446713637584e-01
-6.748345648242022321e-01
-6.748352825361250140e-01
-6.748359991101094968e-01
-6.748367157586881993e-01
-6.748374336060276590e-01
-6.748381536899875632e-01
-6.748388769641591178e-01
-6.748396042998795474e-01
-6.748403364882142874e-01
-6.748410742419084229e-01
-6.748418181973003804e-01
-6.748425689161989816e-01
-6.748433268877158664e-01
-6.748440925300563942e-01
-6.748448661922618053e-01
-6.748456481559022002e-01
-6.748464386367165613e-01
-6.748472377861990390e-01
-6.748480456931268412e-01
-6.748488623850279478e-01
-6.748496878295890955e-01
-6.748505219359962615e-01
-6.748513645562123076e-01
-6.748522154861870126e-01
-6.748530744669961612e-01
-6.748539411859121318e-01
-6.748548152774012099e-01
-6.748556963240512907e-01
-6.748565838574228648e-01
