-6.748576996491381097e-01
-6.748585321172317908e-01
-6.748593633160255845e-01
-6.748601926317970845e-01
-6.748610193950679292e-01
-6.748618428809791681e-01
-6.748626623096034560e-01
-6.748634768461954092e-01
-6.748642856013783442e-01
-6.748650876312665137e-01
-6.748658819375312756e-01
-6.748666674674029808e-01
-6.748674431136141294e-01
-6.748682077142813540e-01
-6.748689600527264520e-01
-6.748696988572390199e-01
-6.748704228007781358e-01
-6.748711305006129813e-01
-6.748718205179096152e-01
-6.748724913572554662e-01
-6.748731414661345296e-01
-6.748737692343492744e-01
-6.748743729933929236e-01
-6.748749510157819875e-01
-6.748755015143441671e-01
-6.748760226414677321e-01
-6.748765124883122635e-01
-6.748769690839855340e-01
-6.748773903946801989e-01
-6.748777743227735160e-01
-6.748781187058883191e-01
-6.748784213159124690e-01
-6.748786798579872181e-01
-6.748788919694581612e-01
-6.748790552188025371e-01
-6.748791671045369922e-01
-6.748792250541176818e-01
-6.748792264228428150e-01
-6.748791684927645251e-01
-6.748790484716168381e-01
-6.748788634917608498e-01
-6.748786106091461123e-01
-6.748782868022797921e-01
-6.748778889711976037e-01
-6.748774139364211999e-01
-6.748768584378991298e-01
-6.748762191339255923e-01
-6.748754926000455345e-01
-6.748746753279515342e-01
-6.748737637244075493e-01
-6.748727541102160776e-01
-6.748716427192722467e-01
-6.748704256977310356e-01
-6.748690991033108322e-01
-6.748676589047470920e-01
-6.748661009813858858e-01
-6.748644211228933543e-01
-6.748626150290357728e-01
-6.748606783094767136e-01
-6.748586064835305764e-01
-6.748563949798243033e-01
-6.748540391358354151e-01
-6.748515341973106985e-01
-6.748488753176061783e-01
-6.748460575570400799e-01
-6.748430758823810161e-01
-6.748399251666301613e-01
-6.748366001892511790e-01
-6.748330956369905653e-01
-6.748294061053605741e-01
-6.748255261007868322e-01
-6.748214500432934138e-01
-6.748171722694935593e-01
-6.748126870355316553e-01
-6.748079885195541472e-01
-6.748030708232828356e-01
-6.747979279723312906e-01
-6.747925539151004015e-01
-6.747869425203565363e-01
-6.747810875739452818e-01
-6.747749827754683238e-01
-6.747686217360608918e-01
-6.747619979785969280e-01
-6.747551049415828617e-01
-6.747479359876730198e-01
-6.747404844170583615e-01
-6.747327434850238781e-01
-6.747247064218387935e-01
-6.747163664520281490e-01
-6.747077168092328048e-01
-6.746987507425922237e-01
-6.746894615111386218e-01
-6.746798423642409448e-01
-6.746698865086837582e-01
-6.746595870662730476e-01
-6.746489370294455057e-01
-6.746379292254737203e-01
-6.746265563016226041e-01
-6.746148107431152452e-01
-6.746026849323255581e-01
-6.745901712509608794e-01
-6.745772622175805200e-01
-6.745639506418232845e-01
-6.745502297662649971e-01
-6.745360933595649922e-01
-6.745215357234017883e-01
-6.745065515830647174e-01
-6.744911358487885034e-01
-6.744752832613282179e-01
-6.744589879677596045e-01
-6.744422431063386014e-01
-6.744250405046228192e-01
-6.744073706040577543e-01
-6.743892227089884894e-01
-6.743705856136501531e-01
-6.743514485878234765e-01
-6.743318026083525707e-01
-6.743116416253556178e-01
-6.742909635710943039e-01
-6.742697707820530795e-01
-6.742480695348881392e-01
-6.742258685104531857e-01
-6.742031761977038684e-01
-6.741799975111457677e-01
-6.741563301792125040e-01
-6.741321617042768111e-01
-6.741074678245964069e-01
-6.740822133542663241e-01
-6.740563559907890578e-01
-6.740298531536818016e-01
-6.740026712006291776e-01
-6.739747955722585893e-01
-6.739462397115484338e-01
-6.739170501918382294e-01
-6.738873055661558364e-01
-6.738571071626416886e-01
-6.738265614301570672e-01
-6.737957553659715826e-01
-6.737647287412965591e-01
-6.737334488293600376e-01
-6.737017945840571009e-01
-6.736695571678589234e-01
-6.736364619776827878e-01
-6.736022137440907942e-01
-6.735665611676272535e-01
-6.735293716616188586e-01
-6.734907012850057662e-01
-6.734508413470429167e-01
-6.734103229348822328e-01
-6.733698648904863360e-01
-6.733302599358077511e-01
-6.732922070259990122e-01
-6.732561136567396520e-01
-6.732219066470519486e-01
-6.731888999703889986e-01
-6.731557695601197988e-01
-6.731206746107049055e-01
-6.730815416005614393e-01
-6.730364927528393881e-01
-6.729843598730922416e-01
-6.729251854773840025e-01
-6.728605859257554833e-01
-6.727938461966918027e-01
-6.727296410253055248e-01
-6.726733355106047085e-01
-6.726299059057595509e-01
-6.726026256737871467e-01
-6.725917626778843417e-01
-6.725936049898464386e-01
-6.726001490996517118e-01
-6.725997248052908439e-01
-6.725786875379985430e-01
-6.725240909563557912e-01
-6.724269906980492317e-01
-6.722857741873070614e-01
-6.721087248150920956e-01
-6.719149773858256181e-01
-6.717331582710286408e-01
-6.715973512074439045e-01
-6.715405664391215224e-01
-6.715865424267628558e-01
-6.717413512611110082e-01
-6.719867536121449936e-01
-6.722773952382616880e-01
-6.725436276067559005e-01
-6.727009153632727001e-01
-6.726655115482574887e-01
-6.723745045728385383e-01
-6.718067507770576485e-01
-6.709999722295998392e-01
-6.700588237491115207e-01
-6.691493670289712092e-01
-6.684773234859355817e-01
-6.682506276542458101e-01
-6.686307377371619731e-01
-6.696811109066930223e-01
-6.713242413934945585e-01
-6.733197302917518501e-01
-6.752743176060023167e-01
-6.766904229952234173e-01
-6.770527905806583702e-01
-6.759440794275789477e-01
-6.731709157655897391e-01
-6.688737869418097670e-01
-6.635895615293448957e-01
-6.582370725166429848e-01
-6.540063288566024813e-01
-6.521508717075841233e-01
-6.537077325551764462e-01
-6.591942564031966212e-01
-6.683480959065098981e-01
-6.799800205227902739e-01
-6.919973686058537021e-01
-7.016323530602609493e-01
-7.058791149111007801e-01
-7.021084654562700367e-01
-6.887864010348565547e-01
-6.661680089578558839e-01
-6.367804060909473263e-01
-6.054772290928418510e-01
-5.788883233677981632e-01
-5.642297187664050417e-01
-5.676529894543723698e-01
-5.925104586965849185e-01
-6.379889584401626790e-01
-6.984692435606035810e-01
-7.637468814927259597e-01
-8.200395768640065253e-01
-8.516645436105305667e-01
-8.434456223531281438e-01
-7.840945661197559202e-01
-6.705558687803934159e-01
-5.122943548316807316e-01
-3.331947037051766203e-01
-1.685289013682956805e-01
-5.643255554117589112e-02
-2.649130881887468494e-02
-8.979454383512849858e-02
-2.341257117772998497e-01
-4.260217932474647529e-01
-6.190143404133291449e-01
-7.647715803312697957e-01
-8.228739424960965776e-01
-7.673764089253038989e-01
-5.916845773006029763e-01
-3.128300729870983621e-01
2.821440473184365708e-02
3.755106162378761270e-01
6.757918301838740094e-01
8.953724802191928012e-01
1.026424219963274487e+00
1.081781408817688916e+00
1.084435095521217640e+00
1.058140641752600697e+00
1.022059520989067716e+00
9.891704366012197269e-01
9.670075085027390882e-01
9.592105991276602683e-01
9.668338521122135099e-01
9.888458359084602023e-01
1.021641550798114251e+00
1.057741633568654915e+00
1.084240200357910577e+00
1.082048792214761246e+00
1.027447841118300120e+00
8.973934309047928437e-01
6.788682078710257528e-01
3.794056746801557911e-01
3.239014944319461992e-02
-3.090655405605308159e-01
-5.889403339552375938e-01
-7.660068710459259078e-01
-8.229354573773026704e-01
-7.660621431313704432e-01
-6.211302462136385483e-01
-4.284205901572119557e-01
-2.362220964635520504e-01
-9.109135059552982139e-02
-2.670346385183744800e-02
-5.555313972041898973e-02
-1.668128925457475487e-01
-3.310668153471235664e-01
-5.102137101953357901e-01
-6.688890987029088020e-01
-7.830440088129457799e-01
-8.430455088128391283e-01
-8.518226985978788468e-01
-8.205918832302148136e-01
-7.645039317143904611e-01
-6.992504299083859287e-01
-6.386467359195052707e-01
-5.929469412903420888e-01
-5.678281062367561693e-01
-5.641591804706543867e-01
-5.786314287848223215e-01
-6.051175205200465257e-01
-6.364043656981451802e-01
-6.658471702318190522e-01
-6.885664657033857550e-01
-7.020063173744922613e-01
-7.058863216612928371e-01
-7.017226141065220357e-01
-6.921353640163021570e-01
-6.801297172575588856e-01
-6.684792800549298475e-01
-6.592866516876738636e-01
-6.537525346829105022e-01
-6.521499317789780648e-01
-6.539695628670817440e-01
-6.581789039404623010e-01
-6.635252592823019935e-01
-6.688164279003286916e-01
-6.731294294019376512e-01
-6.759225126365359104e-01
-6.770506534224365325e-01
-6.767037972509412080e-01
-6.752973427828080633e-01
-6.733461066830314090e-01
-6.713484739148508629e-01
-6.696993283925162244e-01
-6.686410349217105642e-01
-6.682529733155548879e-01
-6.684731465347397705e-01
-6.691409667951410123e-01
-6.700487515770514602e-01
-6.709905048749024159e-01
-6.717995324615597674e-01
-6.723703859218551626e-01
-6.726645706036128436e-01
-6.727026155082097558e-01
-6.725470523608828577e-01
-6.722814995474065691e-01
-6.719905820229532534e-01
-6.717441906414278741e-01
-6.715879960669934867e-01
-6.715405536088863148e-01
-6.715960489131576061e-01
-6.717309087972394011e-01
-6.719121862362598119e-01
-6.721057699637419391e-01
-6.722829408125381434e-01
-6.724244377093842040e-01
-6.725218483399146852e-01
-6.725766780669736322e-01
-6.725978006026684941e-01
-6.725981329290847688e-01
-6.725913275535453373e-01
-6.725890899075701590e-01
-6.725994732187562386e-01
-6.726262410386660839e-01
-6.726691689689835441e-01
-6.727250126154218357e-01
-6.727888082811480652e-01
-6.728551883691684665e-01
-6.729194645286536991e-01
-6.729783321505155014e-01
-6.730301542683394533e-01
-6.730748708266478531e-01
-6.731136380671849384e-01
-6.731483282826413728e-01
-6.731810154448543138e-01
-6.732135452309826462e-01
-6.732472490264537202e-01
-6.732828206692625939e-01
-6.733203400709942832e-01
-6.733594043955584141e-01
-6.733993169130940704e-01
-6.734392848716856950e-01
-6.734785877001965293e-01
-6.735166916210661991e-01
-6.735533024123856460e-01
-6.735883614837944178e-01
-6.736219996619905448e-01
-6.736544674155328094e-01
-6.736860600652744280e-01
-6.737170529554677989e-01
-6.737476560869826159e-01
-6.737779918158415260e-01
-6.738080940937494212e-01
-6.738379241332597136e-01
-6.738673956089981099e-01
-6.738964024391216334e-01
-6.739248434223855666e-01
-6.739526399894775199e-01
-6.739797455114540092e-01
-6.740061465406809171e-01
-6.740318577463035865e-01
-6.740569130263155406e-01
-6.740813553640823130e-01
-6.741052275902053026e-01
-6.741285655081709072e-01
-6.741513940470776900e-01
-6.741737263862335183e-01
-6.741955654674883780e-01
-6.742169070216024185e-01
-6.742377431778884267e-01
-6.742580658538949168e-01
-6.742778693641100496e-01
-6.742971519702287697e-01
-6.743159163579817150e-01
-6.743341692241957563e-01
-6.743519202724871375e-01
-6.743691809472079912e-01
-6.743859631986225400e-01
-6.744022784918425328e-01
-6.744181371737272279e-01
-6.744335482182319819e-01
-6.744485192974190024e-01
-6.744630570805226766e-01
-6.744771676477929745e-01
-6.744908569145974253e-01
-6.745041309864775458e-01
-6.745169963986963335e-01
-6.745294602263747219e-01
-6.745415300778677681e-01
-6.745532140013756894e-01
-6.745645203423111802e-01
-6.745754575878473158e-01
-6.745860342278819921e-01
-6.745962586511999870e-01
-6.746061390846272987e-01
-6.746156835735097612e-01
-6.746248999951680592e-01
-6.746337960934668532e-01
-6.746423795221425657e-01
-6.746506578862403458e-01
-6.746586387741486668e-01
-6.746663297762823808e-01
-6.746737384897953937e-01
-6.746808725112609650e-01
-6.746877394208197209e-01
-6.746943467618697898e-01
-6.747007020200977978e-01
-6.747068126048304526e-01
-6.747126858345555700e-01
-6.747183289273419593e-01
-6.747237489959111434e-01
-6.747289530464404272e-01
-6.747339479798397655e-01
-6.747387405941649430e-01
-6.747433375870306449e-01
-6.747477455571903038e-01
-6.747519710048223152e-01
-6.747560203304121540e-01
-6.747598998324039199e-01
-6.747636157039715865e-01
-6.747671740293427201e-01
-6.747705807801034350e-01
-6.747738418118333081e-01
-6.747769628613157211e-01
-6.747799495444438689e-01
-6.747828073548307604e-01
-6.747855416630403891e-01
-6.747881577163077349e-01
-6.747906606385891681e-01
-6.747930554307832729e-01
-6.747953469710029628e-01
-6.747975400148051861e-01
-6.747996391953370310e-01
-6.748016490233961218e-01
-6.748035738874349487e-01
-6.748054180535598690e-01
-6.748071856655833978e-01
-6.748088807451854132e-01
-6.748105071922269049e-01
-6.748120687852418031e-01
-6.748135691821134374e-01
-6.748150119209267439e-01
-6.748164004209726841e-01
-6.748177379838697920e-01
-6.748190277947708759e-01
-6.748202729236274511e-01
-6.748214763264863691e-01
-6.748226408468046555e-01
-6.748237692167746715e-01
-6.748248640586698155e-01
-6.748259278862078769e-01
-6.748269631059490292e-01
-6.748279720187324582e-01
-6.748289568211599532e-01
-6.748299196071272377e-01
-6.748308623694022623e-01
-6.748317870012401354e-01
-6.748326952980302496e-01
-6.748335889589613945e-01
-6.748344695886967504e-01
-6.748353386990461056e-01
-6.748361977106335230e-01
-6.748370479545510170e-01
-6.748378906739952443e-01
-6.748387270258927595e-01
-6.748395580825025108e-01
-6.748403848330067900e-01
-6.748412081850826416e-01
-6.748420289664550653e-01
-6.748428479264304558e-01
-6.748436657374050629e-01
-6.748444829963452518e-01
-6.748453002262356781e-01
-6.748461178774936009e-01
-6.748469363293404522e-01
-6.748477558911311069e-01
-6.748485768036359689e-01
-6.748493992402744279e-01
-6.748502233083029100e-01
-6.748510490499464165e-01
-6.748518764434838779e-01
-6.748527054042793294e-01
-6.748535357857577965e-01
-6.748543673803287790e-01
-6.748551999202536678e-01
-6.748560330784552086e-01
-6.748568664692701224e-01
