-6.748575549517816796e-01
-6.748584434530211507e-01
-6.748593358865040415e-01
-6.748602315947010988e-01
-6.748611298709005224e-01
-6.748620299596008731e-01
-6.748629310568307060e-01
-6.748638323103909320e-01
-6.748647328200225726e-01
-6.748656316374997965e-01
-6.748665277666493489e-01
-6.748674201632933745e-01
-6.748683077351224080e-01
-6.748691893414924259e-01
-6.748700637931526192e-01
-6.748709298519010025e-01
-6.748717862301708559e-01
-6.748726315905506645e-01
-6.748734645452336700e-01
-6.748742836554050273e-01
-6.748750874305616820e-01
-6.748758743277727401e-01
-6.748766427508757770e-01
-6.748773910496184136e-01
-6.748781175187394954e-01
-6.748788203969982025e-01
-6.748794978661509791e-01
-6.748801480498797245e-01
-6.748807690126694681e-01
-6.748813587586458551e-01
-6.748819152303658919e-01
-6.748824363075689448e-01
-6.748829198058908796e-01
-6.748833634755430078e-01
-6.748837649999581689e-01
-6.748841219944121672e-01
-6.748844320046225587e-01
-6.748846925053294532e-01
-6.748849008988609954e-01
-6.748850545136929613e-01
-6.748851506029981406e-01
-6.748851863431954978e-01
-6.748851588324934481e-01
-6.748850650894293590e-01
-6.748849020514071650e-01
-6.748846665732315397e-01
-6.748843554256479527e-01
-6.748839652938899425e-01
-6.748834927762471514e-01
-6.748829343826671101e-01
-6.748822865334047627e-01
-6.748815455577376055e-01
-6.748807076927472171e-01
-6.748797690821831674e-01
-6.748787257753955382e-01
-6.748775737263269514e-01
-6.748763087925481186e-01
-6.748749267343151503e-01
-6.748734232136309741e-01
-6.748717937933083055e-01
-6.748700339360383937e-01
-6.748681390034976246e-01
-6.748661042555358369e-01
-6.748639248495111875e-01
-6.748615958398253012e-01
-6.748591121777248736e-01
-6.748564687113903782e-01
-6.748536601863078799e-01
-6.748506812458763271e-01
-6.748475264321610601e-01
-6.748441901866737425e-01
-6.748406668510583684e-01
-6.748369506675812035e-01
-6.748330357793701495e-01
-6.748289162304408340e-01
-6.748245859656136769e-01
-6.748200388305319875e-01
-6.748152685720367749e-01
-6.748102688391748316e-01
-6.748050331850685701e-01
-6.747995550697830636e-01
-6.747938278641634202e-01
-6.747878448544497587e-01
-6.747815992472979696e-01
-6.747750841747195416e-01
-6.747682926984056584e-01
-6.747612178129688276e-01
-6.747538524478047250e-01
-6.747461894675436112e-01
-6.747382216713798675e-01
-6.747299417918865005e-01
-6.747213424941693738e-01
-6.747124163763410509e-01
-6.747031559722466154e-01
-6.746935537571568942e-01
-6.746836021567460540e-01
-6.746732935591768232e-01
-6.746626203295847946e-01
-6.746515748257584377e-01
-6.746401494134680599e-01
-6.746283364797329707e-01
-6.746161284424025961e-01
-6.746035177547438089e-01
-6.745904969042666455e-01
-6.745770584057354524e-01
-6.745631947891580493e-01
-6.745488985844656504e-01
-6.745341623055060021e-01
-6.745189784368034180e-01
-6.745033394271786609e-01
-6.744872376945766357e-01
-6.744706656461393335e-01
-6.744536157164469081e-01
-6.744360804247513386e-01
-6.744180524488508910e-01
-6.743995247091826295e-01
-6.743804904521578658e-01
-6.743609433175838941e-01
-6.743408773722706639e-01
-6.743202870919824399e-01
-6.742991672779279355e-01
-6.742775129027978043e-01
-6.742553188949097498e-01
-6.742325798860474562e-01
-6.742092899664948735e-01
-6.741854425056917899e-01
-6.741610301041388587e-01
-6.741360447370253750e-01
-6.741104781289914971e-01
-6.740843223614946256e-01
-6.740575706620646201e-01
-6.740302182652990748e-01
-6.740022631800814956e-01
-6.739737066605230309e-01
-6.739445531746569573e-01
-6.739148097074885158e-01
-6.738844843297199239e-01
-6.738535841063628684e-01
-6.738221125939918288e-01
-6.737900673521369788e-01
-6.737574380334184765e-01
-6.737242056741058471e-01
-6.736903437416262852e-01
-6.736558212828319681e-01
-6.736206081567162052e-01
-6.735846818616435527e-01
-6.735480349506816067e-01
-6.735106815723713725e-01
-6.734726614005761558e-01
-6.734340392457526248e-01
-6.733948990606447582e-01
-6.733553318953272582e-01
-6.733154185635917832e-01
-6.732752091991318633e-01
-6.732347032547243426e-01
-6.731938345108007260e-01
-6.731524659734888782e-01
-6.731103988699540519e-01
-6.730673981356082303e-01
-6.730232338843920026e-01
-6.729777346681169448e-01
-6.729308444395678546e-01
-6.728826718335730872e-01
-6.728335185794559470e-01
-6.727838744111677149e-01
-6.727343693419599591e-01
-6.726856807433538865e-01
-6.726384017996049902e-01
-6.725928883678414794e-01
-6.725491111673712608e-01
-6.725065472111065867e-01
-6.724641460737522669e-01
-6.724204010019518840e-01
-6.723735410481592734e-01
-6.723218388981367921e-01
-6.722640022462643694e-01
-6.721995887062466313e-01
-6.721293610820434639e-01
-6.720554878184423764e-01
-6.719814985590311096e-01
-6.719119309723381450e-01
-6.718516529703738582e-01
-6.718049101869537632e-01
-6.717742231050417567e-01
-6.717593279426596897e-01
-6.717564037792338461e-01
-6.717578386401374946e-01
-6.717527458778479454e-01
-6.717283428701960046e-01
-6.716721510510045290e-01
-6.715747866044220471e-01
-6.714329147214072036e-01
-6.712517775048620905e-01
-6.710466217670840727e-01
-6.708423901157574143e-01
-6.706712252630379067e-01
-6.705676775239898246e-01
-6.705619703374408047e-01
-6.706722035097291146e-01
-6.708968618931743233e-01
-6.712093322582605159e-01
-6.715561980863677949e-01
-6.718607911998019100e-01
-6.720327904285482434e-01
-6.719836001029604322e-01
-6.716459262089023996e-01
-6.709945920269869690e-01
-6.700644708339630329e-01
-6.689607826019565717e-01
-6.678572221917099538e-01
-6.669786898461885771e-01
-6.665678272128396920e-01
-6.668378993731227666e-01
-6.679182829274067368e-01
-6.698021674009400073e-01
-6.723082242766592609e-01
-6.750682440662912898e-01
-6.775506697388029576e-01
-6.791254763708454156e-01
-6.791691482332382623e-01
-6.772000012693133453e-01
-6.730245536737580192e-01
-6.668665029433739067e-01
-6.594435940736158575e-01
-6.519576416991609280e-01
-6.459724382320402025e-01
-6.431743902037390104e-01
-6.450386405955905733e-01
-6.524520372859038408e-01
-6.653645320643436500e-01
-6.825457683434353884e-01
-7.015133782399383122e-01
-7.186803340674369212e-01
-7.297492658240705143e-01
-7.303641777301290716e-01
-7.170026399465725397e-01
-6.880307710510710217e-01
-6.447338846085279851e-01
-5.920033549960764807e-01
-5.382901839835949609e-01
-4.945365058951994297e-01
-4.721058884811262235e-01
-4.801416516337067009e-01
-5.230704781539506909e-01
-5.989547785530702217e-01
-6.990577592947958552e-01
-8.084719385203278375e-01
-9.072735806908486245e-01
-9.717683922621543902e-01
-9.761745671725365892e-01
-8.961616689736533470e-01
-7.158455954247340269e-01
-4.376696875145459353e-01
-9.023021486525285850e-02
2.734377322550110567e-01
5.897590269194754597e-01
8.032694105792140826e-01
8.788760645472254440e-01
8.049079252582588273e-01
5.927790112140497447e-01
2.773262750050610181e-01
-8.616366791065134534e-02
-4.341073280067467288e-01
-7.132591354373674086e-01
-8.947201207575549153e-01
-9.757893901895799971e-01
-9.722041042946404366e-01
-9.082453799969683050e-01
-8.097014385495450162e-01
-7.002979778301009484e-01
-6.000046852500093841e-01
-5.237895003239082525e-01
-4.804623797883115222e-01
-4.720378531714980452e-01
-4.941559578277532339e-01
-5.377166375278549237e-01
-5.913691917854890789e-01
-6.441558048312794327e-01
-6.875903913400166489e-01
-7.167392389025096788e-01
-7.302780617660321605e-01
-7.298116534260464805e-01
-7.188455006970485561e-01
-7.017300838062753288e-01
-6.827664531685949667e-01
-6.655517400960107022e-01
-6.525819832849721891e-01
-6.451020554326685197e-01
-6.431749875102740210e-01
-6.459236020521897936e-01
-6.518781572313394612e-01
-6.593533213888195244e-01
-6.667827745974113096e-01
-6.729597972476378809e-01
-6.771607442273567257e-01
-6.791562598120941541e-01
-6.791353066521339521e-01
-6.775766740871592697e-01
-6.751027068327470904e-01
-6.723437794859900007e-01
-6.698329210880960005e-01
-6.679404487579984062e-01
-6.668499530748159820e-01
-6.665702584742334569e-01
-6.669734776486673233e-01
-6.678471785360413637e-01
-6.689489015467424693e-01
-6.700533902775914763e-01
-6.709862336692464790e-01
-6.716413346364618064e-01
-6.719829635833535209e-01
-6.720355993162606678e-01
-6.718660768293870378e-01
-6.715627946021374139e-01
-6.712161130192351166e-01
-6.709029170861816604e-01
-6.706769426395681188e-01
-6.705651491742928849e-01
-6.705693615987468048e-01
-6.706717098406645983e-01
-6.708420994610589938e-01
-6.710460090095752284e-01
-6.712512416795263226e-01
-6.714327450814500109e-01
-6.715751375345525576e-01
-6.716730450583875411e-01
-6.717296949816281559e-01
-6.717544006501817710e-01
-6.717596108062791060e-01
-6.717581149091361725e-01
-6.717608338332576867e-01
-6.717754293229205587e-01
-6.718057757398366858e-01
-6.718521840865916417e-01
-6.719121682045149369e-01
-6.719815008561951242e-01
-6.720553169310088393e-01
-6.721290688754402165e-01
-6.721992089039762197e-01
-6.722635470380421419e-01
-6.723212999243937116e-01
-6.723728936314590232e-01
-6.724196101869408526e-01
-6.724631730414525332e-01
-6.725053548824665439e-01
-6.725476682095998804e-01
-6.725911712645349372e-01
-6.726363950545164450e-01
-6.726833755956798111e-01
-6.727317615466542611e-01
-6.727809616791171621e-01
-6.728302982010916367e-01
-6.728791388623658332e-01
-6.729269906309264249e-01
-6.729735481934877583e-01
-6.730186996996125881e-01
-6.730624987939757276e-01
-6.731051155384029094e-01
-6.731467794281018602e-01
-6.731877259415733894e-01
-6.732281547816874046e-01
-6.732682040756555741e-01
-6.733079411044199380e-01
-6.733473672081216055e-01
-6.733864326776580755e-01
-6.734250567486002037e-01
-6.734631481113392271e-01
-6.735006223556254668e-01
-6.735374141406776927e-01
-6.735734833027636759e-01
-6.736088153273016577e-01
-6.736434174640989481e-01
-6.736773121939906295e-01
-6.737105297907325374e-01
-6.737431014522075046e-01
-6.737750540196532079e-01
-6.738064067855081829e-01
-6.738371704135732720e-01
-6.738673476311406452e-01
-6.738969351363320870e-01
-6.739259260959504783e-01
-6.739543126646513338e-01
-6.739820880950438964e-01
-6.740092481857788975e-01
-6.740357919905892725e-01
-6.740617218557438672e-01
-6.740870429495561256e-01
-6.741117624912248418e-01
-6.741358888833722807e-01
-6.741594309157115106e-01
-6.741823971515428227e-01
-6.742047955487698863e-01
-6.742266333142924450e-01
-6.742479169521287119e-01
-6.742686524441880991e-01
-6.742888454972996159e-01
-6.743085017973513562e-01
-6.743276272265006366e-01
-6.743462280175932522e-01
-6.743643108372173733e-01
-6.743818828025566203e-01
-6.743989514461429247e-01
-6.744155246466700948e-01
-6.744316105440179010e-01
-6.744472174538144182e-01
-6.744623537925472645e-01
-6.744770280196027423e-01
-6.744912485984557726e-01
-6.745050239760588262e-01
-6.745183625773756297e-01
-6.745312728109453815e-01
-6.745437630810952045e-01
-6.745558418027330916e-01
-6.745675174153235032e-01
-6.745787983934921073e-01
-6.745896932526203038e-01
-6.746002105486832434e-01
-6.746103588724055022e-01
-6.746201468385043531e-01
-6.746295830712982777e-01
-6.746386761882732230e-01
-6.746474347832815965e-01
-6.746558674108955600e-01
-6.746639825730952333e-01
-6.746717887090102339e-01
-6.746792941879034000e-01
-6.746865073050948292e-01
-6.746934362801438878e-01
-6.747000892563702612e-01
-6.747064743007513687e-01
-6.747125994033489338e-01
-6.747184724756551955e-01
-6.747241013475634430e-01
-6.747294937629831901e-01
-6.747346573743876474e-01
-6.747395997367559017e-01
-6.747443283014374904e-01
-6.747488504104331986e-01
-6.747531732914620051e-01
-6.747573040540202349e-01
-6.747612496864627829e-01
-6.747650170539808423e-01
-6.747686128972530950e-01
-6.747720438314928071e-01
-6.747753163456382541e-01
-6.747784368014797529e-01
-6.747814114326069479e-01
-6.747842463431451554e-01
-6.747869475063326128e-01
-6.747895207630364434e-01
-6.747919718203302386e-01
-6.747943062502587130e-01
-6.747965294888725873e-01
-6.747986468355894329e-01
-6.748006634528854741e-01
-6.748025843662933676e-01
-6.748044144646502263e-01
-6.748061585005351581e-01
-6.748078210908322605e-01
-6.748094067173776578e-01
-6.748109197276559446e-01
-6.748123643355371515e-01
-6.748137446220654478e-01
-6.748150645363074629e-01
-6.748163278962877598e-01
-6.748175383900251179e-01
-6.748186995766827234e-01
-6.748198148878357117e-01
-6.748208876288531721e-01
-6.748219209803812957e-01
-6.748229179999185590e-01
-6.748238816234621851e-01
-6.748248146672154446e-01
-6.748257198293410308e-01
-6.748265996917550691e-01
-6.748274567219559872e-01
-6.748282932748871366e-01
-6.748291115948285013e-01
-6.748299138173214917e-01
-6.748307019711197174e-01
-6.748314779801676266e-01
-6.748322436656013501e-01
-6.748330007477651993e-01
-6.748337508482405989e-01
-6.748344954918833460e-01
-6.748352361088600926e-01
-6.748359740366782766e-01
-6.748367105222118356e-01
-6.748374467237079344e-01
-6.748381837127812588e-01
-6.748389224763867711e-01
-6.748396639187692614e-01
-6.748404088633864761e-01
-6.748411580548032696e-01
-6.748419121605497839e-01
-6.748426717729490987e-01
-6.748434374109003597e-01
-6.748442095216222736e-01
-6.748449884823511935e-01
-6.748457746019872472e-01
-6.748465681226958335e-01
-6.748473692214504993e-01
-6.748481780115235251e-01
-6.748489945439181126e-01
-6.748498188087412863e-01
-6.748506507365151785e-01
-6.748514901994251414e-01
-6.748523370125034671e-01
-6.748531909347450508e-01
-6.748540516701548864e-01
-6.748549188687273936e-01
-6.748557921273548033e-01
-6.748566709906642647e-01
