-6.748573281991790962e-01
-6.748581112227544088e-01
-6.748588874419859662e-01
-6.748596562826347789e-01
-6.748604171094571003e-01
-6.748611692265660267e-01
-6.748619118777405834e-01
-6.748626442466818531e-01
-6.748633654572195884e-01
-6.748640745734648672e-01
-6.748647705999114566e-01
-6.748654524814851063e-01
-6.748661191035433271e-01
-6.748667692918262073e-01
-6.748674018123547169e-01
-6.748680153712820484e-01
-6.748686086146954421e-01
-6.748691801283732694e-01
-6.748697284374968186e-01
-6.748702520063163401e-01
-6.748707492377747919e-01
-6.748712184730941699e-01
-6.748716579913183189e-01
-6.748720660088197709e-01
-6.748724406787738328e-01
-6.748727800905941487e-01
-6.748730822693399523e-01
-6.748733451750905665e-01
-6.748735667022930373e-01
-6.748737446790807892e-01
-6.748738768665704102e-01
-6.748739609581337895e-01
-6.748739945786526029e-01
-6.748739752837578099e-01
-6.748739005590569384e-01
-6.748737678193540424e-01
-6.748735744078635523e-01
-6.748733175954263475e-01
-6.748729945797287133e-01
-6.748726024845261851e-01
-6.748721383588781597e-01
-6.748715991763890587e-01
-6.748709818344601485e-01
-6.748702831535513535e-01
-6.748694998764535047e-01
-6.748686286675719126e-01
-6.748676661122278153e-01
-6.748666087159780336e-01
-6.748654529039683769e-01
-6.748641950203259077e-01
-6.748628313276049395e-01
-6.748613580063006490e-01
-6.748597711544385147e-01
-6.748580667872474681e-01
-6.748562408369187526e-01
-6.748542891524453857e-01
-6.748522074995282338e-01
-6.748499915605322697e-01
-6.748476369344716952e-01
-6.748451391370030583e-01
-6.748424936004159269e-01
-6.748396956736244512e-01
-6.748367406221739140e-01
-6.748336236283076772e-01
-6.748303397911461499e-01
-6.748268841270516072e-01
-6.748232515702496936e-01
-6.748194369737678944e-01
-6.748154351107271687e-01
-6.748112406759686488e-01
-6.748068482879562291e-01
-6.748022524908350306e-01
-6.747974477564762097e-01
-6.747924284863182631e-01
-6.747871890128297467e-01
-6.747817236004680641e-01
-6.747760264461055701e-01
-6.747700916790424497e-01
-6.747639133608647199e-01
-6.747574854855697968e-01
-6.747508019804695500e-01
-6.747438567084125260e-01
-6.747366434717712025e-01
-6.747291560184317527e-01
-6.747213880496867322e-01
-6.747133332295119912e-01
-6.747049851942920062e-01
-6.746963375616786829e-01
-6.746873839371008152e-01
-6.746781179165139974e-01
-6.746685330844082173e-01
-6.746586230068584156e-01
-6.746483812204495667e-01
-6.746378012191165396e-01
-6.746268764420666475e-01
-6.746156002667293983e-01
-6.746039660108379410e-01
-6.745919669470561431e-01
-6.745795963318950150e-01
-6.745668474481043564e-01
-6.745537136565374903e-01
-6.745401884501959211e-01
-6.745262655004494734e-01
-6.745119386840651154e-01
-6.744972020804028690e-01
-6.744820499314255757e-01
-6.744664765630898895e-01
-6.744504762747600690e-01
-6.744340432123981932e-01
-6.744171712497559756e-01
-6.743998539075531928e-01
-6.743820843415769817e-01
-6.743638554250618311e-01
-6.743451599378498251e-01
-6.743259908552196036e-01
-6.743063417051849973e-01
-6.742862069383879220e-01
-6.742655822346961259e-01
-6.742444646611333026e-01
-6.742228526021039059e-01
-6.742007454085736651e-01
-6.741781427581884367e-01
-6.741550437793625283e-01
-6.741314460605591918e-01
-6.741073447285150788e-01
-6.740827318205276919e-01
-6.740575961805221894e-01
-6.740319240641310383e-01
-6.740057005391304479e-01
-6.739789116193030116e-01
-6.739515468895779238e-01
-6.739236021979023716e-01
-6.738950818441843404e-01
-6.738659996321373358e-01
-6.738363782048564232e-01
-6.738062462840412881e-01
-6.737756337764156944e-01
-6.737445651678430902e-01
-6.737130521302728825e-01
-6.736810867226858957e-01
-6.736486368595702157e-01
-6.736156457348230209e-01
-6.735820365370119855e-01
-6.735477230388646763e-01
-6.735126255322598787e-01
-6.734766902443146686e-01
-6.734399090351197437e-01
-6.734023351366016374e-01
-6.733640902633553083e-01
-6.733253588913742371e-01
-6.732863670304668480e-01
-6.732473454001639546e-01
-6.732084803118232319e-01
-6.731698592635898537e-01
-6.731314215517504307e-01
-6.730929262440227268e-01
-6.730539498164228585e-01
-6.730139229989380301e-01
-6.729722106838188500e-01
-6.729282304774872880e-01
-6.728815956505553864e-01
-6.728322585421798729e-01
-6.727806230717634506e-01
-6.727275922270489206e-01
-6.726745202521507982e-01
-6.726230509294839344e-01
-6.725748426554211123e-01
-6.725312060380806978e-01
-6.724927067449107954e-01
-6.724588099728376900e-01
-6.724276570000076170e-01
-6.723960628160597919e-01
-6.723598024192438682e-01
-6.723142106475736846e-01
-6.722550592574662032e-01
-6.721796031613544997e-01
-6.720876177704283583e-01
-6.719821971578914255e-01
-6.718700651401204871e-01
-6.717611828129441687e-01
-6.716675246364842700e-01
-6.716010387351420974e-01
-6.715709907530855727e-01
-6.715810860776517677e-01
-6.716269331155396705e-01
-6.716945055312548707e-01
-6.717602414519866505e-01
-6.717932525887539974e-01
-6.717597983969225695e-01
-6.716297326273246160e-01
-6.713841094268868659e-01
-6.710226343881594557e-01
-6.705692782047688594e-01
-6.700742602087538247e-01
-6.696108618867234741e-01
-6.692662038244825418e-01
-6.691261915846178354e-01
-6.692561849635253468e-01
-6.696803484256421690e-01
-6.703638012295281001e-01
-6.712022834595843257e-01
-6.720238102860840446e-01
-6.726055271728580420e-01
-6.727066810536490582e-01
-6.721154465667790179e-01
-6.707036572817957065e-01
-6.684798811606326163e-01
-6.656285683757103833e-01
-6.625221710316575585e-01
-6.596951311785004268e-01
-6.577740043000999126e-01
-6.573664722462451149e-01
-6.589222834724182132e-01
-6.625890011002472102e-01
-6.680922995083677929e-01
-6.746724551461676933e-01
-6.811048693610348703e-01
-6.858233478881488043e-01
-6.871511869786132154e-01
-6.836269331308659769e-01
-6.743882848897021498e-01
-6.595494420385915602e-01
-6.404794627307577315e-01
-6.198743124572924090e-01
-6.015302663259983751e-01
-5.897826373517865983e-01
-5.886646519567093616e-01
-6.009368239149146529e-01
-6.271958818937700686e-01
-6.652647308810605287e-01
-7.099950951002503841e-01
-7.535249747057566339e-01
-7.859865952122339072e-01
-7.966968527996454164e-01
-7.759414525799769313e-01
-7.174376714044945480e-01
-6.212408665504115524e-01
-4.962255988781568705e-01
-3.606997266221709797e-01
-2.398810594045517885e-01
-1.602187761522315124e-01
-1.422235763051998558e-01
-1.943735648537423810e-01
-3.102681414918161407e-01
-4.699532126301074753e-01
-6.447453432385185090e-01
-8.033474009561506479e-01
-9.165428293311331798e-01
-9.592204000459331192e-01
-9.112198622644205326e-01
-7.601348420503627468e-01
-5.076300230740514730e-01
-1.762250656756565725e-01
1.903275621078120428e-01
5.373915797471794376e-01
8.157767325717185658e-01
9.930453961337489810e-01
1.053963915116371997e+00
9.945688358345760038e-01
8.187162356057489099e-01
5.414555413136143969e-01
1.949861233982329856e-01
-1.716657881753069492e-01
-5.038312073739551478e-01
-7.575348827203647328e-01
-9.099703480548435586e-01
-9.592451172058745756e-01
-9.176309580581869518e-01
-8.052097083025308022e-01
-6.470283834525334399e-01
-4.722508505958956104e-01
-3.121664034515231889e-01
-1.955296919141524536e-01
-1.424478343948563930e-01
-1.595216126475804408e-01
-2.384645867356810500e-01
-3.588950527043175409e-01
-4.943977510243813822e-01
-6.196960573956132867e-01
-7.163648068696891746e-01
-7.753999911394742206e-01
-7.966404909033412141e-01
-7.863021018382405636e-01
-7.540695758218796119e-01
-7.106253210204137583e-01
-6.658564843133394362e-01
-6.276575041651901721e-01
-6.012161141598467706e-01
-5.887497499894606134e-01
-5.896967472688446898e-01
-6.013212776529289760e-01
-6.196016460904888445e-01
-6.402011193888226259e-01
-6.593119021358401222e-01
-6.742207892334081132e-01
-6.835403035678767614e-01
-6.871402686923236969e-01
-6.858716434414880991e-01
-6.811899437673745172e-01
-6.747710012409440239e-01
-6.681841464617752635e-01
-6.626597044518071078e-01
-6.589642210384637488e-01
-6.573785945414671872e-01
-6.577605561057568995e-01
-6.596637634271356188e-01
-6.624818862098442729e-01
-6.655878869736074899e-01
-6.684454994456607846e-01
-6.706797208383662445e-01
-6.721034256091089620e-01
-6.727057297199762198e-01
-6.726131522948887165e-01
-6.720366639221921901e-01
-6.712169172186994714e-01
-6.703772652723006820e-01
-6.696905709951352925e-01
-6.692621190505524398e-01
-6.691277566705278179e-01
-6.692640783402645788e-01
-6.696061946235266626e-01
-6.700683674696241710e-01
-6.705633811056591620e-01
-6.710176717738385310e-01
-6.713806410374065781e-01
-6.716279284772405100e-01
-6.717594965837404564e-01
-6.717940601836869252e-01
-6.717616516104615298e-01
-6.716960073395417119e-01
-6.716280972531827320e-01
-6.715816172869868428e-01
-6.715707457386632662e-01
-6.716000142592274402e-01
-6.716658245405937588e-01
-6.717589743011408432e-01
-6.718675341602966533e-01
-6.719795106631003545e-01
-6.720848977264559654e-01
-6.721769140763139694e-01
-6.722524083093360803e-01
-6.723115575487678131e-01
-6.723570751422888181e-01
-6.723931751770687582e-01
-6.724245246793403297e-01
-6.724553625867903950e-01
-6.724888947915630411e-01
-6.725270026798673140e-01
-6.725702411923567547e-01
-6.726180593636164051e-01
-6.726691545291465513e-01
-6.727218696133683284e-01
-6.727745567768427248e-01
-6.728258542333123149e-01
-6.728748500379392317e-01
-6.729211317507747259e-01
-6.729647403111690407e-01
-6.730060582736181463e-01
-6.730456665441737485e-01
-6.730842010755521132e-01
-6.731222336368769543e-01
-6.731601910934927879e-01
-6.731983177867626456e-01
-6.732366772865293614e-01
-6.732751840409549882e-01
-6.733136526358236562e-01
-6.733518522852987020e-01
-6.733895561877678571e-01
-6.734265786646157492e-01
-6.734627967069958254e-01
-6.734981559637966964e-01
-6.735326638098675378e-01
-6.735663736866178697e-01
-6.735993653923902924e-01
-6.736317255856575370e-01
-6.736635317301745696e-01
-6.736948413765255772e-01
-6.737256873337624796e-01
-6.737560781648854746e-01
-6.737860026773648814e-01
-6.738154367193085470e-01
-6.738443505997451233e-01
-6.738727157402596424e-01
-6.739005096204886414e-01
-6.739277185862604380e-01
-6.739543385493181882e-01
-6.739803739550161987e-01
-6.740058355971494386e-01
-6.740307379169102608e-01
-6.740550963601752432e-01
-6.740789252227024075e-01
-6.741022362299228243e-01
-6.741250379165472095e-01
-6.741473357213826345e-01
-6.741691326123386840e-01
-6.741904300108819692e-01
-6.742112287890401623e-01
-6.742315301531471849e-01
-6.742513362912214703e-01
-6.742706507295438412e-01
-6.742894784056708835e-01
-6.743078255111024655e-01
-6.743256991830055558e-01
-6.743431071310929115e-01
-6.743600572763774892e-01
-6.743765574584554834e-01
-6.743926152431114485e-01
-6.744082378376708986e-01
-6.744234321016809863e-01
-6.744382046273980080e-01
-6.744525618588592675e-01
-6.744665102192207717e-01
-6.744800562218158380e-01
-6.744932065489399609e-01
-6.745059680915969080e-01
-6.745183479516116964e-01
-6.745303534135352885e-01
-6.745419918970976259e-01
-6.745532709017222350e-01
-6.745641979532327470e-01
-6.745747805601446379e-01
-6.745850261835920625e-01
-6.745949422217135671e-01
-6.746045360067218777e-01
-6.746138148112004185e-01
-6.746227858594570082e-01
-6.746314563399486985e-01
-6.746398334155679910e-01
-6.746479242297380718e-01
-6.746557359074889515e-01
-6.746632755517358859e-01
-6.746705502357792650e-01
-6.746775669934471642e-01
-6.746843328083983460e-01
-6.746908546039059873e-01
-6.746971392340677109e-01
-6.747031934769651684e-01
-6.747090240298558861e-01
-6.747146375061657819e-01
-6.747200404338145052e-01
-6.747252392543346966e-01
-6.747302403222659173e-01
-6.747350499044061367e-01
-6.747396741786561014e-01
-6.747441192323508918e-01
-6.747483910601071999e-01
-6.747524955613156683e-01
-6.747564385374593687e-01
-6.747602256894561501e-01
-6.747638626151838404e-01
-6.747673548073140903e-01
-6.747707076515166991e-01
-6.747739264250451896e-01
-6.747770162956689965e-01
-6.747799823208898706e-01
-6.747828294473736666e-01
-6.747855625105272370e-01
-6.747881862341593706e-01
-6.747907052301929109e-01
-6.747931239984076290e-01
-6.747954469262136268e-01
-6.747976782884694824e-01
-6.747998222473612362e-01
-6.748018828523641988e-01
-6.748038640403075661e-01
-6.748057696355526103e-01
-6.748076033502866666e-01
-6.748093687849361366e-01
-6.748110694286879596e-01
-6.748127086601097835e-01
-6.748142897478551783e-01
-6.748158158514396820e-01
-6.748172900220839043e-01
-6.748187152036044800e-01
-6.748200942333536512e-01
-6.748214298432050340e-01
-6.748227246605751350e-01
-6.748239812094873891e-01
-6.748252019116770528e-01
-6.748263890877295168e-01
-6.748275449582581409e-01
-6.748286716451147305e-01
-6.748297711726289894e-01
-6.748308454688775049e-01
-6.748318963669719395e-01
-6.748329256063656523e-01
-6.748339348341726440e-01
-6.748349256064941626e-01
-6.748358993897498603e-01
-6.748368575620098397e-01
-6.748378014143229242e-01
-6.748387321520398219e-01
-6.748396508961274076e-01
-6.748405586844710147e-01
-6.748414564731659571e-01
-6.748423451377890681e-01
-6.748432254746554726e-01
-6.748440982020496026e-01
-6.748449639614384488e-01
-6.748458233186527266e-01
-6.748466767650427300e-01
-6.748475247186025427e-01
-6.748483675250597225e-01
-6.748492054589322331e-01
-6.748500387245454091e-01
-6.748508674570107280e-01
-6.748516917231642820e-01
-6.748525115224623949e-01
-6.748533267878348285e-01
-6.748541373864903603e-01
-6.748549431206775084e-01
-6.748557437284006255e-01
-6.748565388840813695e-01
