-6.748575517536257173e-01
-6.748583554629531411e-01
-6.748591547982069061e-01
-6.748599491685429719e-01
-6.748607379242337334e-01
-6.748615203570377252e-01
-6.748622957005115941e-01
-6.748630631302652283e-01
-6.748638217641584891e-01
-6.748645706624449847e-01
-6.748653088278564471e-01
-6.748660352056332634e-01
-6.748667486834996065e-01
-6.748674480915812790e-01
-6.748681322022708207e-01
-6.748687997300417685e-01
-6.748694493312066278e-01
-6.748700796036249949e-01
-6.748706890863643837e-01
-6.748712762593082060e-01
-6.748718395427210082e-01
-6.748723772967661905e-01
-6.748728878209822035e-01
-6.748733693537171119e-01
-6.748738200715237445e-01
-6.748742380885146552e-01
-6.748746214556813339e-01
-6.748749681601804440e-01
-6.748752761245857545e-01
-6.748755432061108728e-01
-6.748757671958027782e-01
-6.748759458177086001e-01
-6.748760767280223005e-01
-6.748761575142113722e-01
-6.748761856941282167e-01
-6.748761587151093089e-01
-6.748760739530718089e-01
-6.748759287116026240e-01
-6.748757202210489137e-01
-6.748754456376128141e-01
-6.748751020424477165e-01
-6.748746864407615398e-01
-6.748741957609286635e-01
-6.748736268536036365e-01
-6.748729764908475426e-01
-6.748722413652634700e-01
-6.748714180891474124e-01
-6.748705031936601539e-01
-6.748694931280314613e-01
-6.748683842588041326e-01
-6.748671728691315597e-01
-6.748658551581403486e-01
-6.748644272403669930e-01
-6.748628851452692645e-01
-6.748612248168226468e-01
-6.748594421131859367e-01
-6.748575328064286838e-01
-6.748554925823074813e-01
-6.748533170400690118e-01
-6.748510016922727450e-01
-6.748485419646200745e-01
-6.748459331958001073e-01
-6.748431706373728689e-01
-6.748402494537303342e-01
-6.748371647221778069e-01
-6.748339114332090327e-01
-6.748304844910234523e-01
-6.748268787143356651e-01
-6.748230888374946446e-01
-6.748191095118935001e-01
-6.748149353076083878e-01
-6.748105607151567709e-01
-6.748059801472364727e-01
-6.748011879402966429e-01
-6.747961783557990811e-01
-6.747909455810982005e-01
-6.747854837299348540e-01
-6.747797868426715917e-01
-6.747738488865036022e-01
-6.747676637559995028e-01
-6.747612252743945271e-01
-6.747545271960445623e-01
-6.747475632103709930e-01
-6.747403269474293586e-01
-6.747328119849582695e-01
-6.747250118564408483e-01
-6.747169200593733374e-01
-6.747085300626879389e-01
-6.746998353121669290e-01
-6.746908292327999934e-01
-6.746815052274193203e-01
-6.746718566715746990e-01
-6.746618769054614217e-01
-6.746515592246284942e-01
-6.746408968720322141e-01
-6.746298830345263120e-01
-6.746185108468994995e-01
-6.746067734059247867e-01
-6.745946637955066993e-01
-6.745821751219623907e-01
-6.745693005560187139e-01
-6.745560333756358551e-01
-6.745423670018054763e-01
-6.745282950186334281e-01
-6.745138111697930317e-01
-6.744989093261721802e-01
-6.744835834242415284e-01
-6.744678273809330271e-01
-6.744516349977125458e-01
-6.744349998728190743e-01
-6.744179153447117381e-01
-6.744003744900765041e-01
-6.743823701950640848e-01
-6.743638953082500276e-01
-6.743449428686445479e-01
-6.743255063837071406e-01
-6.743055801137612937e-01
-6.742851593044412173e-01
-6.742642403021985587e-01
-6.742428204934550751e-01
-6.742208980281674258e-01
-6.741984713235336102e-01
-6.741755383901837373e-01
-6.741520960749129987e-01
-6.741281393610927264e-01
-6.741036608986523682e-01
-6.740786509382071801e-01
-6.740530978093316472e-01
-6.740269890071892700e-01
-6.740003128386659048e-01
-6.739730604420018922e-01
-6.739452278552702236e-01
-6.739168176987178072e-01
-6.738878399867939128e-01
-6.738583116271547047e-01
-6.738282543148516046e-01
-6.737976907908953539e-01
-6.737666397821759912e-01
-6.737351103249004103e-01
-6.737030965235309976e-01
-6.736705740243075224e-01
-6.736374994994821508e-01
-6.736038141772305865e-01
-6.735694518846421230e-01
-6.735343512274959421e-01
-6.734984705106396019e-01
-6.734618029759084079e-01
-6.734243891232359891e-01
-6.733863225284917320e-01
-6.733477458963056383e-01
-6.733088352237884822e-01
-6.732697719013489568e-01
-6.732307051613140025e-01
-6.731917101319148111e-01
-6.731527493202585921e-01
-6.731136469855637516e-01
-6.730740859310460067e-01
-6.730336342451219700e-01
-6.729918052670147421e-01
-6.729481477808925138e-01
-6.729023559142214284e-01
-6.728543806945339600e-01
-6.728045193532830037e-01
-6.727534560452762546e-01
-6.727022302579477309e-01
-6.726521177775270921e-01
-6.726044236006486488e-01
-6.725602052539197961e-01
-6.725199658173485195e-01
-6.724833745124412232e-01
-6.724490842587215189e-01
-6.724147154657119652e-01
-6.723770599973077911e-01
-6.723325274647342642e-01
-6.722778097286342680e-01
-6.722106844355140165e-01
-6.721308239504002469e-01
-6.720404342747100523e-01
-6.719445324699980793e-01
-6.718506920974363084e-01
-6.717681509053740063e-01
-6.717062825328329323e-01
-6.716725737046358446e-01
-6.716703993227739478e-01
-6.716970202952621261e-01
-6.717423083700466702e-01
-6.717886954785745601e-01
-6.718127278661882862e-01
-6.717883699817246423e-01
-6.716918652173541338e-01
-6.715075623224308066e-01
-6.712337257731049167e-01
-6.708870532413901966e-01
-6.705045181153999057e-01
-6.701413223287615573e-01
-6.698642320445776788e-01
-6.697403654161474540e-01
-6.698225226726615134e-01
-6.701332322158519705e-01
-6.706506100764183520e-01
-6.712996472633548928e-01
-6.719524273777661705e-01
-6.724398864756910843e-01
-6.725760255383859132e-01
-6.721930852794703037e-01
-6.711833699264482256e-01
-6.695406123304490364e-01
-6.673916247435972560e-01
-6.650082050669453571e-01
-6.627905634173447691e-01
-6.612173271554924181e-01
-6.607633572426556690e-01
-6.617943117329952996e-01
-6.644545825248362458e-01
-6.685710400934533615e-01
-6.735973146931580890e-01
-6.786212147930825722e-01
-6.824512640669376795e-01
-6.837876222065413234e-01
-6.814681440595774520e-01
-6.747621434556362319e-01
-6.636634946738997343e-01
-6.491147436699101769e-01
-6.330829082577947853e-01
-6.184165035872050131e-01
-6.084501189100118834e-01
-6.063850115407867225e-01
-6.145442983982212226e-01
-6.336524467695875407e-01
-6.622983347684460176e-01
-6.967059630071733567e-01
-7.308789805322212230e-01
-7.571420597362940041e-01
-7.671005398270136499e-01
-7.530611111870270102e-01
-7.099190415235798746e-01
-6.373149785962752834e-01
-5.414802139598434705e-01
-4.358270399845853293e-01
-3.393923137003043711e-01
-2.729599314442502367e-01
-2.537971373788511231e-01
-2.907364842252385118e-01
-3.813120852470554545e-01
-5.118745622086247060e-01
-6.604188515158933015e-01
-8.007053223697886413e-01
-9.058241586515417554e-01
-9.502765838652922348e-01
-9.115962776483834684e-01
-7.739197975650585759e-01
-5.348434693211815416e-01
-2.129557739123385529e-01
1.504916943755902903e-01
5.007165282412866514e-01
7.857523769187705343e-01
9.692291964241820379e-01
1.032706635624403679e+00
9.710022630422238121e-01
7.891434692353143099e-01
5.053420560893381319e-01
1.557040888362202780e-01
-2.079564929018087871e-01
-5.307762138058482737e-01
-7.712201824972542141e-01
-9.103661465621198934e-01
-9.503660025720052085e-01
-9.069456751796380889e-01
-8.025090813251319899e-01
-6.625246229405511444e-01
-5.138946202176293276e-01
-3.828927581000219904e-01
-2.916175176603444386e-01
-2.538652804815687558e-01
-2.722708128624927171e-01
-3.381482545803061734e-01
-4.343166007785596583e-01
-5.400001927738349305e-01
-6.361017542038809314e-01
-7.091097298600377297e-01
-7.526893762646864605e-01
-7.671174838341073832e-01
-7.574474140567636349e-01
-7.313512238222407147e-01
-6.972262062811667160e-01
-6.627671704414760390e-01
-6.340004105140132351e-01
-6.147364256086946810e-01
-6.064197268056364942e-01
-6.083530775624006459e-01
-6.182308431397125492e-01
-6.328581076663147842e-01
-6.488964607697669251e-01
-6.634862345971914710e-01
-6.746456359772678990e-01
-6.814172823093654907e-01
-6.837950833127006689e-01
-6.825016297428088130e-01
-6.786954706217082078e-01
-6.736768707490493613e-01
-6.686407369512523680e-01
-6.645044432721776140e-01
-6.618200443800347221e-01
-6.607657984583712452e-01
-6.612011441488044872e-01
-6.627625892780755201e-01
-6.649757711705603924e-01
-6.673611808213228969e-01
-6.695168124091633866e-01
-6.711686795092748348e-01
-6.721878588260576937e-01
-6.725789312008259024e-01
-6.724485229391171659e-01
-6.719639812735087592e-01
-6.713114688167258759e-01
-6.706606275656449290e-01
-6.701401717389463553e-01
-6.698259404352694402e-01
-6.697405299384341371e-01
-6.698619108163604841e-01
-6.701375315280184708e-01
-6.705002871378713536e-01
-6.708832414817615941e-01
-6.712309114565392365e-01
-6.715060060611584003e-01
-6.716915372896981040e-01
-6.717890217465619651e-01
-6.718139845760895401e-01
-6.717901493226648979e-01
-6.717435954776675988e-01
-6.716978720241408851e-01
-6.716706648968291393e-01
-6.716722169512578944e-01
-6.717053593548069079e-01
-6.717667759474162947e-01
-6.718490029869528257e-01
-6.719426584782421941e-01
-6.720384738623395027e-01
-6.721288330470462924e-01
-6.722086749730771249e-01
-6.722757562497492234e-01
-6.723303787153184219e-01
-6.723747522632927964e-01
-6.724121848757492748e-01
-6.724462761206776440e-01
-6.724802487402969930e-01
-6.725164984266004398e-01
-6.725563866092207910e-01
-6.726002545143099365e-01
-6.726476046765104133e-01
-6.726973805092453240e-01
-6.727482742370174407e-01
-6.727990049636403125e-01
-6.728485272259263628e-01
-6.728961512879013673e-01
-6.729415756104651924e-01
-6.729848465650929423e-01
-6.730262691495564331e-01
-6.730662951365069535e-01
-6.731054126981619312e-01
-6.731440556852393842e-01
-6.731825431929496784e-01
-6.732210524805356533e-01
-6.732596219985294006e-01
-6.732981769858461529e-01
-6.733365680751616233e-01
-6.733746133988146587e-01
-6.734121363238311231e-01
-6.734489935186062093e-01
-6.734850909139401542e-01
-6.735203877204873901e-01
-6.735548906281815240e-01
-6.735886414603632355e-01
-6.736217018850182425e-01
-6.736541384340692940e-01
-6.736860102677110218e-01
-6.737173610892944753e-01
-6.737482155912255521e-01
-6.737785799640815254e-01
-6.738084454303338022e-01
-6.738377935012468400e-01
-6.738666016723929841e-01
-6.738948485012564715e-01
-6.739225173618074161e-01
-6.739495985578021209e-01
-6.739760898258475574e-01
-6.740019955212438463e-01
-6.740273249310219095e-01
-6.740520902000219916e-01
-6.740763043063390247e-01
-6.740999794115760668e-01
-6.741231257721799208e-01
-6.741457512605445457e-01
-6.741678614312381912e-01
-6.741894599918493158e-01
-6.742105495034086404e-01
-6.742311321381847522e-01
-6.742512103535758250e-01
-6.742707873880552372e-01
-6.742898675369339845e-01
-6.743084562123814463e-01
-6.743265598270744565e-01
-6.743441855609876301e-01
-6.743613410763354965e-01
-6.743780342390093274e-01
-6.743942728900603756e-01
-6.744100646922044362e-01
-6.744254170579544461e-01
-6.744403371508640443e-01
-6.744548319412029258e-01
-6.744689082927355361e-01
-6.744825730576071710e-01
-6.744958331604125057e-01
-6.745086956587960092e-01
-6.745211677748289558e-01
-6.745332568976408760e-01
-6.745449705624739778e-01
-6.745563164140447876e-01
-6.745673021628935118e-01
-6.745779355425267632e-01
-6.745882242732388345e-01
-6.745981760360154622e-01
-6.746077984574831987e-01
-6.746170991048321408e-01
-6.746260854882645264e-01
-6.746347650678711227e-01
-6.746431452618610880e-01
-6.746512334535980093e-01
-6.746590369957105038e-01
-6.746665632104773547e-01
-6.746738193865108313e-01
-6.746808127724023274e-01
-6.746875505683745944e-01
-6.746940399170916480e-01
-6.747002878946853910e-01
-6.747063015027918720e-01
-6.747120876620753549e-01
-6.747176532073869692e-01
-6.747230048844231609e-01
-6.747281493475683067e-01
-6.747330931585057145e-01
-6.747378427851870031e-01
-6.747424046008078102e-01
-6.747467848825499104e-01
-6.747509898099698367e-01
-6.747550254630304556e-01
-6.747588978198558740e-01
-6.747626127543393526e-01
-6.747661760337628767e-01
-6.747695933165640536e-01
-6.747728701503592497e-01
-6.747760119702885806e-01
-6.747790240976989651e-01
-6.747819117391495869e-01
-6.747846799856996869e-01
-6.747873338124124043e-01
-6.747898780780235972e-01
-6.747923175247180216e-01
-6.747946567779782301e-01
-6.747969003464858728e-01
-6.747990526220645213e-01
-6.748011178796755605e-01
-6.748031002774778075e-01
-6.748050038569668452e-01
-6.748068325432134973e-01
-6.748085901452067770e-01
-6.748102803563137408e-01
-6.748119067548513650e-01
-6.748134728047654463e-01
-6.748149818564070923e-01
-6.748164371473979184e-01
-6.748178418035704063e-01
-6.748191988399704355e-01
-6.748205111619167695e-01
-6.748217815661066155e-01
-6.748230127417647051e-01
-6.748242072718323437e-01
-6.748253676341922080e-01
-6.748264962029327796e-01
-6.748275952496451957e-01
-6.748286669447546293e-01
-6.748297133588847529e-01
-6.748307364642458506e-01
-6.748317381360510181e-01
-6.748327201539503495e-01
-6.748336842034792227e-01
-6.748346318775189090e-01
-6.748355646777598471e-01
-6.748364840161680256e-01
-6.748373912164490340e-01
-6.748382875155033434e-01
-6.748391740648754800e-01
-6.748400519321885449e-01
-6.748409221025647442e-01
-6.748417854800279336e-01
-6.748426428888851802e-01
-6.748434950750894501e-01
-6.748443427075726531e-01
-6.748451863795537076e-01
-6.748460266098151861e-01
-6.748468638439487632e-01
-6.748476984555625835e-01
-6.748485307474545447e-01
-6.748493609527431714e-01
-6.748501892359579646e-01
-6.748510156940856763e-01
-6.748518403575705094e-01
-6.748526631912695750e-01
-6.748534840953577252e-01
-6.748543029061846443e-01
-6.748551193970796502e-01
-6.748559332791057574e-01
-6.748567442017611162e-01
