-6.748570077979595405e-01
-6.748579511424381838e-01
-6.748589025288747045e-01
-6.748598612580832823e-01
-6.748608265886459900e-01
-6.748617977373169152e-01
-6.748627738793367969e-01
-6.748637541486656177e-01
-6.748647376381247120e-01
-6.748657233994572735e-01
-6.748667104432998221e-01
-6.748676977390708487e-01
-6.748686842147748610e-01
-6.748696687567224961e-01
-6.748706502091711412e-01
-6.748716273738809557e-01
-6.748725990095911786e-01
-6.748735638314194984e-01
-6.748745205101833733e-01
-6.748754676716443024e-01
-6.748764038956792666e-01
-6.748773277153797823e-01
-6.748782376160814556e-01
-6.748791320343238143e-01
-6.748800093567446368e-01
-6.748808679189095550e-01
-6.748817060040787075e-01
-6.748825218419144401e-01
-6.748833136071310523e-01
-6.748840794180884783e-01
-6.748848173353335644e-01
-6.748855253600941628e-01
-6.748862014327260406e-01
-6.748868434311193765e-01
-6.748874491690626254e-01
-6.748880163945772948e-01
-6.748885427882135302e-01
-6.748890259613259390e-01
-6.748894634543212145e-01
-6.748898527348847765e-01
-6.748901911961880939e-01
-6.748904761550816866e-01
-6.748907048502712502e-01
-6.748908744404856774e-01
-6.748909820026368633e-01
-6.748910245299761801e-01
-6.748909989302562806e-01
-6.748909020239014511e-01
-6.748907305421960601e-01
-6.748904811255013181e-01
-6.748901503215080089e-01
-6.748897345835307426e-01
-6.748892302688503930e-01
-6.748886336371072714e-01
-6.748879408487494791e-01
-6.748871479635253356e-01
-6.748862509390197717e-01
-6.748852456292302460e-01
-6.748841277831775232e-01
-6.748828930435495366e-01
-6.748815369453913249e-01
-6.748800549148487038e-01
-6.748784422679959816e-01
-6.748766942097705890e-01
-6.748748058330555910e-01
-6.748727721179406114e-01
-6.748705879311855949e-01
-6.748682480258996197e-01
-6.748657470414315407e-01
-6.748630795034390450e-01
-6.748602398240860500e-01
-6.748572223023054928e-01
-6.748540211240517950e-01
-6.748506303624867142e-01
-6.748470439780583918e-01
-6.748432558184933594e-01
-6.748392596187542392e-01
-6.748350490010989189e-01
-6.748306174754152842e-01
-6.748259584400408961e-01
-6.748210651832752260e-01
-6.748159308857401006e-01
-6.748105486236536388e-01
-6.748049113729451820e-01
-6.747990120139794046e-01
-6.747928433365069090e-01
-6.747863980443334908e-01
-6.747796687591669507e-01
-6.747726480231537316e-01
-6.747653282998079538e-01
-6.747577019733300707e-01
-6.747497613467029476e-01
-6.747414986393676095e-01
-6.747329059856619349e-01
-6.747239754354321661e-01
-6.747146989582444299e-01
-6.747050684523309139e-01
-6.746950757588080494e-01
-6.746847126807882233e-01
-6.746739710059266315e-01
-6.746628425298111242e-01
-6.746513190767053914e-01
-6.746393925137050829e-01
-6.746270547546381335e-01
-6.746142977511884187e-01
-6.746011134707479151e-01
-6.745874938632713258e-01
-6.745734308225228570e-01
-6.745589161499602193e-01
-6.745439415314369302e-01
-6.745284985371902131e-01
-6.745125786536929624e-01
-6.744961733516501301e-01
-6.744792741879940268e-01
-6.744618729319185046e-01
-6.744439616971136253e-01
-6.744255330560186001e-01
-6.744065801088731105e-01
-6.743870964821174763e-01
-6.743670762382131256e-01
-6.743465136922577319e-01
-6.743254031487343481e-01
-6.743037385920710447e-01
-6.742815133839368258e-01
-6.742587200342522458e-01
-6.742353501173865560e-01
-6.742113943962304567e-01
-6.741868431925457372e-01
-6.741616870024242925e-01
-6.741359173042091868e-01
-6.741095274497950207e-01
-6.740825134790843221e-01
-6.740548746640485644e-01
-6.740266135861830987e-01
-6.739977355896206168e-01
-6.739682475366914893e-01
-6.739381559197661353e-01
-6.739074645385637607e-01
-6.738761721108068592e-01
-6.738442703122774491e-01
-6.738117428022812883e-01
-6.737785657477631807e-01
-6.737447101915333691e-01
-6.737101463157360026e-01
-6.736748492567895541e-01
-6.736388056885527220e-01
-6.736020199888419491e-01
-6.735645185393458467e-01
-6.735263506784020526e-01
-6.734875851058469420e-01
-6.734483011600901348e-01
-6.734085753160518051e-01
-6.733684643792546831e-01
-6.733279879928153466e-01
-6.732871139908829239e-01
-6.732457505635085493e-01
-6.732037489111257766e-01
-6.731609189138373361e-01
-6.731170583140494434e-01
-6.730719931857287452e-01
-6.730256244128948184e-01
-6.729779720746552618e-01
-6.729292076979060955e-01
-6.728796639621759113e-01
-6.728298131615020328e-01
-6.727802097977145790e-01
-6.727313989268011163e-01
-6.726837996215505600e-01
-6.726375809469408162e-01
-6.725925545504471970e-01
-6.725481115332589965e-01
-6.725032300099730298e-01
-6.724565725346712819e-01
-6.724066791529323961e-01
-6.723522432643169733e-01
-6.722924361747072419e-01
-6.722272258948526202e-01
-6.721576209878434849e-01
-6.720857658328543982e-01
-6.720148235123940550e-01
-6.719486087468262703e-01
-6.718909751540701469e-01
-6.718450143486087711e-01
-6.718121811048503034e-01
-6.717915080298856312e-01
-6.717791023079582313e-01
-6.717681140095953518e-01
-6.717493213505419947e-01
-6.717123903464078394e-01
-6.716477402032039468e-01
-6.715487969798215051e-01
-6.714142715096153013e-01
-6.712499852640381182e-01
-6.710697240435327116e-01
-6.708946538203577337e-01
-6.707510029648500183e-01
-6.706659975725262068e-01
-6.706624034007582225e-01
-6.707524244875331387e-01
-6.709320590152417774e-01
-6.711772311645606282e-01
-6.714430224280409920e-01
-6.716670583791746196e-01
-6.717775469704070357e-01
-6.717056426968122107e-01
-6.714008162599722773e-01
-6.708468900541253443e-01
-6.700755568684444441e-01
-6.691737668886140744e-01
-6.682815764217879817e-01
-6.675780688800670992e-01
-6.672548199298132809e-01
-6.674789241461031031e-01
-6.683504488249759623e-01
-6.698617681760317133e-01
-6.718679180554909536e-01
-6.740773263861086217e-01
-6.760706451406145456e-01
-6.773518320044564778e-01
-6.774302708465620437e-01
-6.759260105274003116e-01
-6.726828957589022773e-01
-6.678676932669797006e-01
-6.620291175113706128e-01
-6.560912087498957934e-01
-6.512628197414161990e-01
-6.488595672407250214e-01
-6.500544580395883898e-01
-6.555937459796442601e-01
-6.655294005461542817e-01
-6.790243019650564760e-01
-6.942803029170911966e-01
-7.086264024330027889e-01
-7.187899764448878459e-01
-7.213603447550247516e-01
-7.134347490280107396e-01
-6.933982771579548787e-01
-6.617203373598882221e-01
-6.215612509196217772e-01
-5.789189134832112282e-01
-5.420756295784674439e-01
-5.202722059919540065e-01
-5.218028034565983519e-01
-5.519672589406198204e-01
-6.113986250590521809e-01
-6.951383544239613244e-01
-7.925180137418170734e-01
-8.876045870565351104e-01
-9.599393277030634497e-01
-9.857609576496200177e-01
-9.407411951493361846e-01
-8.057384271682676014e-01
-5.759105540819360325e-01
-2.700407202972321397e-01
6.670151776376091746e-02
3.719271374246087003e-01
5.843029582218215445e-01
6.608301468551959212e-01
5.862262064806501582e-01
3.753805192078115693e-01
7.097013841720596627e-02
-2.658100949192609419e-01
-5.724443550563161898e-01
-8.034424088020406529e-01
-9.396700794985467509e-01
-9.857199987349067882e-01
-9.606201318553916346e-01
-8.886859522362061670e-01
-7.937182972447049956e-01
-6.962362745749378634e-01
-6.122409812465156032e-01
-5.524718729105312365e-01
-5.219564954384969813e-01
-5.201211772947611500e-01
-5.417077182798583079e-01
-5.784406483197188642e-01
-6.210749477074059000e-01
-6.613064744737713330e-01
-6.931062342913032470e-01
-7.132819783984410966e-01
-7.213377092284823933e-01
-7.188701625874089896e-01
-7.087727970159547475e-01
-6.944547458242997795e-01
-6.791930267292419776e-01
-6.656669862135752291e-01
-6.556851117425289699e-01
-6.500950308707652558e-01
-6.488538771302717612e-01
-6.512219444444526939e-01
-6.560296362818237581e-01
-6.619616434585423592e-01
-6.678068862356254520e-01
-6.726374713114029458e-01
-6.759002156209836798e-01
-6.774241671215774918e-01
-6.773622245216502913e-01
-6.760923471520220440e-01
-6.741044674783533974e-01
-6.718950670714548545e-01
-6.698847279762826235e-01
-6.683666671714186824e-01
-6.674875402732257657e-01
-6.672564214997112053e-01
-6.675742650457716643e-01
-6.682744996355063360e-01
-6.691656025698742294e-01
-6.700681726393018511e-01
-6.708416028188578517e-01
-6.713983033130167533e-01
-6.717059776727883902e-01
-6.717803255473082658e-01
-6.716715724638214757e-01
-6.714484435581942190e-01
-6.711827715973720521e-01
-6.709370897831888891e-01
-6.707565412102063362e-01
-6.706654409728609600e-01
-6.706680027314143588e-01
-6.707521785098787825e-01
-6.708952898214441962e-01
-6.710701301427541843e-01
-6.712504349084565947e-01
-6.714149646079234923e-01
-6.715498429978314920e-01
-6.716491598837034394e-01
-6.717141315631340870e-01
-6.717512832808524292e-01
-6.717701737554296892e-01
-6.717811390290693296e-01
-6.717934211922501619e-01
-6.718139011935159166e-01
-6.718465060098233188e-01
-6.718922339801167709e-01
-6.719496536789139052e-01
-6.720156871007318955e-01
-6.720864844311352782e-01
-6.721582264963615883e-01
-6.722277400467209230e-01
-6.722928677193941160e-01
-6.723525878503311404e-01
-6.724069213164800551e-01
-6.724566889919560975e-01
-6.725031934195915273e-01
-6.725478940069335998e-01
-6.725921303948274588e-01
-6.726369283621840278e-01
-6.726829013154759229e-01
-6.727302417906103615e-01
-6.727787839101848633e-01
-6.728281104382899391e-01
-6.728776767533440895e-01
-6.729269275765893399e-01
-6.729753889734030325e-01
-6.730227261718216836e-01
-6.730687654947062892e-01
-6.731134849708098056e-01
-6.731569822860146157e-01
-6.731994304824261421e-01
-6.732410314577657040e-01
-6.732819753956286180e-01
-6.733224114383905556e-01
-6.733624318633130157e-01
-6.734020692911425465e-01
-6.734413044206561949e-01
-6.734800806194434220e-01
-6.735183214051204681e-01
-6.735559472755495714e-01
-6.735928892592651929e-01
-6.736290976975064515e-01
-6.736645458971458611e-01
-6.736992292252377279e-01
-6.737331608406451622e-01
-6.737663655417680530e-01
-6.737988731820291344e-01
-6.738307128418715708e-01
-6.738619085454585766e-01
-6.738924768707569291e-01
-6.739224264059694436e-01
-6.739517587096186535e-01
-6.739804702623247712e-01
-6.740085548542170679e-01
-6.740360059108287949e-01
-6.740628183879115998e-01
-6.740889900241018307e-01
-6.741145218959031515e-01
-6.741394183468980561e-01
-6.741636864481556080e-01
-6.741873351858110874e-01
-6.742103745695603445e-01
-6.742328148228092788e-01
-6.742546657642189967e-01
-6.742759364339571126e-01
-6.742966349664083481e-01
-6.743167686713347209e-01
-6.743363442610145198e-01
-6.743553681519168785e-01
-6.743738467738169540e-01
-6.743917868332046650e-01
-6.744091954970649061e-01
-6.744260804834384393e-01
-6.744424500631931441e-01
-6.744583129908046093e-01
-6.744736783895413090e-01
-6.744885556182875774e-01
-6.745029541442572052e-01
-6.745168834395280921e-01
-6.745303529114687890e-01
-6.745433718692933622e-01
-6.745559495225336155e-01
-6.745680950028928313e-01
-6.745798173990192881e-01
-6.745911257940088168e-01
-6.746020292973496923e-01
-6.746125370658941911e-01
-6.746226583115416675e-01
-6.746324022960942246e-01
-6.746417783157931947e-01
-6.746507956792047178e-01
-6.746594636823900482e-01
-6.746677915848711127e-01
-6.746757885889917983e-01
-6.746834638241664406e-01
-6.746908263363935454e-01
-6.746978850825198215e-01
-6.747046489281252057e-01
-6.747111266476067959e-01
-6.747173269250482663e-01
-6.747232583546953766e-01
-6.747289294402263327e-01
-6.747343485924274242e-01
-6.747395241252726050e-01
-6.747444642507108847e-01
-6.747491770726380400e-01
-6.747536705806106427e-01
-6.747579526437993414e-01
-6.747620310055802983e-01
-6.747659132789932679e-01
-6.747696069431471377e-01
-6.747731193405080985e-01
-6.747764576749210041e-01
-6.747796290101539807e-01
-6.747826402687627789e-01
-6.747854982310927952e-01
-6.747882095342979669e-01
-6.747907806713073775e-01
-6.747932179897340177e-01
-6.747955276907546818e-01
-6.747977158280317189e-01
-6.747997883067397007e-01
-6.748017508827670596e-01
-6.748036091621507637e-01
-6.748053686007609020e-01
-6.748070345042579410e-01
-6.748086120282990041e-01
-6.748101061789735233e-01
-6.748115218134346227e-01
-6.748128636406930392e-01
-6.748141362225407169e-01
-6.748153439745812054e-01
-6.748164911673529831e-01
-6.748175819275380460e-01
-6.748186202392519872e-01
-6.748196099454248920e-01
-6.748205547492700518e-01
-6.748214582158493791e-01
-6.748223237737370761e-01
-6.748231547167817812e-01
-6.748239542059620844e-01
-6.748247252713273081e-01
-6.748254708140227764e-01
-6.748261936083800316e-01
-6.748268963040711110e-01
-6.748275814283142271e-01
-6.748282513881190825e-01
-6.748289084725745957e-01
-6.748295548551616063e-01
-6.748301925960975556e-01
-6.748308236446989294e-01
-6.748314498417626872e-01
-6.748320729219624559e-01
-6.748326945162582691e-01
-6.748333161543088599e-01
-6.748339392668889491e-01
-6.748345651883029817e-01
-6.748351951587944209e-01
-6.748358303269400560e-01
-6.748364717520298761e-01
-6.748371204064241846e-01
-6.748377771778855116e-01
-6.748384428718793293e-01
-6.748391182138396838e-01
-6.748398038514028530e-01
-6.748405003565920435e-01
-6.748412082279636737e-01
-6.748419278927029197e-01
-6.748426597086711887e-01
-6.748434039663970818e-01
-6.748441608910142886e-01
-6.748449306441367535e-01
-6.748457133256746676e-01
-6.748465089755866231e-01
-6.748473175755624887e-01
-6.748481390506402278e-01
-6.748489732707475541e-01
-6.748498200521737544e-01
-6.748506791589642395e-01
-6.748515503042401553e-01
-6.748524331514368368e-01
-6.748533273154658785e-01
-6.748542323637952700e-01
-6.748551478174459328e-01
-6.748560731519054334e-01
