-6.748577121882601837e-01
-6.748585584820098182e-01
-6.748594048908067577e-01
-6.748602507900143266e-01
-6.748610955008033097e-01
-6.748619382905326480e-01
-6.748627783730665186e-01
-6.748636149090233571e-01
-6.748644470059598222e-01
-6.748652737184894779e-01
-6.748660940483320880e-01
-6.748669069443029578e-01
-6.748677113022332197e-01
-6.748685059648302786e-01
-6.748692897214713105e-01
-6.748700613079384736e-01
-6.748708194060917265e-01
-6.748715626434826920e-01
-6.748722895929085697e-01
-6.748729987719096490e-01
-6.748736886422089798e-01
-6.748743576090995289e-01
-6.748750040207767142e-01
-6.748756261676190915e-01
-6.748762222814227441e-01
-6.748767905345878226e-01
-6.748773290392618973e-01
-6.748778358464426752e-01
-6.748783089450408612e-01
-6.748787462609106003e-01
-6.748791456558405066e-01
-6.748795049265166046e-01
-6.748798218034548491e-01
-6.748800939499021156e-01
-6.748803189607164299e-01
-6.748804943612197738e-01
-6.748806176060339057e-01
-6.748806860779033023e-01
-6.748806970865075527e-01
-6.748806478672690901e-01
-6.748805355801653638e-01
-6.748803573085457863e-01
-6.748801100579580048e-01
-6.748797907549857200e-01
-6.748793962460983842e-01
-6.748789232965114460e-01
-6.748783685890586970e-01
-6.748777287230739441e-01
-6.748770002132894463e-01
-6.748761794887540022e-01
-6.748752628917813468e-01
-6.748742466769407367e-01
-6.748731270101090418e-01
-6.748718999675927810e-01
-6.748705615353356446e-01
-6.748691076082168339e-01
-6.748675339894425473e-01
-6.748658363900134072e-01
-6.748640104282622731e-01
-6.748620516294305816e-01
-6.748599554252692201e-01
-6.748577171536496166e-01
-6.748553320581844872e-01
-6.748527952878768943e-01
-6.748501018968332543e-01
-6.748472468441013561e-01
-6.748442249936975612e-01
-6.748410311148875795e-01
-6.748376598827799944e-01
-6.748341058792433067e-01
-6.748303635941308443e-01
-6.748264274267348206e-01
-6.748222916873534150e-01
-6.748179505988202154e-01
-6.748133982978413714e-01
-6.748086288360196638e-01
-6.748036361805075378e-01
-6.747984142143409469e-01
-6.747929567366220960e-01
-6.747872574628429598e-01
-6.747813100257231689e-01
-6.747751079769713778e-01
-6.747686447903248341e-01
-6.747619138660727600e-01
-6.747549085370339039e-01
-6.747476220756608578e-01
-6.747400477016419762e-01
-6.747321785891046142e-01
-6.747240078724033863e-01
-6.747155286495244431e-01
-6.747067339824392995e-01
-6.746976168942503405e-01
-6.746881703636904426e-01
-6.746783873183173075e-01
-6.746682606284789552e-01
-6.746577831045865725e-01
-6.746469475003017413e-01
-6.746357465237359241e-01
-6.746241728576640728e-01
-6.746122191880958852e-01
-6.745998782385825843e-01
-6.745871428056363639e-01
-6.745740057890927677e-01
-6.745604602105700343e-01
-6.745464992138143767e-01
-6.745321160428777718e-01
-6.745173039977573337e-01
-6.745020563719571483e-01
-6.744863663817232124e-01
-6.744702271014163530e-01
-6.744536314224691687e-01
-6.744365720534105657e-01
-6.744190415747463030e-01
-6.744010325546614393e-01
-6.743825377201225768e-01
-6.743635501643548968e-01
-6.743440635581674503e-01
-6.743240723221395339e-01
-6.743035717124195028e-01
-6.742825577775815038e-01
-6.742610271592848203e-01
-6.742389767351992802e-01
-6.742164031363848675e-01
-6.741933022080764948e-01
-6.741696685156676194e-01
-6.741454950182673711e-01
-6.741207730324924041e-01
-6.740954925829952815e-01
-6.740696431813947287e-01
-6.740432149950414953e-01
-6.740162002711669320e-01
-6.739885947864454607e-01
-6.739603990176246118e-01
-6.739316186980072176e-01
-6.739022644569482301e-01
-6.738723503470763765e-01
-6.738418912460153454e-01
-6.738108993588910467e-01
-6.737793803103953039e-01
-6.737473295507470095e-01
-6.737147299495122033e-01
-6.736815514567633389e-01
-6.736477535279344897e-01
-6.736132906198961656e-01
-6.735781204934526700e-01
-6.735422143703360121e-01
-6.735055673049478164e-01
-6.734682065912482862e-01
-6.734301957947125272e-01
-6.733916322211678240e-01
-6.733526363967493600e-01
-6.733133334338641252e-01
-6.732738278772884000e-01
-6.732341755161037611e-01
-6.731943573532737091e-01
-6.731542620198931459e-01
-6.731136829843322733e-01
-6.730723356131929069e-01
-6.730298963629431919e-01
-6.729860622730212683e-01
-6.729406239826822844e-01
-6.728935405240464851e-01
-6.728450002232169158e-01
-6.727954503357927996e-01
-6.727455795893125812e-01
-6.726962432471068620e-01
-6.726483296385248334e-01
-6.726025794664390878e-01
-6.725593828358790160e-01
-6.725185912723611326e-01
-6.724793899497794047e-01
-6.724402758881791176e-01
-6.723991786684958560e-01
-6.723537403111596866e-01
-6.723017414790207757e-01
-6.722416255991998657e-01
-6.721730367315973398e-01
-6.720972587372063822e-01
-6.720174309067202811e-01
-6.719384261733858388e-01
-6.718663170053364997e-01
-6.718074210069829855e-01
-6.717670070027474960e-01
-6.717478401759419127e-01
-6.717488331575567351e-01
-6.717641268243216279e-01
-6.717829283052972889e-01
-6.717903677156349396e-01
-6.717694929303553719e-01
-6.717043111865993454e-01
-6.715835323511778476e-01
-6.714044130200645943e-01
-6.711758980421073106e-01
-6.709201668101458793e-01
-6.706717699097468621e-01
-6.704738214860933576e-01
-6.703711935980826153e-01
-6.704012952487640176e-01
-6.705837165852934767e-01
-6.709106429285592865e-01
-6.713403372837696281e-01
-6.717960044452803148e-01
-6.721718752905984084e-01
-6.723473473259838906e-01
-6.722085420161055813e-01
-6.716748545966856332e-01
-6.707262545085183048e-01
-6.694256227111817781e-01
-6.679297286916169307e-01
-6.664829840381064630e-01
-6.653901529801042880e-01
-6.649677605503808708e-01
-6.654786212583870819e-01
-6.670589039932900421e-01
-6.696513609098481146e-01
-6.729606744362226500e-01
-6.764464899581887902e-01
-6.793662237104109991e-01
-6.808732022730863420e-01
-6.801663819027174984e-01
-6.766762654191380566e-01
-6.702586074582614906e-01
-6.613551784925010280e-01
-6.510731577837974848e-01
-6.411370061068238924e-01
-6.336836188225699606e-01
-6.309037288299289559e-01
-6.345735841884361239e-01
-6.455583335976755599e-01
-6.633887610813462565e-01
-6.860089316441043694e-01
-7.097684592838305884e-01
-7.297039364699046127e-01
-7.401337735230816284e-01
-7.355777576722291045e-01
-7.119791485954929389e-01
-6.681091061554058630e-01
-6.068530525535877906e-01
-5.358825637979636181e-01
-4.671673093573392999e-01
-4.150395049459723040e-01
-3.930704283431372681e-01
-4.105887520353551645e-01
-4.699194283010518780e-01
-5.651838049217315918e-01
-6.828694354666818844e-01
-8.036336593223956104e-01
-9.043787829357321506e-01
-9.599779015014070493e-01
-9.451932793174621095e-01
-8.385350687685456661e-01
-6.295305590470374746e-01
-3.279011884195995874e-01
3.124518173298078752e-02
3.928666714345828148e-01
6.977576674069316809e-01
8.989979079869901968e-01
9.694190555621358119e-01
9.005225486021170012e-01
7.006168967891888144e-01
3.966484816100325217e-01
3.533884558254701130e-02
-3.241629708306908442e-01
-6.266680910838366980e-01
-8.367928935884592079e-01
-9.445479178741664761e-01
-9.602327455155496017e-01
-9.052636190728067245e-01
-8.048665581820413362e-01
-6.841854630740917820e-01
-5.663522228704425121e-01
-4.707631934378982974e-01
-4.110052907305687953e-01
-3.930441389618538617e-01
-4.146374935421682784e-01
-4.665167878423654990e-01
-5.351360251377995647e-01
-6.061520625163283604e-01
-6.675573065274181817e-01
-7.116302208329433610e-01
-7.354376700491620511e-01
-7.401722520053053422e-01
-7.298692729703976090e-01
-7.100014401045476875e-01
-6.862538705344511936e-01
-6.636011101671975831e-01
-6.457089608879735820e-01
-6.346499677834598341e-01
-6.309084430073268468e-01
-6.336307274179443505e-01
-6.410472507621113314e-01
-6.509689700879078833e-01
-6.612564530019086062e-01
-6.701798638013706233e-01
-6.766254156353418425e-01
-6.801449433353824459e-01
-6.808775535257179934e-01
-6.793894160372117019e-01
-6.764801658296494269e-01
-6.729967533721266104e-01
-6.696832819752304156e-01
-6.670823358054784880e-01
-6.654916512520866467e-01
-6.649706508323803833e-01
-6.653847978996872969e-01
-6.664722232983811834e-01
-6.679166608391764459e-01
-6.694130326601854808e-01
-6.707162245022949554e-01
-6.716685812280570600e-01
-6.722063418198860330e-01
-6.723488058751930785e-01
-6.721760815686893542e-01
-6.718018121344044857e-01
-6.713466041205898849e-01
-6.709164143686827675e-01
-6.705883368729628202e-01
-6.704044445594902202e-01
-6.703728621150991662e-01
-6.704742389723682416e-01
-6.706713123373273522e-01
-6.709192604582935315e-01
-6.711749372655509971e-01
-6.714037019788079430e-01
-6.715832547353204340e-01
-6.717045264767871338e-01
-6.717701537395573963e-01
-6.717913505730060963e-01
-6.717840698055306259e-01
-6.717652580409029239e-01
-6.717498071201455367e-01
-6.717485495200489209e-01
-6.717673911495624095e-01
-6.718074640742913717e-01
-6.718660388825138385e-01
-6.719378697536378953e-01
-6.720166484186113065e-01
-6.720962996005837020e-01
-6.721719385687582315e-01
-6.722404091518663360e-01
-6.723004093778075507e-01
-6.723522790301776908e-01
-6.723975626304274922e-01
-6.724384725686015640e-01
-6.724773649260518127e-01
-6.725163124083984867e-01
-6.725568231161288546e-01
-6.725997183211264163e-01
-6.726451528829717752e-01
-6.726927419559072252e-01
-6.727417483277680077e-01
-6.727912851813390160e-01
-6.728404969472717712e-01
-6.728886931961322038e-01
-6.729354241317248020e-01
-6.729804986201441963e-01
-6.730239550440005880e-01
-6.730660007478688200e-01
-6.731069374241485104e-01
-6.731470881156594865e-01
-6.731867376148226167e-01
-6.732260930829613299e-01
-6.732652667678235003e-01
-6.733042785838114774e-01
-6.733430735300068859e-01
-6.733815476137192668e-01
-6.734195759966350447e-01
-6.734570381643879555e-01
-6.734938366187344094e-01
-6.735299074794893759e-01
-6.735652231028637082e-01
-6.735997881266677645e-01
-6.736336311202464344e-01
-6.736667942444639623e-01
-6.736993231016924488e-01
-6.737312584198464904e-01
-6.737626305290892459e-01
-6.737934569034680354e-01
-6.738237424668354070e-01
-6.738534819719826929e-01
-6.738826635766832496e-01
-6.739112727437043260e-01
-6.739392957395984318e-01
-6.739667222413208147e-01
-6.739935468215142444e-01
-6.740197693227539810e-01
-6.740453943135114034e-01
-6.740704299268899247e-01
-6.740948864164408860e-01
-6.741187747333351465e-01
-6.741421053554622622e-01
-6.741648875039399913e-01
-6.741871287868157481e-01
-6.742088352294379749e-01
-6.742300115959117823e-01
-6.742506618795509610e-01
-6.742707898401698596e-01
-6.742903994863170825e-01
-6.743094954331512181e-01
-6.743280831032993916e-01
-6.743461687717300368e-01
-6.743637594814527736e-01
-6.743808628722819387e-01
-6.743974869697469954e-01
-6.744136399771115675e-01
-6.744293301031322185e-01
-6.744445654447607241e-01
-6.744593539304348795e-01
-6.744737033181914532e-01
-6.744876212349898426e-01
-6.745011152398563414e-01
-6.745141928934530462e-01
-6.745268618195802146e-01
-6.745391297488030347e-01
-6.745510045396454490e-01
-6.745624941776369177e-01
-6.745736067561804994e-01
-6.745843504454018813e-01
-6.745947334557923503e-01
-6.746047640028239867e-01
-6.746144502771775908e-01
-6.746238004232555374e-01
-6.746328225266617906e-01
-6.746415246097107188e-01
-6.746499146328808205e-01
-6.746580004996343138e-01
-6.746657900620692816e-01
-6.746732911253255915e-01
-6.746805114493836797e-01
-6.746874587476853202e-01
-6.746941406827092758e-01
-6.747005648591624105e-01
-6.747067388157392820e-01
-6.747126700164750579e-01
-6.747183658425801589e-01
-6.747238335854022218e-01
-6.747290804408500042e-01
-6.747341135053228633e-01
-6.747389397729408600e-01
-6.747435661337345403e-01
-6.747479993723858316e-01
-6.747522461671469074e-01
-6.747563130886444771e-01
-6.747602065983974162e-01
-6.747639330469965557e-01
-6.747674986719962575e-01
-6.747709095956426761e-01
-6.747741718225900298e-01
-6.747772912377580923e-01
-6.747802736044488103e-01
-6.747831245628008734e-01
-6.747858496286079921e-01
-6.747884541924787927e-01
-6.747909435192954719e-01
-6.747933227478989382e-01
-6.747955968909399305e-01
-6.747977708348332770e-01
-6.747998493397824316e-01
-6.748018370398489729e-01
-6.748037384430742858e-01
-6.748055579316577512e-01
-6.748072997622205360e-01
-6.748089680661667478e-01
-6.748105668501684917e-01
-6.748120999967739397e-01
-6.748135712651496254e-01
-6.748149842919445307e-01
-6.748163425922650838e-01
-6.748176495607469683e-01
-6.748189084727076459e-01
-6.748201224853673796e-01
-6.748212946391284328e-01
-6.748224278589036729e-01
-6.748235249554915827e-01
-6.748245886269996774e-01
-6.748256214603081116e-01
-6.748266259325836902e-01
-6.748276044128341811e-01
-6.748285591635073688e-01
-6.748294923421255254e-01
-6.748304060029534091e-01
-6.748313020986933530e-01
-6.748321824822001158e-01
-6.748330489082111638e-01
-6.748339030350857248e-01
-6.748347464265482820e-01
-6.748355805534301810e-01
-6.748364067954114587e-01
-6.748372264427549005e-01
-6.748380406980321045e-01
-6.748388506778381091e-01
-6.748396574144904791e-01
-6.748404618577130698e-01
-6.748412648762972532e-01
-6.748420672597380543e-01
-6.748428697198456394e-01
-6.748436728923226102e-01
-6.748444773383071027e-01
-6.748452835458802479e-01
-6.748460919315326656e-01
-6.748469028415871040e-01
-6.748477165535784472e-01
-6.748485332775863155e-01
-6.748493531575204818e-01
-6.748501762723544406e-01
-6.748510026373057968e-01
-6.748518322049636975e-01
-6.748526648663611960e-01
-6.748535004519916614e-01
-6.748543387327615717e-01
-6.748551794208866861e-01
-6.748560221707259332e-01
-6.748568665795524613e-01
