-6.748576766919509584e-01
-6.748585415324687142e-01
-6.748594082395084071e-01
-6.748602761738969891e-01
-6.748611446444240380e-01
-6.748620129082325558e-01
-6.748628801711379355e-01
-6.748637455878768732e-01
-6.748646082622867803e-01
-6.748654672474134752e-01
-6.748663215455517062e-01
-6.748671701082095131e-01
-6.748680118360086411e-01
-6.748688455785126772e-01
-6.748696701339891302e-01
-6.748704842491040079e-01
-6.748712866185545556e-01
-6.748720758846378232e-01
-6.748728506367611679e-01
-6.748736094108940264e-01
-6.748743506889613997e-01
-6.748750728981837144e-01
-6.748757744103577316e-01
-6.748764535410831655e-01
-6.748771085489314592e-01
-6.748777376345576062e-01
-6.748783389397597920e-01
-6.748789105464878535e-01
-6.748794504758063306e-01
-6.748799566868183275e-01
-6.748804270755569545e-01
-6.748808594738547884e-01
-6.748812516481904611e-01
-6.748816012985199286e-01
-6.748819060570901973e-01
-6.748821634872321784e-01
-6.748823710821285626e-01
-6.748825262635455013e-01
-6.748826263805317582e-01
-6.748826687080792253e-01
-6.748826504457512421e-01
-6.748825687162948173e-01
-6.748824205642515173e-01
-6.748822029545947787e-01
-6.748819127714172916e-01
-6.748815468166791121e-01
-6.748811018090357106e-01
-6.748805743827325232e-01
-6.748799610865514609e-01
-6.748792583827749603e-01
-6.748784626461318270e-01
-6.748775701626880119e-01
-6.748765771286653337e-01
-6.748754796491893693e-01
-6.748742737370031497e-01
-6.748729553112090551e-01
-6.748715201961280608e-01
-6.748699641203663724e-01
-6.748682827161743836e-01
-6.748664715191338148e-01
-6.748645259681661512e-01
-6.748624414057747822e-01
-6.748602130783867281e-01
-6.748578361366079914e-01
-6.748553056352167845e-01
-6.748526165327556336e-01
-6.748497636906851671e-01
-6.748467418721961764e-01
-6.748435457409054372e-01
-6.748401698597998877e-01
-6.748366086908322847e-01
-6.748328565955608038e-01
-6.748289078370803828e-01
-6.748247565832570238e-01
-6.748203969109874967e-01
-6.748158228108950274e-01
-6.748110281916468445e-01
-6.748060068830036284e-01
-6.748007526368312581e-01
-6.747952591256779487e-01
-6.747895199390674392e-01
-6.747835285783381210e-01
-6.747772784514783906e-01
-6.747707628698542681e-01
-6.747639750487784971e-01
-6.747569081134719982e-01
-6.747495551110658241e-01
-6.747419090279787035e-01
-6.747339628105493148e-01
-6.747257093854519550e-01
-6.747171416756186924e-01
-6.747082526074172915e-01
-6.746990351059193314e-01
-6.746894820772423307e-01
-6.746795863798967785e-01
-6.746693407903162631e-01
-6.746587379705742960e-01
-6.746477704479163506e-01
-6.746364306154660762e-01
-6.746247107608688287e-01
-6.746126031247891008e-01
-6.746000999846071267e-01
-6.745871937515310890e-01
-6.745738770631277692e-01
-6.745601428497132179e-01
-6.745459843535462907e-01
-6.745313950852930285e-01
-6.745163687127274654e-01
-6.745008988909513281e-01
-6.744849790592818417e-01
-6.744686022441928053e-01
-6.744517609166786887e-01
-6.744344469528927855e-01
-6.744166517365923763e-01
-6.743983664203979655e-01
-6.743795823319741478e-01
-6.743602914753317190e-01
-6.743404870429985376e-01
-6.743201638296619782e-01
-6.742993184298381459e-01
-6.742779491174696327e-01
-6.742560553470060558e-01
-6.742336368817059000e-01
-6.742106926381838949e-01
-6.741872194235402072e-01
-6.741632108152419978e-01
-6.741386564746141286e-01
-6.741135421740879208e-01
-6.740878507436139921e-01
-6.740615640000926501e-01
-6.740346655261200137e-01
-6.740071439369034190e-01
-6.739789960574728012e-01
-6.739502292771808456e-01
-6.739208623081380800e-01
-6.738909236933260383e-01
-6.738604477119349845e-01
-6.738294678039403740e-01
-6.737980082309744656e-01
-6.737660753102240330e-01
-6.737336500701756048e-01
-6.737006844312934950e-01
-6.736671028717248211e-01
-6.736328109045728318e-01
-6.735977105586430369e-01
-6.735617215200834229e-01
-6.735248048834193701e-01
-6.734869849142866016e-01
-6.734483632487648919e-01
-6.734091199484617540e-01
-6.733694971013439723e-01
-6.733297633116590575e-01
-6.732901612781004852e-01
-6.732508452046792602e-01
-6.732118191932789930e-01
-6.731728909768402991e-01
-6.731336562646919042e-01
-6.730935266731842281e-01
-6.730518082485267284e-01
-6.730078281972241561e-01
-6.729610957213719713e-01
-6.729114707741749024e-01
-6.728593047467409383e-01
-6.728055124948268961e-01
-6.727515383424798046e-01
-6.726991914056104083e-01
-6.726503477577034928e-01
-6.726065464569188634e-01
-6.725685388009897681e-01
-6.725358789054255437e-01
-6.725066612006872502e-01
-6.724775093339668830e-01
-6.724438958213380113e-01
-6.724008209812585291e-01
-6.723438068371360155e-01
-6.722700765426331548e-01
-6.721797079756036686e-01
-6.720764910597621933e-01
-6.719682026197075775e-01
-6.718660571991933450e-01
-6.717832058382448013e-01
-6.717323327220172668e-01
-6.717226210430420341e-01
-6.717565870191617439e-01
-6.718274645062417560e-01
-6.719179064911356969e-01
-6.720007042538649333e-01
-6.720419792931547898e-01
-6.720068777071988020e-01
-6.718672327990365956e-01
-6.716100446151219705e-01
-6.712450796756445071e-01
-6.708095692681733668e-01
-6.703680270821872345e-01
-6.700057249103138490e-01
-6.698153877061537864e-01
-6.698781114292000627e-01
-6.702411539683056363e-01
-6.708967719798759610e-01
-6.717672827784754164e-01
-6.727016445793604360e-01
-6.734877982273379526e-01
-6.738827059505101413e-01
-6.736585948483817532e-01
-6.726597617235900994e-01
-6.708600932571644471e-01
-6.684081387740165026e-01
-6.656452666681343944e-01
-6.630842376760798240e-01
-6.613411276120481075e-01
-6.610227428451379561e-01
-6.625831064914442514e-01
-6.661737538289902449e-01
-6.715204866625988922e-01
-6.778614243353768831e-01
-6.839764930733563952e-01
-6.883271758620075342e-01
-6.893083585597896690e-01
-6.855921460059277717e-01
-6.765170096314129244e-01
-6.624466485104575364e-01
-6.449984796241012841e-01
-6.270351437655263815e-01
-6.123395207370194715e-01
-6.049617146820801539e-01
-6.083227521823089123e-01
-6.242508377950363174e-01
-6.521722037565905739e-01
-6.886577779057398985e-01
-7.274522292195007012e-01
-7.600296416196883342e-01
-7.766812063219252771e-01
-7.681516565094553828e-01
-7.278230881039233768e-01
-6.542541964881760652e-01
-5.534498563964461715e-01
-4.397585729780376651e-01
-3.342610050818343725e-01
-2.603107857205323450e-01
-2.372555651639344787e-01
-2.744223704125506869e-01
-3.675124481109010022e-01
-4.986634306026951902e-01
-6.400315712292448111e-01
-7.593683816703165057e-01
-8.255741340188115229e-01
-8.132436221583342340e-01
-7.069430089635820869e-01
-5.062076878769740107e-01
-2.298402842710819682e-01
8.487423160561732849e-02
3.914755489200030247e-01
6.494847368210611149e-01
8.368012356946320507e-01
9.528461430773611518e-01
1.012749034612377530e+00
1.037314447032760212e+00
1.043407151208004091e+00
1.037458270104177682e+00
1.013196814873043028e+00
9.538609067942392938e-01
8.386415735481260736e-01
6.522700768473570498e-01
3.950715217751745167e-01
8.886663774149983208e-02
-2.260385184419122784e-01
-5.031552478826617492e-01
-7.050007406521687781e-01
-8.125146558572611255e-01
-8.259400852320620823e-01
-7.605585551631695029e-01
-6.416838493363813400e-01
-5.003778337968188827e-01
-3.689128843082057907e-01
-2.752260892044038898e-01
-2.373299884618342015e-01
-2.596946170529167430e-01
-3.331397335543134774e-01
-4.384021920941864603e-01
-5.521347616091299981e-01
-6.531964326815994371e-01
-7.271425691406302461e-01
-7.678706067355572928e-01
-7.767460173567023451e-01
-7.603413180259179782e-01
-7.278949254497555366e-01
-6.891211764096294434e-01
-6.525672617338553749e-01
-6.245193321991369118e-01
-6.084407534302391785e-01
-6.049371241446865888e-01
-6.122045375719370464e-01
-6.268355542795879254e-01
-6.447823270271558771e-01
-6.622547394139104426e-01
-6.763768884093255274e-01
-6.855160107274614889e-01
-6.892943733865002365e-01
-6.883630483633024211e-01
-6.840440595257947232e-01
-6.779411723001270706e-01
-6.715952609771630444e-01
-6.662312201827116365e-01
-6.626168381981774047e-01
-6.610320395662785398e-01
-6.613298604258945890e-01
-6.630591268433106977e-01
-6.656140232163383352e-01
-6.683778410225219568e-01
-6.708360474841762455e-01
-6.726449488958613498e-01
-6.736536700160223878e-01
-6.738864201365913909e-01
-6.734976651324618979e-01
-6.727146727015967942e-01
-6.717806254576111913e-01
-6.709081983766645996e-01
-6.702492992168157526e-01
-6.698825134322893282e-01
-6.698163543139139531e-01
-6.700040952861078258e-01
-6.703648950619836011e-01
-6.708060273425958675e-01
-6.712420245300917410e-01
-6.716080641959867314e-01
-6.718665753198052037e-01
-6.720074881732274186e-01
-6.720435805900897286e-01
-6.720028975875869115e-01
-6.719202687888571335e-01
-6.718296264716759891e-01
-6.717582829565067470e-01
-6.717237086751540742e-01
-6.717327868673492741e-01
-6.717830933760681189e-01
-6.718655021528624482e-01
-6.719673497269834650e-01
-6.720754744222707799e-01
-6.721786289177555940e-01
-6.722689922517138816e-01
-6.723427291562394936e-01
-6.723997231651449580e-01
-6.724427242450722320e-01
-6.724761970202953743e-01
-6.725051404572922609e-01
-6.725340911376362918e-01
-6.725664404816422692e-01
-6.726041111114476889e-01
-6.726475645257008473e-01
-6.726960611937822243e-01
-6.727480687682634297e-01
-6.728017127624167371e-01
-6.728551813588212749e-01
-6.729070246412596212e-01
-6.729563208655839901e-01
-6.730027119259253121e-01
-6.730463324419695414e-01
-6.730876697110332874e-01
-6.731273951067989758e-01
-6.731662029929458280e-01
-6.732046834716314265e-01
-6.732432432245460951e-01
-6.732820769732426047e-01
-6.733211826575092873e-01
-6.733604074160538522e-01
-6.733995091069130412e-01
-6.734382189781779049e-01
-6.734762942848586675e-01
-6.735135540437509061e-01
-6.735498956692519412e-01
-6.735852941045188391e-01
-6.736197877357936736e-01
-6.736534566680714153e-01
-6.736863989496469918e-01
-6.737187093645089497e-01
-6.737504638676286017e-01
-6.737817110263293330e-01
-6.738124702901728824e-01
-6.738427357698543174e-01
-6.738724835654280598e-01
-6.739016805364635987e-01
-6.739302926585821751e-01
-6.739582916225683729e-01
-6.739856589530931474e-01
-6.740123875210274340e-01
-6.740384807997913397e-01
-6.740639505196057701e-01
-6.740888134936532383e-01
-6.741130883503182458e-01
-6.741367927506262125e-01
-6.741599414531456169e-01
-6.741825453609942009e-01
-6.742046114878750274e-01
-6.742261436384306972e-01
-6.742471435233460264e-01
-6.742676120188070277e-01
-6.742875503204120990e-01
-6.743069608151921468e-01
-6.743258475824309706e-01
-6.743442165169944991e-01
-6.743620751349138631e-01
-6.743794321625928845e-01
-6.743962970264757439e-01
-6.744126793522104979e-01
-6.744285885574857753e-01
-6.744440335885545368e-01
-6.744590228147709920e-01
-6.744735640646625230e-01
-6.744876647655191348e-01
-6.745013321380411986e-01
-6.745145733978611391e-01
-6.745273959245557949e-01
-6.745398073728109400e-01
-6.745518157161615180e-01
-6.745634292280255906e-01
-6.745746564152813596e-01
-6.745855059252627850e-01
-6.745959864476778201e-01
-6.746061066294922748e-01
-6.746158750147152050e-01
-6.746253000138964229e-01
-6.746343899016084000e-01
-6.746431528352659912e-01
-6.746515968860021806e-01
-6.746597300719645585e-01
-6.746675603859918491e-01
-6.746750958124030362e-01
-6.746823443308795909e-01
-6.746893139083876001e-01
-6.746960124822569682e-01
-6.747024479386517504e-01
-6.747086280907328426e-01
-6.747145606600087886e-01
-6.747202532630545146e-01
-6.747257134042976556e-01
-6.747309484742612939e-01
-6.747359657517250087e-01
-6.747407724078549052e-01
-6.747453755103958173e-01
-6.747497820264554136e-01
-6.747539988230333297e-01
-6.747580326651247962e-01
-6.747618902117940021e-01
-6.747655780109782508e-01
-6.747691024939257431e-01
-6.747724699700893281e-01
-6.747756866230708583e-01
-6.747787585079114692e-01
-6.747816915497185652e-01
-6.747844915433836022e-01
-6.747871641540027499e-01
-6.747897149175906550e-01
-6.747921492417180422e-01
-6.747944724058452248e-01
-6.747966895612542704e-01
-6.747988057306103515e-01
-6.748008258073002752e-01
-6.748027545547201633e-01
-6.748045966056975820e-01
-6.748063564621916699e-01
-6.748080384953543120e-01
-6.748096469459657909e-01
-6.748111859252028388e-01
-6.748126594156593772e-01
-6.748140712725235746e-01
-6.748154252248271812e-01
-6.748167248766963056e-01
-6.748179737085737706e-01
-6.748191750784031662e-01
-6.748203322227981360e-01
-6.748214482582318707e-01
-6.748225261822803356e-01
-6.748235688749535388e-01
-6.748245791001347138e-01
-6.748255595071317448e-01
-6.748265126323262919e-01
-6.748274409009112906e-01
-6.748283466286820742e-01
-6.748292320238652442e-01
-6.748300991889609746e-01
-6.748309501225854268e-01
-6.748317867213065036e-01
-6.748326107814717201e-01
-6.748334240010346319e-01
-6.748342279813809297e-01
-6.748350242291628609e-01
-6.748358141581433101e-01
-6.748365990910452084e-01
-6.748373802614110462e-01
-6.748381588154565014e-01
-6.748389358139186278e-01
-6.748397122338841703e-01
-6.748404889705963416e-01
-6.748412668392297364e-01
-6.748420465766292731e-01
-6.748428288430131650e-01
-6.748436142236340363e-01
-6.748444032304040663e-01
-6.748451963034748369e-01
-6.748459938127794322e-01
-6.748467960595292414e-01
-6.748476032776666855e-01
-6.748484156352677621e-01
-6.748492332358971835e-01
-6.748500561199071157e-01
-6.748508842656810724e-01
-6.748517175908178567e-01
-6.748525559532553286e-01
-6.748533991523307796e-01
-6.748542469297752477e-01
-6.748550989706447734e-01
-6.748559549041864836e-01
-6.748568143046365098e-01
