-6.748577117108940371e-01
-6.748585590808710011e-01
-6.748594066707996886e-01
-6.748602538551971008e-01
-6.748610999545101574e-01
-6.748619442354979459e-01
-6.748627859115484684e-01
-6.748636241429298854e-01
-6.748644580369713708e-01
-6.748652866481814616e-01
-6.748661089782973521e-01
-6.748669239762722372e-01
-6.748677305381953762e-01
-6.748685275071490963e-01
-6.748693136730025133e-01
-6.748700877721446334e-01
-6.748708484871530633e-01
-6.748715944464069860e-01
-6.748723242236372988e-01
-6.748730363374220165e-01
-6.748737292506240548e-01
-6.748744013697746125e-01
-6.748750510444015971e-01
-6.748756765663082025e-01
-6.748762761688013034e-01
-6.748768480258743319e-01
-6.748773902513460765e-01
-6.748779008979591820e-01
-6.748783779564377916e-01
-6.748788193545112168e-01
-6.748792229559017475e-01
-6.748795865592819299e-01
-6.748799078972014254e-01
-6.748801846349845590e-01
-6.748804143696014446e-01
-6.748805946285194590e-01
-6.748807228685322901e-01
-6.748807964745754395e-01
-6.748808127585318450e-01
-6.748807689580331726e-01
-6.748806622352628848e-01
-6.748804896757631955e-01
-6.748802482872545694e-01
-6.748799349984646589e-01
-6.748795466579705637e-01
-6.748790800330528583e-01
-6.748785318085618323e-01
-6.748778985857933899e-01
-6.748771768813841554e-01
-6.748763631262216789e-01
-6.748754536643888358e-01
-6.748744447521439760e-01
-6.748733325569620245e-01
-6.748721131566440823e-01
-6.748707825385106274e-01
-6.748693365986879744e-01
-6.748677711414817759e-01
-6.748660818788386750e-01
-6.748642644298706861e-01
-6.748623143204302011e-01
-6.748602269827091993e-01
-6.748579977548520015e-01
-6.748556218805783491e-01
-6.748530945088323518e-01
-6.748504106934936075e-01
-6.748475653932042295e-01
-6.748445534713802818e-01
-6.748413696964700170e-01
-6.748380087425167595e-01
-6.748344651900485269e-01
-6.748307335272740737e-01
-6.748268081515191863e-01
-6.748226833707868799e-01
-6.748183534052925037e-01
-6.748138123888220985e-01
-6.748090543697859989e-01
-6.748040733119065049e-01
-6.747988630945818134e-01
-6.747934175130858581e-01
-6.747877302788888310e-01
-6.747817950204652027e-01
-6.747756052850037989e-01
-6.747691545413718739e-01
-6.747624361845577790e-01
-6.747554435415685781e-01
-6.747481698784817405e-01
-6.747406084080254107e-01
-6.747327522968108449e-01
-6.747245946711967202e-01
-6.747161286208103181e-01
-6.747073471990456817e-01
-6.746982434203531165e-01
-6.746888102548528332e-01
-6.746790406215882330e-01
-6.746689273824650890e-01
-6.746584633394164809e-01
-6.746476412373916265e-01
-6.746364537753015700e-01
-6.746248936259497953e-01
-6.746129534643575676e-01
-6.746006260019021816e-01
-6.745879040216998801e-01
-6.745747804090923561e-01
-6.745612481704020835e-01
-6.745473004337225742e-01
-6.745329304276352911e-01
-6.745181314374061321e-01
-6.745028967430272138e-01
-6.744872195487500166e-01
-6.744710929184942749e-01
-6.744545097345092666e-01
-6.744374626967677422e-01
-6.744199443769142155e-01
-6.744019473328376479e-01
-6.743834642786000755e-01
-6.743644882908983451e-01
-6.743450130197481407e-01
-6.743250328606118504e-01
-6.743045430408837193e-01
-6.742835395782540431e-01
-6.742620190836405847e-01
-6.742399784069551538e-01
-6.742174141575288937e-01
-6.741943221676542919e-01
-6.741706970004278654e-01
-6.741465316236547878e-01
-6.741218173719636386e-01
-6.740965442933370966e-01
-6.740707019217941909e-01
-6.740442804381929776e-01
-6.740172720857593447e-01
-6.739896726119026793e-01
-6.739614824338362453e-01
-6.739327071946946690e-01
-6.739033574088910683e-01
-6.738734470022349488e-01
-6.738429907331604518e-01
-6.738120007194159378e-01
-6.737804825554045696e-01
-6.737484317395016076e-01
-6.737158312795036297e-01
-6.736826513500401292e-01
-6.736488516941336879e-01
-6.736143870751084561e-01
-6.735792155168418560e-01
-6.735433083880676408e-01
-6.735066607033893815e-01
-6.734692994774348351e-01
-6.734312877393688890e-01
-6.733927220347483145e-01
-6.733537219979760513e-01
-6.733144118690891355e-01
-6.732748955346672393e-01
-6.732352285499221267e-01
-6.731953922925770772e-01
-6.731552764868879990e-01
-6.731146764002375882e-01
-6.730733097332174397e-01
-6.730308554695432210e-01
-6.729870128778738803e-01
-6.729415739488963100e-01
-6.728944976201419736e-01
-6.728459702495502848e-01
-6.727964351029365186e-01
-6.727465751487399226e-01
-6.726972388449161677e-01
-6.726493078513341439e-01
-6.726035178618278154e-01
-6.725602572706677051e-01
-6.725193806161962051e-01
-6.724800816408231796e-01
-6.724408713593874598e-01
-6.723996974124227810e-01
-6.723542212688858877e-01
-6.723022406216424551e-01
-6.722422090606083867e-01
-6.721737696364528114e-01
-6.720981908661864956e-01
-6.720185813975870781e-01
-6.719397703551469592e-01
-6.718677789553267887e-01
-6.718088752715182244e-01
-6.717682919652676610e-01
-6.717487837546333163e-01
-6.717492890057928934e-01
-6.717640163292044608e-01
-6.717822809538089857e-01
-6.717893504716251352e-01
-6.717684188083349328e-01
-6.717036187738424369e-01
-6.715837319007076367e-01
-6.714060007791738949e-01
-6.711792480379934478e-01
-6.709254171829844848e-01
-6.706787274045262759e-01
-6.704819110013497951e-01
-6.703794779946883331e-01
-6.704085827919258334e-01
-6.705887593222001897e-01
-6.709124102621027985e-01
-6.713383277200510868e-01
-6.717905389397313964e-01
-6.721643024874449646e-01
-6.723400889551831572e-01
-6.722049195704502544e-01
-6.716786681124040648e-01
-6.707411299267631577e-01
-6.694542012059881975e-01
-6.679728303739339568e-01
-6.665389263009343646e-01
-6.654544248883971225e-01
-6.650332350342634813e-01
-6.655364187870942416e-01
-6.670999079967711021e-01
-6.696682418643656876e-01
-6.729501312817726122e-01
-6.764112931350670932e-01
-6.793165700010080910e-01
-6.808268893762503549e-01
-6.801473992752238296e-01
-6.767115969962401723e-01
-6.703733668177671579e-01
-6.615666388733562053e-01
-6.513847331046667133e-01
-6.415336430923874733e-01
-6.341301795804228369e-01
-6.313476127410704297e-01
-6.349520350012537451e-01
-6.458097876202866239e-01
-6.634665594641274700e-01
-6.858950794579035115e-01
-7.094849914188917639e-01
-7.293196543794455700e-01
-7.397642550585926680e-01
-7.353763970408316863e-01
-7.121169957452697652e-01
-6.687426920597042690e-01
-6.080835043150689678e-01
-5.377157635531848445e-01
-4.694902564291018598e-01
-4.176273200197850866e-01
-3.956291481916439090e-01
-4.128247870769882755e-01
-4.716148009083838688e-01
-5.662529422754791764e-01
-6.833798486973984287e-01
-8.037867920537283828e-01
-9.044619423112227885e-01
-9.603041580761935148e-01
-9.460394118701862531e-01
-8.400770919364302092e-01
-6.317801463128599471e-01
-3.306712658320105636e-01
2.829774220244456184e-02
3.901050381095901853e-01
6.953978242149528866e-01
8.970163281045537840e-01
9.675847328438722528e-01
8.985245076471383152e-01
6.982249898980241731e-01
3.938420045362844846e-01
3.233952138435345486e-02
-3.269840299213178647e-01
-6.289601701338679574e-01
-8.383641517839202084e-01
-9.454089102920407717e-01
-9.605612187146673753e-01
-9.053395908396680847e-01
-8.050068296767730613e-01
-6.846810312680916555e-01
-5.674078657761885136e-01
-4.724490662437825783e-01
-4.132374108581565175e-01
-3.956048264069609299e-01
-4.172321975797825822e-01
-4.688496669064034506e-01
-5.369799602075707723e-01
-6.073920406097315094e-01
-6.681978552651741676e-01
-7.117719317028100567e-01
-7.352372636051933696e-01
-7.398014500584564335e-01
-7.294823520114230853e-01
-7.097148485971853660e-01
-6.861371235716683392e-01
-6.636767254419513318e-01
-6.459591774243569340e-01
-6.350281352104222288e-01
-6.313528332815564470e-01
-6.340783167306301982e-01
-6.414451406512378107e-01
-6.512817572278004619e-01
-6.614688933378316538e-01
-6.702952725802990841e-01
-6.766610542906414949e-01
-6.801259794139571380e-01
-6.808310624601372485e-01
-6.793394887189100340e-01
-6.764446896899537487e-01
-6.729859899466770212e-01
-6.697000365855297899e-01
-6.671233143571860813e-01
-6.655495097864687626e-01
-6.650362455891758451e-01
-6.654492180419439018e-01
-6.665283133893223910e-01
-6.679598890969513647e-01
-6.694417050503231881e-01
-6.707311586999714637e-01
-6.716724229219902531e-01
-6.722027256024405428e-01
-6.723415417494332802e-01
-6.721685000370347662e-01
-6.717963415445493691e-01
-6.713445967877612608e-01
-6.709181921539196791e-01
-6.705933970931101662e-01
-6.704117542209147018e-01
-6.703811705287591183e-01
-6.704823520090369415e-01
-6.706782912179820588e-01
-6.709245293336871807e-01
-6.711783029375846255e-01
-6.714053032182565328e-01
-6.715834664869890780e-01
-6.717038459252597793e-01
-6.717690918973197034e-01
-6.717903465035254262e-01
-6.717834366999895224e-01
-6.717651627925910196e-01
-6.717502789896544479e-01
-6.717495096129743049e-01
-6.717686928687498504e-01
-6.718089351751668215e-01
-6.718675176962042306e-01
-6.719392308767048183e-01
-6.720178160517908950e-01
-6.720972492298676881e-01
-6.721726894834915145e-01
-6.722410112486426614e-01
-6.723009278444621595e-01
-6.723527800079139860e-01
-6.723981020503925210e-01
-6.724390893008698189e-01
-6.724780783801622697e-01
-6.725171239398496370e-01
-6.725577201041185171e-01
-6.726006796015275846e-01
-6.726461543043882330e-01
-6.726937610984223825e-01
-6.727427677930672978e-01
-6.727922942438110399e-01
-6.728414916813213464e-01
-6.728896754235078603e-01
-6.729363996487678357e-01
-6.729814751757809965e-01
-6.730249404683598113e-01
-6.730670015102010462e-01
-6.731079577597247621e-01
-6.731481297322391422e-01
-6.731877998894734150e-01
-6.732271735992104711e-01
-6.732663620221687184e-01
-6.733053847034138339e-01
-6.733441868796011809e-01
-6.733826652176824190e-01
-6.734206957508380720e-01
-6.734581588535956120e-01
-6.734949577838127421e-01
-6.735310291928814364e-01
-6.735663457117907482e-01
-6.736009120143785500e-01
-6.736347565203864018e-01
-6.736679211263033595e-01
-6.737004511279461871e-01
-6.737323869664633147e-01
-6.737637587488246593e-01
-6.737945838123533537e-01
-6.738248670340392099e-01
-6.738546031977959982e-01
-6.738837805490278665e-01
-6.739123846693814146e-01
-6.739404019514708688e-01
-6.739678221861793439e-01
-6.739946400352720968e-01
-6.740208553999834651e-01
-6.740464728774997472e-01
-6.740715006047947044e-01
-6.740959488222068030e-01
-6.741198284591845002e-01
-6.741431499712503550e-01
-6.741659225626444041e-01
-6.741881538339078439e-01
-6.742098498138399121e-01
-6.742310152805425227e-01
-6.742516542499987775e-01
-6.742717705106245907e-01
-6.742913681025003436e-01
-6.743104516724691688e-01
-6.743290266727843818e-01
-6.743470994045263067e-01
-6.743646769326515633e-01
-6.743817669148257643e-01
-6.743983773909635326e-01
-6.744145165762400751e-01
-6.744301926899876065e-01
-6.744454138394899712e-01
-6.744601879641735076e-01
-6.744745228343278498e-01
-6.744884260907116902e-01
-6.745019053076620752e-01
-6.745149680623722110e-01
-6.745276219959321917e-01
-6.745398748564102043e-01
-6.745517345195228831e-01
-6.745632089872442005e-01
-6.745743063683821150e-01
-6.745850348472960389e-01
-6.745954026475696752e-01
-6.746054179967801989e-01
-6.746150890969614400e-01
-6.746244241033795275e-01
-6.746334311122675897e-01
-6.746421181565179781e-01
-6.746504932072453498e-01
-6.746585641786313481e-01
-6.746663389335193495e-01
-6.746738252877066966e-01
-6.746810310116023723e-01
-6.746879638287054393e-01
-6.746946314110594534e-01
-6.747010413723647515e-01
-6.747072012597060686e-01
-6.747131185449158908e-01
-6.747188006164620555e-01
-6.747242547724806583e-01
-6.747294882152788942e-01
-6.747345080473319268e-01
-6.747393212685662833e-01
-6.747439347745753935e-01
-6.747483553553633717e-01
-6.747525896942455637e-01
-6.747566443666219715e-01
-6.747605258384608007e-01
-6.747642404644436098e-01
-6.747677944858362364e-01
-6.747711940282086207e-01
-6.747744450991552956e-01
-6.747775535861685325e-01
-6.747805252547807164e-01
-6.747833657470467816e-01
-6.747860805803883588e-01
-6.747886751467779831e-01
-6.747911547122119602e-01
-6.747935244164067203e-01
-6.747957892726513807e-01
-6.747979541677622262e-01
-6.748000238621028046e-01
-6.748020029896538707e-01
-6.748038960581342893e-01
-6.748057074491853324e-01
-6.748074414186392422e-01
-6.748091020968943754e-01
-6.748106934894104736e-01
-6.748122194773343852e-01
-6.748136838182553499e-01
-6.748150901470830743e-01
-6.748164419770336098e-01
-6.748177427007098217e-01
-6.748189955912643478e-01
-6.748202038036248407e-01
-6.748213703757803827e-01
-6.748224982301143093e-01
-6.748235901747886567e-01
-6.748246489051720198e-01
-6.748256770053138176e-01
-6.748266769494667416e-01
-6.748276511036530589e-01
-6.748286017272709936e-01
-6.748295309747395221e-01
-6.748304408971756985e-01
-6.748313334440985134e-01
-6.748322104651532927e-01
-6.748330737118463096e-01
-6.748339248392922762e-01
-6.748347654079637215e-01
-6.748355968854409248e-01
-6.748364206481591854e-01
-6.748372379831498735e-01
-6.748380500897727119e-01
-6.748388580814382864e-01
-6.748396629873127939e-01
-6.748404657540090223e-01
-6.748412672472533513e-01
-6.748420682535279935e-01
-6.748428694816892559e-01
-6.748436715645486084e-01
-6.748444750604233322e-01
-6.748452804546453132e-01
-6.748460881610341966e-01
-6.748468985233239126e-01
-6.748477118165481237e-01
-6.748485282483751568e-01
-6.748493479603973055e-01
-6.748501710293671740e-01
-6.748509974683835067e-01
-6.748518272280222829e-01
-6.748526601974109695e-01
-6.748534962052455954e-01
-6.748543350207496516e-01
-6.748551763545715954e-01
-6.748560198596190718e-01
-6.748568651318327394e-01
