-6.748574278440666596e-01
-6.748583325914591091e-01
-6.748592425845251208e-01
-6.748601571532576449e-01
-6.748610755804793637e-01
-6.748619971022385977e-01
-6.748629209081283831e-01
-6.748638461415262801e-01
-6.748647718997545786e-01
-6.748656972341645632e-01
-6.748666211501419543e-01
-6.748675426070346317e-01
-6.748684605180026441e-01
-6.748693737497971634e-01
-6.748702811224596143e-01
-6.748711814089496386e-01
-6.748720733346965650e-01
-6.748729555770840438e-01
-6.748738267648608513e-01
-6.748746854774826387e-01
-6.748755302443887327e-01
-6.748763595442123231e-01
-6.748771718039289214e-01
-6.748779653979424253e-01
-6.748787386471134520e-01
-6.748794898177287171e-01
-6.748802171204174583e-01
-6.748809187090110129e-01
-6.748815926793538811e-01
-6.748822370680617189e-01
-6.748828498512351448e-01
-6.748834289431295819e-01
-6.748839721947853532e-01
-6.748844773926226948e-01
-6.748849422570062373e-01
-6.748853644407850627e-01
-6.748857415278086691e-01
-6.748860710314236178e-01
-6.748863503929507512e-01
-6.748865769801484227e-01
-6.748867480856559631e-01
-6.748868609254219386e-01
-6.748869126371206395e-01
-6.748869002785575777e-01
-6.748868208260752066e-01
-6.748866711729659684e-01
-6.748864481279024385e-01
-6.748861484133983346e-01
-6.748857686643022769e-01
-6.748853054263344031e-01
-6.748847551546642842e-01
-6.748841142125243664e-01
-6.748833788698552771e-01
-6.748825453019832166e-01
-6.748816095883205524e-01
-6.748805677111004986e-01
-6.748794155541574247e-01
-6.748781489017693369e-01
-6.748767634375825164e-01
-6.748752547436368543e-01
-6.748736182995004329e-01
-6.748718494815113544e-01
-6.748699435621149378e-01
-6.748678957092710817e-01
-6.748657009859129197e-01
-6.748633543494486631e-01
-6.748608506513201766e-01
-6.748581846366602521e-01
-6.748553509441184151e-01
-6.748523441059348649e-01
-6.748491585483360478e-01
-6.748457885922855004e-01
-6.748422284545531058e-01
-6.748384722489981780e-01
-6.748345139878738630e-01
-6.748303475829267040e-01
-6.748259668460916405e-01
-6.748213654896556557e-01
-6.748165371259556844e-01
-6.748114752668777916e-01
-6.748061733236493387e-01
-6.748006246075655135e-01
-6.747948223323130268e-01
-6.747887596183796965e-01
-6.747824294996658256e-01
-6.747758249318875912e-01
-6.747689388017568124e-01
-6.747617639354256402e-01
-6.747542931044274717e-01
-6.747465190275243607e-01
-6.747384343675215668e-01
-6.747300317232488576e-01
-6.747213036183266066e-01
-6.747122424897600279e-01
-6.747028406804339573e-01
-6.746930904398270590e-01
-6.746829839364157921e-01
-6.746725132832559479e-01
-6.746616705752621623e-01
-6.746504479333279569e-01
-6.746388375473588717e-01
-6.746268317084772592e-01
-6.746144228208591498e-01
-6.746016033863653227e-01
-6.745883659602962545e-01
-6.745747030834752245e-01
-6.745606072031675726e-01
-6.745460706012459395e-01
-6.745310853507402449e-01
-6.745156433199748225e-01
-6.744997362363448490e-01
-6.744833558099989634e-01
-6.744664939032387618e-01
-6.744491427173170406e-01
-6.744312949581181549e-01
-6.744129439392901881e-01
-6.743940835879483897e-01
-6.743747083343751836e-01
-6.743548128910140660e-01
-6.743343919530717656e-01
-6.743134398771538640e-01
-6.742919504090734151e-01
-6.742699165322063592e-01
-6.742473304910270304e-01
-6.742241840122811247e-01
-6.742004687042487676e-01
-6.741761765717327881e-01
-6.741513005512791423e-01
-6.741258349571691566e-01
-6.740997757396572920e-01
-6.740731204925416442e-01
-6.740458682005986413e-01
-6.740180187759280406e-01
-6.739895724801343579e-01
-6.739605293519591589e-01
-6.739308887487134303e-01
-6.739006490654337878e-01
-6.738698076300557727e-01
-6.738383607075225656e-01
-6.738063035066533812e-01
-6.737736300933943046e-01
-6.737403331834135312e-01
-6.737064039069677879e-01
-6.736718317782066645e-01
-6.736366052088862411e-01
-6.736007129235725976e-01
-6.735641465088764157e-01
-6.735269040405246210e-01
-6.734889943031736603e-01
-6.734504406293473355e-01
-6.734112829692149305e-01
-6.733715766275935044e-01
-6.733313863282271994e-01
-6.732907749926070329e-01
-6.732497878494499988e-01
-6.732084340743395012e-01
-6.731666697924694187e-01
-6.731243875263952514e-01
-6.730814175427354273e-01
-6.730375456091978181e-01
-6.729925491699462192e-01
-6.729462499611297277e-01
-6.728985761144958833e-01
-6.728496217633221921e-01
-6.727996883422133756e-01
-6.727492905659628875e-01
-6.726991127112378344e-01
-6.726499079902595879e-01
-6.726023452784204437e-01
-6.725568218711962531e-01
-6.725132757444279852e-01
-6.724710424710309553e-01
-6.724288066013133225e-01
-6.723846914620417170e-01
-6.723365128985699934e-01
-6.722821917683056148e-01
-6.722202803445697095e-01
-6.721505157955035559e-01
-6.720742788455063010e-01
-6.719948182245890633e-01
-6.719171114046055271e-01
-6.718472758730661409e-01
-6.717915232709965601e-01
-6.717547535818666482e-01
-6.717390019432075698e-01
-6.717420527279664988e-01
-6.717565962053233530e-01
-6.717702952645001613e-01
-6.717670339407026958e-01
-6.717294308283467963e-01
-6.716424338423994111e-01
-6.714975056966839828e-01
-6.712966203466134152e-01
-6.710550920068942826e-01
-6.708022244689452185e-01
-6.705789584489814104e-01
-6.704321336180839586e-01
-6.704056437253387291e-01
-6.705295610169319520e-01
-6.708090952999784529e-01
-6.712158492590053482e-01
-6.716840438667757152e-01
-6.721140593603663893e-01
-6.723846881183350721e-01
-6.723739563177982825e-01
-6.719864038348596358e-01
-6.711826166015736339e-01
-6.700050069445909751e-01
-6.685928417573594462e-01
-6.671798293316310025e-01
-6.660695592907801554e-01
-6.655878078570802714e-01
-6.660157865074782801e-01
-6.675139540914655223e-01
-6.700508047011671797e-01
-6.733537987967227467e-01
-6.768993228766960746e-01
-6.799547689037129805e-01
-6.816785847922893771e-01
-6.812739030496242076e-01
-6.781788142094562488e-01
-6.722627283886014604e-01
-6.639859207405005570e-01
-6.544723603069887430e-01
-6.454496334546225844e-01
-6.390286379876709555e-01
-6.373297988398832770e-01
-6.420048952642393170e-01
-6.537412026118469832e-01
-6.718539574701936079e-01
-6.940674992654720654e-01
-7.165598433283439928e-01
-7.343141022819504871e-01
-7.417954885429186573e-01
-7.339500277673974837e-01
-7.074714163975077685e-01
-6.621678571211619957e-01
-6.020807025718605265e-01
-5.358477894496979088e-01
-4.758290050556356898e-01
-4.358403448221848109e-01
-4.278985395066435271e-01
-4.588733037180086627e-01
-5.280757570270144807e-01
-6.264783023122344474e-01
-7.376072076661908117e-01
-8.395114691809202334e-01
-9.070503645872771692e-01
-9.143714207957707174e-01
-8.385393842937988174e-01
-6.656116398809259760e-01
-3.986292310070355671e-01
-6.327846933494792048e-02
2.949525187527851644e-01
6.238567877058727174e-01
8.807835032994982827e-01
1.041104071524574293e+00
1.095526857484967032e+00
1.042272815183298729e+00
8.830774580373411675e-01
6.271088502047246216e-01
2.987970323151104557e-01
-5.938024623687429560e-02
-3.952420919358887175e-01
-6.631473310394998544e-01
-8.371619596031460997e-01
-9.140186211733928312e-01
-9.075160720778283618e-01
-8.405242981414133840e-01
-7.388804421756811625e-01
-6.277404911853982084e-01
-5.290977359321630269e-01
-4.594961603674722062e-01
-4.280552214289317092e-01
-4.355606485197179301e-01
-4.752231279323094748e-01
-5.350722871737846331e-01
-6.012975549399927067e-01
-6.615092196991475548e-01
-7.070189039905043771e-01
-7.337305390836132979e-01
-7.417897068137848660e-01
-7.344714713659213912e-01
-7.168147078697507668e-01
-6.943532554901131748e-01
-6.721138436586336917e-01
-6.539352708963223071e-01
-6.421130729376816060e-01
-6.373512368793722294e-01
-6.389779646672822944e-01
-6.453511933130172684e-01
-6.543538089868705665e-01
-6.638725102190055072e-01
-6.721732566576891221e-01
-6.781236701442140413e-01
-6.812551031055811279e-01
-6.816913199857754790e-01
-6.799898115611572313e-01
-6.769456544798342357e-01
-6.734009466713204439e-01
-6.700905522450896212e-01
-6.675412724373587237e-01
-6.660289988210988943e-01
-6.655881247404128453e-01
-6.660602039724926593e-01
-6.671649990793684371e-01
-6.685767300908028732e-01
-6.699910517310663227e-01
-6.711730603941788997e-01
-6.719821745815662828e-01
-6.723748146294039607e-01
-6.723895503487653524e-01
-6.721213950507171075e-01
-6.716922571125859553e-01
-6.712235786539733073e-01
-6.708153980308271258e-01
-6.705339762886781685e-01
-6.704081539088392327e-01
-6.704330556542511532e-01
-6.705788027119639061e-01
-6.708015549091190799e-01
-6.710544125608246535e-01
-6.712963013386180622e-01
-6.714977530288870344e-01
-6.716432951876372126e-01
-6.717308278342395411e-01
-6.717688077132241142e-01
-6.717722535045931309e-01
-6.717585533132732767e-01
-6.717438578851221420e-01
-6.717405537143658067e-01
-6.717560023414631543e-01
-6.717924644638414433e-01
-6.718479377851805934e-01
-6.719175409475532934e-01
-6.719950675259124262e-01
-6.720743944894005395e-01
-6.721505316138393082e-01
-6.722202138741464328e-01
-6.722820439350666311e-01
-6.723362701661873553e-01
-6.723843295541365173e-01
-6.724282949225131034e-01
-6.724703484637049034e-01
-6.725123685873259927e-01
-6.725556751258496835e-01
-6.726009382981272822e-01
-6.726482261060307000e-01
-6.726971463805313522e-01
-6.727470337956593660e-01
-6.727971367633064359e-01
-6.728467707353390503e-01
-6.728954191771291393e-01
-6.729427778439062147e-01
-6.729887494407722492e-01
-6.730334029152681419e-01
-6.730769142961086082e-01
-6.731195048277847093e-01
-6.731613883765253936e-01
-6.732027350933535992e-01
-6.732436533768785258e-01
-6.732841882052970073e-01
-6.733243313986814194e-01
-6.733640384107172361e-01
-6.734032465938740719e-01
-6.734418911029379506e-01
-6.734799162127842465e-01
-6.735172813965963901e-01
-6.735539627372385540e-01
-6.735899509785581163e-01
-6.736252477599415922e-01
-6.736598614169236887e-01
-6.736938033290003069e-01
-6.737270853159162964e-01
-6.737597181579012551e-01
-6.737917110246330887e-01
-6.738230714675736976e-01
-6.738538056403404752e-01
-6.738839185129237297e-01
-6.739134139800870837e-01
-6.739422948822162418e-01
-6.739705630267213143e-01
-6.739982193103526420e-01
-6.740252640069875900e-01
-6.740516972232984960e-01
-6.740775194614043730e-01
-6.741027321842488762e-01
-6.741273382679690007e-01
-6.741513422470587491e-01
-6.741747503044192014e-01
-6.741975700153282069e-01
-6.742198099066872841e-01
-6.742414789280188891e-01
-6.742625859417464840e-01
-6.742831393269264062e-01
-6.743031467582953908e-01
-6.743226151804678770e-01
-6.743415509556892617e-01
-6.743599601316163650e-01
-6.743778487587903658e-01
-6.743952231873588943e-01
-6.744120902869016332e-01
-6.744284575568906259e-01
-6.744443331220175697e-01
-6.744597256303740407e-01
-6.744746440887782191e-01
-6.744890976762839552e-01
-6.745030955741998513e-01
-6.745166468410007665e-01
-6.745297603465429948e-01
-6.745424447656364064e-01
-6.745547086192431596e-01
-6.745665603443344871e-01
-6.745780083714043585e-01
-6.745890611912240820e-01
-6.745997273982509146e-01
-6.746100157053185331e-01
-6.746199349311309268e-01
-6.746294939672542457e-01
-6.746387017340675918e-01
-6.746475671353990844e-01
-6.746560990198009478e-01
-6.746643061533985630e-01
-6.746721972058661310e-01
-6.746797807481299536e-01
-6.746870652583678574e-01
-6.746940591320148561e-01
-6.747007706917014236e-01
-6.747072081940574950e-01
-6.747133798317219711e-01
-6.747192937303373439e-01
-6.747249579414268394e-01
-6.747303804327506871e-01
-6.747355690778918946e-01
-6.747405316466041914e-01
-6.747452757969534254e-01
-6.747498090696751882e-01
-6.747541388846559629e-01
-6.747582725390529612e-01
-6.747622172063979518e-01
-6.747659799360450350e-01
-6.747695676524608777e-01
-6.747729871540858460e-01
-6.747762451117024218e-01
-6.747793480664251442e-01
-6.747823024275113601e-01
-6.747851144702328163e-01
-6.747877903339871697e-01
-6.747903360207688772e-01
-6.747927573940362134e-01
-6.747950601779449942e-01
-6.747972499568744009e-01
-6.747993321751711848e-01
-6.748013121370353140e-01
-6.748031950065104256e-01
-6.748049858075593210e-01
-6.748066894242374936e-01
-6.748083106009800103e-01
-6.748098539430272824e-01
-6.748113239169998279e-01
-6.748127248516292420e-01
-6.748140609386366062e-01
-6.748153362337340200e-01
-6.748165546577392648e-01
-6.748177199977752894e-01
-6.748188359085512955e-01
-6.748199059137113265e-01
-6.748209334072555743e-01
-6.748219216550355171e-01
-6.748228737963279933e-01
-6.748237928454936529e-01
-6.748246816937114589e-01
-6.748255431107933466e-01
-6.748263797470653858e-01
-6.748271941353030101e-01
-6.748279886927138760e-01
-6.748287657229553593e-01
-6.748295274181789205e-01
-6.748302758610957852e-01
-6.748310130270606111e-01
-6.748317407861701422e-01
-6.748324609053789613e-01
-6.748331750506227911e-01
-6.748338847889584491e-01
-6.748345915907040249e-01
-6.748352968315849409e-01
-6.748360017948749068e-01
-6.748367076735278802e-01
-6.748374155722950407e-01
-6.748381265098234438e-01
-6.748388414207292518e-01
-6.748395611576424313e-01
-6.748402864932226963e-01
-6.748410181221394799e-01
-6.748417566630166009e-01
-6.748425026603360743e-01
-6.748432565863002885e-01
-6.748440188426499953e-01
-6.748447897624332281e-01
-6.748455696117225955e-01
-6.748463585912818363e-01
-6.748471568381718688e-01
-6.748479644273019940e-01
-6.748487813729151519e-01
-6.748496076300126711e-01
-6.748504430957162903e-01
-6.748512876105580149e-01
-6.748521409597058041e-01
-6.748530028741163145e-01
-6.748538730316177015e-01
-6.748547510579199216e-01
-6.748556365275488744e-01
-6.748565289647090459e-01
