-6.748576888102438831e-01
-6.748585170854644044e-01
-6.748593436579302107e-01
-6.748601679172350210e-01
-6.748609891967471963e-01
-6.748618067739848847e-01
-6.748626198709297697e-01
-6.748634276542800903e-01
-6.748642292356397121e-01
-6.748650236716464690e-01
-6.748658099640378882e-01
-6.748665870596567418e-01
-6.748673538503963121e-01
-6.748681091730860393e-01
-6.748688518093171052e-01
-6.748695804852083979e-01
-6.748702938711168553e-01
-6.748709905812884102e-01
-6.748716691734589768e-01
-6.748723281483928194e-01
-6.748729659493768462e-01
-6.748735809616611681e-01
-6.748741715118510287e-01
-6.748747358672538832e-01
-6.748752722351808453e-01
-6.748757787622081672e-01
-6.748762535333957535e-01
-6.748766945714712584e-01
-6.748770998359731044e-01
-6.748774672223611937e-01
-6.748777945610920925e-01
-6.748780796166651275e-01
-6.748783200866397269e-01
-6.748785136006268948e-01
-6.748786577192612546e-01
-6.748787499331566631e-01
-6.748787876618519421e-01
-6.748787682527467302e-01
-6.748786889800381106e-01
-6.748785470436590161e-01
-6.748783395682175223e-01
-6.748780636019438006e-01
-6.748777161156397364e-01
-6.748772940016342092e-01
-6.748767940727452563e-01
-6.748762130612427912e-01
-6.748755476178249779e-01
-6.748747943106067071e-01
-6.748739496241317193e-01
-6.748730099584210329e-01
-6.748719716280704439e-01
-6.748708308614126405e-01
-6.748695837997504832e-01
-6.748682264966782141e-01
-6.748667549174809377e-01
-6.748651649386185891e-01
-6.748634523472737401e-01
-6.748616128409494763e-01
-6.748596420270978058e-01
-6.748575354227609457e-01
-6.748552884542158292e-01
-6.748528964566331556e-01
-6.748503546737633085e-01
-6.748476582576934391e-01
-6.748448022687300041e-01
-6.748417816754646026e-01
-6.748385913550895010e-01
-6.748352260940052583e-01
-6.748316805887398795e-01
-6.748279494471638440e-01
-6.748240271899326181e-01
-6.748199082520596193e-01
-6.748155869844748578e-01
-6.748110576554340323e-01
-6.748063144516455170e-01
-6.748013514790515144e-01
-6.747961627632693693e-01
-6.747907422498174990e-01
-6.747850838043557564e-01
-6.747791812132666323e-01
-6.747730281849617651e-01
-6.747666183522808003e-01
-6.747599452762637062e-01
-6.747530024513883617e-01
-6.747457833121274229e-01
-6.747382812403729391e-01
-6.747304895730094065e-01
-6.747224016086944554e-01
-6.747140106128516335e-01
-6.747053098199961019e-01
-6.746962924328726574e-01
-6.746869516184463844e-01
-6.746772805015234242e-01
-6.746672721575421861e-01
-6.746569196067643270e-01
-6.746462158124828523e-01
-6.746351536858219422e-01
-6.746237260990965989e-01
-6.746119259084774056e-01
-6.745997459849587541e-01
-6.745871792505987452e-01
-6.745742187149685876e-01
-6.745608575052484124e-01
-6.745470888828263289e-01
-6.745329062400584608e-01
-6.745183030732683216e-01
-6.745032729320268317e-01
-6.744878093499246940e-01
-6.744719057676406004e-01
-6.744555554640618844e-01
-6.744387515142565848e-01
-6.744214867929956281e-01
-6.744037540383623908e-01
-6.743855459814160902e-01
-6.743668555354379590e-01
-6.743476760234600187e-01
-6.743280014080967888e-01
-6.743078264763254781e-01
-6.742871469273040708e-01
-6.742659593165839516e-01
-6.742442608270642346e-01
-6.742220488655580324e-01
-6.741993205212792883e-01
-6.741760719634737331e-01
-6.741522978920178044e-01
-6.741279911778472744e-01
-6.741031428304533613e-01
-6.740777424004150697e-01
-6.740517788633900720e-01
-6.740252419416797869e-01
-6.739981237112913082e-01
-6.739704202343413941e-01
-6.739421328722223770e-01
-6.739132688996065657e-01
-6.738838410757600483e-01
-6.738538659516061236e-01
-6.738233608980597200e-01
-6.737923401142461577e-01
-6.737608101740688582e-01
-6.737287659391967276e-01
-6.736961878381966251e-01
-6.736630415181715792e-01
-6.736292806653716436e-01
-6.735948533446389774e-01
-6.735597115494204035e-01
-6.735238228632088875e-01
-6.734871823412185154e-01
-6.734498220996227857e-01
-6.734118158356435790e-01
-6.733732757609971475e-01
-6.733343403161073937e-01
-6.732951525405229676e-01
-6.732558309672376229e-01
-6.732164370988259483e-01
-6.731769454952343246e-01
-6.731372237617938570e-01
-6.730970297816910586e-01
-6.730560320130868357e-01
-6.730138554200749690e-01
-6.729701508124543707e-01
-6.729246796068795167e-01
-6.728774002512484254e-01
-6.728285380277282401e-01
-6.727786180291075446e-01
-6.727284429951910782e-01
-6.726790041434492773e-01
-6.726313241069039606e-01
-6.725862455838734766e-01
-6.725441952171837823e-01
-6.725049665215123706e-01
-6.724675747683565019e-01
-6.724302370683327146e-01
-6.723905197441498727e-01
-6.723456714239686161e-01
-6.722931254686004277e-01
-6.722311135762647494e-01
-6.721592906654589861e-01
-6.720792385089238152e-01
-6.719947019427475743e-01
-6.719114255259533985e-01
-6.718365055992562285e-01
-6.717772525011392881e-01
-6.717396627057616865e-01
-6.717267155236437137e-01
-6.717368116738784423e-01
-6.717627354996758005e-01
-6.717915234526308232e-01
-6.718055395585476042e-01
-6.717848869022674529e-01
-6.717110329258713097e-01
-6.715712258395994949e-01
-6.713629798032919593e-01
-6.710976731065712020e-01
-6.708022076915463039e-01
-6.705177835167107636e-01
-6.702951861698607239e-01
-6.701865676673662842e-01
-6.702344608557634364e-01
-6.704595918499069995e-01
-6.708497795629839722e-01
-6.713526505030564806e-01
-6.718748763254612788e-01
-6.722900372796118962e-01
-6.724559880632279274e-01
-6.722408264708192860e-01
-6.715544400103488076e-01
-6.703804651099549705e-01
-6.688017935265140324e-01
-6.670120350420731814e-01
-6.653061092458451009e-01
-6.640457305542479816e-01
-6.635999444920859247e-01
-6.642665392175842731e-01
-6.661860583073861974e-01
-6.692649359983605661e-01
-6.731266698601489074e-01
-6.771090501345304880e-01
-6.803209656494203506e-01
-6.817643446741402657e-01
-6.805156839241162103e-01
-6.759477808326731507e-01
-6.679566981636878564e-01
-6.571442642867287853e-01
-6.448976607147058893e-01
-6.333118674414532911e-01
-6.249237044235050886e-01
-6.222677272277725713e-01
-6.273148406982982372e-01
-6.408972509260959516e-01
-6.622415950222438896e-01
-6.887192352255054884e-01
-7.158880799868010403e-01
-7.378651509954791132e-01
-7.480517298593306608e-01
-7.402275250614863689e-01
-7.099942814774975464e-01
-6.564210680087602112e-01
-5.835051249277678487e-01
-5.008173072432854367e-01
-4.226776557891673836e-01
-3.655971176883341944e-01
-3.444444779950843194e-01
-3.684582401692295117e-01
-4.384065325932283153e-01
-5.457857074098390049e-01
-6.741226670161313272e-01
-8.015608006605757785e-01
-9.034775975937139325e-01
-9.544048909444902140e-01
-9.299401563556325412e-01
-8.106048723242987863e-01
-5.890432872787825236e-01
-2.785996300080606503e-01
8.292948004973622889e-02
4.403785118593950831e-01
7.374053226472137013e-01
9.314847458452385487e-01
9.991650561987408530e-01
9.333651408213944345e-01
7.409590027045629412e-01
4.451359904957265523e-01
8.816105354596495691e-02
-2.737294909262181775e-01
-5.852226805711631119e-01
-8.081918816197191102e-01
-9.289483884574804007e-01
-9.546112529259789259e-01
-9.045479290057091282e-01
-8.031318980294590570e-01
-6.758416610141558811e-01
-5.473349213903037080e-01
-4.395333916640097316e-01
-3.690088071098245881e-01
-3.443860251649664139e-01
-3.650161595047938246e-01
-4.217500370584117975e-01
-4.997585830519211125e-01
-5.825171571850451535e-01
-6.556512929662076106e-01
-7.095172558705138410e-01
-7.400483050381273520e-01
-7.481233584558926175e-01
-7.381109823314111473e-01
-7.162223493535017083e-01
-6.890629029631120117e-01
-6.625328958516550903e-01
-6.410972928079221589e-01
-6.274087497287805792e-01
-6.222619465147954942e-01
-6.248403803818821656e-01
-6.331816544012827119e-01
-6.447524748884597701e-01
-6.570113549819960319e-01
-6.678549081519979946e-01
-6.758862248149181129e-01
-6.804945077306175927e-01
-6.817768872071519048e-01
-6.803565590499269788e-01
-6.771557967580147386e-01
-6.731737314542609596e-01
-6.693040829315534124e-01
-6.662124117416966529e-01
-6.642785810994696893e-01
-6.635989662277151924e-01
-6.640349415801024557e-01
-6.652896332726793149e-01
-6.669939902025524558e-01
-6.687855940708742342e-01
-6.703684118575584661e-01
-6.715476000839507575e-01
-6.722391519268858806e-01
-6.724585938934800611e-01
-6.722955518106705775e-01
-6.718817868093321932e-01
-6.713595871661109937e-01
-6.708557060582125420e-01
-6.704638936638140922e-01
-6.702369421991911658e-01
-6.701873798785645819e-01
-6.702947162987680230e-01
-6.705165313066674404e-01
-6.708006741685768048e-01
-6.710962763467960279e-01
-6.713620050892329383e-01
-6.715708099211170623e-01
-6.717111765245230570e-01
-6.717854863990974090e-01
-6.718064279175869347e-01
-6.717925114108180829e-01
-6.717636462552691867e-01
-6.717375050528152647e-01
-6.717271003088489678e-01
-6.717396980513042903e-01
-6.717769408808602627e-01
-6.718358804926360950e-01
-6.719105370970217539e-01
-6.719936034877375119e-01
-6.720779756447959885e-01
-6.721578943128998507e-01
-6.722295969317163555e-01
-6.722914844815607305e-01
-6.723438878603151814e-01
-6.723885657318408038e-01
-6.724280800552976389e-01
-6.724651820148664916e-01
-6.725023085319759009e-01
-6.725412478234852331e-01
-6.725829906707955219e-01
-6.726277491839530720e-01
-6.726751010991566249e-01
-6.727242064189244974e-01
-6.727740434635753886e-01
-6.728236204425407374e-01
-6.728721329270863638e-01
-6.729190535128477535e-01
-6.729641544638589323e-01
-6.730074751320928028e-01
-6.730492524232613016e-01
-6.730898345008584638e-01
-6.731295960244287890e-01
-6.731688687090907619e-01
-6.732078952318004683e-01
-6.732468087487250008e-01
-6.732856354887861716e-01
-6.733243146281522318e-01
-6.733627281152341215e-01
-6.734007331605152968e-01
-6.734381913552593968e-01
-6.734749903489650746e-01
-6.735110562027584180e-01
-6.735463565283144050e-01
-6.735808960323735883e-01
-6.736147069757668637e-01
-6.736478373195159408e-01
-6.736803390707101213e-01
-6.737122587226447301e-01
-6.737436308937030383e-01
-6.737744754793334456e-01
-6.738047979729659964e-01
-6.738345921638778657e-01
-6.738638442084350366e-01
-6.738925370760003863e-01
-6.739206545408874538e-01
-6.739481841602122936e-01
-6.739751189767227979e-01
-6.740014579586635080e-01
-6.740272053961242626e-01
-6.740523695958779982e-01
-6.740769612537975686e-01
-6.741009918493182651e-01
-6.741244723225140456e-01
-6.741474121866792846e-01
-6.741698191212543989e-01
-6.741916989996041831e-01
-6.742130562444272890e-01
-6.742338943740557866e-01
-6.742542166029794615e-01
-6.742740263827269320e-01
-6.742933278056267854e-01
-6.743121258347932745e-01
-6.743304263610765403e-01
-6.743482361162939087e-01
-6.743655624891236045e-01
-6.743824132954312489e-01
-6.743987965503484006e-01
-6.744147202781475281e-01
-6.744301923813241784e-01
-6.744452205755172569e-01
-6.744598123844453008e-01
-6.744739751804497141e-01
-6.744877162520314107e-01
-6.745010428796162083e-01
-6.745139624038014592e-01
-6.745264822752368161e-01
-6.745386100808818952e-01
-6.745503535465312561e-01
-6.745617205194849308e-01
-6.745727189376573563e-01
-6.745833567922424612e-01
-6.745936420905003228e-01
-6.746035828237191279e-01
-6.746131869434219830e-01
-6.746224623468355386e-01
-6.746314168709008907e-01
-6.746400582928872014e-01
-6.746483943350505275e-01
-6.746564326707211734e-01
-6.746641809296048953e-01
-6.746716467007418672e-01
-6.746788375323530262e-01
-6.746857609285091817e-01
-6.746924243431503543e-01
-6.746988351723151034e-01
-6.747050007455820397e-01
-6.747109283176547789e-01
-6.747166250608210847e-01
-6.747220980587316230e-01
-6.747273543016601982e-01
-6.747324006831535437e-01
-6.747372439977971093e-01
-6.747418909397326914e-01
-6.747463481015482101e-01
-6.747506219732132271e-01
-6.747547189408305002e-01
-6.747586452850831140e-01
-6.747624071793584255e-01
-6.747660106876295361e-01
-6.747694617622063129e-01
-6.747727662415079486e-01
-6.747759298479905077e-01
-6.747789581863361530e-01
-6.747818567419652247e-01
-6.747846308798954862e-01
-6.747872858439281085e-01
-6.747898267561147634e-01
-6.747922586164512015e-01
-6.747945863027275948e-01
-6.747968145704928977e-01
-6.747989480530816042e-01
-6.748009912616912409e-01
-6.748029485855022713e-01
-6.748048242918479600e-01
-6.748066225264502949e-01
-6.748083473137418409e-01
-6.748100025572946192e-01
-6.748115920403570112e-01
-6.748131194265171162e-01
-6.748145882604840162e-01
-6.748160019689792843e-01
-6.748173638617277481e-01
-6.748186771325356270e-01
-6.748199448604368378e-01
-6.748211700108998068e-01
-6.748223554370841315e-01
-6.748235038811389863e-01
-6.748246179755390539e-01
-6.748257002444615349e-01
-6.748267531051967971e-01
-6.748277788695966617e-01
-6.748287797455556625e-01
-6.748297578385299422e-01
-6.748307151530849035e-01
-6.748316535944693939e-01
-6.748325749702127618e-01
-6.748334809917367894e-01
-6.748343732759790603e-01
-6.748352533470185488e-01
-6.748361226377082023e-01
-6.748369824912956449e-01
-6.748378341630403288e-01
-6.748386788218204702e-01
-6.748395175517239997e-01
-6.748403513536241904e-01
-6.748411811467392996e-01
-6.748420077701661191e-01
-6.748428319843932099e-01
-6.748436544727876019e-01
-6.748444758430491852e-01
-6.748452966286361265e-01
-6.748461172901523142e-01
-6.748469382166963904e-01
-6.748477597271724804e-01
-6.748485820715541816e-01
-6.748494054321062530e-01
-6.748502299245580094e-01
-6.748510555992274229e-01
-6.748518824420950413e-01
-6.748527103758261703e-01
-6.748535392607393213e-01
-6.748543688957187037e-01
-6.748551990190732042e-01
-6.748560293093363027e-01
-6.748568593860092557e-01
