-6.748574575859034308e-01
-6.748582513524473692e-01
-6.748590395979523482e-01
-6.748598217395409549e-01
-6.748605971344198151e-01
-6.748613650802438579e-01
-6.748621248154273999e-01
-6.748628755194004958e-01
-6.748636163128104437e-01
-6.748643462576687790e-01
-6.748650643574445329e-01
-6.748657695571047554e-01
-6.748664607430996387e-01
-6.748671367432962365e-01
-6.748677963268610025e-01
-6.748684382040893714e-01
-6.748690610261888212e-01
-6.748696633850076454e-01
-6.748702438127193171e-01
-6.748708007814602228e-01
-6.748713327029238762e-01
-6.748718379279092794e-01
-6.748723147458306482e-01
-6.748727613841873918e-01
-6.748731760079939024e-01
-6.748735567191764817e-01
-6.748739015559320764e-01
-6.748742084920578144e-01
-6.748744754362492326e-01
-6.748747002313680854e-01
-6.748748806536847278e-01
-6.748750144120994054e-01
-6.748750991473362326e-01
-6.748751324311264010e-01
-6.748751117653758458e-01
-6.748750345813226970e-01
-6.748748982386878481e-01
-6.748747000248275230e-01
-6.748744371538845099e-01
-6.748741067659441706e-01
-6.748737059261976645e-01
-6.748732316241115026e-01
-6.748726807726048715e-01
-6.748720502072359517e-01
-6.748713366853960061e-01
-6.748705368855183462e-01
-6.748696474063010653e-01
-6.748686647659507543e-01
-6.748675854014605235e-01
-6.748664056679254397e-01
-6.748651218379125849e-01
-6.748637301008966194e-01
-6.748622265627701733e-01
-6.748606072454348404e-01
-6.748588680864721079e-01
-6.748570049388942227e-01
-6.748550135709557862e-01
-6.748528896660139775e-01
-6.748506288224171978e-01
-6.748482265534074820e-01
-6.748456782870291271e-01
-6.748429793660446485e-01
-6.748401250478823776e-01
-6.748371105046517826e-01
-6.748339308232805811e-01
-6.748305810058412568e-01
-6.748270559701234905e-01
-6.748233505505124574e-01
-6.748194594991906436e-01
-6.748153774876484157e-01
-6.748110991084355081e-01
-6.748066188770477369e-01
-6.748019312337947273e-01
-6.747970305454793483e-01
-6.747919111067461895e-01
-6.747865671409952748e-01
-6.747809928008613456e-01
-6.747751821683711793e-01
-6.747691292550370701e-01
-6.747628280022555103e-01
-6.747562722824693715e-01
-6.747494559015532190e-01
-6.747423726027904634e-01
-6.747350160726148793e-01
-6.747273799479895917e-01
-6.747194578249315899e-01
-6.747112432673363358e-01
-6.747027298149413932e-01
-6.746939109891550990e-01
-6.746847802955677764e-01
-6.746753312223519039e-01
-6.746655572344476548e-01
-6.746554517643509330e-01
-6.746450082013413230e-01
-6.746342198819348379e-01
-6.746230800849760678e-01
-6.746115820348674852e-01
-6.745997189157677543e-01
-6.745874838981200661e-01
-6.745748701766350885e-01
-6.745618710161145337e-01
-6.745484797987050252e-01
-6.745346900639163090e-01
-6.745204955316548290e-01
-6.745058900992580986e-01
-6.744908678064260865e-01
-6.744754227671083679e-01
-6.744595490743541255e-01
-6.744432406919337319e-01
-6.744264913537312278e-01
-6.744092944967224890e-01
-6.743916432540212336e-01
-6.743735305295426308e-01
-6.743549491646665395e-01
-6.743358921903707115e-01
-6.743163531376117348e-01
-6.742963263575698640e-01
-6.742758072862937713e-01
-6.742547925802414577e-01
-6.742332800548017646e-01
-6.742112683800696171e-01
-6.741887565272081106e-01
-6.741657430113137117e-01
-6.741422250354411894e-01
-6.741181976943639853e-01
-6.740936534324329932e-01
-6.740685819540940260e-01
-6.740429707475646959e-01
-6.740168062971902962e-01
-6.739900759322634549e-01
-6.739627701044447194e-01
-6.739348847279584831e-01
-6.739064230903624164e-01
-6.738773967843966206e-01
-6.738478251570166888e-01
-6.738177329418545414e-01
-6.737871460369873056e-01
-6.737560857847065821e-01
-6.737245625478008870e-01
-6.736925697747927488e-01
-6.736600800050245308e-01
-6.736270442839574768e-01
-6.735933961618758570e-01
-6.735590608035256777e-01
-6.735239687768750372e-01
-6.734880729305283698e-01
-6.734513656045726382e-01
-6.734138925024524269e-01
-6.733757591589606406e-01
-6.733371263182923450e-01
-6.732981918392217935e-01
-6.732591589686146571e-01
-6.732201937632634747e-01
-6.731813776670387828e-01
-6.731426641457129989e-01
-6.731038501090161885e-01
-6.730645728817253870e-01
-6.730243411678701326e-01
-6.729826035758493807e-01
-6.729388511261132910e-01
-6.728927416217265201e-01
-6.728442252729258666e-01
-6.727936444070712341e-01
-6.727417774918774684e-01
-6.726898008293555886e-01
-6.726391512008934592e-01
-6.725912893526539982e-01
-6.725473858966379836e-01
-6.725079747541570230e-01
-6.724726400878258126e-01
-6.724398153625891217e-01
-6.724067724992685013e-01
-6.723698611279808057e-01
-6.723250214024273363e-01
-6.722685410549855689e-01
-6.721979649753486719e-01
-6.721130043166717583e-01
-6.720162457366760655e-01
-6.719134445761818508e-01
-6.718132112753993912e-01
-6.717259754164163210e-01
-6.716622350306570288e-01
-6.716302577211379354e-01
-6.716335705637602738e-01
-6.716687237268244015e-01
-6.717238991597992426e-01
-6.717789232963710111e-01
-6.718071046939770863e-01
-6.717790462653148165e-01
-6.716681959484999132e-01
-6.714574482089911145e-01
-6.711456697150852690e-01
-6.707526957224468900e-01
-6.703212362018902137e-01
-6.699143351926954981e-01
-6.696075950019344525e-01
-6.694762932592409621e-01
-6.695786845636307882e-01
-6.699380013992051186e-01
-6.705266964316090039e-01
-6.712570212510629020e-01
-6.719818675245265993e-01
-6.725087449962108277e-01
-6.726278083275601949e-01
-6.721521049647468660e-01
-6.709650153495760883e-01
-6.690667083751954403e-01
-6.666090450336765727e-01
-6.639075682204057527e-01
-6.614208169889423949e-01
-6.596916781929528240e-01
-6.592526615070293250e-01
-6.605058064857778355e-01
-6.635965662351854810e-01
-6.683073016924614418e-01
-6.739981721980093932e-01
-6.796203585519789980e-01
-6.838188197297265791e-01
-6.851297066075400233e-01
-6.822613594324474784e-01
-6.744273221326726464e-01
-6.616758003020900558e-01
-6.451368246811141072e-01
-6.270958830264996564e-01
-6.108143159220719154e-01
-6.000618095773939675e-01
-5.984005854106119182e-01
-6.083419003117586099e-01
-6.305501966071820341e-01
-6.632730827971713428e-01
-7.021258819351102742e-01
-7.402881717834429720e-01
-7.691243833945583530e-01
-7.792530161488875340e-01
-7.621320402328629617e-01
-7.121933852156482336e-01
-6.293089315939043304e-01
-5.208874019511923192e-01
-4.024581688513672040e-01
-2.956990096731005879e-01
-2.237968140214859625e-01
-2.053746790464527627e-01
-2.490707489243124684e-01
-3.506845777755313032e-01
-4.938174857211912738e-01
-6.535578672405047973e-01
-8.014523784788928351e-01
-9.095571226123504438e-01
-9.525177479310034112e-01
-9.088990797556412149e-01
-7.644648739728576725e-01
-5.188037653175974206e-01
-1.924653173526854333e-01
1.720687249474436575e-01
5.201628156551348914e-01
8.013571052465636724e-01
9.813666489441416063e-01
1.043434627476004239e+00
9.830157283076591535e-01
8.045251149860335182e-01
5.245136855491074890e-01
1.770146266936219182e-01
-1.876720908582076297e-01
-5.148557314604005342e-01
-7.618019954891860346e-01
-9.076500055024541158e-01
-9.525694969531278700e-01
-9.106589785258254466e-01
-8.032824610798523501e-01
-6.557474890241636878e-01
-4.959693322468252674e-01
-3.524160779981136415e-01
-2.500825934007400164e-01
-2.055174826589858394e-01
-2.231047838759403767e-01
-2.943741231948758252e-01
-4.008086263719706221e-01
-5.192417205181594220e-01
-6.279362909215649990e-01
-7.112557770941624335e-01
-7.616762127575328334e-01
-7.792322694103001046e-01
-7.694329621043238809e-01
-7.407946372224140097e-01
-7.026994087072373496e-01
-6.638020291151155439e-01
-6.309540070874196660e-01
-6.085769752462053539e-01
-5.984601836081577808e-01
-5.999703161889829994e-01
-6.106171686728528725e-01
-6.268474365145214611e-01
-6.448888212849054336e-01
-6.614686805361177369e-01
-6.742855625016678234e-01
-6.821928403318614498e-01
-6.851282203172240903e-01
-6.838684258434678531e-01
-6.797003253021384195e-01
-6.740875216509057966e-01
-6.683883282749767396e-01
-6.636570218146328193e-01
-6.605397110435187180e-01
-6.592599063124320313e-01
-6.596767377189460824e-01
-6.613909678953989735e-01
-6.638710205868445513e-01
-6.665733268104794274e-01
-6.690375290534836816e-01
-6.709457002311208784e-01
-6.721435686055803327e-01
-6.726289471691891952e-01
-6.725170840662648697e-01
-6.719942916186320003e-01
-6.712704470237550458e-01
-6.705385856076221396e-01
-6.699466650129272116e-01
-6.695833743859120890e-01
-6.694771129592983483e-01
-6.696052865851739311e-01
-6.699100050074289214e-01
-6.703160808319807984e-01
-6.707477746856024270e-01
-6.711417533532055835e-01
-6.714549498243262970e-01
-6.716671806780670773e-01
-6.717792976823477868e-01
-6.718082245354958237e-01
-6.717804396453823657e-01
-6.717253625912426029e-01
-6.716697776579081403e-01
-6.716339895979323016e-01
-6.716299546716586466e-01
-6.716612425306999201e-01
-6.717244110555782299e-01
-6.718112360182927345e-01
-6.719112231714414740e-01
-6.720139155096521710e-01
-6.721106558392805352e-01
-6.721956352554753211e-01
-6.722662175696416664e-01
-6.723226537965418803e-01
-6.723673767913437294e-01
-6.724040924218366300e-01
-6.724368674400286183e-01
-6.724693681383751009e-01
-6.725043426531188695e-01
-6.725433772237906505e-01
-6.725869036432896575e-01
-6.726343982377931408e-01
-6.726846944288339403e-01
-6.727363299939943531e-01
-6.727878626794363548e-01
-6.728381085853835097e-01
-6.728862813370413143e-01
-6.729320318433306136e-01
-6.729754051893216404e-01
-6.730167412662010351e-01
-6.730565489832490700e-01
-6.730953813757627469e-01
-6.731337323935738803e-01
-6.731719676577828659e-01
-6.732102928959163846e-01
-6.732487565681900543e-01
-6.732872782671605050e-01
-6.733256921089535441e-01
-6.733637943342969390e-01
-6.734013861494482223e-01
-6.734383057328408029e-01
-6.734744465727400264e-01
-6.735097622594711231e-01
-6.735442601013270636e-01
-6.735779872553512293e-01
-6.736110134566545282e-01
-6.736434140444504948e-01
-6.736752560664824863e-01
-6.737065890744045049e-01
-6.737374410566370209e-01
-6.737678189874919399e-01
-6.737977128181142916e-01
-6.738271014320638130e-01
-6.738559591048260966e-01
-6.738842612645500330e-01
-6.739119887508036033e-01
-6.739391302087823776e-01
-6.739656826544704327e-01
-6.739916505448622086e-01
-6.740170438596900793e-01
-6.740418757478841005e-01
-6.740661602349017345e-01
-6.740899103600777043e-01
-6.741131369541003560e-01
-6.741358481098146394e-01
-6.741580492706752414e-01
-6.741797437753588307e-01
-6.742009336585479407e-01
-6.742216205120387107e-01
-6.742418062463595430e-01
-6.742614936474328191e-01
-6.742806866820382217e-01
-6.742993905588416936e-01
-6.743176115911239110e-01
-6.743353569296675065e-01
-6.743526342398691309e-01
-6.743694513889807451e-01
-6.743858161921350014e-01
-6.744017362444718611e-01
-6.744172188458290584e-01
-6.744322710074438509e-01
-6.744468995189049076e-01
-6.744611110486731231e-01
-6.744749122522020190e-01
-6.744883098665792609e-01
-6.745013107778737860e-01
-6.745139220552153203e-01
-6.745261509526286892e-01
-6.745380048848129695e-01
-6.745494913859514385e-01
-6.745606180613454850e-01
-6.745713925405697475e-01
-6.745818224385502493e-01
-6.745919153281515479e-01
-6.746016787251224445e-01
-6.746111200840110289e-01
-6.746202468021881282e-01
-6.746290662284694095e-01
-6.746375856729250886e-01
-6.746458124150999103e-01
-6.746537537088165282e-01
-6.746614167827651443e-01
-6.746688088370002001e-01
-6.746759370361385955e-01
-6.746828085004522579e-01
-6.746894302961299328e-01
-6.746958094258594940e-01
-6.747019528205768779e-01
-6.747078673328665843e-01
-6.747135597321353151e-01
-6.747190367013862211e-01
-6.747243048352282724e-01
-6.747293706386588985e-01
-6.747342405261733678e-01
-6.747389208208272038e-01
-6.747434177530041710e-01
-6.747477374587753651e-01
-6.747518859778562916e-01
-6.747558692512598544e-01
-6.747596931187934688e-01
-6.747633633165670553e-01
-6.747668854746612377e-01
-6.747702651150682129e-01
-6.747735076499675744e-01
-6.747766183803551865e-01
-6.747796024950063476e-01
-6.747824650697138438e-01
-6.747852110667519332e-01
-6.747878453344894334e-01
-6.747903726071090569e-01
-6.747927975043868098e-01
-6.747951245315191304e-01
-6.747973580789876635e-01
-6.747995024224709981e-01
-6.748015617228200203e-01
-6.748035400261158667e-01
-6.748054412638240240e-01
-6.748072692530577843e-01
-6.748090276969593848e-01
-6.748107201851926140e-01
-6.748123501945445524e-01
-6.748139210896259010e-01
-6.748154361236585741e-01
-6.748168984393354553e-01
-6.748183110697461018e-01
-6.748196769393529637e-01
-6.748209988650191171e-01
-6.748222795570768540e-01
-6.748235216204373499e-01
-6.748247275557386349e-01
-6.748258997605325327e-01
-6.748270405305073494e-01
-6.748281520607434247e-01
-6.748292364470049876e-01
-6.748302956870557701e-01
-6.748313316820048202e-01
-6.748323462376701887e-01
-6.748333410659587139e-01
-6.748343177862580200e-01
-6.748352779268341761e-01
-6.748362229262324652e-01
-6.748371541346792624e-01
-6.748380728154752539e-01
-6.748389801463847704e-01
-6.748398772210119079e-01
-6.748407650501657695e-01
-6.748416445632083871e-01
-6.748425166093846572e-01
-6.748433819591320715e-01
-6.748442413053689082e-01
-6.748450952647522261e-01
-6.748459443789114331e-01
-6.748467891156483267e-01
-6.748476298701077125e-01
-6.748484669659081669e-01
-6.748493006562393814e-01
-6.748501311249152090e-01
-6.748509584873891853e-01
-6.748517827917241974e-01
-6.748526040195205189e-01
-6.748534220867954403e-01
-6.748542368448149364e-01
-6.748550480808788166e-01
-6.748558555190548036e-01
-6.748566588208618766e-01
