-6.748574068109052249e-01
-6.748583139105626127e-01
-6.748592264391909401e-01
-6.748601437249868162e-01
-6.748610650492699037e-01
-6.748619896468812662e-01
-6.748629167065018919e-01
-6.748638453708919460e-01
-6.748647747370504213e-01
-6.748657038562970722e-01
-6.748666317342767451e-01
-6.748675573308833275e-01
-6.748684795601098685e-01
-6.748693972898209825e-01
-6.748703093414496479e-01
-6.748712144896202858e-01
-6.748721114616960115e-01
-6.748729989372561633e-01
-6.748738755475025552e-01
-6.748747398745977844e-01
-6.748755904509344816e-01
-6.748764257583395043e-01
-6.748772442272154004e-01
-6.748780442356164810e-01
-6.748788241082692707e-01
-6.748795821155314512e-01
-6.748803164723002901e-01
-6.748810253368598966e-01
-6.748817068096835126e-01
-6.748823589321821803e-01
-6.748829796854104446e-01
-6.748835669887266464e-01
-6.748841186984128049e-01
-6.748846326062585277e-01
-6.748851064381153897e-01
-6.748855378524182269e-01
-6.748859244386852252e-01
-6.748862637159954714e-01
-6.748865531314490740e-01
-6.748867900586116297e-01
-6.748869717959454784e-01
-6.748870955652311876e-01
-6.748871585099759374e-01
-6.748871576938183514e-01
-6.748870900989277777e-01
-6.748869526244057893e-01
-6.748867420846977883e-01
-6.748864552080187096e-01
-6.748860886348092558e-01
-6.748856389162252167e-01
-6.748851025126713088e-01
-6.748844757923811999e-01
-6.748837550300570420e-01
-6.748829364055518587e-01
-6.748820160026088866e-01
-6.748809898076423286e-01
-6.748798537085574090e-01
-6.748786034936101741e-01
-6.748772348503048191e-01
-6.748757433643360892e-01
-6.748741245185904125e-01
-6.748723736922191963e-01
-6.748704861598112670e-01
-6.748684570906838820e-01
-6.748662815483200683e-01
-6.748639544899674991e-01
-6.748614707664168932e-01
-6.748588251219630463e-01
-6.748560121945422763e-01
-6.748530265160325170e-01
-6.748498625126850836e-01
-6.748465145056492531e-01
-6.748429767115432520e-01
-6.748392432430285748e-01
-6.748353081093421135e-01
-6.748311652167735541e-01
-6.748268083691010277e-01
-6.748222312680522972e-01
-6.748174275139067202e-01
-6.748123906064119604e-01
-6.748071139462193946e-01
-6.748015908370522675e-01
-6.747958144887767906e-01
-6.747897780214354713e-01
-6.747834744701564080e-01
-6.747768967906464521e-01
-6.747700378647809583e-01
-6.747628905056399784e-01
-6.747554474612867947e-01
-6.747477014166791687e-01
-6.747396449933859008e-01
-6.747312707472392646e-01
-6.747225711646507307e-01
-6.747135386589334649e-01
-6.747041655684750117e-01
-6.746944441588388353e-01
-6.746843666306551190e-01
-6.746739251344617827e-01
-6.746631117924217769e-01
-6.746519187252505434e-01
-6.746403380810014339e-01
-6.746283620609444531e-01
-6.746159829370436123e-01
-6.746031930559126533e-01
-6.745899848257752573e-01
-6.745763506859204783e-01
-6.745622830620656707e-01
-6.745477743152833439e-01
-6.745328166958450833e-01
-6.745174023154393295e-01
-6.745015231508659781e-01
-6.744851710888841723e-01
-6.744683380153787544e-01
-6.744510159430571195e-01
-6.744331971618743315e-01
-6.744148743872401264e-01
-6.743960408750624413e-01
-6.743766904718550004e-01
-6.743568175740201065e-01
-6.743364169832861688e-01
-6.743154836641563898e-01
-6.742940124314612538e-01
-6.742719976178834784e-01
-6.742494327879442473e-01
-6.742263105718169225e-01
-6.742026226857447124e-01
-6.741783601841070395e-01
-6.741535139521381836e-01
-6.741280754019141064e-01
-6.741020372842628783e-01
-6.740753944846766821e-01
-6.740481446419380740e-01
-6.740202884231526470e-01
-6.739918293147481032e-01
-6.739627728480870328e-01
-6.739331252673985695e-01
-6.739028917573974820e-01
-6.738720744629860260e-01
-6.738406706339918895e-01
-6.738086712919252319e-01
-6.737760608220817460e-01
-6.737428178265520984e-01
-6.737089174242609779e-01
-6.736743349578874218e-01
-6.736390507846292675e-01
-6.736030555246116380e-01
-6.735663548684176494e-01
-6.735289728649115348e-01
-6.734909525852547096e-01
-6.734523532424749881e-01
-6.734132432685792091e-01
-6.733736895064995620e-01
-6.733337435066421017e-01
-6.732934268173949022e-01
-6.732527179641081272e-01
-6.732115443244343078e-01
-6.731697821253033176e-01
-6.731272671382400041e-01
-6.730838172481413695e-01
-6.730392659600576977e-01
-6.729935033005165490e-01
-6.729465178560423144e-01
-6.728984314199172312e-01
-6.728495165271647371e-01
-6.728001876654199354e-01
-6.727509596101670653e-01
-6.727023712805023647e-01
-6.726548804212530985e-01
-6.726087424234344914e-01
-6.725638943041387652e-01
-6.725198704925205995e-01
-6.724757786996728992e-01
-6.724303601359624682e-01
-6.723821477408412628e-01
-6.723297191195272138e-01
-6.722720192262682248e-01
-6.722087047589244690e-01
-6.721404423547623352e-01
-6.720690813879864889e-01
-6.719976246633520001e-01
-6.719299403719529717e-01
-6.718701974282720313e-01
-6.718220610605528664e-01
-6.717877492272081863e-01
-6.717671118677296382e-01
-6.717569399992270318e-01
-6.717507253393474320e-01
-6.717390608878709424e-01
-6.717107919034973618e-01
-6.716548971067951568e-01
-6.715629150737790765e-01
-6.714315557491808972e-01
-6.712649868305751166e-01
-6.710761998926648708e-01
-6.708868802047488478e-01
-6.707253549756528876e-01
-6.706224843122718937e-01
-6.706057658203580241e-01
-6.706923932067615501e-01
-6.708824572230490668e-01
-6.711538000762596878e-01
-6.714601262685797600e-01
-6.717337478917148053e-01
-6.718937573272945052e-01
-6.718594933883312859e-01
-6.715679910159038091e-01
-6.709928513245556614e-01
-6.701608810227808188e-01
-6.691622182738017344e-01
-6.681497767417173828e-01
-6.673249206589975113e-01
-6.669083924071743663e-01
-6.670984748106498774e-01
-6.680217397959467007e-01
-6.696848503348314940e-01
-6.719379924038964003e-01
-6.744609539042604185e-01
-6.767812104495609660e-01
-6.783294947773748085e-01
-6.785323608207818324e-01
-6.769335877576154736e-01
-6.733276088072129850e-01
-6.678797768488832221e-01
-6.612023338774366543e-01
-6.543543586846430893e-01
-6.487416077919262447e-01
-6.459092719496661861e-01
-6.472451666385991009e-01
-6.536369168356552795e-01
-6.651464016030154136e-01
-6.807717413563041386e-01
-6.983601394138034824e-01
-7.147185952667677311e-01
-7.259511398149824934e-01
-7.280335876937736872e-01
-7.176114725399865835e-01
-6.929550925932023153e-01
-6.549134120088825339e-01
-6.075934075286333336e-01
-5.584202673455156418e-01
-5.172997237214391753e-01
-4.948519931769442826e-01
-5.000424832769696515e-01
-5.378171224702377184e-01
-6.073873083604729439e-01
-7.015521245342748458e-01
-8.070053599702112779e-01
-9.052068173921140604e-01
-9.734358005351337884e-01
-9.863022014450911756e-01
-9.190010194221464035e-01
-7.539346918657160446e-01
-4.905354494170882651e-01
-1.539512014179349741e-01
2.048908545874763010e-01
5.217241266269363464e-01
7.379510171273879759e-01
8.150260082896192415e-01
7.397930057964089423e-01
5.250899278826300920e-01
2.091673899395588287e-01
-1.495543174010454113e-01
-4.867624452436299931e-01
-7.512687030359136431e-01
-9.175854658417583742e-01
-9.860081952742869582e-01
-9.739884865664140134e-01
-9.062897413705318650e-01
-8.083181920114743679e-01
-7.028363363569587463e-01
-6.084407593077302279e-01
-5.385072226146309093e-01
-5.003157977108682042e-01
-4.947337671497827327e-01
-5.168795147920538513e-01
-5.578256838636405091e-01
-6.069589117091259700e-01
-6.543527994680186088e-01
-6.925441187792525932e-01
-7.173826725637291180e-01
-7.279811614176877610e-01
-7.260416755388955368e-01
-7.149035360361505331e-01
-6.985872155640026060e-01
-6.809939728118048485e-01
-6.653281709731035942e-01
-6.537570590779032687e-01
-6.472972694419808493e-01
-6.458996226830304721e-01
-6.486854828191673805e-01
-6.542715423174561007e-01
-6.611127812534510761e-01
-6.678001674415050548e-01
-6.732692276145030297e-01
-6.769016214834419065e-01
-6.785264055986829357e-01
-6.783448973649536251e-01
-6.768108126798038082e-01
-6.744968519157018561e-01
-6.719730179289049588e-01
-6.697135969399439226e-01
-6.680410695786411779e-01
-6.671075370336269073e-01
-6.669082566446077331e-01
-6.673179683810639418e-01
-6.681390056297458191e-01
-6.691505961759617316e-01
-6.701508489494205634e-01
-6.709860276307774152e-01
-6.715650825219617870e-01
-6.718603820216981770e-01
-6.718977076628923628e-01
-6.717396726393005668e-01
-6.714668512298780367e-01
-6.711602835300514158e-01
-6.708879366884410445e-01
-6.706964510090412945e-01
-6.706083206528845597e-01
-6.706237270216461877e-01
-6.707256522757018002e-01
-6.708866702194495879e-01
-6.710758994477067363e-01
-6.712649238564281085e-01
-6.714319327393183379e-01
-6.715638027591857018e-01
-6.716562524188269823e-01
-6.717124914187357909e-01
-6.717409402848207867e-01
-6.717526165550725681e-01
-6.717587001278283454e-01
-6.717686406980980518e-01
-6.717889950524752463e-01
-6.718230165490520767e-01
-6.718708886767504884e-01
-6.719304127220903089e-01
-6.719979285743709063e-01
-6.720692608496209308e-01
-6.721405272653280250e-01
-6.722087076343846723e-01
-6.722719357400567253e-01
-6.723295314104921205e-01
-6.723818291964618332e-01
-6.724298804202963886e-01
-6.724751080662058067e-01
-6.725189827991309155e-01
-6.725627685342735473e-01
-6.726073628400787152e-01
-6.726532356950094549e-01
-6.727004530279848682e-01
-6.727487607676717607e-01
-6.727977010357647503e-01
-6.728467337115441316e-01
-6.728953422161183529e-01
-6.729431100955720613e-01
-6.729897630248731222e-01
-6.730351778041112620e-01
-6.730793649010531343e-01
-6.731224337787728995e-01
-6.731645507663553962e-01
-6.732058980400055237e-01
-6.732466400028314091e-01
-6.732869006263175748e-01
-6.733267526968638172e-01
-6.733662177908826818e-01
-6.734052743946999930e-01
-6.734438709349466201e-01
-6.734819405034425666e-01
-6.735194145764931140e-01
-6.735562338366019031e-01
-6.735923551065489123e-01
-6.736277542395561202e-01
-6.736624254647443077e-01
-6.736963781091377390e-01
-6.737296317999798001e-01
-6.737622112250870599e-01
-6.737941413482898545e-01
-6.738254437049090440e-01
-6.738561340997136773e-01
-6.738862217478315264e-01
-6.739157096736847485e-01
-6.739445960341654551e-01
-6.739728759646884670e-01
-6.740005435528079181e-01
-6.740275936074947571e-01
-6.740540229919255166e-01
-6.740798314018716653e-01
-6.741050215808370716e-01
-6.741295990518665349e-01
-6.741535715050501754e-01
-6.741769480059442987e-01
-6.741997381855902027e-01
-6.742219515440103228e-01
-6.742435969549446240e-01
-6.742646824099590708e-01
-6.742852149937907935e-01
-6.743052010466832336e-01
-6.743246464475058932e-01
-6.743435569445764832e-01
-6.743619384676732276e-01
-6.743797973710947691e-01
-6.743971405792648088e-01
-6.744139756285790765e-01
-6.744303106181085417e-01
-6.744461540948067935e-01
-6.744615149048649450e-01
-6.744764020422160389e-01
-6.744908245192798857e-01
-6.745047912759580822e-01
-6.745183111328857395e-01
-6.745313927859512004e-01
-6.745440448325109584e-01
-6.745562758162398920e-01
-6.745680942771238309e-01
-6.745795087951733660e-01
-6.745905280201084375e-01
-6.746011606835115026e-01
-6.746114155938961465e-01
-6.746213016181151767e-01
-6.746308276542455351e-01
-6.746400026014415241e-01
-6.746488353315744924e-01
-6.746573346660499348e-01
-6.746655093595026464e-01
-6.746733680904666297e-01
-6.746809194578848867e-01
-6.746881719815863709e-01
-6.746951341046567574e-01
-6.747018141958417425e-01
-6.747082205506250707e-01
-6.747143613902485404e-01
-6.747202448585385426e-01
-6.747258790168592091e-01
-6.747312718378135621e-01
-6.747364311983983232e-01
-6.747413648732668578e-01
-6.747460805286012997e-01
-6.747505857168837329e-01
-6.747548878726655763e-01
-6.747589943092661136e-01
-6.747629122162380755e-01
-6.747666486573874467e-01
-6.747702105691364416e-01
-6.747736047590661146e-01
-6.747768379045163689e-01
-6.747799165511800812e-01
-6.747828471116796845e-01
-6.747856358641396435e-01
-6.747882889508038939e-01
-6.747908123767377697e-01
-6.747932120086640451e-01
-6.747954935739766125e-01
-6.747976626599540007e-01
-6.747997247131973797e-01
-6.748016850392937194e-01
-6.748035488027018802e-01
-6.748053210268466495e-01
-6.748070065944029583e-01
-6.748086102477447445e-01
-6.748101365895379233e-01
-6.748115900834531500e-01
-6.748129750549806127e-01
-6.748142956923379732e-01
-6.748155560474600190e-01
-6.748167600370702512e-01
-6.748179114438375148e-01
-6.748190139176241109e-01
-6.748200709768231720e-01
-6.748210860097914043e-01
-6.748220622763791976e-01
-6.748230029095504401e-01
-6.748239109170874883e-01
-6.748247891833732970e-01
-6.748256404712373868e-01
-6.748264674238623195e-01
-6.748272725667328054e-01
-6.748280583096284424e-01
-6.748288269486458768e-01
-6.748295806682533815e-01
-6.748303215433674174e-01
-6.748310515414543964e-01
-6.748317725246482102e-01
-6.748324862518868539e-01
-6.748331943810613742e-01
-6.748338984711726996e-01
-6.748345999844941323e-01
-6.748353002887355068e-01
-6.748360006591951343e-01
-6.748367022809079740e-01
-6.748374062507730420e-01
-6.748381135796658326e-01
-6.748388251945243166e-01
-6.748395419404077389e-01
-6.748402645825245516e-01
-6.748409938082291504e-01
-6.748417302289758668e-01
-6.748424743822382110e-01
-6.748432267333819290e-01
-6.748439876774937618e-01
-6.748447575411614663e-01
-6.748455365841992126e-01
-6.748463250013227999e-01
-6.748471229237656965e-01
-6.748479304208359064e-01
-6.748487475014131043e-01
-6.748495741153797134e-01
-6.748504101549868128e-01
-6.748512554561543197e-01
-6.748521097997022267e-01
-6.748529729125065657e-01
-6.748538444685894255e-01
-6.748547240901320299e-01
-6.748556113484129870e-01
-6.748565057646732646e-01
