-6.748572603331675079e-01
-6.748580385398024184e-01
-6.748588093515528463e-01
-6.748595721980631401e-01
-6.748603264474951624e-01
-6.748610714068870031e-01
-6.748618063224627317e-01
-6.748625303798881925e-01
-6.748632427044788384e-01
-6.748639423613562727e-01
-6.748646283555522762e-01
-6.748652996320634312e-01
-6.748659550758578929e-01
-6.748665935118303150e-01
-6.748672137047101449e-01
-6.748678143589206258e-01
-6.748683941183926116e-01
-6.748689515663314209e-01
-6.748694852249402798e-01
-6.748699935551015772e-01
-6.748704749560143767e-01
-6.748709277647937377e-01
-6.748713502560322874e-01
-6.748717406413231590e-01
-6.748720970687513976e-01
-6.748724176223500626e-01
-6.748727003215272413e-01
-6.748729431204617546e-01
-6.748731439074716620e-01
-6.748733005043573430e-01
-6.748734106657207077e-01
-6.748734720782638696e-01
-6.748734823600672783e-01
-6.748734390598578603e-01
-6.748733396562600628e-01
-6.748731815570440107e-01
-6.748729620983681121e-01
-6.748726785440234410e-01
-6.748723280846828931e-01
-6.748719078371566704e-01
-6.748714148436577576e-01
-6.748708460710755030e-01
-6.748701984102630780e-01
-6.748694686753299310e-01
-6.748686536029524508e-01
-6.748677498516901796e-01
-6.748667540013204569e-01
-6.748656625521949337e-01
-6.748644719246239543e-01
-6.748631784583024595e-01
-6.748617784117909579e-01
-6.748602679620587796e-01
-6.748586432041099314e-01
-6.748569001506924403e-01
-6.748550347320971809e-01
-6.748530427960394151e-01
-6.748509201076102748e-01
-6.748486623492793157e-01
-6.748462651209227170e-01
-6.748437239398612508e-01
-6.748410342408880380e-01
-6.748381913762895312e-01
-6.748351906158730484e-01
-6.748320271470501508e-01
-6.748286960750223828e-01
-6.748251924231578602e-01
-6.748215111336257621e-01
-6.748176470683650008e-01
-6.748135950104163783e-01
-6.748093496656183410e-01
-6.748049056645939459e-01
-6.748002575649049151e-01
-6.747953998531964759e-01
-6.747903269471244858e-01
-6.747850331968701099e-01
-6.747795128861002745e-01
-6.747737602323425898e-01
-6.747677693868832094e-01
-6.747615344344707333e-01
-6.747550493932692461e-01
-6.747483082156100487e-01
-6.747413047901360539e-01
-6.747340329458230146e-01
-6.747264864581504762e-01
-6.747186590573243103e-01
-6.747105444380139261e-01
-6.747021362695937441e-01
-6.746934282054822818e-01
-6.746844138899773524e-01
-6.746750869610494972e-01
-6.746654410480225073e-01
-6.746554697638785791e-01
-6.746451666930715074e-01
-6.746345253770206218e-01
-6.746235393006911885e-01
-6.746122018845028823e-01
-6.746005064860038924e-01
-6.745884464149987103e-01
-6.745760149640240844e-01
-6.745632054533398092e-01
-6.745500112861386732e-01
-6.745364260061529338e-01
-6.745224433469095837e-01
-6.745080572604156277e-01
-6.744932619138346297e-01
-6.744780516462548503e-01
-6.744624208840023227e-01
-6.744463640216392664e-01
-6.744298752855585333e-01
-6.744129486061732903e-01
-6.743955775308522194e-01
-6.743777552107368400e-01
-6.743594744885638148e-01
-6.743407281007740561e-01
-6.743215089861527289e-01
-6.743018106674426582e-01
-6.742816276459786540e-01
-6.742609557280557775e-01
-6.742397921917394621e-01
-6.742181357097903893e-01
-6.741959859720478843e-01
-6.741733429992489146e-01
-6.741502062056100586e-01
-6.741265733403358773e-01
-6.741024395048054174e-01
-6.740777964859939742e-01
-6.740526326510281052e-01
-6.740269335996300626e-01
-6.740006836650052069e-01
-6.739738681950182553e-01
-6.739464763530529368e-01
-6.739185039836934621e-01
-6.738899559344693202e-01
-6.738608471575444625e-01
-6.738312019757382032e-01
-6.738010511115548606e-01
-6.737704264459709602e-01
-6.737393539618825589e-01
-6.737078458648017021e-01
-6.736758933577305930e-01
-6.736434618553401865e-01
-6.736104904330584286e-01
-6.735768969259525729e-01
-6.735425892843336371e-01
-6.735074826044983309e-01
-6.734715198285488036e-01
-6.734346926874460459e-01
-6.733970583595235704e-01
-6.733587468717615598e-01
-6.733199547817041442e-01
-6.732809223239221152e-01
-6.732418939718426421e-01
-6.732030659885126500e-01
-6.731645284843713606e-01
-6.731262129986557152e-01
-6.730878587695063864e-01
-6.730490107725918270e-01
-6.730090596263166303e-01
-6.729673273540964784e-01
-6.729231941474899115e-01
-6.728762507937081638e-01
-6.728264511185610974e-01
-6.727742309654610731e-01
-6.727205573584528198e-01
-6.726668757252877162e-01
-6.726149356224516707e-01
-6.725664960903144918e-01
-6.725229385046770370e-01
-6.724848435529476864e-01
-6.724516140516180185e-01
-6.724212401162841246e-01
-6.723903013259620032e-01
-6.723542773402959583e-01
-6.723081925372503820e-01
-6.722475547887178937e-01
-6.721694718645194744e-01
-6.720737545347360564e-01
-6.719637602202742643e-01
-6.718467130151274391e-01
-6.717332704075393845e-01
-6.716362025161516369e-01
-6.715682036844761171e-01
-6.715390526808679983e-01
-6.715525460930062973e-01
-6.716038075805405017e-01
-6.716776753657672794e-01
-6.717488465411716181e-01
-6.717842777941441801e-01
-6.717480003829897628e-01
-6.716080275922292619e-01
-6.713444773963416212e-01
-6.709574990910575076e-01
-6.704732038867050603e-01
-6.699456876396100435e-01
-6.694535116872663005e-01
-6.690897353597559105e-01
-6.689457459746358525e-01
-6.690905762600957152e-01
-6.695488948743344437e-01
-6.702820841555349185e-01
-6.711774390257517764e-01
-6.720502381223276700e-01
-6.726620721512563961e-01
-6.727563461384385990e-01
-6.721084745368265390e-01
-6.705843498194502539e-01
-6.681968168162216726e-01
-6.651470066846204565e-01
-6.618365358812510202e-01
-6.588387756923117511e-01
-6.568232326346237215e-01
-6.564362469506156428e-01
-6.581522512630993971e-01
-6.621202821307524689e-01
-6.680375655670086621e-01
-6.750837483612612822e-01
-6.819450386562515565e-01
-6.869477315826619801e-01
-6.883061808053787534e-01
-6.844711711926044773e-01
-6.745398095895737134e-01
-6.586576937797281595e-01
-6.383138458622884537e-01
-6.164126027395088192e-01
-5.970233581053042693e-01
-5.847713518893632445e-01
-5.839323913206596606e-01
-5.973975206593988840e-01
-6.257341381330486785e-01
-6.665564810204001045e-01
-7.143373427472027304e-01
-7.606936474945692472e-01
-7.951321612415953588e-01
-8.062925039552416573e-01
-7.838260779919343779e-01
-7.210302522547326065e-01
-6.179990407756507098e-01
-4.843290110052375641e-01
-3.397683554244202986e-01
-2.114063231960792710e-01
-1.274377706801287924e-01
-1.094081015326252432e-01
-1.657625698608794496e-01
-2.889967879416157071e-01
-4.573290246639683532e-01
-6.401186859926657480e-01
-8.045930246256477458e-01
-9.208861581849190348e-01
-9.640207599085747203e-01
-9.144660851385499889e-01
-7.606584641433141725e-01
-5.051583057827973011e-01
-1.713133984799900811e-01
1.965607527186312431e-01
5.437419873741875520e-01
8.214521299260171272e-01
9.979188181561656767e-01
1.058479171448741152e+00
9.993915612925020620e-01
8.242989060344437791e-01
5.476883003131363115e-01
2.010994819513412524e-01
-1.668543234969414313e-01
-5.014264328473937438e-01
-7.580902534172742069e-01
-9.132216674261377509e-01
-9.640392140661191434e-01
-9.219742646400246322e-01
-8.064764386789124995e-01
-6.424508713539469618e-01
-4.596992597093648714e-01
-2.909757329905517387e-01
-1.669866198074731745e-01
-1.096686088820995192e-01
-1.267345657747408760e-01
-2.099425115499041483e-01
-3.378869653342347346e-01
-4.824133150850338780e-01
-6.163732461724572564e-01
-7.198957354680964871e-01
-7.832474551125393480e-01
-8.062226324587062898e-01
-7.954534800771735359e-01
-7.612576491169082971e-01
-7.149945998255576862e-01
-6.671772828728008697e-01
-6.262219553761693147e-01
-5.976964566933473666e-01
-5.840284657557908155e-01
-5.846874127752614836e-01
-5.968085526436859301e-01
-6.161287467805387497e-01
-6.380218135036621607e-01
-6.584066736708168444e-01
-6.743611182610427246e-01
-6.843768515800259244e-01
-6.882914458682694026e-01
-6.869957504384782698e-01
-6.820325656424129912e-01
-6.751864248817598391e-01
-6.681341415015297214e-01
-6.621953751792603038e-01
-6.581975572431844057e-01
-6.564503444043090497e-01
-6.568103001427586518e-01
-6.588066510607595294e-01
-6.617945774759727007e-01
-6.651041648631910164e-01
-6.681602046788975846e-01
-6.705584512730500268e-01
-6.720949820698113308e-01
-6.727545102233110086e-01
-6.726693827129441861e-01
-6.720632448700717410e-01
-6.711925407317986814e-01
-6.702961627195418437e-01
-6.695597246328180985e-01
-6.690969917386065946e-01
-6.689475946349132673e-01
-6.690876714015877580e-01
-6.694487009665762711e-01
-6.699394931766378125e-01
-6.704669093186789164e-01
-6.709521082104771272e-01
-6.713406064334587198e-01
-6.716058873864532153e-01
-6.717474509993487386e-01
-6.717849298722458062e-01
-6.717501816605639942e-01
-6.716791608434580230e-01
-6.716049876541239083e-01
-6.715530995039874496e-01
-6.715388145692511301e-01
-6.715671561668519196e-01
-6.716344425965967702e-01
-6.717309657394380240e-01
-6.718440557153230186e-01
-6.719609269730580925e-01
-6.720708783091132732e-01
-6.721666274082345183e-01
-6.722447572464569365e-01
-6.723054064679290232e-01
-6.723514322628639794e-01
-6.723873096896768597e-01
-6.724180141039671765e-01
-6.724480786287335699e-01
-6.724809443916780483e-01
-6.725186445878996722e-01
-6.725617977462620134e-01
-6.726098393484154503e-01
-6.726613974006085961e-01
-6.727147153635790744e-01
-6.727680404014270144e-01
-6.728199198675780535e-01
-6.728693776827948669e-01
-6.729159690601610455e-01
-6.729597328372528553e-01
-6.730010733849811633e-01
-6.730406084285651680e-01
-6.730790163536972681e-01
-6.731169088103873266e-01
-6.731547441410609123e-01
-6.731927866674095595e-01
-6.732311079840920254e-01
-6.732696202451097234e-01
-6.733081283899001734e-01
-6.733463881218009206e-01
-6.733841585655008233e-01
-6.734212420114609188e-01
-6.734575070991474233e-01
-6.734928954260153144e-01
-6.735274143564961014e-01
-6.735611204744372804e-01
-6.735940986543564879e-01
-6.736264412981590732e-01
-6.736582311914310894e-01
-6.736895300160524735e-01
-6.737203731279561847e-01
-6.737507700128989585e-01
-6.737807090158597356e-01
-6.738101645498765224e-01
-6.738391049932410670e-01
-6.738674997874550820e-01
-6.738953247308661076e-01
-6.739225650013983548e-01
-6.739492159325829457e-01
-6.739752819388800109e-01
-6.740007742043888639e-01
-6.740257078128226720e-01
-6.740500989315068026e-01
-6.740739625093027376e-01
-6.740973107540269016e-01
-6.741201524615357821e-01
-6.741424931084666339e-01
-6.741643355128401627e-01
-6.741856808171453608e-01
-6.742065295518561152e-01
-6.742268825805896038e-01
-6.742467417946598207e-01
-6.742661104979446041e-01
-6.742849934889276753e-01
-6.743033968960677749e-01
-6.743213278509315733e-01
-6.743387940909609801e-01
-6.743558035739800616e-01
-6.743723641652696887e-01
-6.743884834315216903e-01
-6.744041685499484462e-01
-6.744194263194991379e-01
-6.744342632470444743e-01
-6.744486856751743531e-01
-6.744626999191164485e-01
-6.744763123864200294e-01
-6.744895296621686853e-01
-6.745023585523702847e-01
-6.745148060869509132e-01
-6.745268794902715692e-01
-6.745385861306946174e-01
-6.745499334615497888e-01
-6.745609289644104445e-01
-6.745715801026395120e-01
-6.745818942895827064e-01
-6.745918788723062054e-01
-6.746015411289738584e-01
-6.746108882761383541e-01
-6.746199274814558278e-01
-6.746286658775194622e-01
-6.746371105733489637e-01
-6.746452686613312322e-01
-6.746531472187080603e-01
-6.746607533038753157e-01
-6.746680939485935058e-01
-6.746751761476590392e-01
-6.746820068476739873e-01
-6.746885929363479750e-01
-6.746949412333491658e-01
-6.747010584832605629e-01
-6.747069513507297778e-01
-6.747126264175390409e-01
-6.747180901810977405e-01
-6.747233490537563050e-01
-6.747284093623856505e-01
-6.747332773477660028e-01
-6.747379591635107587e-01
-6.747424608744096997e-01
-6.747467884542374117e-01
-6.747509477831643565e-01
-6.747549446449795374e-01
-6.747587847243295966e-01
-6.747624736041624161e-01
-6.747660167634933481e-01
-6.747694195755669089e-01
-6.747726873064203712e-01
-6.747758251138049612e-01
-6.747788380464041502e-01
-6.747817310432621118e-01
-6.747845089333514013e-01
-6.747871764352195711e-01
-6.747897381566754227e-01
-6.747921985944936862e-01
-6.747945621341501221e-01
-6.747968330495913714e-01
-6.747990155030682002e-01
-6.748011135450515674e-01
-6.748031311142530519e-01
-6.748050720377626321e-01
-6.748069400313059241e-01
-6.748087386996209913e-01
-6.748104715369448448e-01
-6.748121419276006394e-01
-6.748137531466669170e-01
-6.748153083607202340e-01
-6.748168106286391854e-01
-6.748182629024586099e-01
-6.748196680282718685e-01
-6.748210287471748670e-01
-6.748223476962502687e-01
-6.748236274095946730e-01
-6.748248703193819864e-01
-6.748260787569680952e-01
-6.748272549540307308e-01
-6.748284010437455294e-01
-6.748295190619922890e-01
-6.748306109485885385e-01
-6.748316785485442004e-01
-6.748327236133364604e-01
-6.748337478021938507e-01
-6.748347526833934351e-01
-6.748357397355594367e-01
-6.748367103489651964e-01
-6.748376658268312456e-01
-6.748386073866183832e-01
-6.748395361613150900e-01
-6.748404532007110657e-01
-6.748413594726638820e-01
-6.748422558643439872e-01
-6.748431431834658323e-01
-6.748440221594986799e-01
-6.748448934448531000e-01
-6.748457576160424853e-01
-6.748466151748182540e-01
-6.748474665492718572e-01
-6.748483120949074765e-01
-6.748491520956817480e-01
-6.748499867650025186e-01
-6.748508162466917426e-01
-6.748516406159105196e-01
-6.748524598800391683e-01
-6.748532739795179980e-01
-6.748540827886428950e-01
-6.748548861163150558e-01
-6.748556837067454239e-01
-6.748564752401117195e-01
