-6.748575976835439194e-01
-6.748584074404426758e-01
-6.748592135021056482e-01
-6.748600152728567725e-01
-6.748608120987773518e-01
-6.748616032680769816e-01
-6.748623880114059670e-01
-6.748631655021104514e-01
-6.748639348564284823e-01
-6.748646951336286781e-01
-6.748654453360904970e-01
-6.748661844093301054e-01
-6.748669112419649618e-01
-6.748676246656254429e-01
-6.748683234548112919e-01
-6.748690063266911121e-01
-6.748696719408507905e-01
-6.748703188989854107e-01
-6.748709457445458693e-01
-6.748715509623300912e-01
-6.748721329780310585e-01
-6.748726901577360993e-01
-6.748732208073814354e-01
-6.748737231721649854e-01
-6.748741954359189776e-01
-6.748746357204431501e-01
-6.748750420847982046e-01
-6.748754125245670643e-01
-6.748757449710787171e-01
-6.748760372906035254e-01
-6.748762872835161186e-01
-6.748764926834319722e-01
-6.748766511563215609e-01
-6.748767602996041948e-01
-6.748768176412238695e-01
-6.748768206387179003e-01
-6.748767666782716779e-01
-6.748766530737737579e-01
-6.748764770658701728e-01
-6.748762358210202983e-01
-6.748759264305546068e-01
-6.748755459097394160e-01
-6.748750911968456334e-01
-6.748745591522241627e-01
-6.748739465573877494e-01
-6.748732501141030404e-01
-6.748724664434965215e-01
-6.748715920851825478e-01
-6.748706234964185757e-01
-6.748695570513065789e-01
-6.748683890400457575e-01
-6.748671156682485295e-01
-6.748657330563295753e-01
-6.748642372389748179e-01
-6.748626241646884516e-01
-6.748608896954121361e-01
-6.748590296062052518e-01
-6.748570395849686765e-01
-6.748549152322004252e-01
-6.748526520607660562e-01
-6.748502454956796237e-01
-6.748476908739040603e-01
-6.748449834441920814e-01
-6.748421183670023638e-01
-6.748390907145489503e-01
-6.748358954710361735e-01
-6.748325275331401585e-01
-6.748289817107758770e-01
-6.748252527281697333e-01
-6.748213352252150354e-01
-6.748172237590462919e-01
-6.748129128057316350e-01
-6.748083967619438184e-01
-6.748036699464685650e-01
-6.747987266014205954e-01
-6.747935608930959450e-01
-6.747881669124685677e-01
-6.747825386754507937e-01
-6.747766701231543429e-01
-6.747705551224948417e-01
-6.747641874675285312e-01
-6.747575608819315063e-01
-6.747506690229121418e-01
-6.747435054866801618e-01
-6.747360638153265811e-01
-6.747283375046512210e-01
-6.747203200121661970e-01
-6.747120047642674034e-01
-6.747033851614724353e-01
-6.746944545807332938e-01
-6.746852063742180272e-01
-6.746756338645475415e-01
-6.746657303372890491e-01
-6.746554890323742670e-01
-6.746449031368901839e-01
-6.746339657821817104e-01
-6.746226700481977590e-01
-6.746110089773849072e-01
-6.745989755990924319e-01
-6.745865629635156013e-01
-6.745737641818668751e-01
-6.745605724671417391e-01
-6.745469811680278038e-01
-6.745329837877497292e-01
-6.745185739804339109e-01
-6.745037455202231857e-01
-6.744884922428568963e-01
-6.744728079653535824e-01
-6.744566863959436942e-01
-6.744401210522587009e-01
-6.744231052095273071e-01
-6.744056319006875855e-01
-6.743876939857776920e-01
-6.743692842982418334e-01
-6.743503958614386340e-01
-6.743310221513439950e-01
-6.743111573640745426e-01
-6.742907966331690428e-01
-6.742699361356671028e-01
-6.742485730315606052e-01
-6.742267052005025407e-01
-6.742043307727169088e-01
-6.741814474949000546e-01
-6.741580520202941074e-01
-6.741341392559054846e-01
-6.741097019280808400e-01
-6.740847305294430658e-01
-6.740592137770223813e-01
-6.740331396398274721e-01
-6.740064968878988205e-01
-6.739792769866244093e-01
-6.739514760309731622e-01
-6.739230963121665141e-01
-6.738941470647261678e-01
-6.738646439821242007e-01
-6.738346072316228064e-01
-6.738040579435410349e-01
-6.737730134750674615e-01
-6.737414821075649041e-01
-6.737094581611704491e-01
-6.736769187201419040e-01
-6.736438231758113959e-01
-6.736101165482275555e-01
-6.735757370169451752e-01
-6.735406273046250503e-01
-6.735047486075563805e-01
-6.734680948124329714e-01
-6.734307039855347288e-01
-6.733926637950380378e-01
-6.733541078312492711e-01
-6.733152008491271046e-01
-6.732761127718694949e-01
-6.732369836978053801e-01
-6.731978848001005655e-01
-6.731587823959328531e-01
-6.731195139877729217e-01
-6.730797851480956329e-01
-6.730391942706063224e-01
-6.729972882651673594e-01
-6.729536464525893713e-01
-6.729079829196636942e-01
-6.728602505949953239e-01
-6.728107248310882804e-01
-6.727600419893360328e-01
-6.727091708934208603e-01
-6.726593029439097426e-01
-6.726116601311781240e-01
-6.725672378834179899e-01
-6.725265190640694613e-01
-6.724892127607215997e-01
-6.724540823744221685e-01
-6.724189275886774952e-01
-6.723807707807855083e-01
-6.723362691231358212e-01
-6.722823307688579053e-01
-6.722168623730355730e-01
-6.721395244211340048e-01
-6.720523316305218042e-01
-6.719599201588993820e-01
-6.718693221036057261e-01
-6.717891471299149986e-01
-6.717281703428026329e-01
-6.716934550356427058e-01
-6.716882794457893491e-01
-6.717102606541498488e-01
-6.717501442323083882e-01
-6.717917241923166971e-01
-6.718132513480824519e-01
-6.717904717997394970e-01
-6.717011247427887577e-01
-6.715303588293801695e-01
-6.712761617051632435e-01
-6.709536193235802193e-01
-6.705967180873416700e-01
-6.702565509619688999e-01
-6.699952336225701854e-01
-6.698755703061134437e-01
-6.699474545642672973e-01
-6.702329993365356842e-01
-6.707132586973523214e-01
-6.713199008263373013e-01
-6.719351087863496552e-01
-6.724021801680154509e-01
-6.725477333308021999e-01
-6.722142074807895273e-01
-6.712987209821809076e-01
-6.697917448193628775e-01
-6.678070268056059966e-01
-6.655934377220280584e-01
-6.635205460130808586e-01
-6.620331659575671157e-01
-6.615757779199801236e-01
-6.624948335798608312e-01
-6.649341438245627289e-01
-6.687440854864282747e-01
-6.734277124945798887e-01
-6.781451018451004620e-01
-6.817912506429943953e-01
-6.831528864974325543e-01
-6.811359829242841224e-01
-6.750388183351333504e-01
-6.648260562551102648e-01
-6.513409441902995312e-01
-6.363824312161845409e-01
-6.225814680562312686e-01
-6.130433726508895953e-01
-6.107791293190092397e-01
-6.180129433061088973e-01
-6.355023611907885117e-01
-6.620198683197818790e-01
-6.941166557460340947e-01
-7.262381981194703240e-01
-7.512198954741150514e-01
-7.611835128564503616e-01
-7.488671429004604141e-01
-7.093838444018369938e-01
-6.422249074801825719e-01
-5.529859523323877868e-01
-4.539691900954455628e-01
-3.628425975713474583e-01
-2.991517518280898402e-01
-2.794727857367169666e-01
-3.127576587404739539e-01
-3.974678083429620257e-01
-5.214163641099269775e-01
-6.641506792864244613e-01
-8.006315360001541315e-01
-9.045367556826100497e-01
-9.503218801338401134e-01
-9.149611861895213805e-01
-7.816381401521803607e-01
-5.467171149101712757e-01
-2.275351005579040464e-01
1.354473895365256864e-01
4.873299680737502304e-01
7.751192323129841855e-01
9.610316765513452486e-01
1.025488039296374554e+00
9.628753672699257304e-01
7.786353420036479234e-01
4.921048259116890811e-01
1.407973853269733899e-01
-2.224389569975966374e-01
-5.426050220154929882e-01
-7.789382650187129942e-01
-9.137560448550230419e-01
-9.504384739094881018e-01
-9.056667879638610197e-01
-8.024109408499147111e-01
-6.661954436322610196e-01
-5.233474660227750430e-01
-3.989511100602889382e-01
-3.135575002846195947e-01
-2.794977009438122661e-01
-2.984694477902954390e-01
-3.616543202838486404e-01
-4.525503771084218863e-01
-5.516132586303377217e-01
-6.411141631471707347e-01
-7.086565308803101093e-01
-7.485485491020570370e-01
-7.612232283437470048e-01
-7.515212019838329871e-01
-7.266862109215951326e-01
-6.946005878185377291e-01
-6.624486040612395099e-01
-6.358138365938760250e-01
-6.181777841623129488e-01
-6.107989054963106623e-01
-6.129442426844435854e-01
-6.224047354303020585e-01
-6.361741242256068185e-01
-6.511425826439775078e-01
-6.646682144334009612e-01
-6.749381711536972528e-01
-6.810955985064284235e-01
-6.831648956386705551e-01
-6.818407836643471942e-01
-6.782144648971851764e-01
-6.735000323515103471e-01
-6.688059555329267658e-01
-6.649770816825451014e-01
-6.625155867104178808e-01
-6.615756819121152432e-01
-6.620168674750269711e-01
-6.634944439946744987e-01
-6.655641730335698503e-01
-6.677802735923324962e-01
-6.697714484699690551e-01
-6.712868147836160704e-01
-6.722107463227322555e-01
-6.725513226165106273e-01
-6.724105549403464055e-01
-6.719457267719842752e-01
-6.713304436034032152e-01
-6.707219763775876809e-01
-6.702388762846821502e-01
-6.699502095556747472e-01
-6.698755297661942443e-01
-6.699931294829193362e-01
-6.702532958041274025e-01
-6.705932020125505710e-01
-6.709505588700835910e-01
-6.712740149265444822e-01
-6.715293057056862525e-01
-6.717011008040835174e-01
-6.717912363680156318e-01
-6.718144701608974589e-01
-6.717930484934635516e-01
-6.717512733337137609e-01
-6.717109809944021848e-01
-6.716884789702918246e-01
-6.716931163371271385e-01
-6.717273489033742662e-01
-6.717879420956354153e-01
-6.718678465402545541e-01
-6.719582761436054819e-01
-6.720505933770374307e-01
-6.721377304355411475e-01
-6.722150157946091831e-01
-6.722804058095860347e-01
-6.723342209543932135e-01
-6.723785462622036135e-01
-6.724164747334560044e-01
-6.724513571958460334e-01
-6.724861829497051913e-01
-6.725231646492313420e-01
-6.725635495235000594e-01
-6.726076359460535503e-01
-6.726549448197531866e-01
-6.727044810519265949e-01
-6.727550203608178014e-01
-6.728053674885977609e-01
-6.728545492507027603e-01
-6.729019252950542151e-01
-6.729472172277354280e-01
-6.729904702870159738e-01
-6.730319697392255218e-01
-6.730721365791153543e-01
-6.731114248437015668e-01
-6.731502373673938777e-01
-6.731888697858284809e-01
-6.732274855726722018e-01
-6.732661190453682609e-01
-6.733046993077105302e-01
-6.733430862345298751e-01
-6.733811096664170659e-01
-6.734186045094465722e-01
-6.734554368280061265e-01
-6.734915186744854232e-01
-6.735268118115502745e-01
-6.735613223041606590e-01
-6.735950890226880539e-01
-6.736281694046464263e-01
-6.736606254970173291e-01
-6.736925125464013897e-01
-6.737238714471479595e-01
-6.737547254057054680e-01
-6.737850803907328157e-01
-6.738149284066139444e-01
-6.738442523816633445e-01
-6.738730314757130913e-01
-6.739012458217555901e-01
-6.739288800416894931e-01
-6.739559252355243890e-01
-6.739823794686741198e-01
-6.740082470268310422e-01
-6.740335368503744817e-01
-6.740582606005480759e-01
-6.740824307650038483e-01
-6.741060591081505793e-01
-6.741291556425829112e-01
-6.741517281696244313e-01
-6.741737823308505684e-01
-6.741953220408909431e-01
-6.742163501386696511e-01
-6.742368690960135469e-01
-6.742568816507681362e-01
-6.742763912752821609e-01
-6.742954024394502976e-01
-6.743139206712828182e-01
-6.743319524509943097e-01
-6.743495049938825758e-01
-6.743665859828329445e-01
-6.743832033054071307e-01
-6.743993648368401539e-01
-6.744150782929557719e-01
-6.744303511597629086e-01
-6.744451906921662410e-01
-6.744596039645256447e-01
-6.744735979512284096e-01
-6.744871796155970101e-01
-6.745003559891544764e-01
-6.745131342291100784e-01
-6.745255216484078442e-01
-6.745375257185914908e-01
-6.745491540502059902e-01
-6.745604143581181988e-01
-6.745713144199276812e-01
-6.745818620349018913e-01
-6.745920649890672083e-01
-6.746019310297750593e-01
-6.746114678507296736e-01
-6.746206830865391080e-01
-6.746295843145098114e-01
-6.746381790607615114e-01
-6.746464748077443119e-01
-6.746544790007081849e-01
-6.746621990514628520e-01
-6.746696423386155939e-01
-6.746768162042964256e-01
-6.746837279479718230e-01
-6.746903848183313235e-01
-6.746967940043431256e-01
-6.747029626264857693e-01
-6.747088977289349421e-01
-6.747146062731631533e-01
-6.747200951331101537e-01
-6.747253710918054148e-01
-6.747304408391482378e-01
-6.747353109704478102e-01
-6.747399879853347437e-01
-6.747444782866983681e-01
-6.747487881794178577e-01
-6.747529238687660635e-01
-6.747568914584796129e-01
-6.747606969485618889e-01
-6.747643462329507846e-01
-6.747678450971958952e-01
-6.747711992162804817e-01
-6.747744141526914596e-01
-6.747774953548008048e-01
-6.747804481555871314e-01
-6.747832777716740171e-01
-6.747859893026465494e-01
-6.747885877305911384e-01
-6.747910779197986431e-01
-6.747934646165809625e-01
-6.747957524491651204e-01
-6.747979459276389758e-01
-6.748000494439434505e-01
-6.748020672719176050e-01
-6.748040035674079951e-01
-6.748058623684561885e-01
-6.748076475955866460e-01
-6.748093630521979636e-01
-6.748110124250679132e-01
-6.748125992849736132e-01
-6.748141270874195019e-01
-6.748155991734628989e-01
-6.748170187706281631e-01
-6.748183889938962343e-01
-6.748197128467573469e-01
-6.748209932223188101e-01
-6.748222329044614165e-01
-6.748234345690344860e-01
-6.748246007850929873e-01
-6.748257340161720741e-01
-6.748268366215933733e-01
-6.748279108578099095e-01
-6.748289588797830030e-01
-6.748299827423885899e-01
-6.748309844018522963e-01
-6.748319657172064945e-01
-6.748329284517696758e-01
-6.748338742746361474e-01
-6.748348047621782753e-01
-6.748357213995497261e-01
-6.748366255821953708e-01
-6.748375186173470874e-01
-6.748384017255222300e-01
-6.748392760420053316e-01
-6.748401426183183727e-01
-6.748410024236755067e-01
-6.748418563464165798e-01
-6.748427051954262179e-01
-6.748435497015198292e-01
-6.748443905188106218e-01
-6.748452282260447577e-01
-6.748460633279055321e-01
-6.748468962562851337e-01
-6.748477273715178804e-01
-6.748485569635750414e-01
-6.748493852532186921e-01
-6.748502123931128249e-01
-6.748510384688891639e-01
-6.748518635001657939e-01
-6.748526874415193832e-01
-6.748535101834043370e-01
-6.748543315530258768e-01
-6.748551513151564984e-01
-6.748559691729021370e-01
-6.748567847684141530e-01
