-6.748575905745842762e-01
-6.748583993192539543e-01
-6.748592042560443982e-01
-6.748600047900870091e-01
-6.748608002681636409e-01
-6.748615899790767481e-01
-6.748623731539611370e-01
-6.748631489665379846e-01
-6.748639165333123469e-01
-6.748646749137141576e-01
-6.748654231101767209e-01
-6.748661600681647998e-01
-6.748668846761393114e-01
-6.748675957654719504e-01
-6.748682921103029697e-01
-6.748689724273420065e-01
-6.748696353756173938e-01
-6.748702795561744017e-01
-6.748709035117197441e-01
-6.748715057262183459e-01
-6.748720846244430360e-01
-6.748726385714773901e-01
-6.748731658721746074e-01
-6.748736647705733116e-01
-6.748741334492742716e-01
-6.748745700287763771e-01
-6.748749725667750887e-01
-6.748753390574270261e-01
-6.748756674305799175e-01
-6.748759555509712404e-01
-6.748762012173956659e-01
-6.748764021618492981e-01
-6.748765560486474913e-01
-6.748766604735240149e-01
-6.748767129627132322e-01
-6.748767109720240631e-01
-6.748766518859021790e-01
-6.748765330164900877e-01
-6.748763516026862197e-01
-6.748761048092090098e-01
-6.748757897256614235e-01
-6.748754033656013673e-01
-6.748749426656179828e-01
-6.748744044844122714e-01
-6.748737856018888204e-01
-6.748730827182520819e-01
-6.748722924531206369e-01
-6.748714113446628859e-01
-6.748704358487626065e-01
-6.748693623382265860e-01
-6.748681871020427714e-01
-6.748669063447053640e-01
-6.748655161856126350e-01
-6.748640126585434551e-01
-6.748623917112102077e-01
-6.748606492048878636e-01
-6.748587809141002314e-01
-6.748567825263545039e-01
-6.748546496419023377e-01
-6.748523777735209173e-01
-6.748499623463006802e-01
-6.748473986974542482e-01
-6.748446820761639930e-01
-6.748418076435059865e-01
-6.748387704725060665e-01
-6.748355655483818660e-01
-6.748321877690299786e-01
-6.748286319458007831e-01
-6.748248928045772477e-01
-6.748209649871402815e-01
-6.748168430527529127e-01
-6.748125214798628146e-01
-6.748079946677854046e-01
-6.748032569382198531e-01
-6.747983025364752141e-01
-6.747931256323259630e-01
-6.747877203205085994e-01
-6.747820806209804401e-01
-6.747762004791740820e-01
-6.747700737665908166e-01
-6.747636942821338968e-01
-6.747570557545815584e-01
-6.747501518465058856e-01
-6.747429761597574238e-01
-6.747355222423722099e-01
-6.747277835964348158e-01
-6.747197536861236911e-01
-6.747114259449221718e-01
-6.747027937808817155e-01
-6.746938505789440432e-01
-6.746845896996970238e-01
-6.746750044745549735e-01
-6.746650881981618442e-01
-6.746548341196976217e-01
-6.746442354355560722e-01
-6.746332852863509144e-01
-6.746219767612192664e-01
-6.746103029117409555e-01
-6.745982567764648996e-01
-6.745858314150642299e-01
-6.745730199487973699e-01
-6.745598156015942815e-01
-6.745462117342576613e-01
-6.745322018634912764e-01
-6.745177796582667584e-01
-6.745029389086965033e-01
-6.744876734670964824e-01
-6.744719771669093200e-01
-6.744558437317200728e-01
-6.744392666925234092e-01
-6.744222393351970712e-01
-6.744047547003131360e-01
-6.743868056528485866e-01
-6.743683850295612014e-01
-6.743494858573132467e-01
-6.743301016181689755e-01
-6.743102265195388689e-01
-6.742898557137879667e-01
-6.742689854057325460e-01
-6.742476127919788675e-01
-6.742257357955212527e-01
-6.742033525923647463e-01
-6.741804609712175322e-01
-6.741570576162037032e-01
-6.741331374468396698e-01
-6.741086931781444802e-01
-6.740837152656719011e-01
-6.740581923668711450e-01
-6.740321123779274837e-01
-6.740054639979761175e-01
-6.739782386429469252e-01
-6.739504324006825309e-01
-6.739220476155978190e-01
-6.738930936458162879e-01
-6.738635863762103551e-01
-6.738335462144379173e-01
-6.738029945442453039e-01
-6.737719489387496985e-01
-6.737404177993293608e-01
-6.737083954145252074e-01
-6.736758586457449738e-01
-6.736427664606106092e-01
-6.736090632866653660e-01
-6.735746866218444984e-01
-6.735395785424730386e-01
-6.735036997890058164e-01
-6.734670441435970378e-01
-6.734296500511766093e-01
-6.733916061058715652e-01
-6.733530473316843290e-01
-6.733141402578862733e-01
-6.732750566251596291e-01
-6.732359379903846142e-01
-6.731968561767892600e-01
-6.731577769318541904e-01
-6.731185356995679214e-01
-6.730788344828095848e-01
-6.730382669006101937e-01
-6.729963745508816819e-01
-6.729527318973949068e-01
-6.729070498195595107e-01
-6.728592808803646186e-01
-6.728097038294656995e-01
-6.727589625468498591e-01
-6.727080370368420104e-01
-6.726581321131890334e-01
-6.726104830301538051e-01
-6.725660952324700181e-01
-6.725254550074392101e-01
-6.724882653499223428e-01
-6.724532723297286241e-01
-6.724182472932843657e-01
-6.723801760104224368e-01
-6.723356761727529163e-01
-6.722816212524276303e-01
-6.722158969611367052e-01
-6.721381651764720688e-01
-6.720504705788237221e-01
-6.719575096136779502e-01
-6.718664004909440379e-01
-6.717858531355130891e-01
-6.717247385943340143e-01
-6.716901885539061645e-01
-6.716854977948025773e-01
-6.717082277804170554e-01
-6.717489856977160168e-01
-6.717913488078844919e-01
-6.718132958139758637e-01
-6.717902875429399012e-01
-6.716998226719490539e-01
-6.715269197158819647e-01
-6.712696077140576367e-01
-6.709432272590463153e-01
-6.705822396549713238e-01
-6.702383931209903167e-01
-6.699745466187784215e-01
-6.698541955696115657e-01
-6.699277013426061522e-01
-6.702172475408045837e-01
-6.707034230400477082e-01
-6.713168322229657869e-01
-6.719380452973614526e-01
-6.724083825281936821e-01
-6.725524407446596964e-01
-6.722110211140465141e-01
-6.712804622190728931e-01
-6.697517450533568839e-01
-6.677406949254076629e-01
-6.654998391710310601e-01
-6.634036403998279097e-01
-6.619023198260836072e-01
-6.614452220100862645e-01
-6.623818807653767404e-01
-6.648562120852841151e-01
-6.687148425815181429e-01
-6.734529234898773975e-01
-6.782189660506631190e-01
-6.818941223895518267e-01
-6.832512581389537099e-01
-6.811854396494679831e-01
-6.749903070598417543e-01
-6.646351940748856935e-01
-6.509792268952114824e-01
-6.358482300254955089e-01
-6.219079516821994780e-01
-6.123003990024482590e-01
-6.100670318256449232e-01
-6.174479199397713280e-01
-6.351953110076580256e-01
-6.620521979296173365e-01
-6.945171670505394523e-01
-7.269646672030367629e-01
-7.521481443202401307e-01
-7.621068395486142455e-01
-7.495104451966345671e-01
-7.094382463352030266e-01
-6.414065500692748278e-01
-5.511132894607428945e-01
-4.510380548246678001e-01
-3.590669670133525559e-01
-2.949427511754753595e-01
-2.753514058268408116e-01
-3.092253071322008107e-01
-3.948770029674069648e-01
-5.198847574303132602e-01
-6.635460147451246460e-01
-8.006271563471505370e-01
-9.047092282715940570e-01
-9.502530838309549699e-01
-9.143230360168067561e-01
-7.802598729145476808e-01
-5.446347349348253930e-01
-2.249968970547540914e-01
1.380580262521716728e-01
4.896497329160482970e-01
7.769612036007151890e-01
9.624521807764493397e-01
1.026739619490028455e+00
9.642847626313434395e-01
7.804578234510143320e-01
4.944017074481416030e-01
1.433875858435555706e-01
-2.199142411584615320e-01
-5.405277201269232945e-01
-7.775582614951681570e-01
-9.131127456848323609e-01
-9.503649533032221264e-01
-9.058382866567332714e-01
-8.024114734102704150e-01
-6.656019433175394129e-01
-5.218315770527273134e-01
-3.963771315987518751e-01
-3.100388849792640178e-01
-2.753833321014124147e-01
-2.942588004303480775e-01
-3.578686967689168608e-01
-4.496032322627923072e-01
-5.497220465055039362e-01
-6.402782246801850263e-01
-7.086969718846972688e-01
-7.491829183149374405e-01
-7.621428809053023556e-01
-7.524503936318006625e-01
-7.274170633213123960e-01
-6.950074967612374088e-01
-6.624878979229897880e-01
-6.355130406386598763e-01
-6.176173583160931013e-01
-6.100892366511223575e-01
-6.122014770001820150e-01
-6.217295540644852681e-01
-6.356370021159905015e-01
-6.507774118849122269e-01
-6.644740420237184031e-01
-6.748870080754151290e-01
-6.811433588291173624e-01
-6.832626003196660136e-01
-6.819439042269062057e-01
-6.782892510184325152e-01
-6.735265335733860992e-01
-6.687780672287887418e-01
-6.649003161541359175e-01
-6.624034424448649316e-01
-6.614455034532753519e-01
-6.618859838487238800e-01
-6.633771711308665830e-01
-6.654700030250648712e-01
-6.677133017892401545e-01
-6.697308603226810320e-01
-6.712681055893197080e-01
-6.722072920328668877e-01
-6.725559481482333846e-01
-6.724168318232197628e-01
-6.719488434477830507e-01
-6.713276021811893646e-01
-6.707123603563533987e-01
-6.702232948661142053e-01
-6.699305533198605112e-01
-6.698541727326913220e-01
-6.699723905288624826e-01
-6.702350365705607160e-01
-6.705785977079904425e-01
-6.709400406775563042e-01
-6.712673538077074120e-01
-6.715257902946475399e-01
-6.716997570652607497e-01
-6.717910418203204559e-01
-6.718145274669634626e-01
-6.717926983815363240e-01
-6.717501418131831548e-01
-6.717089681410116642e-01
-6.716857047498013822e-01
-6.716898425992501309e-01
-6.717238962552752879e-01
-6.717846168775161164e-01
-6.718648878719473139e-01
-6.719558272870429505e-01
-6.720486965442100669e-01
-6.721363403937145042e-01
-6.722140255134624320e-01
-6.722796769293243324e-01
-6.723336127265275852e-01
-6.723779383641643737e-01
-6.724157814811126954e-01
-6.724505327252959797e-01
-6.724852185804258697e-01
-6.725220806907348248e-01
-6.725623842063962465e-01
-6.726064340221965532e-01
-6.726537478378098456e-01
-6.727033205600054799e-01
-6.727539144960653639e-01
-6.728043207287766059e-01
-6.728535546167735415e-01
-6.729009680432415097e-01
-6.729462790421794072e-01
-6.729895331322376384e-01
-6.730310187886976436e-01
-6.730711619326351647e-01
-6.731104220219455980e-01
-6.731492067846379657e-01
-6.731878155297660316e-01
-6.732264138615454696e-01
-6.732650367006312031e-01
-6.733036124979475678e-01
-6.733419996394843787e-01
-6.733800261028357603e-01
-6.734175249715462774e-01
-6.734543608356414746e-01
-6.734904447949151551e-01
-6.735257382230125378e-01
-6.735602472938598817e-01
-6.735940113488103620e-01
-6.736270884922838098e-01
-6.736595414736855636e-01
-6.736914261490847267e-01
-6.737227838472563679e-01
-6.737536380013392501e-01
-6.737839946094215104e-01
-6.738138455495504830e-01
-6.738431735258861854e-01
-6.738719574368008391e-01
-6.739001771686218278e-01
-6.739278171481810631e-01
-6.739548683509402061e-01
-6.739813287904237171e-01
-6.740072027621762940e-01
-6.740324992592530151e-01
-6.740572300166800535e-01
-6.740814075968916130e-01
-6.741050438246400933e-01
-6.741281487491712632e-01
-6.741507301817768472e-01
-6.741727937495735068e-01
-6.741943433341520686e-01
-6.742153817303768726e-01
-6.742359113625627787e-01
-6.742559349238802513e-01
-6.742754558490968719e-01
-6.742944785796202156e-01
-6.743130086240323173e-01
-6.743310524506160863e-01
-6.743486172677927160e-01
-6.743657107539376971e-01
-6.743823407920572777e-01
-6.743985152509907044e-01
-6.744142418373108017e-01
-6.744295280246607183e-01
-6.744443810528246708e-01
-6.744588079790521107e-01
-6.744728157595775153e-01
-6.744864113394486438e-01
-6.744996017325434190e-01
-6.745123940795523243e-01
-6.745247956782519649e-01
-6.745368139863500145e-01
-6.745484566016927142e-01
-6.745597312272891832e-01
-6.745706456294040532e-01
-6.745812075962150933e-01
-6.745914249027016307e-01
-6.746013052850988734e-01
-6.746108564259095663e-01
-6.746200859485087520e-01
-6.746290014190351458e-01
-6.746376103526238177e-01
-6.746459202210346451e-01
-6.746539384592129540e-01
-6.746616724691040234e-01
-6.746691296199185395e-01
-6.746763172448515533e-01
-6.746832426348726708e-01
-6.746899130305760162e-01
-6.746963356131958633e-01
-6.747025174958083404e-01
-6.747084657154948095e-01
-6.747141872269273311e-01
-6.747196888975389717e-01
-6.747249775041490594e-01
-6.747300597307535064e-01
-6.747349421670769676e-01
-6.747396313074917051e-01
-6.747441335499605453e-01
-6.747484551947677822e-01
-6.747526024429217895e-01
-6.747565813942176804e-01
-6.747603980450334049e-01
-6.747640582859878444e-01
-6.747675678996095661e-01
-6.747709325581473516e-01
-6.747741578216356340e-01
-6.747772491362699077e-01
-6.747802118331206467e-01
-6.747830511271669662e-01
-6.747857721166069522e-01
-6.747883797823911456e-01
-6.747908789879204505e-01
-6.747932744788555093e-01
-6.747955708830023491e-01
-6.747977727102506540e-01
-6.747998843525571111e-01
-6.748019100839847129e-01
-6.748038540608018998e-01
-6.748057203216625277e-01
-6.748075127878861990e-01
-6.748092352638411784e-01
-6.748108914374411071e-01
-6.748124848807590670e-01
-6.748140190507447844e-01
-6.748154972900443083e-01
-6.748169228279046195e-01
-6.748182987811535138e-01
-6.748196281552454323e-01
-6.748209138453613587e-01
-6.748221586375550141e-01
-6.748233652099430158e-01
-6.748245361339318960e-01
-6.748256738754836448e-01
-6.748267807964182241e-01
-6.748278591557471673e-01
-6.748289111110440386e-01
-6.748299387198443133e-01
-6.748309439410720145e-01
-6.748319286364904412e-01
-6.748328945721736583e-01
-6.748338434199889768e-01
-6.748347767590916479e-01
-6.748356960774232194e-01
-6.748366027732106698e-01
-6.748374981564615460e-01
-6.748383834504513290e-01
-6.748392597932021397e-01
-6.748401282389471234e-01
-6.748409897595775142e-01
-6.748418452460736017e-01
-6.748426955099138258e-01
-6.748435412844600023e-01
-6.748443832263177899e-01
-6.748452219166662935e-01
-6.748460578625594675e-01
-6.748468914981929911e-01
-6.748477231861311765e-01
-6.748485532185009017e-01
-6.748493818181396930e-01
-6.748502091397040603e-01
-6.748510352707328686e-01
-6.748518602326619709e-01
-6.748526839817933221e-01
-6.748535064102133552e-01
-6.748543273466610648e-01
-6.748551465573446873e-01
-6.748559637467052008e-01
-6.748567785581256473e-01
