-6.748571857355131209e-01
-6.748581143640121072e-01
-6.748590500206255172e-01
-6.748599920172119182e-01
-6.748609396214887424e-01
-6.748618920574352975e-01
-6.748628485056098469e-01
-6.748638081033837555e-01
-6.748647699450924797e-01
-6.748657330821031808e-01
-6.748666965228014014e-01
-6.748676592324935886e-01
-6.748686201332302348e-01
-6.748695781035469743e-01
-6.748705319781264089e-01
-6.748714805473829959e-01
-6.748724225569676660e-01
-6.748733567072000561e-01
-6.748742816524228028e-01
-6.748751960002846717e-01
-6.748760983109497458e-01
-6.748769870962409989e-01
-6.748778608187118166e-01
-6.748787178906557882e-01
-6.748795566730504403e-01
-6.748803754744395755e-01
-6.748811725497554370e-01
-6.748819460990843622e-01
-6.748826942663752604e-01
-6.748834151380973534e-01
-6.748841067418472894e-01
-6.748847670449101832e-01
-6.748853939527761359e-01
-6.748859853076173421e-01
-6.748865388867283377e-01
-6.748870524009359384e-01
-6.748875234929790912e-01
-6.748879497358638568e-01
-6.748883286311964103e-01
-6.748886576074961674e-01
-6.748889340184934804e-01
-6.748891551414130108e-01
-6.748893181752451120e-01
-6.748894202390097741e-01
-6.748894583700122407e-01
-6.748894295221014028e-01
-6.748893305639322993e-01
-6.748891582772399422e-01
-6.748889093551356799e-01
-6.748885804004318700e-01
-6.748881679240038567e-01
-6.748876683431992429e-01
-6.748870779802949027e-01
-6.748863930610089490e-01
-6.748856097130657705e-01
-6.748847239648121388e-01
-6.748837317438736161e-01
-6.748826288758572600e-01
-6.748814110830845259e-01
-6.748800739833601403e-01
-6.748786130887862722e-01
-6.748770238046301051e-01
-6.748753014282764529e-01
-6.748734411482889550e-01
-6.748714380436184879e-01
-6.748692870829926527e-01
-6.748669831245082129e-01
-6.748645209154485736e-01
-6.748618950923080950e-01
-6.748591001810015921e-01
-6.748561305972039515e-01
-6.748529806467491454e-01
-6.748496445260179222e-01
-6.748461163222480019e-01
-6.748423900137351383e-01
-6.748384594699267103e-01
-6.748343184514853377e-01
-6.748299606104412041e-01
-6.748253794906219349e-01
-6.748205685285704192e-01
-6.748155210551611827e-01
-6.748102302980706346e-01
-6.748046893851702421e-01
-6.747988913487656948e-01
-6.747928291304545745e-01
-6.747864955862118430e-01
-6.747798834912013266e-01
-6.747729855437540891e-01
-6.747657943680265280e-01
-6.747583025150151181e-01
-6.747505024619134817e-01
-6.747423866101770473e-01
-6.747339472830934382e-01
-6.747251767240489695e-01
-6.747160670969218899e-01
-6.747066104900859562e-01
-6.746967989252187214e-01
-6.746866243715183842e-01
-6.746760787650125657e-01
-6.746651540315192763e-01
-6.746538421106570427e-01
-6.746421349773252807e-01
-6.746300246565870573e-01
-6.746175032280972150e-01
-6.746045628173380493e-01
-6.745911955729720910e-01
-6.745773936324592768e-01
-6.745631490813115416e-01
-6.745484539144196434e-01
-6.745333000100456333e-01
-6.745176791275775408e-01
-6.745015829383860240e-01
-6.744850030948034147e-01
-6.744679313355438355e-01
-6.744503596175412952e-01
-6.744322802555701157e-01
-6.744136860438737502e-01
-6.743945703304070616e-01
-6.743749270159141718e-01
-6.743547504581556273e-01
-6.743340352761890699e-01
-6.743127760694600514e-01
-6.742909670888236340e-01
-6.742686019174296552e-01
-6.742456732339109360e-01
-6.742221727336442649e-01
-6.741980912723090080e-01
-6.741734192677445447e-01
-6.741481473524658652e-01
-6.741222672147939576e-01
-6.740957725095485520e-01
-6.740686596705575129e-01
-6.740409284291444258e-01
-6.740125818468487573e-01
-6.739836257153835053e-01
-6.739540672648981490e-01
-6.739239132477992111e-01
-6.738931676151457273e-01
-6.738618291523368331e-01
-6.738298895595403737e-01
-6.737973325159596349e-01
-6.737641342243244624e-01
-6.737302657718101662e-01
-6.736956973628042133e-01
-6.736604040990438191e-01
-6.736243725531786408e-01
-6.735876069791294496e-01
-6.735501337220237694e-01
-6.735120023317562321e-01
-6.734732821307356510e-01
-6.734340535814080653e-01
-6.733943947227460924e-01
-6.733543640977922573e-01
-6.733139827945620048e-01
-6.732732192199786247e-01
-6.732319807373872145e-01
-6.731901160592628219e-01
-6.731474311207058525e-01
-6.731037190417469285e-01
-6.730588018977579079e-01
-6.730125787639780199e-01
-6.729650714911883380e-01
-6.729164576393469321e-01
-6.728670796773102980e-01
-6.728174215170342753e-01
-6.727680479191683327e-01
-6.727195090287482193e-01
-6.726722204563666541e-01
-6.726263375529301092e-01
-6.725816490832718930e-01
-6.725375185126328814e-01
-6.724928989557124037e-01
-6.724464395361181568e-01
-6.723966865386606928e-01
-6.723423636778129708e-01
-6.722826947716687984e-01
-6.722177129587921796e-01
-6.721484878229270210e-01
-6.720771997811597620e-01
-6.720070031890513773e-01
-6.719416471721212369e-01
-6.718848647629603876e-01
-6.718395918206271356e-01
-6.718071295895363670e-01
-6.717864083535604047e-01
-6.717735331792074049e-01
-6.717617858980239332e-01
-6.717422131812373909e-01
-6.717048472525863900e-01
-6.716404892439146179e-01
-6.715428494587829533e-01
-6.714107058003474515e-01
-6.712496391738067558e-01
-6.710728627633549825e-01
-6.709007073920407738e-01
-6.707584745203144516e-01
-6.706726220921458426e-01
-6.706655848221657612e-01
-6.707499040978758265e-01
-6.709226865395092609e-01
-6.711616441672721978e-01
-6.714240124570641788e-01
-6.716494305186808678e-01
-6.717673680828841754e-01
-6.717089124986618254e-01
-6.714217597307138297e-01
-6.708862240653066245e-01
-6.701291885502150825e-01
-6.692323994568744050e-01
-6.683316038610753740e-01
-6.676039254278680612e-01
-6.672426286988679678e-01
-6.674209041343625026e-01
-6.682491619436063957e-01
-6.697330118346859207e-01
-6.717409992319688383e-01
-6.739916864745779668e-01
-6.760684038035682519e-01
-6.774667809881091962e-01
-6.776750753460117904e-01
-6.762806364333063813e-01
-6.730882026973908916e-01
-6.682282344283927422e-01
-6.622280007340037855e-01
-6.560171686073476005e-01
-6.508456996916336390e-01
-6.481061538363418473e-01
-6.490735360371115981e-01
-6.545989169120128848e-01
-6.648115690387542687e-01
-6.788925455292829092e-01
-6.949786295269702041e-01
-7.102425116063342259e-01
-7.211785798988784579e-01
-7.241065212133356299e-01
-7.158810857888416868e-01
-6.947512881520921946e-01
-6.612340796555383760e-01
-6.187682906163853858e-01
-5.738469142860948002e-01
-5.353675647032281049e-01
-5.131384287873143046e-01
-5.157812416490363816e-01
-5.485385424982675007e-01
-6.115633367714992108e-01
-6.990818920312361628e-01
-7.994518784616484464e-01
-8.957992766354807568e-01
-9.669026855615835414e-01
-9.885212175975007787e-01
-9.362695394958772122e-01
-7.915960010105070888e-01
-5.510705928740486925e-01
-2.354875565710935204e-01
1.082121958366210057e-01
4.171101449174713927e-01
6.307542486088710820e-01
7.075139467775356517e-01
6.327495171716696065e-01
4.207162782846110560e-01
1.127184012941101626e-01
-2.309508645179617625e-01
-5.472748894366975536e-01
-7.890031326079574026e-01
-9.349789819651288525e-01
-9.883606396187399890e-01
-9.675644438950958826e-01
-8.969463815468754486e-01
-8.007753508308909085e-01
-7.003263539078211641e-01
-6.125406402606210499e-01
-5.491376582435534282e-01
-5.159723643262155157e-01
-5.129663855740038692e-01
-5.349327879317437029e-01
-5.732774419111644759e-01
-6.181899936436208165e-01
-6.607467602784682370e-01
-6.944155376124606649e-01
-7.157165685336016603e-01
-7.240988923624588347e-01
-7.212908395408367257e-01
-7.104270772345171459e-01
-6.951877484663300244e-01
-6.790859424742574646e-01
-6.649610448019437348e-01
-6.546900473142487353e-01
-6.491048729865517286e-01
-6.480865375766775571e-01
-6.507904589788056082e-01
-6.559440524392755600e-01
-6.621536009522878130e-01
-6.681654313407741075e-01
-6.730448616073890777e-01
-6.762594902796160712e-01
-6.776745185257413429e-01
-6.774822016211036191e-01
-6.760936856266113182e-01
-6.740205835304342585e-01
-6.717681891800405536e-01
-6.697547381757400498e-01
-6.682634643943100583e-01
-6.674275016509121361e-01
-6.672425587487547105e-01
-6.675990569963813348e-01
-6.683241339040808526e-01
-6.692244188433023044e-01
-6.701223712152168943e-01
-6.708816595297980578e-01
-6.714199204754371930e-01
-6.717097277416756995e-01
-6.717703655215175873e-01
-6.716539065903340822e-01
-6.714291973162574978e-01
-6.711668370632207781e-01
-6.709273480129160916e-01
-6.707537013960545025e-01
-6.706683948741273271e-01
-6.706745016765912615e-01
-6.707596098291608300e-01
-6.709013553614864289e-01
-6.710732948788337149e-01
-6.712500956298603771e-01
-6.714113645830055432e-01
-6.715438116964624893e-01
-6.716417794754939719e-01
-6.717064253496186632e-01
-6.717439936311316862e-01
-6.717636599626451988e-01
-6.717753899421993191e-01
-6.717881516508201756e-01
-6.718086890475052364e-01
-6.718409274825124511e-01
-6.718859658758881137e-01
-6.719425265058917018e-01
-6.720076886920717252e-01
-6.720777254490952757e-01
-6.721488854146921987e-01
-6.722180057365768624e-01
-6.722828938796089338e-01
-6.723424672183203610e-01
-6.723966809468527872e-01
-6.724463025497084967e-01
-6.724926033519775803e-01
-6.725370358233038193e-01
-6.725809526640010860e-01
-6.726254046231766592e-01
-6.726710329822018775e-01
-6.727180535470137501e-01
-6.727663145632504227e-01
-6.728154025869146349e-01
-6.728647681014471305e-01
-6.729138456187984119e-01
-6.729621495205947435e-01
-6.730093351150472358e-01
-6.730552225510689768e-01
-6.730997879778637394e-01
-6.731431308395217084e-01
-6.731854281872763357e-01
-6.732268866002649732e-01
-6.732677002929084997e-01
-6.733080209850725861e-01
-6.733479418557332119e-01
-6.733874950033763573e-01
-6.734266597066266291e-01
-6.734653776000443237e-01
-6.735035706305467773e-01
-6.735411581636026046e-01
-6.735780706022919118e-01
-6.736142580825409398e-01
-6.736496939632335978e-01
-6.736843737573963153e-01
-6.737183107499516987e-01
-6.737515297978526885e-01
-6.737840607524768766e-01
-6.738159326652359837e-01
-6.738471695351868629e-01
-6.738777879275874572e-01
-6.739077964114578156e-01
-6.739371964821807559e-01
-6.739659844737007077e-01
-6.739941539210658750e-01
-6.740216978868908138e-01
-6.740486108835649359e-01
-6.740748901725680531e-01
-6.741005363721429555e-01
-6.741255534310506281e-01
-6.741499481146328021e-01
-6.741737291945953947e-01
-6.741969065384338933e-01
-6.742194902666420742e-01
-6.742414900973457970e-01
-6.742629149410589440e-01
-6.742837727538036896e-01
-6.743040706130445372e-01
-6.743238149525028202e-01
-6.743430118801320150e-01
-6.743616675067424238e-01
-6.743797882271126420e-01
-6.743973809162023825e-01
-6.744144530254255754e-01
-6.744310125838574033e-01
-6.744470681239159715e-01
-6.744626285592237869e-01
-6.744777030440759491e-01
-6.744923008403530540e-01
-6.745064312106352489e-01
-6.745201033476502239e-01
-6.745333263418453740e-01
-6.745461091821307598e-01
-6.745584607804934185e-01
-6.745703900093934502e-01
-6.745819057413249276e-01
-6.745930168820722939e-01
-6.746037323922455808e-01
-6.746140612949088622e-01
-6.746240126699660777e-01
-6.746335956380257182e-01
-6.746428193375965110e-01
-6.746516928996904028e-01
-6.746602254234257412e-01
-6.746684259552507834e-01
-6.746763034732466968e-01
-6.746838668768370129e-01
-6.746911249813226652e-01
-6.746980865160391305e-01
-6.747047601246737303e-01
-6.747111543662958066e-01
-6.747172777159148316e-01
-6.747231385637683099e-01
-6.747287452129611118e-01
-6.747341058754774412e-01
-6.747392286668799644e-01
-6.747441216001943687e-01
-6.747487925795279118e-01
-6.747532493939394360e-01
-6.747574997119469842e-01
-6.747615510769102709e-01
-6.747654109033642822e-01
-6.747690864742443839e-01
-6.747725849388425123e-01
-6.747759133112931629e-01
-6.747790784693720179e-01
-6.747820871534276899e-01
-6.747849459653197934e-01
-6.747876613672961765e-01
-6.747902396807953229e-01
-6.747926870852191117e-01
-6.747950096167276701e-01
-6.747972131671489127e-01
-6.747993034830542802e-01
-6.748012861650654060e-01
-6.748031666674189077e-01
-6.748049502977977454e-01
-6.748066422174173740e-01
-6.748082474413387155e-01
-6.748097708389780847e-01
-6.748112171347746546e-01
-6.748125909089895957e-01
-6.748138965986075766e-01
-6.748151384983329670e-01
-6.748163207616669768e-01
-6.748174474020655067e-01
-6.748185222941862627e-01
-6.748195491752249087e-01
-6.748205316463502523e-01
-6.748214731742341321e-01
-6.748223770926842224e-01
-6.748232466043675437e-01
-6.748240847826257882e-01
-6.748248945733709148e-01
-6.748256787970514647e-01
-6.748264401506808285e-01
-6.748271812099195799e-01
-6.748279044311998875e-01
-6.748286121538916715e-01
-6.748293066024978470e-01
-6.748299898888783233e-01
-6.748306640144987600e-01
-6.748313308726986426e-01
-6.748319922509740110e-01
-6.748326498332775092e-01
-6.748333052023249845e-01
-6.748339598419077490e-01
-6.748346151392033976e-01
-6.748352723870841841e-01
-6.748359327864170698e-01
-6.748365974483463425e-01
-6.748372673965589152e-01
-6.748379435695264217e-01
-6.748386268227205553e-01
-6.748393179307974332e-01
-6.748400175897441011e-01
-6.748407264189902888e-01
-6.748414449634764223e-01
-6.748421736956786710e-01
-6.748429130175843671e-01
-6.748436632626196863e-01
-6.748444246975209282e-01
-6.748451975241541723e-01
-6.748459818812719835e-01
-6.748467778462104993e-01
-6.748475854365235671e-01
-6.748484046115492685e-01
-6.748492352739084987e-01
-6.748500772709337125e-01
-6.748509303960273931e-01
-6.748517943899440263e-01
-6.748526689419979130e-01
-6.748535536911953736e-01
-6.748544482272871292e-01
-6.748553520917429660e-01
-6.748562647786476854e-01
