-6.748572264613428295e-01
-6.748581514565619166e-01
-6.748590832198021472e-01
-6.748600210656645615e-01
-6.748609642641429929e-01
-6.748619120410260797e-01
-6.748628635782143448e-01
-6.748638180139554521e-01
-6.748647744429969730e-01
-6.748657319166561086e-01
-6.748666894428089202e-01
-6.748676459857968490e-01
-6.748686004662554083e-01
-6.748695517608587213e-01
-6.748704987019897850e-01
-6.748714400773305755e-01
-6.748723746293734393e-01
-6.748733010548602085e-01
-6.748742180041458205e-01
-6.748751240804911067e-01
-6.748760178392828601e-01
-6.748768977871854036e-01
-6.748777623812260984e-01
-6.748786100278153510e-01
-6.748794390817028921e-01
-6.748802478448736597e-01
-6.748810345653831755e-01
-6.748817974361375205e-01
-6.748825345936179110e-01
-6.748832441165526497e-01
-6.748839240245420035e-01
-6.748845722766340094e-01
-6.748851867698594242e-01
-6.748857653377277055e-01
-6.748863057486863548e-01
-6.748868057045482871e-01
-6.748872628388926653e-01
-6.748876747154397560e-01
-6.748880388264042463e-01
-6.748883525908316861e-01
-6.748886133529171660e-01
-6.748888183803122276e-01
-6.748889648624196713e-01
-6.748890499086794836e-01
-6.748890705468515439e-01
-6.748890237212992194e-01
-6.748889062912749592e-01
-6.748887150292213200e-01
-6.748884466190944176e-01
-6.748880976547120270e-01
-6.748876646381476441e-01
-6.748871439781626291e-01
-6.748865319886947489e-01
-6.748858248873994548e-01
-6.748850187942450063e-01
-6.748841097301574443e-01
-6.748830936157094174e-01
-6.748819662698509747e-01
-6.748807234086722229e-01
-6.748793606442036186e-01
-6.748778734832560078e-01
-6.748762573263220599e-01
-6.748745074665580823e-01
-6.748726190888785226e-01
-6.748705872692001284e-01
-6.748684069738660751e-01
-6.748660730592767054e-01
-6.748635802717385390e-01
-6.748609232475193398e-01
-6.748580965130859255e-01
-6.748550944854625477e-01
-6.748519114726551082e-01
-6.748485416740608311e-01
-6.748449791808105447e-01
-6.748412179760053808e-01
-6.748372519348571075e-01
-6.748330748248037025e-01
-6.748286803057105265e-01
-6.748240619303379484e-01
-6.748192131452814824e-01
-6.748141272925846090e-01
-6.748087976121907028e-01
-6.748032172453100053e-01
-6.747973792386430247e-01
-6.747912765492515286e-01
-6.747849020497023176e-01
-6.747782485329789637e-01
-6.747713087165922996e-01
-6.747640752453623048e-01
-6.747565406925135623e-01
-6.747486975590246683e-01
-6.747405382715774280e-01
-6.747320551799200761e-01
-6.747232405548773126e-01
-6.747140865885339345e-01
-6.747045853981594732e-01
-6.746947290351559268e-01
-6.746845094996460901e-01
-6.746739187603275623e-01
-6.746629487780094747e-01
-6.746515915300155264e-01
-6.746398390316745708e-01
-6.746276833506937853e-01
-6.746151166105713859e-01
-6.746021309805136923e-01
-6.745887186515486800e-01
-6.745748718014532574e-01
-6.745605825542951850e-01
-6.745458429432273917e-01
-6.745306448869669014e-01
-6.745149801904658515e-01
-6.744988405781853213e-01
-6.744822177639422378e-01
-6.744651035548191453e-01
-6.744474899788871491e-01
-6.744293694187269983e-01
-6.744107347265164698e-01
-6.743915792934709330e-01
-6.743718970481075159e-01
-6.743516823651806158e-01
-6.743309298802481200e-01
-6.743096342227172801e-01
-6.742877897006901433e-01
-6.742653899906052573e-01
-6.742424278994104681e-01
-6.742188952723250361e-01
-6.741947831112069522e-01
-6.741700819446611037e-01
-6.741447824512347697e-01
-6.741188762845611304e-01
-6.740923569910196589e-01
-6.740652208568003179e-01
-6.740374674850760917e-01
-6.740090998987400273e-01
-6.739801240011504824e-01
-6.739505473123474921e-01
-6.739203770284487582e-01
-6.738896176136366378e-01
-6.738582683018807806e-01
-6.738263210241343115e-01
-6.737937593459044638e-01
-6.737605589620726532e-01
-6.737266901248092354e-01
-6.736921220724049197e-01
-6.736568291075953896e-01
-6.736207975026788919e-01
-6.735840319748598315e-01
-6.735465601874526254e-01
-6.735084336997947396e-01
-6.734697240952843833e-01
-6.734305136961458160e-01
-6.733908812847552161e-01
-6.733508844678969263e-01
-6.733105415328345389e-01
-6.732698165840552695e-01
-6.732286121324497774e-01
-6.731867728925863270e-01
-6.731441031943867781e-01
-6.731003981651489942e-01
-6.730554859228983222e-01
-6.730092748865680319e-01
-6.729617975635410199e-01
-6.729132405119316873e-01
-6.728639502394040406e-01
-6.728144070446410163e-01
-6.727651633461542158e-01
-6.727167495419743570e-01
-6.726695580750216008e-01
-6.726237238648823391e-01
-6.725790250256243885e-01
-6.725348301781696181e-01
-6.724901162951001377e-01
-6.724435730916472620e-01
-6.723937966114854614e-01
-6.723395570810628552e-01
-6.722801067221377824e-01
-6.722154754276834510e-01
-6.721466900411423584e-01
-6.720758504431124658e-01
-6.720060059530383878e-01
-6.719408002505536937e-01
-6.718838912322512291e-01
-6.718382001076065313e-01
-6.718050947154939889e-01
-6.717836560600948248e-01
-6.717702035489354628e-01
-6.717582528278948084e-01
-6.717390424537859062e-01
-6.717026888354273861e-01
-6.716399168301256939e-01
-6.715441784039601902e-01
-6.714138346649549671e-01
-6.712539651457315459e-01
-6.710773137032230995e-01
-6.709039120768302000e-01
-6.707590602964152993e-01
-6.706695916617980702e-01
-6.706586901964874947e-01
-6.707399158605346079e-01
-6.709114591079053946e-01
-6.711519073407735680e-01
-6.714188747308137417e-01
-6.716516519436257493e-01
-6.717785351327022481e-01
-6.717287058900531793e-01
-6.714475297908839568e-01
-6.709130627989376983e-01
-6.701506075520734518e-01
-6.692415949823031784e-01
-6.683231351934980635e-01
-6.675754830117208716e-01
-6.671964643490158053e-01
-6.673644751805095643e-01
-6.681946295361647081e-01
-6.696954326324526807e-01
-6.717353326973790617e-01
-6.740290549132362807e-01
-6.761523221503252801e-01
-6.775902506778865853e-01
-6.778194556561922823e-01
-6.764170302750394104e-01
-6.731817072536065982e-01
-6.682448262643321257e-01
-6.621431146317490191e-01
-6.558243235172266372e-01
-6.505630287136471290e-01
-6.477786384064795344e-01
-6.487692873778219127e-01
-6.543989724513122885e-01
-6.647941359350544310e-01
-6.791140330844315232e-01
-6.954547984338542710e-01
-7.109334793956924026e-01
-7.219813893724673637e-01
-7.248587431932149716e-01
-7.163784583205954348e-01
-6.947810516864860730e-01
-6.606223690169972240e-01
-6.174341643281466840e-01
-5.718488056483778115e-01
-5.329240180762894186e-01
-5.106082504271632905e-01
-5.135996652698959775e-01
-5.471213624814219578e-01
-6.112026437086180986e-01
-6.998587686586736911e-01
-8.011817229357748316e-01
-8.980098285852647910e-01
-9.688361290481074528e-01
-9.891639876198315973e-01
-9.344464166347742351e-01
-7.861864415413174489e-01
-5.413548061642295961e-01
-2.214828104438481826e-01
1.256898457455935536e-01
4.368010414473472713e-01
6.515002210977918207e-01
7.285425501525230052e-01
6.534945431727319232e-01
4.404124776250369355e-01
1.302160480673292264e-01
-2.169088347297932484e-01
-5.375104132610581953e-01
-7.835439427690483738e-01
-9.331147883115921138e-01
-9.889765718496220659e-01
-9.694871782109143465e-01
-8.991615089243361059e-01
-8.025221966153557318e-01
-7.011281519099102910e-01
-6.122071434245659471e-01
-5.477441106070110033e-01
-5.138060579145453666e-01
-5.104404420680767052e-01
-5.324824116834759868e-01
-5.712638201637567636e-01
-6.168356019882910157e-01
-6.601143720574925711e-01
-6.944279271361563088e-01
-7.162023001082126195e-01
-7.248461262321852505e-01
-7.220948583174312541e-01
-7.111239772401075632e-01
-6.956725331608182294e-01
-6.793165862813496103e-01
-6.649514623177633643e-01
-6.544953867604933473e-01
-6.488028048343846832e-01
-6.477582676863353761e-01
-6.505048162517457211e-01
-6.557470430055054589e-01
-6.620644255292990055e-01
-6.681784940464261524e-01
-6.731361548795707916e-01
-6.763951716576330764e-01
-6.778195274268216108e-01
-6.776072439193197017e-01
-6.761796124282333231e-01
-6.740599021038927718e-01
-6.717640318917270648e-01
-6.697180121497451344e-01
-6.682090920113162857e-01
-6.673706525924135713e-01
-6.671956036912828347e-01
-6.675696961304943278e-01
-6.683148376202068253e-01
-6.692330309230732910e-01
-6.701435201808733089e-01
-6.709085296212817795e-01
-6.714459495712440384e-01
-6.717299010972291873e-01
-6.717819234493949132e-01
-6.716564407824086036e-01
-6.714242408834326659e-01
-6.711571362715458289e-01
-6.709160316948387104e-01
-6.707435421092834416e-01
-6.706612981086940151e-01
-6.706712844671792739e-01
-6.707600568368753402e-01
-6.709044839425258866e-01
-6.710777297021169874e-01
-6.712544498140474714e-01
-6.714145436400630329e-01
-6.715451901947185886e-01
-6.716412381754274241e-01
-6.717042695355777138e-01
-6.717407951987548476e-01
-6.717600739238027696e-01
-6.717719913054182035e-01
-6.717853246991466465e-01
-6.718065827889090347e-01
-6.718394734110566535e-01
-6.718849409809858342e-01
-6.719416377869077417e-01
-6.720066554837079709e-01
-6.720763412817891691e-01
-6.721470496106042303e-01
-6.722157239205307500e-01
-6.722802539022635360e-01
-6.723396012967840507e-01
-6.723937257431106262e-01
-6.724433669111348211e-01
-6.724897495929844649e-01
-6.725342760117110075e-01
-6.725782575427182719e-01
-6.726227203281193168e-01
-6.726682999107839178e-01
-6.727152224327861418e-01
-6.727633565399289139e-01
-6.728123121524847150e-01
-6.728615598276418419e-01
-6.729105467695876142e-01
-6.729587912584035214e-01
-6.730059447310917653e-01
-6.730518183760967332e-01
-6.730963776157308232e-01
-6.731397124152939115e-01
-6.731819936325755815e-01
-6.732234257147164946e-01
-6.732642044084827804e-01
-6.733044854178970029e-01
-6.733443668107176316e-01
-6.733838850549598298e-01
-6.734230223053476738e-01
-6.734617211968838557e-01
-6.734999029738929499e-01
-6.735374851558826315e-01
-6.735743958756790217e-01
-6.736105832361528600e-01
-6.736460192503017641e-01
-6.736806989449450889e-01
-6.737146358927631473e-01
-6.737478557490399478e-01
-6.737803893406532074e-01
-6.738122665694687985e-01
-6.738435119591956735e-01
-6.738741422029431716e-01
-6.739041656479961562e-01
-6.739335833444685120e-01
-6.739623911116428001e-01
-6.739905820363408795e-01
-6.740181488859116055e-01
-6.740450860566197244e-01
-6.740713908460459480e-01
-6.740970640001746617e-01
-6.741221096166584159e-01
-6.741465345713181234e-01
-6.741703476724155708e-01
-6.741935587423498744e-01
-6.742161777904329689e-01
-6.742382143867996502e-01
-6.742596772891642498e-01
-6.742805743215413150e-01
-6.743009124641096141e-01
-6.743206980893583502e-01
-6.743399372714734552e-01
-6.743586361011327801e-01
-6.743768009525380469e-01
-6.743944386691560489e-01
-6.744115566551076579e-01
-6.744281628770653070e-01
-6.744442657946942976e-01
-6.744598742450818030e-01
-6.744749973083801198e-01
-6.744896441789328678e-01
-6.745038240599869894e-01
-6.745175460923322763e-01
-6.745308193194832214e-01
-6.745436526854998727e-01
-6.745560550570982583e-01
-6.745680352595470053e-01
-6.745796021159251588e-01
-6.745907644810608117e-01
-6.746015312643180994e-01
-6.746119114385673576e-01
-6.746219140356184418e-01
-6.746315481306229822e-01
-6.746408228192871670e-01
-6.746497471921006905e-01
-6.746583303093780515e-01
-6.746665811799430479e-01
-6.746745087450669587e-01
-6.746821218680472132e-01
-6.746894293288279165e-01
-6.746964398223820325e-01
-6.747031619592963603e-01
-6.747096042670303051e-01
-6.747157751906025513e-01
-6.747216830919028352e-01
-6.747273362472649971e-01
-6.747327428433659291e-01
-6.747379109718061319e-01
-6.747428486229007927e-01
-6.747475636792547027e-01
-6.747520639096267203e-01
-6.747563569634621450e-01
-6.747604503663121589e-01
-6.747643515161989569e-01
-6.747680676808492928e-01
-6.747716059956417878e-01
-6.747749734620630546e-01
-6.747781769464631374e-01
-6.747812231789461768e-01
-6.747841187522672923e-01
-6.747868701206751751e-01
-6.747894835986947282e-01
-6.747919653598769552e-01
-6.747943214355831554e-01
-6.747965577138677062e-01
-6.747986799385378154e-01
-6.748006937084315426e-01
-6.748026044769520615e-01
-6.748044175518640442e-01
-6.748061380953456201e-01
-6.748077711242674859e-01
-6.748093215106715226e-01
-6.748107939824060653e-01
-6.748121931238947324e-01
-6.748135233770095054e-01
-6.748147890420341799e-01
-6.748159942787099741e-01
-6.748171431073654025e-01
-6.748182394101285286e-01
-6.748192869322310328e-01
-6.748202892834097577e-01
-6.748212499394045105e-01
-6.748221722435560066e-01
-6.748230594085001810e-01
-6.748239145179515397e-01
-6.748247405285680012e-01
-6.748255402718845719e-01
-6.748263164563136352e-01
-6.748270716691950888e-01
-6.748278083788907811e-01
-6.748285289369215789e-01
-6.748292355801328579e-01
-6.748299304328870818e-01
-6.748306155092862468e-01
-6.748312927154102026e-01
-6.748319638515750674e-01
-6.748326306146033016e-01
-6.748332946001039945e-01
-6.748339573047603679e-01
-6.748346201286143931e-01
-6.748352843773520737e-01
-6.748359512645768499e-01
-6.748366219140700117e-01
-6.748372973620352377e-01
-6.748379785593147107e-01
-6.748386663735852498e-01
-6.748393615915204702e-01
-6.748400649209190805e-01
-6.748407769927947664e-01
-6.748414983634284381e-01
-6.748422295163724050e-01
-6.748429708644104741e-01
-6.748437227514684222e-01
-6.748444854544712879e-01
-6.748452591851448190e-01
-6.748460440917601888e-01
-6.748468402608170935e-01
-6.748476477186645672e-01
-6.748484664330560712e-01
-6.748492963146368595e-01
-6.748501372183636215e-01
-6.748509889448509602e-01
-6.748518512416467052e-01
-6.748527238044307319e-01
-6.748536062781395062e-01
-6.748544982580122475e-01
-6.748553992905608201e-01
-6.748563088744566896e-01
