-6.748574580795021483e-01
-6.748583593132851943e-01
-6.748592655157376052e-01
-6.748601760195411803e-01
-6.748610901097695791e-01
-6.748620070242833391e-01
-6.748629259540477321e-01
-6.748638460433727948e-01
-6.748647663900766425e-01
-6.748656860455702899e-01
-6.748666040148675327e-01
-6.748675192565157799e-01
-6.748684306824529466e-01
-6.748693371577891842e-01
-6.748702375005110055e-01
-6.748711304811148004e-01
-6.748720148221669657e-01
-6.748728891977940902e-01
-6.748737522331013095e-01
-6.748746025035244900e-01
-6.748754385341181328e-01
-6.748762587987754413e-01
-6.748770617193896593e-01
-6.748778456649534574e-01
-6.748786089505985908e-01
-6.748793498365786014e-01
-6.748800665271971200e-01
-6.748807571696799901e-01
-6.748814198529974329e-01
-6.748820526066362513e-01
-6.748826533993289578e-01
-6.748832201377400475e-01
-6.748837506651156337e-01
-6.748842427599029969e-01
-6.748846941343398242e-01
-6.748851024330153603e-01
-6.748854652314110192e-01
-6.748857800344135738e-01
-6.748860442748113586e-01
-6.748862553117638274e-01
-6.748864104292557897e-01
-6.748865068345367701e-01
-6.748865416565539288e-01
-6.748865119443846483e-01
-6.748864146656783358e-01
-6.748862467051183200e-01
-6.748860048629037323e-01
-6.748856858532588099e-01
-6.748852863029697335e-01
-6.748848027499405600e-01
-6.748842316417720255e-01
-6.748835693343551156e-01
-6.748828120904882821e-01
-6.748819560785247473e-01
-6.748809973710706567e-01
-6.748799319437525090e-01
-6.748787556740762916e-01
-6.748774643403967488e-01
-6.748760536209913452e-01
-6.748745190932368132e-01
-6.748728562328532021e-01
-6.748710604131810120e-01
-6.748691269044522212e-01
-6.748670508730376660e-01
-6.748648273806806541e-01
-6.748624513837682137e-01
-6.748599177327291310e-01
-6.748572211716796776e-01
-6.748543563384403754e-01
-6.748513177650102834e-01
-6.748480998785169049e-01
-6.748446970025586689e-01
-6.748411033587536911e-01
-6.748373130682115972e-01
-6.748333201526190983e-01
-6.748291185346748655e-01
-6.748247020377496908e-01
-6.748200643848771829e-01
-6.748151991974421504e-01
-6.748100999941980538e-01
-6.748047601913831350e-01
-6.747991731047172648e-01
-6.747933319538185204e-01
-6.747872298691434123e-01
-6.747808599009463837e-01
-6.747742150291189400e-01
-6.747672881722326377e-01
-6.747600721939119861e-01
-6.747525599048577183e-01
-6.747447440595888413e-01
-6.747366173481440521e-01
-6.747281723844184009e-01
-6.747194016941975292e-01
-6.747102977069093788e-01
-6.747008527552645907e-01
-6.746910590860869528e-01
-6.746809088836764889e-01
-6.746703943042636764e-01
-6.746595075170070954e-01
-6.746482407442795370e-01
-6.746365862924813550e-01
-6.746245365649561343e-01
-6.746120840511377059e-01
-6.745992212906460894e-01
-6.745859408169961879e-01
-6.745722350916670829e-01
-6.745580964440063276e-01
-6.745435170343299092e-01
-6.745284888555689307e-01
-6.745130037826102543e-01
-6.744970536688128515e-01
-6.744806304777735129e-01
-6.744637264277885125e-01
-6.744463341194181227e-01
-6.744284466155073821e-01
-6.744100574492717382e-01
-6.743911605493120298e-01
-6.743717500885134664e-01
-6.743518202829384967e-01
-6.743313651823277244e-01
-6.743103785011784757e-01
-6.742888535354564228e-01
-6.742667831942006362e-01
-6.742441601501241166e-01
-6.742209770842417793e-01
-6.741972269740291734e-01
-6.741729033602591459e-01
-6.741480005302031842e-01
-6.741225135760254839e-01
-6.740964383232768142e-01
-6.740697711665442071e-01
-6.740425088846719870e-01
-6.740146485231466311e-01
-6.739861874160586463e-01
-6.739571233717772669e-01
-6.739274549727848340e-01
-6.738971818594787777e-01
-6.738663048070582251e-01
-6.738348253930531717e-01
-6.738027451137810209e-01
-6.737700639488515275e-01
-6.737367785786202434e-01
-6.737028806888692989e-01
-6.736683559857679082e-01
-6.736331846164876902e-01
-6.735973435774584850e-01
-6.735608113529915064e-01
-6.735235744725667217e-01
-6.734856349821032317e-01
-6.734470171371018665e-01
-6.734077711391510679e-01
-6.733679716630814882e-01
-6.733277094349098268e-01
-6.732870752998498798e-01
-6.732461379940990476e-01
-6.732049189502392617e-01
-6.731633694913323751e-01
-6.731213571434702114e-01
-6.730786679352815938e-01
-6.730350299861814767e-01
-6.729901602178426367e-01
-6.729438308757099696e-01
-6.728959464374399957e-01
-6.728466156134614851e-01
-6.727961990535400449e-01
-6.727453126751925527e-01
-6.726947705324368698e-01
-6.726454604273881532e-01
-6.725981595085500642e-01
-6.725533140418613609e-01
-6.725108242199159259e-01
-6.724698871715329984e-01
-6.724289548653389348e-01
-6.723858546950146620e-01
-6.723380973341595013e-01
-6.722833599291834217e-01
-6.722200873166198631e-01
-6.721481076757038764e-01
-6.720691225424428872e-01
-6.719869161308706929e-01
-6.719071457167288264e-01
-6.718366294157468444e-01
-6.717821389502494078e-01
-6.717488228829253671e-01
-6.717385109014478717e-01
-6.717482550618605330e-01
-6.717695189019853297e-01
-6.717884019986025690e-01
-6.717871675682615118e-01
-6.717471225536668644e-01
-6.716526037481969080e-01
-6.714954942258072323e-01
-6.712793970469516092e-01
-6.710224059492854165e-01
-6.707574122576176467e-01
-6.705291307153110614e-01
-6.703875321036332213e-01
-6.703780990178228594e-01
-6.705301705829334047e-01
-6.708454516758876052e-01
-6.712893359635723201e-01
-6.717878339035437962e-01
-6.722324552698452083e-01
-6.724943056701063737e-01
-6.724469716141098230e-01
-6.719956798460022807e-01
-6.711080545377702267e-01
-6.698400140177137585e-01
-6.683494757254745400e-01
-6.668910846973036266e-01
-6.657874938588608238e-01
-6.653768114208679085e-01
-6.659412195986398331e-01
-6.676274891948498214e-01
-6.703748625467539357e-01
-6.738682419554562486e-01
-6.775338436641126227e-01
-6.805900706942425993e-01
-6.821584723973525000e-01
-6.814287832430336866e-01
-6.778589003861208440e-01
-6.713765631138283174e-01
-6.625370304620600281e-01
-6.525846825309564725e-01
-6.433719041259642335e-01
-6.371102392113884294e-01
-6.359659466240792369e-01
-6.415564957261832291e-01
-6.544420247574936900e-01
-6.737225118800124202e-01
-6.968418477869356975e-01
-7.196712134659516424e-01
-7.369120083818512246e-01
-7.428350032287831528e-01
-7.323493713724590348e-01
-7.023385911512285418e-01
-6.530705339856360814e-01
-5.892941295250719858e-01
-5.204796979119108435e-01
-4.597216936306572910e-01
-4.212109062683399019e-01
-4.167814101948792982e-01
-4.525212520374115588e-01
-5.265050791920149464e-01
-6.282963986270154733e-01
-7.401598571450797026e-01
-8.392893571676742770e-01
-9.002708910156983491e-01
-8.977243504561391862e-01
-8.101480296515762847e-01
-6.261152141933424842e-01
-3.518755034361677470e-01
-1.580641224437417947e-02
3.359949690873589856e-01
6.534885320685216437e-01
8.980313671035873302e-01
1.049055780715650865e+00
1.100027086064268467e+00
1.050108718862516666e+00
9.001156638560033896e-01
6.564819036596077906e-01
3.395919857458886693e-01
-1.208903610719703169e-02
-3.485740566782150607e-01
-6.236458920766816405e-01
-8.087016217621726399e-01
-8.972712378420231172e-01
-9.006328616772943940e-01
-8.402151499231619303e-01
-7.413754852677478802e-01
-6.295360846615672967e-01
-5.275380989164102363e-01
-4.531804044622966821e-01
-4.169867150412883139e-01
-4.209780253571019371e-01
-4.591491525035407695e-01
-5.197174676426560280e-01
-5.885034526130028532e-01
-6.523876083216496591e-01
-7.018517553417935595e-01
-7.320927984872623862e-01
-7.427956697570069489e-01
-7.370438504707834682e-01
-7.199109734817963346e-01
-6.971232557414388520e-01
-6.739873363251598359e-01
-6.546475134448712652e-01
-6.416790795729395702e-01
-6.360013077215697086e-01
-6.370702152960433517e-01
-6.432791692697977792e-01
-6.524664930845519573e-01
-6.624193738223755901e-01
-6.712797599310439400e-01
-6.777952052163516150e-01
-6.814019924842388276e-01
-6.821651407935412914e-01
-6.806217295411024493e-01
-6.775795895241294442e-01
-6.739171634114670129e-01
-6.704179309521014485e-01
-6.676587128555480088e-01
-6.659580232988849824e-01
-6.653797384663328041e-01
-6.657794233089742164e-01
-6.668762032971277121e-01
-6.683322404503106995e-01
-6.698242948347192804e-01
-6.710965739183414325e-01
-6.719897853146304945e-01
-6.724467078399183340e-01
-6.724987049047592702e-01
-6.722399434811228147e-01
-6.717966525133787226e-01
-6.712978993561103946e-01
-6.708525906479144707e-01
-6.705352439947848131e-01
-6.703809838814166477e-01
-6.703885221414744855e-01
-6.705287832720406849e-01
-6.707563837206710344e-01
-6.710213085906099328e-01
-6.712786984691307968e-01
-6.714954676262676614e-01
-6.716533257704128124e-01
-6.717485074105566945e-01
-6.717890221462381461e-01
-6.717904865433873551e-01
-6.717716007147038759e-01
-6.717501471227800280e-01
-6.717400922125359441e-01
-6.717500415500147204e-01
-6.717830019672433872e-01
-6.718371845368759088e-01
-6.719074608322540554e-01
-6.719870605604045810e-01
-6.720691530979150397e-01
-6.721480606774385969e-01
-6.722199763228264846e-01
-6.722831779670168650e-01
-6.723378219570684822e-01
-6.723854541760893033e-01
-6.724283941378698115e-01
-6.724691325909509798e-01
-6.725098467066910057e-01
-6.725520905737903954e-01
-6.725966732121171354e-01
-6.726436996632764176e-01
-6.726927274014666835e-01
-6.727429813241356804e-01
-6.727935740728403502e-01
-6.728436907208156237e-01
-6.728927135512910995e-01
-6.729402796094312578e-01
-6.729862777699768817e-01
-6.730308013624548558e-01
-6.730740764118287034e-01
-6.731163848665918659e-01
-6.731579981071862395e-01
-6.731991301683373230e-01
-6.732399140105078672e-01
-6.732803990368211311e-01
-6.733205645886148893e-01
-6.733603425842903389e-01
-6.733996425973681754e-01
-6.734383740325715628e-01
-6.734764620705251392e-01
-6.735138561554597780e-01
-6.735505315660894610e-01
-6.735864857854262366e-01
-6.736217319000304959e-01
-6.736562911912048479e-01
-6.736901866029233465e-01
-6.737234380928180943e-01
-6.737560601867547128e-01
-6.737880615072406876e-01
-6.738194457072621546e-01
-6.738502131253026883e-01
-6.738803625451191825e-01
-6.739098926274932344e-01
-6.739388028060017133e-01
-6.739670936416527480e-01
-6.739947667710184387e-01
-6.740218246440126126e-01
-6.740482702379814173e-01
-6.740741068767298616e-01
-6.740993382049668137e-01
-6.741239682966986280e-01
-6.741480018286065690e-01
-6.741714442340454028e-01
-6.741943017675049443e-01
-6.742165814434553095e-01
-6.742382908543395059e-01
-6.742594379076485289e-01
-6.742800305427103513e-01
-6.743000764904270028e-01
-6.743195831253218087e-01
-6.743385574343747635e-01
-6.743570060987070791e-01
-6.743749356594980204e-01
-6.743923527239460425e-01
-6.744092641631368457e-01
-6.744256772607867267e-01
-6.744415997869925850e-01
-6.744570399899384450e-01
-6.744720065163352096e-01
-6.744865082845219462e-01
-6.745005543404236636e-01
-6.745141537256463815e-01
-6.745273153801305543e-01
-6.745400480913429364e-01
-6.745523604907252002e-01
-6.745642610885085322e-01
-6.745757583317980588e-01
-6.745868606687442925e-01
-6.745975766034238985e-01
-6.746079147306552892e-01
-6.746178837459996247e-01
-6.746274924320820876e-01
-6.746367496269778385e-01
-6.746456641829773337e-01
-6.746542449244475881e-01
-6.746625006120351431e-01
-6.746704399178105049e-01
-6.746780714128652878e-01
-6.746854035660946325e-01
-6.746924447509274891e-01
-6.746992032558716268e-01
-6.747056872948620221e-01
-6.747119050143386421e-01
-6.747178644953434334e-01
-6.747235737503638475e-01
-6.747290407158317294e-01
-6.747342732419194800e-01
-6.747392790815212038e-01
-6.747440658800848423e-01
-6.747486411674606943e-01
-6.747530123522853529e-01
-6.747571867188165706e-01
-6.747611714256883664e-01
-6.747649735058243170e-01
-6.747685998667264373e-01
-6.747720572905124836e-01
-6.747753524333273134e-01
-6.747784918240149477e-01
-6.747814818621733490e-01
-6.747843288158503761e-01
-6.747870388191957725e-01
-6.747896178703449710e-01
-6.747920718297368836e-01
-6.747944064189455027e-01
-6.747966272200136562e-01
-6.747987396752018752e-01
-6.748007490870342462e-01
-6.748026606185181242e-01
-6.748044792934492220e-01
-6.748062099967457872e-01
-6.748078574748047620e-01
-6.748094263358945799e-01
-6.748109210506250122e-01
-6.748123459525304790e-01
-6.748137052387911394e-01
-6.748150029711131870e-01
-6.748162430767553621e-01
-6.748174293496961296e-01
-6.748185654519126553e-01
-6.748196549147544854e-01
-6.748207011403903888e-01
-6.748217074033225904e-01
-6.748226768519560714e-01
-6.748236125102309302e-01
-6.748245172793170266e-01
-6.748253939393729084e-01
-6.748262451513687976e-01
-6.748270734589731923e-01
-6.748278812904908719e-01
-6.748286709608500855e-01
-6.748294446736219365e-01
-6.748302045230729629e-01
-6.748309524962315953e-01
-6.748316904749734890e-01
-6.748324202381138504e-01
-6.748331434635107540e-01
-6.748338617301758990e-01
-6.748345765203839219e-01
-6.748352892217904797e-01
-6.748360011295433392e-01
-6.748367134483892471e-01
-6.748374272947670338e-01
-6.748381436988849513e-01
-6.748388636067761404e-01
-6.748395878823263416e-01
-6.748403173092697438e-01
-6.748410525931548554e-01
-6.748417943632686322e-01
-6.748425431745237457e-01
-6.748432995093023301e-01
-6.748440637792567642e-01
-6.748448363270609374e-01
-6.748456174281128872e-01
-6.748464072921867007e-01
-6.748472060650257953e-01
-6.748480138298803555e-01
-6.748488306089840405e-01
-6.748496563649688529e-01
-6.748504910022131709e-01
-6.748513343681248333e-01
-6.748521862543561678e-01
-6.748530463979502958e-01
-6.748539144824134972e-01
-6.748547901387222936e-01
-6.748556729462500403e-01
-6.748565624336232416e-01
