-6.748573959954529133e-01
-6.748583042742054561e-01
-6.748592180731676216e-01
-6.748601367196338519e-01
-6.748610594941713003e-01
-6.748619856310170695e-01
-6.748629143183959567e-01
-6.748638446987595962e-01
-6.748647758689463316e-01
-6.748657068802635939e-01
-6.748666367384897891e-01
-6.748675644037969157e-01
-6.748684887905996854e-01
-6.748694087673251518e-01
-6.748703231561069549e-01
-6.748712307324061799e-01
-6.748721302245590525e-01
-6.748730203132512484e-01
-6.748738996309217031e-01
-6.748747667610972556e-01
-6.748756202376591240e-01
-6.748764585440433228e-01
-6.748772801123759102e-01
-6.748780833225485054e-01
-6.748788665012309673e-01
-6.748796279208288951e-01
-6.748803657983830639e-01
-6.748810782944156816e-01
-6.748817635117275726e-01
-6.748824194941444032e-01
-6.748830442252168327e-01
-6.748836356268753667e-01
-6.748841915580440221e-01
-6.748847098132189082e-01
-6.748851881210117254e-01
-6.748856241426632874e-01
-6.748860154705360603e-01
-6.748863596265846088e-01
-6.748866540608097209e-01
-6.748868961497008767e-01
-6.748870831946611748e-01
-6.748872124204270406e-01
-6.748872809734705047e-01
-6.748872859203950414e-01
-6.748872242463225257e-01
-6.748870928532817448e-01
-6.748868885586005728e-01
-6.748866080933183520e-01
-6.748862481006281389e-01
-6.748858051343604725e-01
-6.748852756575189904e-01
-6.748846560408716666e-01
-6.748839425615958953e-01
-6.748831314019729799e-01
-6.748822186481191476e-01
-6.748812002887472072e-01
-6.748800722139483010e-01
-6.748788302139968609e-01
-6.748774699781919795e-01
-6.748759870937541816e-01
-6.748743770448051293e-01
-6.748726352114603477e-01
-6.748707568690635039e-01
-6.748687371875706775e-01
-6.748665712310902842e-01
-6.748642539575594457e-01
-6.748617802185373771e-01
-6.748591447590928105e-01
-6.748563422177676907e-01
-6.748533671266256917e-01
-6.748502139114050946e-01
-6.748468768918188809e-01
-6.748433502820381236e-01
-6.748396281913771055e-01
-6.748357046251718394e-01
-6.748315734857923687e-01
-6.748272285736913734e-01
-6.748226635883858293e-01
-6.748178721292932281e-01
-6.748128476964332378e-01
-6.748075836911299197e-01
-6.748020734169895007e-01
-6.747963100815558279e-01
-6.747902867990684950e-01
-6.747839965946675900e-01
-6.747774324101409871e-01
-6.747705871109225262e-01
-6.747634534936074457e-01
-6.747560242928339891e-01
-6.747482921861551741e-01
-6.747402497956332956e-01
-6.747318896853977677e-01
-6.747232043553461622e-01
-6.747141862323962069e-01
-6.747048276619572738e-01
-6.746951209032463481e-01
-6.746850581323488028e-01
-6.746746314561870017e-01
-6.746638329387367738e-01
-6.746526546380086087e-01
-6.746410886490125103e-01
-6.746291271448580096e-01
-6.746167624062315848e-01
-6.746039868296093145e-01
-6.745907929072488818e-01
-6.745771731773281266e-01
-6.745631201498855090e-01
-6.745486262221259688e-01
-6.745336836032513883e-01
-6.745182842722451388e-01
-6.745024199901504813e-01
-6.744860823805464145e-01
-6.744692630785372733e-01
-6.744519539316656820e-01
-6.744341472191297537e-01
-6.744158358428085087e-01
-6.743970134391327198e-01
-6.743776743678712160e-01
-6.743578135533779827e-01
-6.743374261837299377e-01
-6.743165073084299577e-01
-6.742950514084282698e-01
-6.742730520345798784e-01
-6.742505016146304042e-01
-6.742273915097815040e-01
-6.742037123599697868e-01
-6.741794546980091063e-01
-6.741546097477875144e-01
-6.741291702652502105e-01
-6.741031312478309445e-01
-6.740764903398104302e-01
-6.740492478025462697e-01
-6.740214059953247849e-01
-6.739929684111042318e-01
-6.739639384109522569e-01
-6.739343178781059818e-01
-6.739041060469945776e-01
-6.738732987429634225e-01
-6.738418881964685081e-01
-6.738098634869974513e-01
-6.737772115537570272e-01
-6.737439186133427071e-01
-6.737099717753866068e-01
-6.736753606576475484e-01
-6.736400788638815529e-01
-6.736041252719890959e-01
-6.735675051429139693e-01
-6.735302310583706209e-01
-6.734923236002602343e-01
-6.734538115029321537e-01
-6.734147307916292791e-01
-6.733751222590402818e-01
-6.733350266438702381e-01
-6.732944771693084585e-01
-6.732534897326674095e-01
-6.732120519741572329e-01
-6.731701135346722653e-01
-6.731275807587666637e-01
-6.730843195433322546e-01
-6.730401696004513212e-01
-6.729949718215194610e-01
-6.729486076482346091e-01
-6.729010456478582425e-01
-6.728523865004100157e-01
-6.728028943124222394e-01
-6.727530007428840220e-01
-6.727032699719980302e-01
-6.726543177974148024e-01
-6.726066871369651423e-01
-6.725606940215307361e-01
-6.725162707891153557e-01
-6.724728437394251745e-01
-6.724292875844849471e-01
-6.723839954391754858e-01
-6.723350887026927625e-01
-6.722807658016951571e-01
-6.722197548531468891e-01
-6.721517982269769043e-01
-6.720780646757575916e-01
-6.720013665574309236e-01
-6.719260647956883936e-01
-6.718575790706149409e-01
-6.718014867524251255e-01
-6.717622857321264851e-01
-6.717420001117909711e-01
-6.717389030452781684e-01
-6.717466926668721472e-01
-6.717544597864021361e-01
-6.717477105187777964e-01
-6.717105460913161963e-01
-6.716288661635498869e-01
-6.714941821804717437e-01
-6.713073546271214331e-01
-6.710813681966742994e-01
-6.708422014694840341e-01
-6.706269912798270560e-01
-6.704790663592438138e-01
-6.704400146573904484e-01
-6.705396825892208090e-01
-6.707857552315976690e-01
-6.711551656436534063e-01
-6.715898472920401874e-01
-6.719991190765847167e-01
-6.722701858177861922e-01
-6.722868564855065676e-01
-6.719547600957306299e-01
-6.712293406694239684e-01
-6.701411278300956065e-01
-6.688116865929466526e-01
-6.674537391728208036e-01
-6.663506029871026914e-01
-6.658134144358121009e-01
-6.661193083049428143e-01
-6.674390321029237683e-01
-6.697672592327941210e-01
-6.728718783068490250e-01
-6.762787482399047478e-01
-6.793052595988684494e-01
-6.811494982955430544e-01
-6.810322380067445058e-01
-6.783770571082513579e-01
-6.730007182441053448e-01
-6.652737156275693176e-01
-6.562033097545824090e-01
-6.473934516011015106e-01
-6.408522068620505774e-01
-6.386483379784542169e-01
-6.424588692597966721e-01
-6.530869724980757907e-01
-6.700511612920697635e-01
-6.913449718284964129e-01
-7.134441196657299589e-01
-7.316080306595817984e-01
-7.404971373615453212e-01
-7.351047781854220808e-01
-7.119584450658560382e-01
-6.704437466208063023e-01
-6.139387219181113853e-01
-5.502861132634058183e-01
-4.911244698125176722e-01
-4.498726761936102103e-01
-4.386745711366076272e-01
-4.651094594413661132e-01
-5.296607826712866895e-01
-6.246761469035470027e-01
-7.349527664370278934e-01
-8.394475168899195872e-01
-9.133828693765327911e-01
-9.305530012426149744e-01
-8.667176814455886946e-01
-7.055009668736885731e-01
-4.466804893477580030e-01
-1.130077459210715590e-01
2.509724993615950472e-01
5.910920132288844941e-01
8.606123118802226912e-01
1.030556933329851432e+00
1.088592320427995919e+00
1.031882989603235767e+00
8.631935303724639352e-01
5.947047180827718105e-01
2.551734459572642666e-01
-1.088313988647329200e-01
-4.431359972608309716e-01
-7.030004526750146532e-01
-8.653951212928849834e-01
-9.303054115829639814e-01
-9.139667570377904005e-01
-8.405629390093357634e-01
-7.362943735756368735e-01
-6.259641067568753048e-01
-5.306678569223449715e-01
-4.656876436452396795e-01
-4.387733603548695238e-01
-4.495393282641961807e-01
-4.904829340120584469e-01
-5.494999797304492839e-01
-6.131697097579177358e-01
-6.698180686013726071e-01
-7.115488343497202717e-01
-7.349289938891603313e-01
-7.405283630291682462e-01
-7.317908360066023299e-01
-7.137108732829948732e-01
-6.916297813657270588e-01
-6.703001103796792925e-01
-6.532642843676820243e-01
-6.425490189730242996e-01
-6.386544787660847211e-01
-6.407917148816211217e-01
-6.472918090915484868e-01
-6.560877392856943047e-01
-6.651678352596472887e-01
-6.729210522188325827e-01
-6.783316717299091581e-01
-6.810212648758099396e-01
-6.811669824495109049e-01
-6.793416587396449158e-01
-6.763234678251744958e-01
-6.729153842147745923e-01
-6.698025010665473733e-01
-6.674620934912227632e-01
-6.661293517266978492e-01
-6.658120940546464750e-01
-6.663411734119324414e-01
-6.674400914349994940e-01
-6.687975032708994849e-01
-6.701292824489417654e-01
-6.712215909319440010e-01
-6.719517173495943574e-01
-6.722881667780236103e-01
-6.722748353923480025e-01
-6.720057772050574973e-01
-6.715971757140271059e-01
-6.711620488671429241e-01
-6.707914324036828857e-01
-6.705437842700587847e-01
-6.704425235918216597e-01
-6.704802293331755259e-01
-6.706272101314513234e-01
-6.708419271133673201e-01
-6.710810143585110854e-01
-6.713072400187928279e-01
-6.714945027244856313e-01
-6.716296935937877688e-01
-6.717118461489494097e-01
-6.717493728553917132e-01
-6.717563321094123241e-01
-6.717486130476796324e-01
-6.717407261420401676e-01
-6.717436149469365736e-01
-6.717636243608379187e-01
-6.718025245279168889e-01
-6.718583281971679533e-01
-6.719265634468180037e-01
-6.720016660363560268e-01
-6.720782169427893527e-01
-6.721518456732730185e-01
-6.722197235497592294e-01
-6.722806627073257824e-01
-6.723349025934227674e-01
-6.723837007400934596e-01
-6.724288499190645974e-01
-6.724722259060414986e-01
-6.725154380134312770e-01
-6.725596176618621191e-01
-6.726053464499539558e-01
-6.726526998065291973e-01
-6.727013678358697568e-01
-6.727508112366464843e-01
-6.728004150919892901e-01
-6.728496137321759996e-01
-6.728979723975050398e-01
-6.729452231893522374e-01
-6.729912618043289996e-01
-6.730361168570512254e-01
-6.730799052224037959e-01
-6.731227854814690881e-01
-6.731649183281389615e-01
-6.732064388419354284e-01
-6.732474418320711917e-01
-6.732879786580097115e-01
-6.733280623156090439e-01
-6.733676771059666777e-01
-6.734067896134784403e-01
-6.734453586428768013e-01
-6.734833428384050524e-01
-6.735207056497436451e-01
-6.735574179565833042e-01
-6.735934589754232205e-01
-6.736288161005866693e-01
-6.736634841815853925e-01
-6.736974645261785133e-01
-6.737307637355635093e-01
-6.737633923772710087e-01
-6.737953634912230427e-01
-6.738266909800549875e-01
-6.738573880136903282e-01
-6.738874656377249472e-01
-6.739169317861695152e-01
-6.739457908524840724e-01
-6.739740438795608357e-01
-6.740016893144600285e-01
-6.740287241675764207e-01
-6.740551453449228347e-01
-6.740809509022382962e-01
-6.741061410026926159e-01
-6.741307184352974824e-01
-6.741546886489896417e-01
-6.741780593546962130e-01
-6.742008398240373346e-01
-6.742230400550007774e-01
-6.742446699774695684e-01
-6.742657388393598072e-01
-6.742862548585673022e-01
-6.743062251616176450e-01
-6.743256559712078602e-01
-6.743445529628336876e-01
-6.743629216912938595e-01
-6.743807679913450537e-01
-6.743980982786409450e-01
-6.744149197097955017e-01
-6.744312401954428715e-01
-6.744470682900656211e-01
-6.744624130019789554e-01
-6.744772835741374983e-01
-6.744916892822341303e-01
-6.745056392838976178e-01
-6.745191425359146065e-01
-6.745322077795142812e-01
-6.745448435803370613e-01
-6.745570584017378524e-01
-6.745688606880787530e-01
-6.745802589377948300e-01
-6.745912617525429145e-01
-6.746018778566021945e-01
-6.746121160879986478e-01
-6.746219853681837408e-01
-6.746314946598610529e-01
-6.746406529227115811e-01
-6.746494690749217371e-01
-6.746579519653722601e-01
-6.746661103580470220e-01
-6.746739529274010660e-01
-6.746814882615588260e-01
-6.746887248694581896e-01
-6.746956711883059787e-01
-6.747023355886457852e-01
-6.747087263755960906e-01
-6.747148517860552808e-01
-6.747207199826046331e-01
-6.747263390453771548e-01
-6.747317169632679468e-01
-6.747368616256494978e-01
-6.747417808153493013e-01
-6.747464822031902232e-01
-6.747509733440113511e-01
-6.747552616738373699e-01
-6.747593545077673616e-01
-6.747632590381839046e-01
-6.747669823329969230e-01
-6.747705313337885036e-01
-6.747739128538395859e-01
-6.747771335761216793e-01
-6.747802000513535292e-01
-6.747831186962255368e-01
-6.747858957918499989e-01
-6.747885374824569293e-01
-6.747910497743154767e-01
-6.747934385348443032e-01
-6.747957094918749510e-01
-6.747978682330411093e-01
-6.747999202052930023e-01
-6.748018707145476691e-01
-6.748037249254988934e-01
-6.748054878616095431e-01
-6.748071644053011964e-01
-6.748087592983413874e-01
-6.748102771424167035e-01
-6.748117223998625347e-01
-6.748130993945252731e-01
-6.748144123127247651e-01
-6.748156652042981429e-01
-6.748168619837116022e-01
-6.748180064312409021e-01
-6.748191021942220313e-01
-6.748201527883859185e-01
-6.748211615992809609e-01
-6.748221318837961391e-01
-6.748230667717791675e-01
-6.748239692677477919e-01
-6.748248422526857970e-01
-6.748256884859061833e-01
-6.748265106069750718e-01
-6.748273111376794642e-01
-6.748280924840317496e-01
-6.748288569383044111e-01
-6.748296066810904881e-01
-6.748303437833850227e-01
-6.748310702086920410e-01
-6.748317878151495197e-01
-6.748324983576714509e-01
-6.748332034901074472e-01
-6.748339047674092317e-01
-6.748346036478043430e-01
-6.748353014949658446e-01
-6.748359995801780364e-01
-6.748366990844909541e-01
-6.748374011008567708e-01
-6.748381066362452163e-01
-6.748388166137383459e-01
-6.748395318745934457e-01
-6.748402531802776272e-01
-6.748409812144710029e-01
-6.748417165850273403e-01
-6.748424598258996321e-01
-6.748432113990190384e-01
-6.748439716961295298e-01
-6.748447410405722380e-01
-6.748455196890191798e-01
-6.748463078331496945e-01
-6.748471056012723679e-01
-6.748479130598841191e-01
-6.748487302151726652e-01
-6.748495570144510403e-01
-6.748503933475267225e-01
-6.748512390480047030e-01
-6.748520938945212766e-01
-6.748529576119055573e-01
-6.748538298722690509e-01
-6.748547102960226196e-01
-6.748555984528170626e-01
-6.748564938624097564e-01
