-6.748573625658279562e-01
-6.748582743937615591e-01
-6.748591920139448419e-01
-6.748601147509672993e-01
-6.748610418831382241e-01
-6.748619726428838339e-01
-6.748629062170662385e-01
-6.748638417472205830e-01
-6.748647783297146985e-01
-6.748657150158265949e-01
-6.748666508117454610e-01
-6.748675846784913945e-01
-6.748685155317588613e-01
-6.748694422416828820e-01
-6.748703636325275035e-01
-6.748712784822988864e-01
-6.748721855222863386e-01
-6.748730834365281872e-01
-6.748739708612065957e-01
-6.748748463839734368e-01
-6.748757085432081082e-01
-6.748765558272060705e-01
-6.748773866733064342e-01
-6.748781994669532658e-01
-6.748789925406997181e-01
-6.748797641731486552e-01
-6.748805125878404310e-01
-6.748812359520843795e-01
-6.748819323757380140e-01
-6.748825999099369310e-01
-6.748832365457778648e-01
-6.748838402129585523e-01
-6.748844087783756329e-01
-6.748849400446870206e-01
-6.748854317488373056e-01
-6.748858815605572881e-01
-6.748862870808356451e-01
-6.748866458403679491e-01
-6.748869552979879227e-01
-6.748872128390804859e-01
-6.748874157739838120e-01
-6.748875613363791715e-01
-6.748876466816725594e-01
-6.748876688853702177e-01
-6.748876249414497153e-01
-6.748875117607341378e-01
-6.748873261692700520e-01
-6.748870649067206795e-01
-6.748867246247808316e-01
-6.748863018856237073e-01
-6.748857931603896576e-01
-6.748851948277232449e-01
-6.748845031723672561e-01
-6.748837143838152253e-01
-6.748828245550191340e-01
-6.748818296811470718e-01
-6.748807256583853054e-01
-6.748795082827759861e-01
-6.748781732490832797e-01
-6.748767161496906919e-01
-6.748751324735404733e-01
-6.748734176051335298e-01
-6.748715668236178189e-01
-6.748695753020047539e-01
-6.748674381065417061e-01
-6.748651501962826815e-01
-6.748627064228672756e-01
-6.748601015305146777e-01
-6.748573301562099669e-01
-6.748543868300426185e-01
-6.748512659756433774e-01
-6.748479619106537708e-01
-6.748444688471705311e-01
-6.748407808921249584e-01
-6.748368920475940058e-01
-6.748327962110619582e-01
-6.748284871757199710e-01
-6.748239586309120464e-01
-6.748192041628772175e-01
-6.748142172559444818e-01
-6.748089912943342483e-01
-6.748035195646733264e-01
-6.747977952592766338e-01
-6.747918114801410017e-01
-6.747855612434975336e-01
-6.747790374846502903e-01
-6.747722330627126119e-01
-6.747651407647996535e-01
-6.747577533092227187e-01
-6.747500633473164644e-01
-6.747420634637306680e-01
-6.747337461753192267e-01
-6.747251039291534136e-01
-6.747161291006098516e-01
-6.747068139928698027e-01
-6.746971508393754258e-01
-6.746871318107436899e-01
-6.746767490272232992e-01
-6.746659945769527544e-01
-6.746548605391040621e-01
-6.746433390095974980e-01
-6.746314221257188048e-01
-6.746191020850275111e-01
-6.746063711537153562e-01
-6.745932216604614284e-01
-6.745796459739028528e-01
-6.745656364650896020e-01
-6.745511854602677104e-01
-6.745362851933602855e-01
-6.745209277706362139e-01
-6.745051051612416249e-01
-6.744888092256330347e-01
-6.744720317889895123e-01
-6.744547647585651395e-01
-6.744370002735911029e-01
-6.744187308655333890e-01
-6.743999495975838698e-01
-6.743806501478777360e-01
-6.743608268033378650e-01
-6.743404743416818725e-01
-6.743195877978312991e-01
-6.742981621357365674e-01
-6.742761918735948878e-01
-6.742536707340706092e-01
-6.742305914053534632e-01
-6.742069454980045284e-01
-6.741827237628338354e-01
-6.741579165959238340e-01
-6.741325148018812996e-01
-6.741065105232956212e-01
-6.740798981846761739e-01
-6.740526752563773538e-01
-6.740248426314271457e-01
-6.739964044358188744e-01
-6.739673671648148678e-01
-6.739377381500966102e-01
-6.739075235019776899e-01
-6.738767258156058704e-01
-6.738453420522803050e-01
-6.738133620767919885e-01
-6.737807683225658373e-01
-6.737475369509721146e-01
-6.737136406666844879e-01
-6.736790530628149476e-01
-6.736437540327825380e-01
-6.736077354530713990e-01
-6.735710060769151131e-01
-6.735335944514506679e-01
-6.734955487397412677e-01
-6.734569326329153949e-01
-6.734178170817514131e-01
-6.733782683232988342e-01
-6.733383335404037329e-01
-6.732980263381248554e-01
-6.732573148838719712e-01
-6.732161158562811609e-01
-6.731742971154421884e-01
-6.731316911299868311e-01
-6.730881196508808895e-01
-6.730434280076147413e-01
-6.729975249647568436e-01
-6.729504217040437331e-01
-6.729022616910060872e-01
-6.728533324957070016e-01
-6.728040515657599530e-01
-6.727549208275918069e-01
-6.727064498523598335e-01
-6.726590537933849756e-01
-6.726129395449947923e-01
-6.725680003083503999e-01
-6.725237433818397337e-01
-6.724792768482563687e-01
-6.724333764946567316e-01
-6.723846440148518733e-01
-6.723317515891914509e-01
-6.722737479149696327e-01
-6.722103796868710290e-01
-6.721423646282607134e-01
-6.720715423624942231e-01
-6.720008324251887100e-01
-6.719339480093444728e-01
-6.718748505978887620e-01
-6.718269819844323587e-01
-6.717923697787598902e-01
-6.717707599207755065e-01
-6.717589717640817248e-01
-6.717506839534550522e-01
-6.717368306932516298e-01
-6.717067114783156212e-01
-6.716497947049596684e-01
-6.715580391468978227e-01
-6.714283906153050152e-01
-6.712649673700347153e-01
-6.710803655638171161e-01
-6.708955323680967364e-01
-6.707377965182358404e-01
-6.706369214145747604e-01
-6.706194348145126938e-01
-6.707019403767798815e-01
-6.708845495942322712e-01
-6.711458882845280360e-01
-6.714412272885118549e-01
-6.717050781141085114e-01
-6.718590369289176856e-01
-6.718247697418026076e-01
-6.715408952981221091e-01
-6.709813045738928228e-01
-6.701713914202074296e-01
-6.691980396849003254e-01
-6.682093019531835099e-01
-6.674007307437038738e-01
-6.669873495156484200e-01
-6.671631149865739907e-01
-6.680530007910628898e-01
-6.696658860369998356e-01
-6.718585296571264465e-01
-6.743213984644473857e-01
-6.765955631840430140e-01
-6.781261415465242859e-01
-6.783519800001270861e-01
-6.768237960672369713e-01
-6.733345417358306273e-01
-6.680375432289684667e-01
-6.615220959201877360e-01
-6.548154744870420263e-01
-6.492875604349597207e-01
-6.464507375833983271e-01
-6.476714395037934668e-01
-6.538351825263997164e-01
-6.650264683657800546e-01
-6.802923314302650182e-01
-6.975520546375254538e-01
-7.136999634126368619e-01
-7.249301471815554621e-01
-7.272943068134406497e-01
-7.174789825239282770e-01
-6.937384643909755289e-01
-6.568310660254064182e-01
-6.106950628397265213e-01
-5.625296965386855641e-01
-5.220058100063093010e-01
-4.995660484771213272e-01
-5.041182619865152148e-01
-5.407057989839278989e-01
-6.087852252487625515e-01
-7.015021879436141861e-01
-8.059326649945594001e-01
-9.038943352395133468e-01
-9.729573650321357015e-01
-9.879119505566537063e-01
-9.239415339546084294e-01
-7.631222254884953982e-01
-5.041755426732066336e-01
-1.713127038719410578e-01
1.852586058431698879e-01
5.013249921425937394e-01
7.176597026082373043e-01
7.949090068026841704e-01
7.195515813943574868e-01
5.047739800714882152e-01
1.896254251938972735e-01
-1.668429442238520966e-01
-5.003605302886147133e-01
-7.604456199227763724e-01
-9.225389012577136505e-01
-9.876439290227005952e-01
-9.735395327630501638e-01
-9.050028690798692654e-01
-8.072623978840224312e-01
-7.027924409653651949e-01
-6.098343899611720076e-01
-5.413840885916525458e-01
-5.043764145990216052e-01
-4.994336660000552874e-01
-5.215758827546573828e-01
-5.619316465184862608e-01
-6.100634194997408555e-01
-6.562783111949656023e-01
-6.933382781315357013e-01
-7.172616782730963925e-01
-7.272521689259191513e-01
-7.250284091161343092e-01
-7.138893683880138674e-01
-6.977802718358997458e-01
-6.805128632674927180e-01
-6.652045679101762365e-01
-6.539507462503268975e-01
-6.477190993430964605e-01
-6.464376253385135662e-01
-6.492294739174975238e-01
-6.547323515894236667e-01
-6.614337098498157541e-01
-6.679601469938357683e-01
-6.732788705303918153e-01
-6.767944857565194594e-01
-6.783481752178471824e-01
-6.781429015017639284e-01
-6.766256303644373471e-01
-6.743569447683007700e-01
-6.718925957216390632e-01
-6.696933484581771845e-01
-6.680710156872652350e-01
-6.671710813146807251e-01
-6.669865036789430768e-01
-6.673935210789503358e-01
-6.681986973390851015e-01
-6.691869050280783160e-01
-6.701620225666292674e-01
-6.709751670247501298e-01
-6.715385654829840734e-01
-6.718260424455241298e-01
-6.718631418886136242e-01
-6.717109430988146279e-01
-6.714477315737470420e-01
-6.711520651898578160e-01
-6.708897151495085698e-01
-6.707057432191290136e-01
-6.706218371185516114e-01
-6.706381302913136944e-01
-6.707381693838777581e-01
-6.708954788323292506e-01
-6.710802637122581515e-01
-6.712651055827497659e-01
-6.714289389380861950e-01
-6.715590480770580184e-01
-6.716512149438534918e-01
-6.717084260741017498e-01
-6.717386909086106028e-01
-6.717525416663938653e-01
-6.717607036005665000e-01
-6.717722809721061727e-01
-6.717936371332962064e-01
-6.718279900444104058e-01
-6.718756211028520386e-01
-6.719345178748811209e-01
-6.720012420883404447e-01
-6.720718265330531960e-01
-6.721425464187116283e-01
-6.722104682367705530e-01
-6.722737389764738003e-01
-6.723316301627648706e-01
-6.723843880139981355e-01
-6.724329605229028006e-01
-6.724786754117482168e-01
-6.725229331542373901e-01
-6.725669613417497583e-01
-6.726116555348253812e-01
-6.726575116355948403e-01
-6.727046387789271664e-01
-6.727528313882631394e-01
-6.728016746642511148e-01
-6.728506586121136834e-01
-6.728992803488397234e-01
-6.729471211827197097e-01
-6.729938922215927821e-01
-6.730394487563671202e-01
-6.730837785418236630e-01
-6.731269719834571674e-01
-6.731691831712161012e-01
-6.732105900113914965e-01
-6.732513598998184357e-01
-6.732916250047439322e-01
-6.733314687887462791e-01
-6.733709232846484261e-01
-6.734099750949797958e-01
-6.734485772076229670e-01
-6.734866634874445701e-01
-6.735241630005530666e-01
-6.735610119884840596e-01
-6.735971621531441356e-01
-6.736325847731263750e-01
-6.736672709165043571e-01
-6.737012285585890492e-01
-6.737344777174761878e-01
-6.737670447906244364e-01
-6.737989571504182651e-01
-6.738302387949302030e-01
-6.738609075193421338e-01
-6.738909737380611720e-01
-6.739204407998773405e-01
-6.739493064336021799e-01
-6.739775648551414866e-01
-6.740052090563676268e-01
-6.740322328644751115e-01
-6.740586324814904495e-01
-6.740844073575897877e-01
-6.741095603910525202e-01
-6.741340975602598817e-01
-6.741580271657592327e-01
-6.741813588888625475e-01
-6.742041028614229603e-01
-6.742262688992566311e-01
-6.742478659923212270e-01
-6.742689020817037582e-01
-6.742893840982711051e-01
-6.743093181983825790e-01
-6.743287101119492810e-01
-6.743475655169124394e-01
-6.743658903681465366e-01
-6.743836911323277672e-01
-6.744009749072337190e-01
-6.744177494288332575e-01
-6.744340229883809545e-01
-6.744498042925231029e-01
-6.744651023020028502e-01
-6.744799260802497587e-01
-6.744942846742613130e-01
-6.745081870393706547e-01
-6.745216420091051379e-01
-6.745346583031409660e-01
-6.745472445613444057e-01
-6.745594093901912114e-01
-6.745711614090087460e-01
-6.745825092865916917e-01
-6.745934617627716845e-01
-6.746040276535345548e-01
-6.746142158415222578e-01
-6.746240352558877662e-01
-6.746334948463496017e-01
-6.746426035560890710e-01
-6.746513702971868032e-01
-6.746598039309347206e-01
-6.746679132539638024e-01
-6.746757069899348425e-01
-6.746831937857061812e-01
-6.746903822104829418e-01
-6.746972807563931251e-01
-6.747038978391487474e-01
-6.747102417978440014e-01
-6.747163208933545375e-01
-6.747221433052112971e-01
-6.747277171271207630e-01
-6.747330503614935582e-01
-6.747381509134493527e-01
-6.747430265847363939e-01
-6.747476850679592353e-01
-6.747521339413852237e-01
-6.747563806644922835e-01
-6.747604325743077336e-01
-6.747642968824920651e-01
-6.747679806730606522e-01
-6.747714909005927408e-01
-6.747748343887721711e-01
-6.747780178291143960e-01
-6.747810477797639983e-01
-6.747839306642897661e-01
-6.747866727704469048e-01
-6.747892802489144914e-01
-6.747917591120493608e-01
-6.747941152327135983e-01
-6.747963543432435873e-01
-6.747984820346096813e-01
-6.748005037558162389e-01
-6.748024248135576775e-01
-6.748042503721346508e-01
-6.748059854536023749e-01
-6.748076349381345596e-01
-6.748092035645524289e-01
-6.748106959309937425e-01
-6.748121164956870643e-01
-6.748134695778144065e-01
-6.748147593584490345e-01
-6.748159898815713209e-01
-6.748171650551615386e-01
-6.748182886523824697e-01
-6.748193643128564956e-01
-6.748203955440437163e-01
-6.748213857227208790e-01
-6.748223380965593377e-01
-6.748232557857942737e-01
-6.748241417849788482e-01
-6.748249989648110736e-01
-6.748258300740214155e-01
-6.748266377413152384e-01
-6.748274244773595498e-01
-6.748281926768092687e-01
-6.748289446203642461e-01
-6.748296824768592606e-01
-6.748304083053789926e-01
-6.748311240573934278e-01
-6.748318315789173516e-01
-6.748325326126821677e-01
-6.748332288003217050e-01
-6.748339216845632427e-01
-6.748346127114240867e-01
-6.748353032324051481e-01
-6.748359945066761956e-01
-6.748366877032535571e-01
-6.748373839031570620e-01
-6.748380841015496623e-01
-6.748387892098530738e-01
-6.748395000578333303e-01
-6.748402173956558059e-01
-6.748409418959063766e-01
-6.748416741555732790e-01
-6.748424146979881133e-01
-6.748431639747226596e-01
-6.748439223674378429e-01
-6.748446901896855143e-01
-6.748454676886523895e-01
-6.748462550468573573e-01
-6.748470523837802881e-01
-6.748478597574393278e-01
-6.748486771659024663e-01
-6.748495045487332700e-01
-6.748503417883719990e-01
-6.748511887114484464e-01
-6.748520450900216128e-01
-6.748529106427509916e-01
-6.748537850359942469e-01
-6.748546678848292846e-01
-6.748555587540019385e-01
-6.748564571587959415e-01
