-6.748573410900134961e-01
-6.748581250819150057e-01
-6.748589023870473769e-01
-6.748596724303919103e-01
-6.748604345760217393e-01
-6.748611881274639845e-01
-6.748619323280087290e-01
-6.748626663609668119e-01
-6.748633893498729996e-01
-6.748641003586399734e-01
-6.748647983916585824e-01
-6.748654823938482483e-01
-6.748661512506538562e-01
-6.748668037879932413e-01
-6.748674387721551593e-01
-6.748680549096492953e-01
-6.748686508470073120e-01
-6.748692251705361578e-01
-6.748697764060279658e-01
-6.748703030184223239e-01
-6.748708034114294652e-01
-6.748712759271110473e-01
-6.748717188454201876e-01
-6.748721303837064145e-01
-6.748725086961837594e-01
-6.748728518733655424e-01
-6.748731579414654069e-01
-6.748734248617686005e-01
-6.748736505299731681e-01
-6.748738327755058330e-01
-6.748739693608137857e-01
-6.748740579806314921e-01
-6.748740962612310712e-01
-6.748740817596555752e-01
-6.748740119629412781e-01
-6.748738842873317489e-01
-6.748736960774851523e-01
-6.748734446056867675e-01
-6.748731270710597308e-01
-6.748727405987847705e-01
-6.748722822393270482e-01
-6.748717489676696601e-01
-6.748711376825617947e-01
-6.748704452057719960e-01
-6.748696682813524195e-01
-6.748688035749179637e-01
-6.748678476729380593e-01
-6.748667970820511064e-01
-6.748656482284109970e-01
-6.748643974570718296e-01
-6.748630410314290229e-01
-6.748615751327243784e-01
-6.748599958596286363e-01
-6.748582992279075210e-01
-6.748564811701732724e-01
-6.748545375357144493e-01
-6.748524640903955651e-01
-6.748502565166013545e-01
-6.748479104132154571e-01
-6.748454212956037646e-01
-6.748427845955992099e-01
-6.748399956614842266e-01
-6.748370497579950777e-01
-6.748339420663821420e-01
-6.748306676845889918e-01
-6.748272216276135493e-01
-6.748235988281268138e-01
-6.748197941374053377e-01
-6.748158023266146444e-01
-6.748116180884241588e-01
-6.748072360388956970e-01
-6.748026507195210577e-01
-6.747978565992498456e-01
-6.747928480763142334e-01
-6.747876194796819105e-01
-6.747821650700095431e-01
-6.747764790400797574e-01
-6.747705555148297840e-01
-6.747643885512398798e-01
-6.747579721384873164e-01
-6.747513001988800774e-01
-6.747443665900941800e-01
-6.747371651091581546e-01
-6.747296894984154969e-01
-6.747219334533541835e-01
-6.747138906318056462e-01
-6.747055546635700729e-01
-6.746969191591830617e-01
-6.746879777163579117e-01
-6.746787239227211019e-01
-6.746691513538718432e-01
-6.746592535665613122e-01
-6.746490240878220135e-01
-6.746384564020616592e-01
-6.746275439392437345e-01
-6.746162800680443050e-01
-6.746046580980323837e-01
-6.745926712942209580e-01
-6.745803129057076353e-01
-6.745675762075890036e-01
-6.745544545521936497e-01
-6.745409414224416977e-01
-6.745270304774622083e-01
-6.745127155792693951e-01
-6.744979907900116034e-01
-6.744828503325558389e-01
-6.744672885130026385e-01
-6.744512996116935888e-01
-6.744348777582470644e-01
-6.744180168145168519e-01
-6.744007102950358989e-01
-6.743829513554515653e-01
-6.743647328739575952e-01
-6.743460476380481738e-01
-6.743268886295897824e-01
-6.743072493774456833e-01
-6.742871243225504463e-01
-6.742665091205832795e-01
-6.742454007980173136e-01
-6.742237976835613322e-01
-6.742016990623215245e-01
-6.741791045447027564e-01
-6.741560132022966778e-01
-6.741324225902778355e-01
-6.741083278375621379e-01
-6.740837210268548763e-01
-6.740585910913404755e-01
-6.740329244109740658e-01
-6.740067061938359583e-01
-6.739799225817582062e-01
-6.739525632415771517e-01
-6.739246240232861229e-01
-6.738961091229724865e-01
-6.738670321244928374e-01
-6.738374153478100537e-01
-6.738072871281072240e-01
-6.737766769887006957e-01
-6.737456091217285392e-01
-6.737140950888188540e-01
-6.736821271044858284e-01
-6.736496735542917280e-01
-6.736166784148478470e-01
-6.735830658963029016e-01
-6.735487508854000049e-01
-6.735136546704143523e-01
-6.734777241106649770e-01
-6.734409510945800204e-01
-6.734033881009637845e-01
-6.733651552526284112e-01
-6.733264347079800372e-01
-6.732874497437173478e-01
-6.732484284307627131e-01
-6.732095551543733070e-01
-6.731709168871752302e-01
-6.731324543820990103e-01
-6.730939304737474371e-01
-6.730549276407291615e-01
-6.730148842681835664e-01
-6.729731734379509334e-01
-6.729292199108337647e-01
-6.728826412639448140e-01
-6.728333895653622054e-01
-6.727818626467978458e-01
-6.727289512679981431e-01
-6.726759922497514976e-01
-6.726246091516993042e-01
-6.725764411133590137e-01
-6.725327851787732403e-01
-6.724942040877945892e-01
-6.724601748863938688e-01
-6.724288676592375946e-01
-6.723971423032657491e-01
-6.723608301908980955e-01
-6.723153254552802771e-01
-6.722564502962337096e-01
-6.721814878246051839e-01
-6.720902068479904790e-01
-6.719856513411259780e-01
-6.718744498051251179e-01
-6.717664305760463472e-01
-6.716734163778337319e-01
-6.716072129938086555e-01
-6.715769881754878323e-01
-6.715864299221808720e-01
-6.716312391871938070e-01
-6.716976064292573545e-01
-6.717623022611431960e-01
-6.717948500469416162e-01
-6.717619350410025669e-01
-6.716337629682056498e-01
-6.713915674971288050e-01
-6.710349704531402004e-01
-6.705875348965214533e-01
-6.700987410933968436e-01
-6.696408634741263244e-01
-6.692998896832870193e-01
-6.691606795815664421e-01
-6.692878928169577746e-01
-6.697055992550842163e-01
-6.703796342634370520e-01
-6.712073542379748403e-01
-6.720192112557191733e-01
-6.725953264987658553e-01
-6.726979771189709467e-01
-6.721177778437094075e-01
-6.707276972310628471e-01
-6.685354832275463011e-01
-6.657223933851380560e-01
-6.626553001569288615e-01
-6.598611996637228083e-01
-6.579584347263939259e-01
-6.575473001346437973e-01
-6.590728384648023574e-01
-6.626823602131552970e-01
-6.681070289572935694e-01
-6.745987845388033977e-01
-6.809501643553718120e-01
-6.856156012131189303e-01
-6.869392492550228102e-01
-6.834763905450216281e-01
-6.743723559207700502e-01
-6.597351457129234653e-01
-6.409106610682141492e-01
-6.205548354481975615e-01
-6.024115997096595176e-01
-5.907607948867488190e-01
-5.895893298255204806e-01
-6.016329689622850196e-01
-6.274944802576113423e-01
-6.650373973968123353e-01
-7.091869063671392137e-01
-7.521816797198009885e-01
-7.842740562514620706e-01
-7.949096815667986426e-01
-7.744929534250037939e-01
-7.168172346076052692e-01
-6.219261072214539166e-01
-4.985537201488025039e-01
-3.647337588995406277e-01
-2.453306693683866835e-01
-1.664656648357961677e-01
-1.484569868758367495e-01
-1.997930446364414581e-01
-3.142862746548543140e-01
-4.723315041486617627e-01
-6.456172005771905198e-01
-8.031262971845994914e-01
-9.157659829960984599e-01
-9.583997993703943230e-01
-9.107453992758255401e-01
-7.602286268219003995e-01
-5.083311826330360050e-01
-1.774019255053513044e-01
1.889200208426560779e-01
5.360082949030202659e-01
8.145769100375941374e-01
9.920414506732346815e-01
1.053044694104830148e+00
9.935755538204275039e-01
8.175358806420649493e-01
5.400968695006066467e-01
1.936035079225356947e-01
-1.728219949839585878e-01
-5.045187852409885876e-01
-7.576224719804588448e-01
-9.094952353672790535e-01
-9.584262493275685912e-01
-9.168546634124146166e-01
-8.049849915649535115e-01
-6.478910613635178173e-01
-4.746152427718905442e-01
-3.161688784532069030e-01
-2.009358186200381480e-01
-1.486739275225615609e-01
-1.657693621757195812e-01
-2.439231243642470681e-01
-3.629438331864930922e-01
-4.967429418239904804e-01
-6.203971972729673823e-01
-7.157566318168107067e-01
-7.739590368418949318e-01
-7.948562311613993625e-01
-7.845886273391532439e-01
-7.527225923310917333e-01
-7.098118590887994017e-01
-6.656234133683275322e-01
-6.279508839405406606e-01
-6.019083122467172586e-01
-5.896721915659698388e-01
-5.906744653009193824e-01
-6.022037303196311475e-01
-6.202843786244581770e-01
-6.406350485706852060e-01
-6.595003164389351413e-01
-6.742071306474581860e-01
-6.833913388649031084e-01
-6.869291340538560275e-01
-6.856639844662156813e-01
-6.810347687284791229e-01
-6.746965118193190003e-01
-6.681979255715554400e-01
-6.627521725445256751e-01
-6.591140848934381458e-01
-6.575590097062947725e-01
-6.579448688505681320e-01
-6.598299740738318153e-01
-6.626153469424008735e-01
-6.656821465305678975e-01
-6.685015541003411776e-01
-6.707041616676375773e-01
-6.721060594602099592e-01
-6.726972090122471659e-01
-6.726030177663216980e-01
-6.720320340847485419e-01
-6.712218911843170766e-01
-6.703929700550982362e-01
-6.697156941087489823e-01
-6.692937246156334119e-01
-6.691621831873213466e-01
-6.692977489761694487e-01
-6.696362240032247559e-01
-6.700929095893691789e-01
-6.705817194447227791e-01
-6.710300962281297021e-01
-6.713881822567387969e-01
-6.716320280033730716e-01
-6.717616837088500326e-01
-6.717956886034490704e-01
-6.717637263030912242e-01
-6.716991096929071370e-01
-6.716323980255122228e-01
-6.715869546659857248e-01
-6.715767401604457731e-01
-6.716061921101952326e-01
-6.716717278947377245e-01
-6.717642415384373900e-01
-6.718719447608310080e-01
-6.719829950792133300e-01
-6.720875189127257787e-01
-6.721788304937679204e-01
-6.722538290386239623e-01
-6.723126989761242234e-01
-6.723581261885597238e-01
-6.723942749575224642e-01
-6.724257534699914496e-01
-6.724567445227968010e-01
-6.724904091150372132e-01
-6.725285996604717376e-01
-6.725718589659246405e-01
-6.726196386594951449e-01
-6.726706493221817906e-01
-6.727232528823585689e-01
-6.727758215660092356e-01
-6.728270109567089374e-01
-6.728759213772506076e-01
-6.729221465836741078e-01
-6.729657279317777796e-01
-6.730070438199554639e-01
-6.730466681283230335e-01
-6.730852287082654817e-01
-6.731232897138771376e-01
-6.731612720017232654e-01
-6.731994161032957003e-01
-6.732377840661588619e-01
-6.732762907912029915e-01
-6.733147527242635544e-01
-6.733529416789540978e-01
-6.733906335598370818e-01
-6.734276450016039028e-01
-6.734638546019299232e-01
-6.734992087902681446e-01
-6.735337149458768824e-01
-6.735674259090637106e-01
-6.736004205058714334e-01
-6.736327842947508193e-01
-6.736645937210734569e-01
-6.736959055464943891e-01
-6.737267520962048062e-01
-6.737571417618130054e-01
-6.737870634456016861e-01
-6.738164932769629134e-01
-6.738454019406278084e-01
-6.738737612422273093e-01
-6.739015489867509201e-01
-6.739287517455151422e-01
-6.739553655414624034e-01
-6.739813948253737808e-01
-6.740068503153594515e-01
-6.740317463286877864e-01
-6.740560981726675394e-01
-6.740799200183092976e-01
-6.741032234997879069e-01
-6.741260171036251858e-01
-6.741483062636740575e-01
-6.741700939790120639e-01
-6.741913817268798681e-01
-6.742121704467128884e-01
-6.742324614119857840e-01
-6.742522568685270778e-01
-6.742715603857425410e-01
-6.742903769280380599e-01
-6.743087126990541247e-01
-6.743265748371184420e-01
-6.743439710468738246e-01
-6.743609092427533813e-01
-6.743773972601564415e-01
-6.743934426656278402e-01
-6.744090526733378388e-01
-6.744242341555647391e-01
-6.744389937220057751e-01
-6.744533378371098120e-01
-6.744672729455394311e-01
-6.744808055815690873e-01
-6.744939424466626088e-01
-6.745066904485580439e-01
-6.745190567032609552e-01
-6.745310485072579798e-01
-6.745426732905605016e-01
-6.745539385619149231e-01
-6.745648518561713214e-01
-6.745754206910878903e-01
-6.745856525375698576e-01
-6.745955548041542293e-01
-6.746051348339994203e-01
-6.746143999109712741e-01
-6.746233572707321935e-01
-6.746320141128894221e-01
-6.746403776110587724e-01
-6.746484549188125346e-01
-6.746562531706835619e-01
-6.746637794784550168e-01
-6.746710409237185457e-01
-6.746780445481166399e-01
-6.746847973427444467e-01
-6.746913062380223147e-01
-6.746975780949718837e-01
-6.747036196984044221e-01
-6.747094377521209996e-01
-6.747150388758815787e-01
-6.747204296036987126e-01
-6.747256163829230546e-01
-6.747306055735984298e-01
-6.747354034476930051e-01
-6.747400161879313352e-01
-6.747444498861253637e-01
-6.747487105410315822e-01
-6.747528040558595785e-01
-6.747567362356103882e-01
-6.747605127844347184e-01
-6.747641393031751367e-01
-6.747676212872117940e-01
-6.747709641246740775e-01
-6.747741730950285177e-01
-6.747772533680138629e-01
-6.747802100028595929e-01
-6.747830479477179288e-01
-6.747857720392407277e-01
-6.747883870022475250e-01
-6.747908974494435386e-01
-6.747933078811689800e-01
-6.747956226851811179e-01
-6.747978461364799729e-01
-6.747999823971981836e-01
-6.748020355165713635e-01
-6.748040094310110426e-01
-6.748059079642906299e-01
-6.748077348278486154e-01
-6.748094936212059025e-01
-6.748111878324963842e-01
-6.748128208390929972e-01
-6.748143959083195975e-01
-6.748159161982366649e-01
-6.748173847584886254e-01
-6.748188045312052408e-01
-6.748201783519480745e-01
-6.748215089507026976e-01
-6.748227989529115289e-01
-6.748240508805436466e-01
-6.748252671532045666e-01
-6.748264500892851014e-01
-6.748276019071448584e-01
-6.748287247263304867e-01
-6.748298205688232354e-01
-6.748308913603129344e-01
-6.748319389314939576e-01
-6.748329650193776175e-01
-6.748339712686185488e-01
-6.748349592328467539e-01
-6.748359303760071981e-01
-6.748368860736951858e-01
-6.748378276144921806e-01
-6.748387562012946317e-01
-6.748396729526341398e-01
-6.748405789039857439e-01
-6.748414750090622194e-01
-6.748423621410941653e-01
-6.748432410940893300e-01
-6.748441125840706212e-01
-6.748449772502905786e-01
-6.748458356564197569e-01
-6.748466882917054654e-01
-6.748475355721008651e-01
-6.748483778413576495e-01
-6.748492153720869746e-01
-6.748500483667799754e-01
-6.748508769587890921e-01
-6.748517012132703163e-01
-6.748525211280811398e-01
-6.748533366346350926e-01
-6.748541475987113181e-01
-6.748549538212172960e-01
-6.748557550389057136e-01
-6.748565509250401551e-01
