-6.748577018519662518e-01
-6.748585353727470926e-01
-6.748593677320487982e-01
-6.748601983153162953e-01
-6.748610264523573488e-01
-6.748618514177162631e-01
-6.748626724309888525e-01
-6.748634886570696878e-01
-6.748642992063389467e-01
-6.748651031347868701e-01
-6.748658994440758230e-01
-6.748666870815424046e-01
-6.748674649401383840e-01
-6.748682318583103523e-01
-6.748689866198217535e-01
-6.748697279535124105e-01
-6.748704545329986537e-01
-6.748711649763134979e-01
-6.748718578454880879e-01
-6.748725316460768564e-01
-6.748731848266259492e-01
-6.748738157780924674e-01
-6.748744228332148598e-01
-6.748750042658377968e-01
-6.748755582901981853e-01
-6.748760830601671090e-01
-6.748765766684612366e-01
-6.748770371458098216e-01
-6.748774624600919481e-01
-6.748778505154290341e-01
-6.748781991512433631e-01
-6.748785061412770903e-01
-6.748787691925706156e-01
-6.748789859444116468e-01
-6.748791539672537310e-01
-6.748792707616169118e-01
-6.748793337569808370e-01
-6.748793403106766453e-01
-6.748792877067915086e-01
-6.748791731550861650e-01
-6.748789937899353220e-01
-6.748787466692832693e-01
-6.748784287736097065e-01
-6.748780370048950150e-01
-6.748775681855785358e-01
-6.748770190574947536e-01
-6.748763862807872771e-01
-6.748756664328032784e-01
-6.748748560069818270e-01
-6.748739514117595428e-01
-6.748729489695254324e-01
-6.748718449156553278e-01
-6.748706353976660077e-01
-6.748693164745116491e-01
-6.748678841160288266e-01
-6.748663342025328360e-01
-6.748646625245314778e-01
-6.748628647825095639e-01
-6.748609365867282994e-01
-6.748588734569770375e-01
-6.748566708222203392e-01
-6.748543240201152482e-01
-6.748518282964005577e-01
-6.748491788042065842e-01
-6.748463706033805964e-01
-6.748433986599611245e-01
-6.748402578459579138e-01
-6.748369429396009478e-01
-6.748334486261901022e-01
-6.748297694996142626e-01
-6.748259000645249195e-01
-6.748218347390307903e-01
-6.748175678576585623e-01
-6.748130936742334773e-01
-6.748084063642567632e-01
-6.748035000263649108e-01
-6.747983686825476113e-01
-6.747930062769806892e-01
-6.747874066736164744e-01
-6.747815636529953531e-01
-6.747754709091176029e-01
-6.747691220474865137e-01
-6.747625105856046579e-01
-6.747556299571135785e-01
-6.747484735204236639e-01
-6.747410345720045166e-01
-6.747333063635813089e-01
-6.747252821213840512e-01
-6.747169550645690794e-01
-6.747083184191511318e-01
-6.746993654236033144e-01
-6.746900893228772178e-01
-6.746804833491374387e-01
-6.746705406899929924e-01
-6.746602544481558050e-01
-6.746496175998140110e-01
-6.746386229618512864e-01
-6.746272631795603436e-01
-6.746155307458291395e-01
-6.746034180593466489e-01
-6.745909175229881649e-01
-6.745780216746428692e-01
-6.745647233325444692e-01
-6.745510157275935725e-01
-6.745368925886945366e-01
-6.745223481463895610e-01
-6.745073770272980163e-01
-6.744919740280985732e-01
-6.744761337824151104e-01
-6.744598503640346632e-01
-6.744431169001052773e-01
-6.744259252911921632e-01
-6.744082661431790582e-01
-6.743901290017533245e-01
-6.743715029391786908e-01
-6.743523774757368416e-01
-6.743327437317725437e-01
-6.743125956149851330e-01
-6.742919307720194322e-01
-6.742707509973893121e-01
-6.742490618188370366e-01
-6.742268710814692811e-01
-6.742041865348363805e-01
-6.741810126700198413e-01
-6.741573473193057664e-01
-6.741331787618252136e-01
-6.741084842063544968e-01
-6.740832304810504549e-01
-6.740573775021795333e-01
-6.740308846101764617e-01
-6.740037191942263028e-01
-6.739758662779820053e-01
-6.739473370651530848e-01
-6.739181740343105353e-01
-6.738884502153018596e-01
-6.738582609141747781e-01
-6.738277074193467220e-01
-6.737968740169872905e-01
-6.737658017029829471e-01
-6.737344638855816692e-01
-6.737027506111407105e-01
-6.736704678952215586e-01
-6.736373572041975955e-01
-6.736031368693300436e-01
-6.735675624639310133e-01
-6.735304976139245836e-01
-6.734919814391361337e-01
-6.734522752164245896e-01
-6.734118703316271937e-01
-6.733714432610119482e-01
-6.733317516404244696e-01
-6.732934778933785669e-01
-6.732570416720504713e-01
-6.732224166616642691e-01
-6.731889974651545927e-01
-6.731555645336988469e-01
-6.731203863930947939e-01
-6.730814774114428634e-01
-6.730369973251891791e-01
-6.729857400463843398e-01
-6.729276212678487745e-01
-6.728640465502819801e-01
-6.727980338730823462e-01
-6.727339851885661970e-01
-6.726770540699744672e-01
-6.726321381360700347e-01
-6.726026245939897841e-01
-6.725891162065542606e-01
-6.725884389570424560e-01
-6.725932560952366801e-01
-6.725925651573844144e-01
-6.725732250861209405e-01
-6.725224565958638490e-01
-6.724310073320480807e-01
-6.722964205934728321e-01
-6.721256531087483888e-01
-6.719362182034248621e-01
-6.717551397396501756e-01
-6.716153164677783893e-01
-6.715494008123604752e-01
-6.715819243529539406e-01
-6.717210381973948152e-01
-6.719517285742641066e-01
-6.722325569418093894e-01
-6.724977289134741465e-01
-6.726655531122905929e-01
-6.726531434515539143e-01
-6.723956956537279206e-01
-6.718670948024692002e-01
-6.710973397087897085e-01
-6.701816965497289225e-01
-6.692769740437246595e-01
-6.685820564060916960e-01
-6.683027935076183423e-01
-6.686051491181712603e-01
-6.695644304684497117e-01
-6.711215229565942186e-01
-6.730583762591220154e-01
-6.750038096441096647e-01
-6.764767286664444823e-01
-6.769672805637392266e-01
-6.760480152320585967e-01
-6.734979197891992619e-01
-6.694139308695445933e-01
-6.642794547052318643e-01
-6.589601934299484931e-01
-6.546064923597706420e-01
-6.524591194375745085e-01
-6.535794930164308125e-01
-6.585502149405081385e-01
-6.672098887205551998e-01
-6.784913923528834712e-01
-6.904229514668601686e-01
-7.003292586804912290e-01
-7.052404651041158656e-01
-7.024826873292923102e-01
-6.903821468018449536e-01
-6.689623009781263674e-01
-6.404555027028727698e-01
-6.094151440414609100e-01
-5.822448875331470708e-01
-5.660899104303814822e-01
-5.672412804628828020e-01
-5.894066205469365993e-01
-6.322937587851128471e-01
-6.908800149977014637e-01
-7.555316496840730478e-01
-8.129211845684020110e-01
-8.476234678744657414e-01
-8.444212690617961536e-01
-7.915453319876575300e-01
-6.848896977773755168e-01
-5.323311494179430170e-01
-3.559804726997599089e-01
-1.897959936887640975e-01
-7.169995947469588737e-02
-3.242843996854734984e-02
-8.533519754552733316e-02
-2.209416233285380893e-01
-4.081893223179997032e-01
-6.019994317849794996e-01
-7.541495032801409648e-01
-8.232192601552914546e-01
-7.814117166859663177e-01
-6.195183588409135522e-01
-3.514092659680287944e-01
-1.522118833339246476e-02
3.342506839231612070e-01
6.424232978061253929e-01
8.725982796384137430e-01
1.013806552802499317e+00
1.076805387625303201e+00
1.083892972103819297e+00
1.059182299396217886e+00
1.022749690444130666e+00
9.886378170370193619e-01
9.653161386818029932e-01
9.570551127405126923e-01
9.651328817861429821e-01
9.883008829305598431e-01
1.022328582792982443e+00
1.058803003428477885e+00
1.083751528319339297e+00
1.077162800755593342e+00
1.014946347955429928e+00
8.747348881203926840e-01
6.455759162531455875e-01
3.381456313800526026e-01
-1.113645686227478573e-02
-3.478077380939193497e-01
-6.169699851088892295e-01
-7.802307398295347252e-01
-8.234330910041406382e-01
-7.555391250627061517e-01
-6.041522952277403880e-01
-4.105618893730825225e-01
-2.229581582356487401e-01
-8.651966313816326914e-02
-3.252430121599057811e-02
-7.072862728241331720e-02
-1.880325736465595921e-01
-3.538560769121898431e-01
-5.302969152346027615e-01
-6.832947980188194270e-01
-7.905727517352442169e-01
-8.440898685477431496e-01
-8.478318102901628572e-01
-8.135013731106256474e-01
-7.562945694616365344e-01
-6.916483451556310058e-01
-6.329254876508526584e-01
-5.898107837172623658e-01
-5.673849172785998540e-01
-5.659946674539101386e-01
-5.819737155562901831e-01
-6.090524694605746747e-01
-6.400861867059415289e-01
-6.686545906522202154e-01
-6.901778599609885712e-01
-7.023951773106044127e-01
-7.052587493382251882e-01
-7.004257270251058598e-01
-6.905621725299575520e-01
-6.786381741895368691e-01
-6.673354554633422753e-01
-6.586359380652716533e-01
-6.536180741655531756e-01
-6.524535134658547841e-01
-6.545671829759684979e-01
-6.589016350091294605e-01
-6.642165191425947190e-01
-6.693590438084517924e-01
-6.734592924148044002e-01
-6.760290664916216441e-01
-6.769670845655478830e-01
-6.764911621779579054e-01
-6.750270224764408633e-01
-6.730842411020160343e-01
-6.711448080701554186e-01
-6.695815478114635066e-01
-6.686144385063657047e-01
-6.683043939106743103e-01
-6.685774780624855751e-01
-6.692685147782205801e-01
-6.701718434085863763e-01
-6.710882691844781700e-01
-6.718603417919195575e-01
-6.723920143740079736e-01
-6.726525427453233785e-01
-6.726674603641349393e-01
-6.725012235660773330e-01
-6.722366152521029870e-01
-6.719554323731332657e-01
-6.717237175629514612e-01
-6.715832228442404350e-01
-6.715492685523097860e-01
-6.716139483981357072e-01
-6.717528826192614710e-01
-6.719334704799784230e-01
-6.721227777717330154e-01
-6.722936842407229996e-01
-6.724285508556533397e-01
-6.725202957924877323e-01
-6.725712742978188219e-01
-6.725906743076321970e-01
-6.725912511670490979e-01
-6.725861575806875159e-01
-6.725864328412582971e-01
-6.725994630001954633e-01
-6.726284717468654639e-01
-6.726728970002051611e-01
-6.727293777430475297e-01
-6.727930265492189088e-01
-6.728586858781995250e-01
-6.729219396998409319e-01
-6.729797508248491766e-01
-6.730306941042829560e-01
-6.730748375713303533e-01
-6.731133765496836174e-01
-6.731481466971189764e-01
-6.731811345526522716e-01
-6.732140765036902508e-01
-6.732481991385367293e-01
-6.732841152055124567e-01
-6.733218572521771916e-01
-6.733610098644825515e-01
-6.734008925663688139e-01
-6.734407475761249318e-01
-6.734798967131870873e-01
-6.735178460221183938e-01
-6.735543314782079793e-01
-6.735893115932867214e-01
-6.736229211111690596e-01
-6.736554037087341129e-01
-6.736870411376464363e-01
-6.737180926635090161e-01
-6.737487533978571141e-01
-6.737791345551445987e-01
-6.738092639020145658e-01
-6.738391013837541355e-01
-6.738685633556564802e-01
-6.738975488796176139e-01
-6.739259627727268720e-01
-6.739537319956816486e-01
-6.739808140284369031e-01
-6.740071976804020704e-01
-6.740328980555784222e-01
-6.740579480354785824e-01
-6.740823886926676778e-01
-6.741062606433109172e-01
-6.741295976756683794e-01
-6.741524232429541019e-01
-6.741747497400685241e-01
-6.741965799971517681e-01
-6.742179101621089687e-01
-6.742387331001186146e-01
-6.742590415640641321e-01
-6.742788306197255999e-01
-6.742980990750713222e-01
-6.743168499065838040e-01
-6.743350898584360431e-01
-6.743528284947127860e-01
-6.743700770119142041e-01
-6.743868470836408280e-01
-6.744031499340705782e-01
-6.744189957455555273e-01
-6.744343934189774847e-01
-6.744493506378238523e-01
-6.744638741455085684e-01
-6.744779701309047137e-01
-6.744916446249203945e-01
-6.745049038340585890e-01
-6.745177543671254661e-01
-6.745302033413642651e-01
-6.745422583790364746e-01
-6.745539275218220832e-01
-6.745652190977435847e-01
-6.745761415746652778e-01
-6.745867034280059737e-01
-6.745969130407442060e-01
-6.746067786435842040e-01
-6.746163082942240319e-01
-6.746255098882435464e-01
-6.746343911906468316e-01
-6.746429598764069890e-01
-6.746512235698400861e-01
-6.746591898754764616e-01
-6.746668663964453527e-01
-6.746742607395612712e-01
-6.746813805087832350e-01
-6.746882332902848223e-01
-6.746948266329912958e-01
-6.747011680282447577e-01
-6.747072648915166670e-01
-6.747131245480239015e-01
-6.747187542230324020e-01
-6.747241610366835340e-01
-6.747293520025112734e-01
-6.747343340284470692e-01
-6.747391139190407339e-01
-6.747436983777705954e-01
-6.747480940086099110e-01
-6.747523073163667062e-01
-6.747563447056647012e-01
-6.747602124787021038e-01
-6.747639168321126757e-01
-6.747674638533540659e-01
-6.747708595170356372e-01
-6.747741096815493833e-01
-6.747772200862515168e-01
-6.747801963493332833e-01
-6.747830439663998758e-01
-6.747857683096832870e-01
-6.747883746277603123e-01
-6.747908680456160546e-01
-6.747932535648917263e-01
-6.747955360641858524e-01
-6.747977202993125090e-01
-6.747998109034680780e-01
-6.748018123873040786e-01
-6.748037291389363812e-01
-6.748055654239412116e-01
-6.748073253854038889e-01
-6.748090130440739243e-01
-6.748106322986786587e-01
-6.748121869264214201e-01
-6.748136805836678631e-01
-6.748151168068122763e-01
-6.748164990132979879e-01
-6.748178305027542345e-01
-6.748191144582224021e-01
-6.748203539474305623e-01
-6.748215519240982063e-01
-6.748227112292604080e-01
-6.748238345925965387e-01
-6.748249246337777452e-01
-6.748259838638380748e-01
-6.748270146865725794e-01
-6.748280193999843801e-01
-6.748290001977750308e-01
-6.748299591708855072e-01
-6.748308983090848256e-01
-6.748318195025942989e-01
-6.748327245437460986e-01
-6.748336151286564721e-01
-6.748344928589085079e-01
-6.748353592432317916e-01
-6.748362156991771776e-01
-6.748370635547737972e-01
-6.748379040501746307e-01
-6.748387383392824290e-01
-6.748395674913622022e-01
-6.748403924926342778e-01
-6.748412142478531495e-01
-6.748420335818671179e-01
-6.748428512411561719e-01
-6.748436678953478873e-01
-6.748444841387043480e-01
-6.748453004915755393e-01
-6.748461174018165476e-01
-6.748469352461643478e-01
-6.748477543315715144e-01
-6.748485748964911934e-01
-6.748493971121165558e-01
-6.748502210835672921e-01
-6.748510468510301452e-01
-6.748518743908422657e-01
-6.748527036165269388e-01
-6.748535343797726904e-01
-6.748543664713593238e-01
-6.748551996220266691e-01
-6.748560335032882662e-01
-6.748568677281822081e-01
