-6.748572460753082813e-01
-6.748580233234742209e-01
-6.748587930581197991e-01
-6.748595547096620795e-01
-6.748603076469416040e-01
-6.748610511775809950e-01
-6.748617845482929312e-01
-6.748625069451398284e-01
-6.748632174937378991e-01
-6.748639152594136936e-01
-6.748645992473121247e-01
-6.748652684024505355e-01
-6.748659216097270264e-01
-6.748665576938763788e-01
-6.748671754193800165e-01
-6.748677734903262282e-01
-6.748683505502272029e-01
-6.748689051817873263e-01
-6.748694359066306214e-01
-6.748699411849818919e-01
-6.748704194153084535e-01
-6.748708689339221189e-01
-6.748712880145435467e-01
-6.748716748678308397e-01
-6.748720276408728402e-01
-6.748723444166498941e-01
-6.748726232134633074e-01
-6.748728619843368248e-01
-6.748730586163887990e-01
-6.748732109301801563e-01
-6.748733166790371607e-01
-6.748733735483578577e-01
-6.748733791548933159e-01
-6.748733310460180990e-01
-6.748732266989924122e-01
-6.748730635202121464e-01
-6.748728388444575899e-01
-6.748725499341428069e-01
-6.748721939785726764e-01
-6.748717680932040386e-01
-6.748712693189167222e-01
-6.748706946212946756e-01
-6.748700408899176439e-01
-6.748693049376639497e-01
-6.748684835000254845e-01
-6.748675732344316947e-01
-6.748665707195915520e-01
-6.748654724548557304e-01
-6.748642748596094254e-01
-6.748629742727025871e-01
-6.748615669519368865e-01
-6.748600490736168522e-01
-6.748584167321827199e-01
-6.748566659399272138e-01
-6.748547926268013697e-01
-6.748527926403060651e-01
-6.748506617454502754e-01
-6.748483956247658400e-01
-6.748459898783436550e-01
-6.748434400238801922e-01
-6.748407414967119156e-01
-6.748378896498418156e-01
-6.748348797539733823e-01
-6.748317069975925397e-01
-6.748283664871556065e-01
-6.748248532474667716e-01
-6.748211622223173611e-01
-6.748172882754571722e-01
-6.748132261919400632e-01
-6.748089706798321430e-01
-6.748045163722177220e-01
-6.747998578293730176e-01
-6.747949895409337540e-01
-6.747899059278387179e-01
-6.747846013438517643e-01
-6.747790700765247118e-01
-6.747733063475537252e-01
-6.747673043126540815e-01
-6.747610580612292130e-01
-6.747545616162848869e-01
-6.747478089351529595e-01
-6.747407939116202291e-01
-6.747335103799619871e-01
-6.747259521211539379e-01
-6.747181128711703391e-01
-6.747099863308190226e-01
-6.747015661760905614e-01
-6.746928460675994943e-01
-6.746838196574768132e-01
-6.746744805921666144e-01
-6.746648225100246865e-01
-6.746548390334600187e-01
-6.746445237565069641e-01
-6.746338702300380685e-01
-6.746228719480689140e-01
-6.746115223394635318e-01
-6.745998147695394520e-01
-6.745877425553191697e-01
-6.745752989963593738e-01
-6.745624774202944041e-01
-6.745492712387468615e-01
-6.745356740056698275e-01
-6.745216794672055372e-01
-6.745072815906796304e-01
-6.744924745611261541e-01
-6.744772527373388282e-01
-6.744616105658872707e-01
-6.744455424603529314e-01
-6.744290426629423463e-01
-6.744121051148458390e-01
-6.743947233679444819e-01
-6.743768905714447870e-01
-6.743585995609122641e-01
-6.743398430631367679e-01
-6.743206140089218481e-01
-6.743009059197316857e-01
-6.742807133073931425e-01
-6.742600320044536133e-01
-6.742388593326853474e-01
-6.742171940243337769e-01
-6.741950358387969189e-01
-6.741723848667444674e-01
-6.741492405799203169e-01
-6.741256007586564625e-01
-6.741014604965581691e-01
-6.740768115260852289e-01
-6.740516421130605673e-01
-6.740259377191953893e-01
-6.739996825240172074e-01
-6.739728617367104491e-01
-6.739454644334008648e-01
-6.739174864587197389e-01
-6.738889327747880076e-01
-6.738598185728207346e-01
-6.738301685242337191e-01
-6.738000137655704158e-01
-6.737693865847418362e-01
-6.737383132706640243e-01
-6.737068061329517521e-01
-6.736748561885032016e-01
-6.736424283233020116e-01
-6.736094607473891438e-01
-6.735758701742682319e-01
-6.735415633365996468e-01
-6.735064542455239112e-01
-6.734704851579866869e-01
-6.734336477790133779e-01
-6.733960001112725413e-01
-6.733576739159492508e-01
-6.733188682690413041e-01
-6.732798263674356631e-01
-6.732407955442271108e-01
-6.732019741234689381e-01
-6.731634527393148826e-01
-6.731251612851804067e-01
-6.730868348292521341e-01
-6.730480117387962480e-01
-6.730080742268288452e-01
-6.729663353401231785e-01
-6.729221674407601661e-01
-6.728751566163677644e-01
-6.728252570132225996e-01
-6.727729111665146089e-01
-6.727190995109182392e-01
-6.726652865609200616e-01
-6.726132440038584681e-01
-6.725647519240199879e-01
-6.725212064723528060e-01
-6.724831914274467248e-01
-6.724500964840208761e-01
-6.724198800477502180e-01
-6.723890723599393882e-01
-6.723530912200817999e-01
-6.723068960187619236e-01
-6.722459394428232926e-01
-6.721672985770302811e-01
-6.720707917732083869e-01
-6.719598318128465753e-01
-6.718417477790299408e-01
-6.717273432015774537e-01
-6.716295549828197320e-01
-6.715612338303839080e-01
-6.715322659939191308e-01
-6.715464671379108852e-01
-6.715988593890196423e-01
-6.716740432457366516e-01
-6.717463514128648727e-01
-6.717822897222172074e-01
-6.717454235190567502e-01
-6.716033816246061994e-01
-6.713360871016410547e-01
-6.709437833483437030e-01
-6.704530308949410156e-01
-6.699187381762412574e-01
-6.694205725903265014e-01
-6.690528371369305338e-01
-6.689080669554001712e-01
-6.690560641261242836e-01
-6.695216040946352365e-01
-6.702652896200895771e-01
-6.711726524448793363e-01
-6.720563118050643103e-01
-6.726746105707399614e-01
-6.727676459467113457e-01
-6.721081677928921749e-01
-6.705608273976200184e-01
-6.681393615351497450e-01
-6.650483832017091146e-01
-6.616955975791299904e-01
-6.586625044871687873e-01
-6.566275806123624825e-01
-6.562452442389731244e-01
-6.579950968885207585e-01
-6.620265128380005137e-01
-6.680308295349071113e-01
-6.751751080035742758e-01
-6.821270186018543180e-01
-6.871904817577233482e-01
-6.885571306769088240e-01
-6.846593733104394675e-01
-6.745856968937357090e-01
-6.584880387349740793e-01
-6.378802298319784514e-01
-6.157099111231707500e-01
-5.961033789282123019e-01
-5.837463846493620157e-01
-5.829654751971975468e-01
-5.966791945698634025e-01
-6.254492992505539251e-01
-6.668472561511157304e-01
-7.152678276008123115e-01
-7.622202437589746804e-01
-7.970811890424097657e-01
-8.083479518457264978e-01
-7.855365122188031624e-01
-7.218517841443454763e-01
-6.173909165460653714e-01
-4.818986642659085495e-01
-3.354255523129157646e-01
-2.054569087013438100e-01
-1.205589330602493403e-01
-1.024993634172838425e-01
-1.597212323757768171e-01
-2.844918299627257618e-01
-4.546468418560048463e-01
-6.391337600270109442e-01
-8.048686328970809933e-01
-9.218489427916525258e-01
-9.651255139439536279e-01
-9.152973521886025310e-01
-7.609700538134713810e-01
-5.048791477006329131e-01
-1.705327415006398228e-01
1.976415822459789973e-01
5.448966449520512567e-01
8.225226674274875860e-01
9.988660723022257937e-01
1.059368457235017047e+00
1.000329221111677658e+00
8.253518626736892072e-01
5.488205738504807751e-01
2.021573801248361668e-01
-1.660930177678378861e-01
-5.011604062320814679e-01
-7.584083064423369214e-01
-9.140543118554123048e-01
-9.651432153659227353e-01
-9.229376424621762443e-01
-8.067569534740857140e-01
-6.414765163348783439e-01
-4.570323068437979197e-01
-2.864874594257887930e-01
-1.609591324406995649e-01
-1.027670468768388801e-01
-1.198541301743549087e-01
-2.039830215084066645e-01
-3.335281459542028815e-01
-4.799648260922554921e-01
-6.157485719159281334e-01
-7.207048356248983989e-01
-7.849505577951957358e-01
-8.082755915481927289e-01
-7.974039102024128578e-01
-7.627883345693940997e-01
-7.159306423114387696e-01
-6.674739565324764312e-01
-6.259423889270651076e-01
-5.969820503041788351e-01
-5.830637072562309120e-01
-5.836627852776730130e-01
-5.958873615420561265e-01
-6.154237825633915859e-01
-6.375854461864183254e-01
-6.582343317953867068e-01
-6.744047943880752127e-01
-6.845635547905729590e-01
-6.885416738719546403e-01
-6.872384813865974884e-01
-6.822150616839609549e-01
-6.752786234915679753e-01
-6.681283520249963193e-01
-6.621024750477645382e-01
-6.580410619395220539e-01
-6.562597202380420214e-01
-6.566147363951717608e-01
-6.586302177512803890e-01
-6.616532991350579929e-01
-6.650051093834830063e-01
-6.681023077574682612e-01
-6.705345434994688381e-01
-6.720943887525102634e-01
-6.727656397275849631e-01
-6.726818624460841889e-01
-6.720693504143570030e-01
-6.711878460703765148e-01
-6.702794871390320708e-01
-6.695325500349856851e-01
-6.690625703963435367e-01
-6.689099675723633176e-01
-6.690507821334528149e-01
-6.694157315499805749e-01
-6.699124834095061543e-01
-6.704466581883506970e-01
-6.709383089399205691e-01
-6.713321379176452330e-01
-6.716011761314649720e-01
-6.717448257929423683e-01
-6.717829109379892527e-01
-6.717476708630288895e-01
-6.716755240915236458e-01
-6.716000408846495295e-01
-6.715470231631488485e-01
-6.715320276790507359e-01
-6.715601805791779899e-01
-6.716277825337626517e-01
-6.717250192834549605e-01
-6.718390656317853038e-01
-6.719569698951918246e-01
-6.720678850630437129e-01
-6.721644236970498731e-01
-6.722431130061697901e-01
-6.723040834927328513e-01
-6.723502224374741099e-01
-6.723860595557333841e-01
-6.724166347994235959e-01
-6.724465429330763744e-01
-6.724792743773932990e-01
-6.725168941403805167e-01
-6.725600340788381315e-01
-6.726081268401657987e-01
-6.726597859125839074e-01
-6.727132339291184149e-01
-6.727666960714404620e-01
-6.728187006759005495e-01
-6.728682582472780283e-01
-6.729149172416927227e-01
-6.729587160733299100e-01
-6.730000636961989136e-01
-6.730395855569182295e-01
-6.730779689347060613e-01
-6.731158338362271953e-01
-6.731536451999619031e-01
-6.731916715371730753e-01
-6.732299861309645195e-01
-6.732685006660470428e-01
-6.733070180758992107e-01
-6.733452912505938359e-01
-6.733830763841092137e-01
-6.734201732627279613e-01
-6.734564487895263740e-01
-6.734918437224938215e-01
-6.735263654290151170e-01
-6.735600711527809370e-01
-6.735930468307363972e-01
-6.736253860658626413e-01
-6.736571727567342016e-01
-6.736884694501482640e-01
-6.737193120370208455e-01
-6.737497101999728732e-01
-6.737796521924330762e-01
-6.738091121332427935e-01
-6.738380580029111888e-01
-6.738664588342502260e-01
-6.738942900783068124e-01
-6.739215366716945210e-01
-6.739481938285752927e-01
-6.739742659573481065e-01
-6.739997643233843760e-01
-6.740247041441335130e-01
-6.740491017373242411e-01
-6.740729721884238801e-01
-6.740963278068307085e-01
-6.741191774444053042e-01
-6.741415265876480323e-01
-6.741633780255154029e-01
-6.741847328444992016e-01
-6.742055915058033921e-01
-6.742259548031669381e-01
-6.742458245671850703e-01
-6.742652040561019078e-01
-6.742840980398207007e-01
-6.743025126338852981e-01
-6.743204549688803784e-01
-6.743379327882975671e-01
-6.743549540580768831e-01
-6.743715266495016181e-01
-6.743876581303026585e-01
-6.744033556724087219e-01
-6.744186260632057950e-01
-6.744334757928293067e-01
-6.744479111837118346e-01
-6.744619385294544633e-01
-6.744755642162892917e-01
-6.744887948096379704e-01
-6.745016370982888088e-01
-6.745140980976180867e-01
-6.745261850198577269e-01
-6.745379052230954242e-01
-6.745492661515252175e-01
-6.745602752780202049e-01
-6.745709400570999437e-01
-6.745812678927470829e-01
-6.745912661219880535e-01
-6.746009420123115774e-01
-6.746103027691494614e-01
-6.746193555488647631e-01
-6.746281074728708305e-01
-6.746365656393773502e-01
-6.746447371305132057e-01
-6.746526290139125415e-01
-6.746602483390308214e-01
-6.746676021293016579e-01
-6.746746973717151485e-01
-6.746815410054805007e-01
-6.746881399112226729e-01
-6.746945009017570882e-01
-6.747006307149968629e-01
-6.747065360090888086e-01
-6.747122233594949892e-01
-6.747176992575195653e-01
-6.747229701096622012e-01
-6.747280422372340380e-01
-6.747329218757815994e-01
-6.747376151740265282e-01
-6.747421281922174607e-01
-6.747464668999300086e-01
-6.747506371734638408e-01
-6.747546447930451441e-01
-6.747584954400462909e-01
-6.747621946944075688e-01
-6.747657480323895340e-01
-6.747691608247269324e-01
-6.747724383351845212e-01
-6.747755857194785989e-01
-6.747786080244938534e-01
-6.747815101877119304e-01
-6.747842970367785576e-01
-6.747869732891484951e-01
-6.747895435517647922e-01
-6.747920123207619136e-01
-6.747943839811872957e-01
-6.747966628067649797e-01
-6.747988529597193086e-01
-6.748009584906800029e-01
-6.748029833386951504e-01
-6.748049313313589925e-01
-6.748068061850626131e-01
-6.748086115053629763e-01
-6.748103507874649853e-01
-6.748120274167984656e-01
-6.748136446696837432e-01
-6.748152057140666127e-01
-6.748167136103138120e-01
-6.748181713120615655e-01
-6.748195816671078706e-01
-6.748209474183515244e-01
-6.748222712047668992e-01
-6.748235555624235715e-01
-6.748248029255431435e-01
-6.748260156275942556e-01
-6.748271959024277900e-01
-6.748283458854439365e-01
-6.748294676147933435e-01
-6.748305630326034699e-01
-6.748316339862270308e-01
-6.748326822295075411e-01
-6.748337094240619560e-01
-6.748347171405667533e-01
-6.748357068600534525e-01
-6.748366799752011369e-01
-6.748376377916315283e-01
-6.748385815291962908e-01
-6.748395123232563408e-01
-6.748404312259532745e-01
-6.748413392074674721e-01
-6.748422371572602163e-01
-6.748431258853000436e-01
-6.748440061232662268e-01
-6.748448785257336047e-01
-6.748457436713281021e-01
-6.748466020638588247e-01
-6.748474541334154031e-01
-6.748483002374382478e-01
-6.748491406617513899e-01
-6.748499756215606826e-01
-6.748508052624138109e-01
-6.748516296611211107e-01
-6.748524488266338661e-01
-6.748532627008823059e-01
-6.748540711595677477e-01
-6.748548740129107770e-01
-6.748556710063540187e-01
-6.748564618212181676e-01
