-6.748575626485890933e-01
-6.748584500039866985e-01
-6.748593411958165866e-01
-6.748602355674331310e-01
-6.748611324128680478e-01
-6.748620309772243031e-01
-6.748629304569941922e-01
-6.748638300003010349e-01
-6.748647287070678180e-01
-6.748656256291127864e-01
-6.748665197701674279e-01
-6.748674100858214064e-01
-6.748682954833972181e-01
-6.748691748217487962e-01
-6.748700469109911726e-01
-6.748709105121583063e-01
-6.748717643367919683e-01
-6.748726070464634574e-01
-6.748734372522274816e-01
-6.748742535140097587e-01
-6.748750543399324453e-01
-6.748758381855757271e-01
-6.748766034531785696e-01
-6.748773484907840681e-01
-6.748780715913239581e-01
-6.748787709916547195e-01
-6.748794448715369487e-01
-6.748800913525689893e-01
-6.748807084970713799e-01
-6.748812943069267822e-01
-6.748818467223781647e-01
-6.748823636207846866e-01
-6.748828428153391679e-01
-6.748832820537522537e-01
-6.748836790169068234e-01
-6.748840313174820915e-01
-6.748843364985629423e-01
-6.748845920322220637e-01
-6.748847953180988624e-01
-6.748849436819641667e-01
-6.748850343742830438e-01
-6.748850645687686223e-01
-6.748850313609340290e-01
-6.748849317666391068e-01
-6.748847627206324695e-01
-6.748845210750924473e-01
-6.748842035981678089e-01
-6.748838069725329181e-01
-6.748833277939624287e-01
-6.748827625699433952e-01
-6.748821077183406736e-01
-6.748813595661239395e-01
-6.748805143481674262e-01
-6.748795682061300427e-01
-6.748785171873984412e-01
-6.748773572440900370e-01
-6.748760842320905562e-01
-6.748746939101084585e-01
-6.748731819387315811e-01
-6.748715438794845589e-01
-6.748697751938963485e-01
-6.748678712426140480e-01
-6.748658272846100870e-01
-6.748636384765436258e-01
-6.748612998723366729e-01
-6.748588064230163219e-01
-6.748561529768389855e-01
-6.748533342796868562e-01
-6.748503449756796391e-01
-6.748471796079066332e-01
-6.748438326191682490e-01
-6.748402983526063936e-01
-6.748365710521407879e-01
-6.748326448626744689e-01
-6.748285138301171049e-01
-6.748241719013450268e-01
-6.748196129243114738e-01
-6.748148306485461934e-01
-6.748098187263015246e-01
-6.748045707145465810e-01
-6.747990800779013476e-01
-6.747933401924647301e-01
-6.747873443503190627e-01
-6.747810857643556925e-01
-6.747745575729614531e-01
-6.747677528440853001e-01
-6.747606645782907586e-01
-6.747532857105574822e-01
-6.747456091108535725e-01
-6.747376275837808635e-01
-6.747293338678610475e-01
-6.747207206352368036e-01
-6.747117804926435758e-01
-6.747025059844482531e-01
-6.746928895983378416e-01
-6.746829237739113694e-01
-6.746726009140022740e-01
-6.746619133981284211e-01
-6.746508535970657805e-01
-6.746394138872647828e-01
-6.746275866636770591e-01
-6.746153643495856889e-01
-6.746027394022330315e-01
-6.745897043133965987e-01
-6.745762516045831214e-01
-6.745623738171935280e-01
-6.745480634988062496e-01
-6.745333131876766197e-01
-6.745181153985189138e-01
-6.745024626135596169e-01
-6.744863472834758955e-01
-6.744697618429136288e-01
-6.744526987444791066e-01
-6.744351505131438440e-01
-6.744171098197322411e-01
-6.743985695677244818e-01
-6.743795229824467441e-01
-6.743599636867739777e-01
-6.743398857439839578e-01
-6.743192836478826280e-01
-6.742981522441625630e-01
-6.742764865760609849e-01
-6.742542816617649315e-01
-6.742315322293114255e-01
-6.742082324541808225e-01
-6.741843757611514221e-01
-6.741599547602328268e-01
-6.741349613815884600e-01
-6.741093872525877329e-01
-6.740832243203996876e-01
-6.740564656687413336e-01
-6.740291064149224187e-01
-6.740011445151147251e-01
-6.739725812668646565e-01
-6.739434212940145219e-01
-6.739136718433739182e-01
-6.738833413208223933e-01
-6.738524371426960480e-01
-6.738209631588840676e-01
-6.737889170864176380e-01
-6.737562885352290643e-01
-6.737230582655461264e-01
-6.736891992480790181e-01
-6.736546798782548917e-01
-6.736194693252207655e-01
-6.735835445106704844e-01
-6.735468976848013600e-01
-6.735095431025782675e-01
-6.734715210278172659e-01
-6.734328973269391172e-01
-6.733937573485093697e-01
-6.733541936469162881e-01
-6.733142883396260325e-01
-6.732740923271612887e-01
-6.732336049969761538e-01
-6.731927590518965721e-01
-6.731514154090335600e-01
-6.731093724182971583e-01
-6.730663917975494570e-01
-6.730222407300539000e-01
-6.729767458357572840e-01
-6.729298507969184717e-01
-6.728816660980397879e-01
-6.728324975473126690e-01
-6.727828408404504801e-01
-6.727333330005903500e-01
-6.726846581965164606e-01
-6.726374146774688478e-01
-6.725919601155766481e-01
-6.725482626014744891e-01
-6.725057915366930983e-01
-6.724634842901469067e-01
-6.724198187685115347e-01
-6.723730080383707453e-01
-6.723213114014244818e-01
-6.722634292843774340e-01
-6.721989212610673947e-01
-6.721285632780010788e-01
-6.720545481993800419e-01
-6.719804391035539837e-01
-6.719108113579231878e-01
-6.718505679450089696e-01
-6.718039787903232751e-01
-6.717735698561273505e-01
-6.717590578222799591e-01
-6.717565746204762211e-01
-6.717584360488155770e-01
-6.717536666551856550e-01
-6.717293927488433569e-01
-6.716730611416131813e-01
-6.715752502304006555e-01
-6.714326424929040193e-01
-6.712505640323688239e-01
-6.710444130927023521e-01
-6.708393376927838103e-01
-6.706677111413037462e-01
-6.705642971499513605e-01
-6.705594645237099583e-01
-6.706713395398919975e-01
-6.708982745372726875e-01
-6.712133470668293356e-01
-6.715626694930643126e-01
-6.718689941846562874e-01
-6.720414043812252824e-01
-6.719908152687763536e-01
-6.716496859628355853e-01
-6.709929590143735023e-01
-6.700560745124084505e-01
-6.689452748568329721e-01
-6.678356433473502385e-01
-6.669536373972051457e-01
-6.665433309744694945e-01
-6.668189433559723600e-01
-6.679099746561759643e-01
-6.698086319940652622e-01
-6.723313805240078711e-01
-6.751066875167853754e-01
-6.775989284216928921e-01
-6.791739055351303511e-01
-6.792046810124178213e-01
-6.772078637653166089e-01
-6.729908807207870547e-01
-6.667815616702816861e-01
-6.593050678055047964e-01
-6.517732119821154635e-01
-6.457608191935449993e-01
-6.429641015293071638e-01
-6.448641812771535031e-01
-6.523476771549201469e-01
-6.653565230108536843e-01
-6.826442234180182256e-01
-7.017052778211877451e-01
-7.189251295877604475e-01
-7.299784994595044374e-01
-7.304865080228352126e-01
-7.169154865650452235e-01
-6.876389463655051548e-01
-6.439734744188145843e-01
-5.908657994570601923e-01
-5.368383887669853083e-01
-4.929043458331627825e-01
-4.704764425016254581e-01
-4.787070611971010470e-01
-5.219839081763969491e-01
-5.982886621282247352e-01
-6.987803734886304241e-01
-8.084472463432995637e-01
-9.072809625230642272e-01
-9.715351293741865124e-01
-9.754183182831533960e-01
-8.946480270685243097e-01
-7.134629707320373493e-01
-4.344983569215143393e-01
-8.654945150382017949e-02
2.772507867891055855e-01
5.934050779859387781e-01
8.066637526731897934e-01
8.821521322417362754e-01
8.082901598879737026e-01
5.964042731480333481e-01
2.811156091006254965e-01
-8.250360376395210471e-02
-4.309497388941417317e-01
-7.108823173056529887e-01
-8.932056909818123502e-01
-9.750281226164948523e-01
-9.719639846466031630e-01
-9.082460278175635837e-01
-8.096715166181541745e-01
-7.000176198982690501e-01
-5.993379759342729596e-01
-5.227042857968802192e-01
-4.790302943141764302e-01
-4.704111491046922833e-01
-4.925259990732656634e-01
-5.362660287064571207e-01
-5.902316836376260145e-01
-6.433944653310874617e-01
-6.871969863909080933e-01
-7.166502212935106364e-01
-7.303985674511591641e-01
-7.300393407982815885e-01
-7.190891711173110767e-01
-7.019213311617388262e-01
-6.828647020780461707e-01
-6.655438837216031134e-01
-6.524780100463690724e-01
-6.449280808475749138e-01
-6.429651575852606271e-01
-6.457123229631649419e-01
-6.516938965251437565e-01
-6.592147821393407048e-01
-6.666976613752504388e-01
-6.729258391771060221e-01
-6.771682645841243797e-01
-6.791914487760745134e-01
-6.791834363834892141e-01
-6.776247091988963911e-01
-6.751410173546633642e-01
-6.723668922231489375e-01
-6.698394172847650374e-01
-6.679322242184581038e-01
-6.668311062648162313e-01
-6.665458713723105832e-01
-6.669485136443306095e-01
-6.678256541482721076e-01
-6.689334091207068678e-01
-6.700449725088951647e-01
-6.709845506085173605e-01
-6.716450273394118931e-01
-6.719901072167813183e-01
-6.720441484672102783e-01
-6.718742299997697565e-01
-6.715692355910943823e-01
-6.712201172549343564e-01
-6.709043360485678065e-01
-6.706760965603363323e-01
-6.705626664081284494e-01
-6.705660031702082025e-01
-6.706682114882209778e-01
-6.708390534065136190e-01
-6.710437961714617039e-01
-6.712500143201048930e-01
-6.714324515302875218e-01
-6.715755755255794490e-01
-6.716739284772734742e-01
-6.717307199792078576e-01
-6.717553002912360904e-01
-6.717601917008150236e-01
-6.717582736779963426e-01
-6.717605550472769416e-01
-6.717747692478925892e-01
-6.718048376223219043e-01
-6.718510908807785453e-01
-6.719110378065996647e-01
-6.719804274274101541e-01
-6.720543601319445282e-01
-6.721282511456981856e-01
-6.721985195627118159e-01
-6.722629511054527551e-01
-6.723207492147214026e-01
-6.723723377935965084e-01
-6.724190058517350854e-01
-6.724624899237674480e-01
-6.725045784267298377e-01
-6.725467990281339681e-01
-6.725902221058398522e-01
-6.726353863074799877e-01
-6.726823303838639356e-01
-6.727307013291414783e-01
-6.727799030095895638e-01
-6.728292509733352356e-01
-6.728781060535403702e-01
-6.729259692956903738e-01
-6.729725312948970917e-01
-6.730176782978646299e-01
-6.730614641434754519e-01
-6.731040607447817958e-01
-6.731457004591664406e-01
-6.731866219376593241e-01
-6.732270277437416572e-01
-6.732670581039700286e-01
-6.733067814078094182e-01
-6.733461991029563443e-01
-6.733852607571373383e-01
-6.734238843388630213e-01
-6.734619770581344866e-01
-6.734994531179093746e-01
-6.735362461166594095e-01
-6.735723152856936125e-01
-6.736076459837393449e-01
-6.736422457430623068e-01
-6.736761376048531202e-01
-6.737093525231681035e-01
-6.737419223453892103e-01
-6.737738744143439984e-01
-6.738052283081406024e-01
-6.738359947450127674e-01
-6.738661763059977661e-01
-6.738957694045928370e-01
-6.739247668612086128e-01
-6.739531604962498701e-01
-6.739809432980248260e-01
-6.740081109046032193e-01
-6.740346623206210364e-01
-6.740605999398032733e-01
-6.740859290438634410e-01
-6.741106569937844739e-01
-6.741347923263169006e-01
-6.741583439297599289e-01
-6.741813204145903349e-01
-6.742037297314801281e-01
-6.742255790337656762e-01
-6.742468747411162200e-01
-6.742676227389304833e-01
-6.742878286428745094e-01
-6.743074980662029372e-01
-6.743266368440600234e-01
-6.743452511886365297e-01
-6.743633477676455046e-01
-6.743809337131806414e-01
-6.743980165772719415e-01
-6.744146042543488484e-01
-6.744307048902674628e-01
-6.744463267939821982e-01
-6.744614783628756216e-01
-6.744761680274998783e-01
-6.744904042169571623e-01
-6.745041953428438930e-01
-6.745175497977284884e-01
-6.745304759633703462e-01
-6.745429822240053275e-01
-6.745550769807163727e-01
-6.745667686638581184e-01
-6.745780657415142434e-01
-6.745889767228981926e-01
-6.745995101564093988e-01
-6.746096746227102647e-01
-6.746194787236770019e-01
-6.746289310684199236e-01
-6.746380402577468738e-01
-6.746468148684716670e-01
-6.746552634388124359e-01
-6.746633944558726448e-01
-6.746712163457929679e-01
-6.746787374667626569e-01
-6.746859661046502588e-01
-6.746929104706956837e-01
-6.746995787004864686e-01
-6.747059788533790181e-01
-6.747121189116038753e-01
-6.747180067784807056e-01
-6.747236502754447862e-01
-6.747290571378502522e-01
-6.747342350097792485e-01
-6.747391914382415701e-01
-6.747439338672454046e-01
-6.747484696321935926e-01
-6.747528059549705581e-01
-6.747569499399377335e-01
-6.747609085708968779e-01
-6.747646887089308043e-01
-6.747682970909283373e-01
-6.747717403285431459e-01
-6.747750249073378725e-01
-6.747781571859142735e-01
-6.747811433948959214e-01
-6.747839896357201717e-01
-6.747867018792698124e-01
-6.747892859644337715e-01
-6.747917475967080136e-01
-6.747940923469566421e-01
-6.747963256504260210e-01
-6.747984528060693155e-01
-6.748004789761984368e-01
-6.748024091864429641e-01
-6.748042483259689694e-01
-6.748060011478984599e-01
-6.748076722698644891e-01
-6.748092661746588616e-01
-6.748107872109341265e-01
-6.748122395939474272e-01
-6.748136274063498696e-01
-6.748149545990328457e-01
-6.748162249920539590e-01
-6.748174422756602064e-01
-6.748186100114210717e-01
-6.748197316334786366e-01
-6.748208104499121562e-01
-6.748218496442107694e-01
-6.748228522768341398e-01
-6.748238212868502561e-01
-6.748247594936357396e-01
-6.748256695986236675e-01
-6.748265541870913653e-01
-6.748274157299843923e-01
-6.748282565857688375e-01
-6.748290790023152574e-01
-6.748298851188120340e-01
-6.748306769677077099e-01
-6.748314564766774160e-01
-6.748322254706121681e-01
-6.748329856736301480e-01
-6.748337387110951990e-01
-6.748344861116466475e-01
-6.748352293092280130e-01
-6.748359696451106116e-01
-6.748367083699112756e-01
-6.748374466455946408e-01
-6.748381855474593349e-01
-6.748389260661022959e-01
-6.748396691093625499e-01
-6.748404155042385666e-01
-6.748411659987734179e-01
-6.748419212639104048e-01
-6.748426818953107142e-01
-6.748434484151331070e-01
-6.748442212737724155e-01
-6.748450008515493037e-01
-6.748457874603572826e-01
-6.748465813452538820e-01
-6.748473826860038605e-01
-6.748481915985630186e-01
-6.748490081365089432e-01
-6.748498322924076920e-01
-6.748506639991218581e-01
-6.748515031310560186e-01
-6.748523495053367904e-01
-6.748532028829269391e-01
-6.748540629696689885e-01
-6.748549294172647706e-01
-6.748558018241799239e-01
-6.748566797364792258e-01
