-6.748576234217521508e-01
-6.748585005511575918e-01
-6.748593806430431830e-01
-6.748602630486781884e-01
-6.748611470687695402e-01
-6.748620319538500834e-01
-6.748629169045948784e-01
-6.748638010720674485e-01
-6.748646835578889780e-01
-6.748655634143400084e-01
-6.748664396443879721e-01
-6.748673112016465581e-01
-6.748681769902619143e-01
-6.748690358647303489e-01
-6.748698866296438670e-01
-6.748707280393679842e-01
-6.748715587976488184e-01
-6.748723775571516814e-01
-6.748731829189362763e-01
-6.748739734318665029e-01
-6.748747475919610883e-01
-6.748755038416867080e-01
-6.748762405691945965e-01
-6.748769561075065315e-01
-6.748776487336461960e-01
-6.748783166677205791e-01
-6.748789580719500858e-01
-6.748795710496447997e-01
-6.748801536441294546e-01
-6.748807038376188894e-01
-6.748812195500440980e-01
-6.748816986378384231e-01
-6.748821388926896647e-01
-6.748825380402641017e-01
-6.748828937389169669e-01
-6.748832035783922656e-01
-6.748834650785148215e-01
-6.748836756878782150e-01
-6.748838327825256167e-01
-6.748839336646101916e-01
-6.748839755610320790e-01
-6.748839556220429525e-01
-6.748838709198141661e-01
-6.748837184469790307e-01
-6.748834951151537753e-01
-6.748831977534694992e-01
-6.748828231071336559e-01
-6.748823678360633682e-01
-6.748818285136022332e-01
-6.748812016253440405e-01
-6.748804835680527470e-01
-6.748796706486585029e-01
-6.748787590832922012e-01
-6.748777449963094810e-01
-6.748766244192577757e-01
-6.748753932897600949e-01
-6.748740474503095443e-01
-6.748725826470091116e-01
-6.748709945283325462e-01
-6.748692786439998148e-01
-6.748674304440865912e-01
-6.748654452784648150e-01
-6.748633183966342708e-01
-6.748610449479413020e-01
-6.748586199821051679e-01
-6.748560384498987208e-01
-6.748532952037836763e-01
-6.748503849982900871e-01
-6.748473024899754868e-01
-6.748440422368975344e-01
-6.748405986976787618e-01
-6.748369662303893568e-01
-6.748331390916123551e-01
-6.748291114361282261e-01
-6.748248773176342974e-01
-6.748204306907789052e-01
-6.748157654145616746e-01
-6.748108752568401369e-01
-6.748057538993808002e-01
-6.748003949426508719e-01
-6.747947919094736680e-01
-6.747889382467907593e-01
-6.747828273251356146e-01
-6.747764524359811666e-01
-6.747698067877668793e-01
-6.747628835020159643e-01
-6.747556756113409770e-01
-6.747481760611427903e-01
-6.747403777163433203e-01
-6.747322733735483524e-01
-6.747238557777428536e-01
-6.747151176412210516e-01
-6.747060516612763958e-01
-6.746966505326219554e-01
-6.746869069508685257e-01
-6.746768136048159059e-01
-6.746663631577550779e-01
-6.746555482210273569e-01
-6.746443613261622341e-01
-6.746327949041726058e-01
-6.746208412812120248e-01
-6.746084926981751329e-01
-6.745957413577196027e-01
-6.745825794959575683e-01
-6.745689994687542601e-01
-6.745549938357433550e-01
-6.745405554207606347e-01
-6.745256773272575446e-01
-6.745103528926854608e-01
-6.744945755770390683e-01
-6.744783387965282984e-01
-6.744616357310012633e-01
-6.744444591492491092e-01
-6.744268013051223365e-01
-6.744086539552121007e-01
-6.743900085330524208e-01
-6.743708564853860832e-01
-6.743511897364775631e-01
-6.743310012037169177e-01
-6.743102852517327550e-01
-6.742890379538540868e-01
-6.742672570387998610e-01
-6.742449414426315846e-01
-6.742220904604272480e-01
-6.741987025897419050e-01
-6.741747742613681815e-01
-6.741502987384775381e-01
-6.741252655068880051e-01
-6.740996604542709436e-01
-6.740734670316744781e-01
-6.740466684094434946e-01
-6.740192504033530874e-01
-6.739912046965965686e-01
-6.739625316749930928e-01
-6.739332420875784324e-01
-6.739033567963702565e-01
-6.738729041190516522e-01
-6.738419146927521197e-01
-6.738104143480270203e-01
-6.737784160869141337e-01
-6.737459127796764369e-01
-6.737128724881655817e-01
-6.736792382596994422e-01
-6.736449337300884910e-01
-6.736098749215690962e-01
-6.735739873138996137e-01
-6.735372258025900116e-01
-6.734995938237576807e-01
-6.734611570558513005e-01
-6.734220470276034431e-01
-6.733824509057211305e-01
-6.733425857799357761e-01
-6.733026587603326840e-01
-6.732628177556336802e-01
-6.732231012826229710e-01
-6.731833982781076919e-01
-6.731434298248181181e-01
-6.731027632761342749e-01
-6.730608651078020532e-01
-6.730171920653361672e-01
-6.729713115449246219e-01
-6.729230329941078281e-01
-6.728725243043324200e-01
-6.728203828016265931e-01
-6.727676315043356059e-01
-6.727156191871177526e-01
-6.726658177644406766e-01
-6.726195314062310970e-01
-6.725775557817010863e-01
-6.725398485102574986e-01
-6.725052878506184717e-01
-6.724716002871802267e-01
-6.724355244095152617e-01
-6.723932461175466946e-01
-6.723410900904355225e-01
-6.722763903850639267e-01
-6.721983992025194476e-01
-6.721090410812049498e-01
-6.720132954490725119e-01
-6.719190076220373786e-01
-6.718359959817529203e-01
-6.717744415342274955e-01
-6.717427041620053219e-01
-6.717448839076395339e-01
-6.717786008612179893e-01
-6.718335626095742752e-01
-6.718914837858872557e-01
-6.719277885719923127e-01
-6.719152548132806269e-01
-6.718293667998940233e-01
-6.716546845483903905e-01
-6.713910937840946724e-01
-6.710584788000980572e-01
-6.706982721347793941e-01
-6.703705747155207506e-01
-6.701461550836581571e-01
-6.700935995607479878e-01
-6.702630778451650340e-01
-6.706694009781194454e-01
-6.712780063674873565e-01
-6.719979169114358442e-01
-6.726853437700833771e-01
-6.731602986246352227e-01
-6.732363719335079377e-01
-6.727609272020846909e-01
-6.716597683115909101e-01
-6.699774666129636458e-01
-6.679027552283242075e-01
-6.657685286191921126e-01
-6.640186856922419834e-01
-6.631395312580229406e-01
-6.635611769806853966e-01
-6.655429969070516538e-01
-6.690647144113134326e-01
-6.737490638948351318e-01
-6.788416723337080683e-01
-6.832682809420992376e-01
-6.857789615268428118e-01
-6.851742088820814702e-01
-6.805893231925824738e-01
-6.717924050895939247e-01
-6.594306585333730153e-01
-6.451463205918448462e-01
-6.314875200856135962e-01
-6.215697772404877863e-01
-6.185012945241543658e-01
-6.246562256087498932e-01
-6.409396897718699915e-01
-6.662116107100145568e-01
-6.970141894623361756e-01
-7.276946291251269461e-01
-7.509627855769407390e-01
-7.588989043035155868e-01
-7.444173513584891877e-01
-7.031313001718393352e-01
-6.353654751698385450e-01
-5.477303139046302283e-01
-4.533948832721100830e-01
-3.703135609779519277e-01
-3.173551374148631532e-01
-3.092763701178321556e-01
-3.521636935215031183e-01
-4.409098117947277684e-01
-5.595393698396095017e-01
-6.840884018678036194e-01
-7.867886034661945027e-01
-8.401770015228943178e-01
-8.207388749816311169e-01
-7.129651772842515722e-01
-5.145839019520039859e-01
-2.413705092108272277e-01
7.279806386908858895e-02
3.841480636313921448e-01
6.531978148742215717e-01
8.566853178966037374e-01
9.904347899816382528e-01
1.063114043638019091e+00
1.085897659286321648e+00
1.063671133168851535e+00
9.916683341886531888e-01
8.587511582096791773e-01
6.561540475405103212e-01
3.878332853049265005e-01
7.679968680435600437e-02
-2.376138831987943678e-01
-5.115888730592316191e-01
-7.110480916838186616e-01
-8.199693352321480999e-01
-8.404228787535146239e-01
-7.877900808467293015e-01
-6.855193683317192255e-01
-5.610539979127531218e-01
-4.421886690941714271e-01
-3.529639102174317311e-01
-3.094742043707642831e-01
-3.169640167709001366e-01
-3.694683698831482399e-01
-4.523064079174983210e-01
-5.466251310971023125e-01
-6.344314205787774386e-01
-7.024843636767105215e-01
-7.440947445869010579e-01
-7.588722525654940654e-01
-7.511608202596378181e-01
-7.280265231126993308e-01
-6.973889391675521798e-01
-6.665521688498998731e-01
-6.411918967379386380e-01
-6.247927446112612193e-01
-6.185207888948391908e-01
-6.214919757224464103e-01
-6.313454758589955862e-01
-6.449776834997146269e-01
-6.592698285868719976e-01
-6.716649672939165594e-01
-6.805093841523606191e-01
-6.851444762264194965e-01
-6.857928704056844849e-01
-6.833132577238435479e-01
-6.789026733974010686e-01
-6.738117202743090228e-01
-6.691176522932563708e-01
-6.655791354127228443e-01
-6.635780067679549754e-01
-6.631385395747152467e-01
-6.640042039038135391e-01
-6.657463259218568963e-01
-6.678786847116059411e-01
-6.699563980952820685e-01
-6.716449392760245329e-01
-6.727537360058883920e-01
-6.732365495114652765e-01
-6.731663397666740600e-01
-6.726950596035833341e-01
-6.720089810521190365e-01
-6.712883984923589953e-01
-6.706776925156765490e-01
-6.702685455372084933e-01
-6.700961866935312150e-01
-6.701463229043653769e-01
-6.703690964665438567e-01
-6.706960202977075847e-01
-6.710562454837092350e-01
-6.713894686749863894e-01
-6.716539984925008477e-01
-6.718296951736699718e-01
-6.719164654075560072e-01
-6.719296144222907108e-01
-6.718936017544737682e-01
-6.718356623075225631e-01
-6.717804341228502674e-01
-6.717462909891028788e-01
-6.717436179549757247e-01
-6.717748746506753132e-01
-6.718360173344047892e-01
-6.719187152488261816e-01
-6.720127912219528987e-01
-6.721084111298594177e-01
-6.721977018871925225e-01
-6.722756518781829449e-01
-6.723403063271004010e-01
-6.723923891450072077e-01
-6.724345509694957812e-01
-6.724704606817759611e-01
-6.725039336154700065e-01
-6.725382379947963951e-01
-6.725756572926736565e-01
-6.726173240268427111e-01
-6.726632902782349044e-01
-6.727127677077995305e-01
-6.727644564572218266e-01
-6.728168858481015091e-01
-6.728687056799184107e-01
-6.729188895741173848e-01
-6.729668357856101180e-01
-6.730123718144011002e-01
-6.730556841523587241e-01
-6.730972024097484629e-01
-6.731374681736626009e-01
-6.731770146292064272e-01
-6.732162751987321725e-01
-6.732555303306174688e-01
-6.732948929518618453e-01
-6.733343263379044652e-01
-6.733736839814946640e-01
-6.734127595914571884e-01
-6.734513362634715339e-01
-6.734892264588245858e-01
-6.735262978875637963e-01
-6.735624839346241455e-01
-6.735977802636865519e-01
-6.736322312857432326e-01
-6.736659111380004505e-01
-6.736989037549341308e-01
-6.737312857599205840e-01
-6.737631145830554891e-01
-6.737944227522830731e-01
-6.738252179971279121e-01
-6.738554878461501252e-01
-6.738852068856097111e-01
-6.739143447736025694e-01
-6.739428733893733092e-01
-6.739707720129552992e-01
-6.739980300331036567e-01
-6.740246472435158509e-01
-6.740506322150957574e-01
-6.740759994764501384e-01
-6.741007662908328202e-01
-6.741249497159778059e-01
-6.741485644268960797e-01
-6.741716215318307448e-01
-6.741941283742510782e-01
-6.742160891305875037e-01
-6.742375059068251852e-01
-6.742583800102716074e-01
-6.742787131132178535e-01
-6.742985081102805811e-01
-6.743177695748624467e-01
-6.743365038184631066e-01
-6.743547186319511777e-01
-6.743724228309553315e-01
-6.743896257372690162e-01
-6.744063367101572615e-01
-6.744225648054459343e-01
-6.744383185973268358e-01
-6.744536061578723096e-01
-6.744684351594270044e-01
-6.744828130489183282e-01
-6.744967472407511488e-01
-6.745102452836717610e-01
-6.745233149725761157e-01
-6.745359643940133099e-01
-6.745482019101006754e-01
-6.745600360969066234e-01
-6.745714756588900851e-01
-6.745825293408795886e-01
-6.745932058546689758e-01
-6.746035138304179446e-01
-6.746134617956617285e-01
-6.746230581784530278e-01
-6.746323113270021876e-01
-6.746412295365377121e-01
-6.746498210747390312e-01
-6.746580941993710612e-01
-6.746660571648445126e-01
-6.746737182175119862e-01
-6.746810855819670438e-01
-6.746881674420457387e-01
-6.746949719205947993e-01
-6.747015070615033361e-01
-6.747077808163081114e-01
-6.747138010362752070e-01
-6.747195754695520797e-01
-6.747251117620415295e-01
-6.747304174601793658e-01
-6.747355000138154368e-01
-6.747403667777804870e-01
-6.747450250113333770e-01
-6.747494818753401180e-01
-6.747537444275795160e-01
-6.747578196169373710e-01
-6.747617142773807419e-01
-6.747654351225094160e-01
-6.747689887412517962e-01
-6.747723815949626669e-01
-6.747756200158719908e-01
-6.747787102066000742e-01
-6.747816582403289853e-01
-6.747844700611863589e-01
-6.747871514844885343e-01
-6.747897081966053312e-01
-6.747921457543822887e-01
-6.747944695841834317e-01
-6.747966849807183198e-01
-6.747987971058658774e-01
-6.748008109876961758e-01
-6.748027315198389386e-01
-6.748045634612854782e-01
-6.748063114366167348e-01
-6.748079799366104581e-01
-6.748095733191151746e-01
-6.748110958100900225e-01
-6.748125515047005418e-01
-6.748139443684032512e-01
-6.748152782379862602e-01
-6.748165568225628075e-01
-6.748177837045553629e-01
-6.748189623407058191e-01
-6.748200960631671741e-01
-6.748211880807081231e-01
-6.748222414800574276e-01
-6.748232592273870623e-01
-6.748242441699245919e-01
-6.748251990376651355e-01
-6.748261264451564934e-01
-6.748270288933275740e-01
-6.748279087713355828e-01
-6.748287683584168750e-01
-6.748296098257383635e-01
-6.748304352382483717e-01
-6.748312465565345919e-01
-6.748320456386984745e-01
-6.748328342422458270e-01
-6.748336140260040583e-01
-6.748343865520624041e-01
-6.748351532877286951e-01
-6.748359156074952292e-01
-6.748366747950074185e-01
-6.748374320450200026e-01
-6.748381884653366081e-01
-6.748389450787263266e-01
-6.748397028248102059e-01
-6.748404625619169872e-01
-6.748412250689063141e-01
-6.748419910469600769e-01
-6.748427611213393407e-01
-6.748435358431071895e-01
-6.748443156908132678e-01
-6.748451010721423504e-01
-6.748458923255155062e-01
-6.748466897216472971e-01
-6.748474934650516843e-01
-6.748483036954947556e-01
-6.748491204893899420e-01
-6.748499438611339496e-01
-6.748507737643837379e-01
-6.748516100932697714e-01
-6.748524526835487647e-01
-6.748533013136882586e-01
-6.748541557058910234e-01
-6.748550155270502948e-01
-6.748558803896391733e-01
-6.748567498525313013e-01
