-6.748568739170923703e-01
-6.748576304870183007e-01
-6.748583768907313596e-01
-6.748591125753869990e-01
-6.748598369245930595e-01
-6.748605492587586019e-01
-6.748612488354002181e-01
-6.748619348494023784e-01
-6.748626064332300389e-01
-6.748632626570939541e-01
-6.748639025290744664e-01
-6.748645249951973346e-01
-6.748651289394665964e-01
-6.748657131838504686e-01
-6.748662764882249476e-01
-6.748668175502746669e-01
-6.748673350053535636e-01
-6.748678274263003596e-01
-6.748682933232168502e-01
-6.748687311432068903e-01
-6.748691392700794101e-01
-6.748695160240159030e-01
-6.748698596612028311e-01
-6.748701683734352752e-01
-6.748704402876885000e-01
-6.748706734656612083e-01
-6.748708659032940371e-01
-6.748710155302616309e-01
-6.748711202094410666e-01
-6.748711777363591846e-01
-6.748711858386168272e-01
-6.748711421752990880e-01
-6.748710443363683531e-01
-6.748708898420435753e-01
-6.748706761421718880e-01
-6.748704006155981094e-01
-6.748700605695330257e-01
-6.748696532389290015e-01
-6.748691757858630291e-01
-6.748686252989352097e-01
-6.748679987926807788e-01
-6.748672932069952335e-01
-6.748665054065764446e-01
-6.748656321803722102e-01
-6.748646702410455722e-01
-6.748636162244401326e-01
-6.748624666890628010e-01
-6.748612181155789758e-01
-6.748598669063364808e-01
-6.748584093849266941e-01
-6.748568417958056287e-01
-6.748551603039877334e-01
-6.748533609948339507e-01
-6.748514398739405840e-01
-6.748493928671370767e-01
-6.748472158205812699e-01
-6.748449045009294878e-01
-6.748424545955575837e-01
-6.748398617127905341e-01
-6.748371213821078296e-01
-6.748342290542989064e-01
-6.748311801015638434e-01
-6.748279698175824182e-01
-6.748245934176017036e-01
-6.748210460386302456e-01
-6.748173227398445162e-01
-6.748134185033245469e-01
-6.748093282352106703e-01
-6.748050467673419872e-01
-6.748005688593620155e-01
-6.747958892011992615e-01
-6.747910024157397491e-01
-6.747859030614338227e-01
-6.747805856345422404e-01
-6.747750445707345612e-01
-6.747692742458457626e-01
-6.747632689757312452e-01
-6.747570230153886461e-01
-6.747505305577379264e-01
-6.747437857326885613e-01
-6.747367826072727670e-01
-6.747295151876662178e-01
-6.747219774237754875e-01
-6.747141632167580338e-01
-6.747060664293206278e-01
-6.746976808980302831e-01
-6.746890004462156032e-01
-6.746800188954943378e-01
-6.746707300737025959e-01
-6.746611278171323889e-01
-6.746512059656235571e-01
-6.746409583502085416e-01
-6.746303787745919767e-01
-6.746194609935258768e-01
-6.746081986927879859e-01
-6.745965854766108327e-01
-6.745846148685895605e-01
-6.745722803310212345e-01
-6.745595753051257804e-01
-6.745464932707833094e-01
-6.745330278197525509e-01
-6.745191727315139607e-01
-6.745049220370153975e-01
-6.744902700537295237e-01
-6.744752113766706580e-01
-6.744597408149899387e-01
-6.744438532725667290e-01
-6.744275435828499532e-01
-6.744108063214403481e-01
-6.743936356320298087e-01
-6.743760251093438018e-01
-6.743579677836429864e-01
-6.743394562426978656e-01
-6.743204829079887386e-01
-6.743010404531059043e-01
-6.742811223173529322e-01
-6.742607232321510269e-01
-6.742398396496720459e-01
-6.742184699505809897e-01
-6.741966143184614513e-01
-6.741742742071656913e-01
-6.741514513941092579e-01
-6.741281467013732209e-01
-6.741043585645879466e-01
-6.740800817182790450e-01
-6.740553063231969899e-01
-6.740300178638596318e-01
-6.740041980758837425e-01
-6.739778270157912310e-01
-6.739508861691835273e-01
-6.739233622326283868e-01
-6.738952509442013294e-01
-6.738665601347080258e-01
-6.738373110884061656e-01
-6.738075373937070234e-01
-6.737772807642919970e-01
-6.737465838173646304e-01
-6.737154804602499825e-01
-6.736839852616778312e-01
-6.736520838288505564e-01
-6.736197266093703062e-01
-6.735868285249100307e-01
-6.735532762981448762e-01
-6.735189442123025172e-01
-6.734837174137672244e-01
-6.734475199354745811e-01
-6.734103427143838250e-01
-6.733722654277554120e-01
-6.733334654386193829e-01
-6.732942079183632522e-01
-6.732548135345002294e-01
-6.732156039163018635e-01
-6.731768300591494114e-01
-6.731385941553547081e-01
-6.731007799887268606e-01
-6.730630097723748761e-01
-6.730246449578203283e-01
-6.729848442301850087e-01
-6.729426833668092911e-01
-6.728973294617167644e-01
-6.728482477714992083e-01
-6.727954056192798626e-01
-6.727394275723420636e-01
-6.726816528336013734e-01
-6.726240522998681026e-01
-6.725689805967453028e-01
-6.725187671326451344e-01
-6.724751868148102218e-01
-6.724388898806207271e-01
-6.724089034535921661e-01
-6.723823359296513535e-01
-6.723544106240032514e-01
-6.723189212594989916e-01
-6.722691374266361874e-01
-6.721990979306482483e-01
-6.721051259064567684e-01
-6.719873003395050448e-01
-6.718505474399225630e-01
-6.717049964174737209e-01
-6.715652977552414304e-01
-6.714487383949205856e-01
-6.713722024124728627e-01
-6.713482940489162720e-01
-6.713812194604096284e-01
-6.714632561192283022e-01
-6.715727595483883539e-01
-6.716746066488514799e-01
-6.717237136691932564e-01
-6.716717887451704172e-01
-6.714768219066692412e-01
-6.711140668032319345e-01
-6.705865620807748284e-01
-6.699327442039034741e-01
-6.692285943788439662e-01
-6.685821882993303600e-01
-6.681195517936538986e-01
-6.679623206221879661e-01
-6.681996621803543146e-01
-6.688589004863165766e-01
-6.698808574799376414e-01
-6.711066348470180465e-01
-6.722820462502108185e-01
-6.730839674188648925e-01
-6.731695067018720335e-01
-6.722443477500440467e-01
-6.701413759415408844e-01
-6.668955864288381719e-01
-6.627974684419546403e-01
-6.584060521510142205e-01
-6.545060502845291284e-01
-6.520018409670020887e-01
-6.517538712058925654e-01
-6.543781126085032041e-01
-6.600428080127773711e-01
-6.683051128952854913e-01
-6.780309860799769162e-01
-6.874347926474767556e-01
-6.942623064992774484e-01
-6.961236231679173159e-01
-6.909598321616662320e-01
-6.775953981689013528e-01
-6.562849112080640923e-01
-6.291156406591030814e-01
-6.000990786554304401e-01
-5.748080848203712678e-01
-5.595124420197973292e-01
-5.599183375451896039e-01
-5.797668542242337963e-01
-6.196179001829086319e-01
-6.760953291805550380e-01
-7.417181323245947144e-01
-8.052825554294585908e-01
-8.527182789501017712e-01
-8.685023282078077056e-01
-8.379960100298160519e-01
-7.511405161194509850e-01
-6.073393732532756939e-01
-4.199510926533950306e-01
-2.174853354767465330e-01
-3.903586741258852771e-02
7.563671904762013509e-02
9.769978093042867850e-02
1.805440142090630404e-02
-1.496115409961736586e-01
-3.724288281619403951e-01
-6.074116172889603149e-01
-8.122696107312146196e-01
-9.529168570426715945e-01
-1.005163210006285279e+00
-9.530952551040776655e-01
-7.894127602036267177e-01
-5.205460601493572259e-01
-1.731874092087656303e-01
2.056748601551290356e-01
5.598735647260477677e-01
8.408152963111826805e-01
1.018129599494770776e+00
1.078696914183349342e+00
1.019432298663024872e+00
8.433492063310464859e-01
5.634179669225056752e-01
2.097950977679041984e-01
-1.690911309603922164e-01
-5.170719390804986437e-01
-7.869859721658537532e-01
-9.519057666181374167e-01
-1.005213829758064170e+00
-9.540949125499527117e-01
-8.143701076628482305e-01
-6.101129500086253099e-01
-3.752792399137147572e-01
-1.520820430781613386e-01
1.645006881626698975e-02
9.727180088269418712e-02
7.643219598704725781e-02
-3.724201382702566065e-02
-2.151196135993745651e-01
-4.175125068807999384e-01
-6.052588625452814952e-01
-7.496852676292010687e-01
-8.372479761912585694e-01
-8.683962558868623116e-01
-8.531020452855773151e-01
-8.059704686017082897e-01
-7.425272144546015696e-01
-6.768676146545586914e-01
-6.202344611500687499e-01
-5.801562912354405466e-01
-5.600592940020668875e-01
-5.594289132273344567e-01
-5.745577295287291886e-01
-5.997569357201535389e-01
-6.287571340555042632e-01
-6.559720118610868900e-01
-6.773684136779557496e-01
-6.908353069940603719e-01
-6.960971780193665470e-01
-6.943144520130555275e-01
-6.875377835064458987e-01
-6.781552663899697020e-01
-6.684244706145763271e-01
-6.601378130797825872e-01
-6.544377388869898615e-01
-6.517754452411095301e-01
-6.519896556868236548e-01
-6.544691234794949297e-01
-6.583555700153799206e-01
-6.627444152860264559e-01
-6.668489334503238108e-01
-6.701070228469003798e-01
-6.722248302694490141e-01
-6.731643414887457100e-01
-6.730904241912141206e-01
-6.722961153108863996e-01
-6.711239827229054100e-01
-6.698976160491496579e-01
-6.688721988566235233e-01
-6.682078730299191305e-01
-6.679650450868628297e-01
-6.681174040299647787e-01
-6.685764602365924514e-01
-6.692208833482227170e-01
-6.699246140928545312e-01
-6.705792872766972446e-01
-6.711084831021740804e-01
-6.714732849710902673e-01
-6.716702224034526436e-01
-6.717237193174828702e-01
-6.716756014225336857e-01
-6.715741136045443316e-01
-6.714644063632203563e-01
-6.713817461755547944e-01
-6.713479561486159763e-01
-6.713709348825578349e-01
-6.714466209670214569e-01
-6.715625065860166831e-01
-6.717017507061433523e-01
-6.718470610486821926e-01
-6.719837453548584971e-01
-6.721016115022587778e-01
-6.721956645687134912e-01
-6.722657638591781337e-01
-6.723155402385537771e-01
-6.723509287051254724e-01
-6.723786531278985734e-01
-6.724049295031948592e-01
-6.724345551575680036e-01
-6.724704473143292560e-01
-6.725136040238860469e-01
-6.725633956630113763e-01
-6.726180609619188955e-01
-6.726752764712021770e-01
-6.727326865867466754e-01
-6.727883142279762474e-01
-6.728408110122456876e-01
-6.728895424057615982e-01
-6.729345321724188311e-01
-6.729763084440876231e-01
-6.730157003982660813e-01
-6.730536313815007610e-01
-6.730909441858544673e-01
-6.731282804123108754e-01
-6.731660216118213746e-01
-6.732042876904148487e-01
-6.732429794773608922e-01
-6.732818479843969417e-01
-6.733205724786132107e-01
-6.733588321916001984e-01
-6.733963611110170833e-01
-6.734329806184962131e-01
-6.734686096914481723e-01
-6.735032562268128409e-01
-6.735369953862494485e-01
-6.735699416617285662e-01
-6.736022208449734539e-01
-6.736339466488685535e-01
-6.736652048312200547e-01
-6.736960457390702706e-01
-6.737264845584842732e-01
-6.737565074251193886e-01
-6.737860809969093978e-01
-6.738151630699689143e-01
-6.738437122104702359e-01
-6.738716950161413033e-01
-6.738990903447992231e-01
-6.739258905126751520e-01
-6.739520999739871954e-01
-6.739777322964156658e-01
-6.740028063421376059e-01
-6.740273424837375238e-01
-6.740513594834021127e-01
-6.740748724044243190e-01
-6.740978916635470553e-01
-6.741204231151901594e-01
-6.741424689105500745e-01
-6.741640288045595009e-01
-6.741851015851410001e-01
-6.742056863550598411e-01
-6.742257834847842357e-01
-6.742453951526744538e-01
-6.742645254778273367e-01
-6.742831803180645567e-01
-6.743013668447633835e-01
-6.743190930174429720e-01
-6.743363670689455081e-01
-6.743531970841808443e-01
-6.743695907201623374e-01
-6.743855550800764709e-01
-6.744010967252412891e-01
-6.744162217894259514e-01
-6.744309361511549028e-01
-6.744452456203209323e-01
-6.744591561032884375e-01
-6.744726737227222380e-01
-6.744858048815739471e-01
-6.744985562725450690e-01
-6.745109348431965746e-01
-6.745229477319623079e-01
-6.745346021916304169e-01
-6.745459055150878624e-01
-6.745568649742833545e-01
-6.745674877785844403e-01
-6.745777810540148911e-01
-6.745877518410159368e-01
-6.745974071058497001e-01
-6.746067537596276420e-01
-6.746157986791102568e-01
-6.746245487245244865e-01
-6.746330107512866769e-01
-6.746411916142981413e-01
-6.746490981650686836e-01
-6.746567372430903875e-01
-6.746641156635435621e-01
-6.746712402035680567e-01
-6.746781175890748106e-01
-6.746847544835444799e-01
-6.746911574796096156e-01
-6.746973330935891466e-01
-6.747032877626312208e-01
-6.747090278437920530e-01
-6.747145596142333224e-01
-6.747198892717484187e-01
-6.747250229349895934e-01
-6.747299666429823484e-01
-6.747347263537620821e-01
-6.747393079421797335e-01
-6.747437171970681602e-01
-6.747479598180577964e-01
-6.747520414123397980e-01
-6.747559674916348005e-01
-6.747597434695595808e-01
-6.747633746594892123e-01
-6.747668662729300326e-01
-6.747702234183501346e-01
-6.747734511003709024e-01
-6.747765542192069033e-01
-6.747795375702436704e-01
-6.747824058436687755e-01
-6.747851636240996820e-01
-6.747878153901819553e-01
-6.747903655141684887e-01
-6.747928182615020587e-01
-6.747951777904344084e-01
-6.747974481517233780e-01
-6.747996332884358406e-01
-6.748017370358810885e-01
-6.748037631216818877e-01
-6.748057151659780928e-01
-6.748075966817586036e-01
-6.748094110752956842e-01
-6.748111616466707652e-01
-6.748128515903716318e-01
-6.748144839959419050e-01
-6.748160618486783724e-01
-6.748175880303686203e-01
-6.748190653200641931e-01
-6.748204963948940538e-01
-6.748218838309131273e-01
-6.748232301039962522e-01
-6.748245375907717669e-01
-6.748258085695972852e-01
-6.748270452215743287e-01
-6.748282496315979317e-01
-6.748294237894408854e-01
-6.748305695908579649e-01
-6.748316888387165813e-01
-6.748327832441396446e-01
-6.748338544276594186e-01
-6.748349039203763722e-01
-6.748359331651250237e-01
-6.748369435176371223e-01
-6.748379362477040511e-01
-6.748389125403356781e-01
-6.748398734969109913e-01
-6.748408201363219616e-01
-6.748417533961059700e-01
-6.748426741335644685e-01
-6.748435831268657648e-01
-6.748444810761308199e-01
-6.748453686044983968e-01
-6.748462462591628963e-01
-6.748471145123912107e-01
-6.748479737625083796e-01
-6.748488243348546023e-01
-6.748496664827079439e-01
-6.748505003881785091e-01
-6.748513261630639803e-01
-6.748521438496681846e-01
-6.748529534215854664e-01
-6.748537547844410955e-01
-6.748545477765959255e-01
-6.748553321698086416e-01
-6.748561076698524896e-01
