-6.748574781945766432e-01
-6.748582739361338456e-01
-6.748590643875725936e-01
-6.748598489644314080e-01
-6.748606270225346870e-01
-6.748613978583588580e-01
-6.748621607093454600e-01
-6.748629147541556073e-01
-6.748636591128709394e-01
-6.748643928471397269e-01
-6.748651149602689081e-01
-6.748658243972617266e-01
-6.748665200448009660e-01
-6.748672007311813381e-01
-6.748678652261875799e-01
-6.748685122409198156e-01
-6.748691404275715122e-01
-6.748697483791551432e-01
-6.748703346291807792e-01
-6.748708976512906021e-01
-6.748714358588451256e-01
-6.748719476044654497e-01
-6.748724311795378794e-01
-6.748728848136741343e-01
-6.748733066741368081e-01
-6.748736948652269696e-01
-6.748740474276362367e-01
-6.748743623377659873e-01
-6.748746375070168169e-01
-6.748748707810470204e-01
-6.748750599390062055e-01
-6.748752026927437031e-01
-6.748752966859952185e-01
-6.748753394935549377e-01
-6.748753286204312030e-01
-6.748752615009920852e-01
-6.748751354981077366e-01
-6.748749479022868591e-01
-6.748746959308179472e-01
-6.748743767269131943e-01
-6.748739873588568416e-01
-6.748735248191620739e-01
-6.748729860237353551e-01
-6.748723678110478685e-01
-6.748716669413181712e-01
-6.748708800957042842e-01
-6.748700038755128805e-01
-6.748690348014294571e-01
-6.748679693127815904e-01
-6.748668037668403841e-01
-6.748655344381765397e-01
-6.748641575180809316e-01
-6.748626691140601208e-01
-6.748610652494124729e-01
-6.748593418628835439e-01
-6.748574948083991831e-01
-6.748555198548612521e-01
-6.748534126859897508e-01
-6.748511689001961411e-01
-6.748487840104701041e-01
-6.748462534442701832e-01
-6.748435725434284160e-01
-6.748407365640822775e-01
-6.748377406766837838e-01
-6.748345799661243927e-01
-6.748312494320514165e-01
-6.748277439894317942e-01
-6.748240584694167321e-01
-6.748201876205269789e-01
-6.748161261101414121e-01
-6.748118685262278760e-01
-6.748074093792002515e-01
-6.748027431037593171e-01
-6.747978640605510892e-01
-6.747927665374953143e-01
-6.747874447506910789e-01
-6.747818928449000886e-01
-6.747761048937235273e-01
-6.747700748997201847e-01
-6.747637967948433291e-01
-6.747572644416327536e-01
-6.747504716356211851e-01
-6.747434121093081050e-01
-6.747360795378676279e-01
-6.747284675464554349e-01
-6.747205697186307027e-01
-6.747123796050509270e-01
-6.747038907313120948e-01
-6.746950966036759922e-01
-6.746859907115403399e-01
-6.746765665258852573e-01
-6.746668174936114593e-01
-6.746567370285847520e-01
-6.746463185012029351e-01
-6.746355552292191415e-01
-6.746244404731644995e-01
-6.746129674397685072e-01
-6.746011292961351380e-01
-6.745889191959615339e-01
-6.745763303169070024e-01
-6.745633559055413953e-01
-6.745499893235814559e-01
-6.745362240869382520e-01
-6.745220538880702943e-01
-6.745074725928816850e-01
-6.744924742062723411e-01
-6.744770528055027414e-01
-6.744612024473258804e-01
-6.744449170624328138e-01
-6.744281903577441506e-01
-6.744110157517254622e-01
-6.743933863685029895e-01
-6.743752951116857020e-01
-6.743567348278686202e-01
-6.743376985532838486e-01
-6.743181798168900176e-01
-6.742981729526299484e-01
-6.742776733569973979e-01
-6.742566776203166024e-01
-6.742351834656881149e-01
-6.742131894512637391e-01
-6.741906944296238713e-01
-6.741676968092746858e-01
-6.741441937204739610e-01
-6.741201802400231813e-01
-6.740956488644163080e-01
-6.740705894246817875e-01
-6.740449895990646700e-01
-6.740188360968275560e-01
-6.739921164619901983e-01
-6.739648212942360717e-01
-6.739369465303947093e-01
-6.739084953068882333e-01
-6.738794788677682224e-01
-6.738499160274247224e-01
-6.738198308627483257e-01
-6.737892485974729118e-01
-6.737581900259972389e-01
-6.737266652505411457e-01
-6.736946678933448673e-01
-6.736621711978116878e-01
-6.736291274520294081e-01
-6.735954718793192297e-01
-6.735611315120703102e-01
-6.735260386308418168e-01
-6.734901472216928697e-01
-6.734534497689113053e-01
-6.734159908048222842e-01
-6.733778732531932043e-01
-6.733392539686652301e-01
-6.733003261412114915e-01
-6.732612883995864328e-01
-6.732223033109610011e-01
-6.731834511208052430e-01
-6.731446874040807327e-01
-6.731058150881661373e-01
-6.730664813504207977e-01
-6.730262076463165988e-01
-6.729844563816197445e-01
-6.729407307825439055e-01
-6.728946961905595270e-01
-6.728463027219733217e-01
-6.727958828156607174e-01
-6.727441946224058666e-01
-6.726923852023185546e-01
-6.726418571332661855e-01
-6.725940382969716191e-01
-6.725500757422153697e-01
-6.725104975034635890e-01
-6.724749066014702459e-01
-6.724417839117571294e-01
-6.724084760342236011e-01
-6.723714269065060867e-01
-6.723266763735621376e-01
-6.722705975255248712e-01
-6.722007837714194523e-01
-6.721169367734413091e-01
-6.720215609369669663e-01
-6.719202534868208287e-01
-6.718214036861815952e-01
-6.717351876312182002e-01
-6.716718649642148264e-01
-6.716395386859002059e-01
-6.716417055377157386e-01
-6.716750691208538404e-01
-6.717281728724546763e-01
-6.717813988365933797e-01
-6.718087445810010383e-01
-6.717815269923104182e-01
-6.716737860542677518e-01
-6.714687215495748207e-01
-6.711650668661515162e-01
-6.707819839920391436e-01
-6.703609567473901576e-01
-6.699633558212608753e-01
-6.696629000891621830e-01
-6.695331295839456187e-01
-6.696311388599504033e-01
-6.699800127954733675e-01
-6.705534123296968962e-01
-6.712663030896207639e-01
-6.719756629502527945e-01
-6.724939873036976934e-01
-6.726165037120430679e-01
-6.721603397949426073e-01
-6.710107676425983714e-01
-6.691665751667440487e-01
-6.667742767398323611e-01
-6.641400851983942921e-01
-6.617101025332372544e-01
-6.600135154107610314e-01
-6.595705410632910493e-01
-6.607754528334033317e-01
-6.637734503772092509e-01
-6.683563296179360069e-01
-6.739040930744870650e-01
-6.793969467114898686e-01
-6.835146282009298968e-01
-6.848282142939926542e-01
-6.820737064926136739e-01
-6.744766872457690354e-01
-6.620739969906976885e-01
-6.459559231936772283e-01
-6.283402368183550468e-01
-6.124003737829425420e-01
-6.018133055245947771e-01
-6.000642781929390601e-01
-6.096242729936510729e-01
-6.311700409351810315e-01
-6.630209401757520826e-01
-7.009205052905476130e-01
-7.382222606952082433e-01
-7.664942984280416205e-01
-7.765663128916645563e-01
-7.600807448740646288e-01
-7.115742102351310105e-01
-6.308755446329750161e-01
-5.251460685775998227e-01
-4.094628021978436450e-01
-3.049354473767284524e-01
-2.342320150656078404e-01
-2.156806369322557537e-01
-2.579563775673630599e-01
-3.572253685357516528e-01
-4.976727569305511856e-01
-6.550039471856275997e-01
-8.012329347206035290e-01
-9.086299209048586123e-01
-9.518053387819519484e-01
-9.091080877258443937e-01
-7.659733338865974961e-01
-5.215984575399399414e-01
-1.961536063787945039e-01
1.681182819150905672e-01
5.165605687498223686e-01
7.984359793385735760e-01
9.790716658551773532e-01
1.041396269502480543e+00
9.807452122568411923e-01
8.016482416856475224e-01
5.209664409927549089e-01
1.731183770822758150e-01
-1.913173986205692623e-01
-5.176242922851193029e-01
-7.633008751343334231e-01
-9.078611193453731687e-01
-9.518637333384989407e-01
-9.097355860778304493e-01
-8.030581732154070673e-01
-6.571774661938272200e-01
-4.997988968978920310e-01
-3.589271698177108338e-01
-2.589422717179144517e-01
-2.158084694347094379e-01
-2.335403254384602056e-01
-3.036263397257917829e-01
-4.078405852218006111e-01
-5.235329302904624393e-01
-6.295341337387334590e-01
-7.106616190008355760e-01
-7.596412163222854286e-01
-7.765528090128139826e-01
-7.668022070438172966e-01
-7.387221002943354931e-01
-7.014837546296507353e-01
-6.635382963524133482e-01
-6.315630661111719668e-01
-6.098510229715831121e-01
-6.001190114478324178e-01
-6.017206638932962592e-01
-6.122053653224297509e-01
-6.280962881153540067e-01
-6.457136126623804762e-01
-6.618726272670027999e-01
-6.743398232925971181e-01
-6.820086525008853817e-01
-6.848285421809156004e-01
-6.835644875381682306e-01
-6.794759222451446368e-01
-6.739916516150248338e-01
-6.684352430997886341e-01
-6.638319002515274958e-01
-6.608077828167502332e-01
-6.595768295132856673e-01
-6.599982838756018877e-01
-6.616805548539345105e-01
-6.641042749198646788e-01
-6.667395346310868165e-01
-6.691384140402788505e-01
-6.709923491424684139e-01
-6.721524680156600873e-01
-6.726180249571597214e-01
-6.725024325376312007e-01
-6.719879665033633431e-01
-6.712794577886403991e-01
-6.705649648939512320e-01
-6.699883524155653136e-01
-6.696355771965147863e-01
-6.695338057501607487e-01
-6.696605661458039371e-01
-6.699591062185636936e-01
-6.703559606137677873e-01
-6.707772655500116032e-01
-6.711613608172426471e-01
-6.714664112752414260e-01
-6.716729163945894809e-01
-6.717818723652226875e-01
-6.718099080573283199e-01
-6.717829180342260731e-01
-6.717296128813287082e-01
-6.716760894213226196e-01
-6.716420953200439303e-01
-6.716392216890320066e-01
-6.716708799494932602e-01
-6.717336534228457445e-01
-6.718194783507327461e-01
-6.719180960651914836e-01
-6.720193017866035179e-01
-6.721146597035059234e-01
-6.721985203760010297e-01
-6.722683319025000159e-01
-6.723243570198291774e-01
-6.723689820619629387e-01
-6.724058289980401337e-01
-6.724388656562438893e-01
-6.724716640956500679e-01
-6.725068972752745733e-01
-6.725461031525986622e-01
-6.725896936445011631e-01
-6.726371500089715072e-01
-6.726873284962934241e-01
-6.727387993224283047e-01
-6.727901543349722457e-01
-6.728402390522628673e-01
-6.728882877839712506e-01
-6.729339617816956221e-01
-6.729773066652808833e-01
-6.730186551368924075e-01
-6.730585041117514988e-01
-6.730973928897561187e-01
-6.731358025992457694e-01
-6.731740888451462901e-01
-6.732124511283645862e-01
-6.732509355926596939e-01
-6.732894628609736865e-01
-6.733278704332016362e-01
-6.733659591313860826e-01
-6.734035348555619249e-01
-6.734404397431453804e-01
-6.734765699851450460e-01
-6.735118804350983535e-01
-6.735463783319631803e-01
-6.735801097421229011e-01
-6.736131427034434127e-01
-6.736455506746383826e-01
-6.736773989972957288e-01
-6.737087359372697648e-01
-6.737395887357749968e-01
-6.737699641583593246e-01
-6.737998523947197338e-01
-6.738292328687939259e-01
-6.738580805358315162e-01
-6.738863714953813311e-01
-6.739140871387838683e-01
-6.739412164790928861e-01
-6.739677566989453750e-01
-6.739937122424404237e-01
-6.740190929446261414e-01
-6.740439117374764644e-01
-6.740681824154759472e-01
-6.740919178201972839e-01
-6.741151286483886285e-01
-6.741378229353544027e-01
-6.741600061399836141e-01
-6.741816816742546292e-01
-6.742028516825592233e-01
-6.742235178801877504e-01
-6.742436822953358222e-01
-6.742633478118414958e-01
-6.742825184674715588e-01
-6.743011995141631187e-01
-6.743193972849728102e-01
-6.743371189342647343e-01
-6.743543721231922694e-01
-6.743711647146626298e-01
-6.743875045252383238e-01
-6.744033991606980250e-01
-6.744188559416987028e-01
-6.744338819093967929e-01
-6.744484838899411638e-01
-6.744626685919106190e-01
-6.744764427114120497e-01
-6.744898130242703571e-01
-6.745027864517780802e-01
-6.745153700941061148e-01
-6.745275712322871264e-01
-6.745393973047247860e-01
-6.745508558670524346e-01
-6.745619545448627852e-01
-6.745727009878009772e-01
-6.745831028312937461e-01
-6.745931676694532086e-01
-6.746029030400341187e-01
-6.746123164201133227e-01
-6.746214152297457245e-01
-6.746302068401738294e-01
-6.746386985832657501e-01
-6.746468977594561878e-01
-6.746548116423910502e-01
-6.746624474794725712e-01
-6.746698124884036307e-01
-6.746769138504982166e-01
-6.746837587019103299e-01
-6.746903541240254487e-01
-6.746967071341503086e-01
-6.747028246773240090e-01
-6.747087136197481572e-01
-6.747143807439485164e-01
-6.747198327455194988e-01
-6.747250762310917915e-01
-6.747301177170719200e-01
-6.747349636287170993e-01
-6.747396202991770009e-01
-6.747440939682562977e-01
-6.747483907807810821e-01
-6.747525167845734861e-01
-6.747564779281269853e-01
-6.747602800581289362e-01
-6.747639289169936605e-01
-6.747674301405507391e-01
-6.747707892560000920e-01
-6.747740116802031229e-01
-6.747771027183219195e-01
-6.747800675627878553e-01
-6.747829112925525230e-01
-6.747856388725532728e-01
-6.747882551533410656e-01
-6.747907648708081352e-01
-6.747931726459828194e-01
-6.747954829848702429e-01
-6.747977002783333011e-01
-6.747998288020207180e-01
-6.748018727163604957e-01
-6.748038360666326341e-01
-6.748057227831406601e-01
-6.748075366814916265e-01
-6.748092814629913505e-01
-6.748109607151547840e-01
-6.748125779123214096e-01
-6.748141364163717792e-01
-6.748156394775280953e-01
-6.748170902352319533e-01
-6.748184917190842569e-01
-6.748198468498380898e-01
-6.748211584404413266e-01
-6.748224291971227640e-01
-6.748236617205153332e-01
-6.748248585068225003e-01
-6.748260219490169742e-01
-6.748271543380794935e-01
-6.748282578642705865e-01
-6.748293346184349728e-01
-6.748303865933343859e-01
-6.748314156850038215e-01
-6.748324236941324328e-01
-6.748334123274544183e-01
-6.748343831991561181e-01
-6.748353378322857754e-01
-6.748362776601689594e-01
-6.748372040278193262e-01
-6.748381181933484907e-01
-6.748390213293636863e-01
-6.748399145243577646e-01
-6.748407987840840949e-01
-6.748416750329171432e-01
-6.748425441151912896e-01
-6.748434067965215499e-01
-6.748442637650983178e-01
-6.748451156329586809e-01
-6.748459629372276503e-01
-6.748468061413275265e-01
-6.748476456361537368e-01
-6.748484817412168102e-01
-6.748493147057437191e-01
-6.748501447097401407e-01
-6.748509718650110845e-01
-6.748517962161387773e-01
-6.748526177414133631e-01
-6.748534363537195269e-01
-6.748542519013711605e-01
-6.748550641689039509e-01
-6.748558728778110138e-01
-6.748566776872293449e-01
