-6.748576744684862128e-01
-6.748584985792982494e-01
-6.748593205504419545e-01
-6.748601397748175135e-01
-6.748609555886366795e-01
-6.748617672718025817e-01
-6.748625740482178115e-01
-6.748633750860381086e-01
-6.748641694978622096e-01
-6.748649563408640750e-01
-6.748657346168622784e-01
-6.748665032723322188e-01
-6.748672611983573821e-01
-6.748680072305224265e-01
-6.748687401487449833e-01
-6.748694586770529469e-01
-6.748701614832973705e-01
-6.748708471788161800e-01
-6.748715143180351594e-01
-6.748721613980217526e-01
-6.748727868579841305e-01
-6.748733890787241840e-01
-6.748739663820418899e-01
-6.748745170301005958e-01
-6.748750392247482299e-01
-6.748755311067995422e-01
-6.748759907552814852e-01
-6.748764161866362965e-01
-6.748768053538901635e-01
-6.748771561457828083e-01
-6.748774663858597700e-01
-6.748777338315328223e-01
-6.748779561731091947e-01
-6.748781310327923721e-01
-6.748782559636691269e-01
-6.748783284486773448e-01
-6.748783458995701867e-01
-6.748783056558819160e-01
-6.748782049838965014e-01
-6.748780410756257675e-01
-6.748778110477977599e-01
-6.748775119408496614e-01
-6.748771407179303683e-01
-6.748766942638996236e-01
-6.748761693843269294e-01
-6.748755628044853516e-01
-6.748748711683458801e-01
-6.748740910375690127e-01
-6.748732188905138818e-01
-6.748722511212712494e-01
-6.748711840387401351e-01
-6.748700138657678371e-01
-6.748687367383728875e-01
-6.748673487050703690e-01
-6.748658457263142507e-01
-6.748642236740584055e-01
-6.748624783314395303e-01
-6.748606053925605419e-01
-6.748586004623526868e-01
-6.748564590564698484e-01
-6.748541766011703080e-01
-6.748517484331342242e-01
-6.748491697991759741e-01
-6.748464358558320386e-01
-6.748435416688391975e-01
-6.748404822125794178e-01
-6.748372523696090086e-01
-6.748338469304543397e-01
-6.748302605938943932e-01
-6.748264879679438666e-01
-6.748225235717063564e-01
-6.748183618381637938e-01
-6.748139971177895546e-01
-6.748094236826729375e-01
-6.748046357306162202e-01
-6.747996273884979690e-01
-6.747943927141200060e-01
-6.747889256958526927e-01
-6.747832202496909515e-01
-6.747772702138636891e-01
-6.747710693418191852e-01
-6.747646112951682928e-01
-6.747578896388285452e-01
-6.747508978409662017e-01
-6.747436292801693991e-01
-6.747360772614749980e-01
-6.747282350413124075e-01
-6.747200958592854958e-01
-6.747116529722713141e-01
-6.747028996840924719e-01
-6.746938293626534300e-01
-6.746844354366051677e-01
-6.746747113658381201e-01
-6.746646505845959041e-01
-6.746542464224813962e-01
-6.746434920161196169e-01
-6.746323802312885753e-01
-6.746209036199084519e-01
-6.746090544363481101e-01
-6.745968247314308996e-01
-6.745842065295690748e-01
-6.745711920755369517e-01
-6.745577741150868833e-01
-6.745439461525195579e-01
-6.745297026141338081e-01
-6.745150388453550194e-01
-6.744999508860792803e-01
-6.744844350054011173e-01
-6.744684870310143632e-01
-6.744521015724239676e-01
-6.744352712978616271e-01
-6.744179864658956802e-01
-6.744002349170362676e-01
-6.743820026845769311e-01
-6.743632752820871712e-01
-6.743440395744542126e-01
-6.743242859619196228e-01
-6.743040104380662036e-01
-6.742832159687288662e-01
-6.742619126261018003e-01
-6.742401160374495994e-01
-6.742178439844490612e-01
-6.741951113972250997e-01
-6.741719244667940814e-01
-6.741482750538038138e-01
-6.741241368781109022e-01
-6.740994650087199780e-01
-6.740741998411740044e-01
-6.740482760153355679e-01
-6.740216356459342029e-01
-6.739942439705572941e-01
-6.739661043211940816e-01
-6.739372685156462817e-01
-6.739078386673404975e-01
-6.738779572735897894e-01
-6.738477843495451758e-01
-6.738174631816205018e-01
-6.737870795656417666e-01
-6.737566225083724269e-01
-6.737259564829229941e-01
-6.736948156090697415e-01
-6.736628279462313351e-01
-6.736295732211703413e-01
-6.735946701401465120e-01
-6.735578810147493378e-01
-6.735192134499192740e-01
-6.734789933943112761e-01
-6.734378830416761774e-01
-6.733968224992221696e-01
-6.733568863586177899e-01
-6.733190643710057488e-01
-6.732839966754353700e-01
-6.732517142204855753e-01
-6.732214489061141283e-01
-6.731915802937602500e-01
-6.731597724890492351e-01
-6.731233246088270672e-01
-6.730797134375204882e-01
-6.730272540322246311e-01
-6.729657536094868497e-01
-6.728969989757338510e-01
-6.728249110446987702e-01
-6.727552315359007773e-01
-6.726946802920136248e-01
-6.726496311987162358e-01
-6.726244844496123143e-01
-6.726200373819692935e-01
-6.726322438083414124e-01
-6.726517710837011110e-01
-6.726646909639065752e-01
-6.726544658438921021e-01
-6.726051290755757917e-01
-6.725052442273746767e-01
-6.723519235116504067e-01
-6.721539653073753673e-01
-6.719331114503936941e-01
-6.717225872186441959e-01
-6.715624955050384370e-01
-6.714922639746476740e-01
-6.715411014461534212e-01
-6.717181621136777414e-01
-6.720046619813798694e-01
-6.723503578988291318e-01
-6.726764444724716574e-01
-6.728859907808548702e-01
-6.728815866204960194e-01
-6.725880876252894325e-01
-6.719765555174692651e-01
-6.710840937831931141e-01
-6.700237257650629719e-01
-6.689791416975031657e-01
-6.681812681575396429e-01
-6.678671000404790004e-01
-6.682256051186253876e-01
-6.693399112638723780e-01
-6.711383322657611394e-01
-6.733680232781912300e-01
-6.756034373406126781e-01
-6.772970471018991967e-01
-6.778723243940414367e-01
-6.768495491591235425e-01
-6.739849101519257424e-01
-6.693943582791079816e-01
-6.636282425141378782e-01
-6.576638691551388582e-01
-6.527933973680247748e-01
-6.504046004508864387e-01
-6.516791461258207852e-01
-6.572605268651438015e-01
-6.669630484522901526e-01
-6.795975661859813277e-01
-6.929772753607579272e-01
-7.041418441431858133e-01
-7.098068105511575743e-01
-7.070101685728618079e-01
-6.938851301751345346e-01
-6.704305385852818988e-01
-6.390835820757133634e-01
-6.048547372504826658e-01
-5.748151626739267384e-01
-5.568710067259938779e-01
-5.579947419929933705e-01
-5.823135590463375255e-01
-6.295565207735481783e-01
-6.942683694463124278e-01
-7.659504307196146611e-01
-8.300375892621293383e-01
-8.695571583284377182e-01
-8.675287585767998966e-01
-8.104515212504819210e-01
-6.930581541042698523e-01
-5.234195307181015444e-01
-3.258258965371473304e-01
-1.382800487122461675e-01
-3.504799603492216985e-03
4.383975606870075398e-02
-1.124774907227280886e-02
-1.579856144113978567e-01
-3.614359065043060149e-01
-5.713177561329114695e-01
-7.346721246346703538e-01
-8.073568915469591101e-01
-7.615592707530050021e-01
-5.906030559870800722e-01
-3.126227982115738491e-01
2.976804851885433631e-02
3.790378923571109393e-01
6.808915075422953267e-01
9.014583653835214205e-01
1.033479063058690750e+00
1.090729155240437231e+00
1.097009349160148473e+00
1.076287713910070831e+00
1.046980137838112723e+00
1.020220733912033051e+00
1.000850605861516973e+00
9.897196729856194697e-01
9.861339900594280339e-01
9.896409936505774496e-01
1.000681884779033526e+00
1.019954512559599680e+00
1.046639789772393137e+00
1.075958629993791105e+00
1.096862657086085768e+00
1.091022001239866590e+00
1.034513922397548358e+00
9.034890087729400276e-01
6.839864578836879483e-01
3.829626742054329513e-01
3.397554230116996837e-02
-3.088433695238188559e-01
-5.878832300442772274e-01
-7.602722675672070052e-01
-8.075669095928060814e-01
-7.361662434285985990e-01
-5.736574537255338946e-01
-3.640248116275065504e-01
-1.601828662534141579e-01
-1.252073537328114022e-02
4.377779911451634698e-02
-2.381768528125750416e-03
-1.362837248438030779e-01
-3.234425321374366780e-01
-5.211549620662180304e-01
-6.912986628605953809e-01
-8.093926464954033229e-01
-8.671817619348656248e-01
-8.698024250152300851e-01
-8.306865527216782397e-01
-7.667949922266098506e-01
-6.951153126539417748e-01
-6.302515855141263001e-01
-5.827578653093565819e-01
-5.581524130379793558e-01
-5.567658253334103469e-01
-5.745163278102916049e-01
-6.044552241035805462e-01
-6.386769574929305193e-01
-6.700920892422727038e-01
-6.936609922082990209e-01
-7.069150890536700649e-01
-7.098287146096446953e-01
-7.042503118505619719e-01
-6.931331926408189625e-01
-6.797619599866630002e-01
-6.671038965683848687e-01
-6.573569371734910849e-01
-6.517227663424910444e-01
-6.503985305642386860e-01
-6.527492390836068248e-01
-6.575977920796177711e-01
-6.635570015045216818e-01
-6.693320434506081495e-01
-6.739409077289656436e-01
-6.768278403540390897e-01
-6.778719505225946351e-01
-6.773133819875994943e-01
-6.756298434105939554e-01
-6.733975014370585654e-01
-6.711648703934670612e-01
-6.693593574602830776e-01
-6.682360135251291799e-01
-6.678686009516388022e-01
-6.681755879368739270e-01
-6.689689351443938170e-01
-6.700118839034090445e-01
-6.710731600248313056e-01
-6.719683342812242666e-01
-6.725834751546068135e-01
-6.728806058027413384e-01
-6.728879781198562338e-01
-6.726803210874109373e-01
-6.723549164111968235e-01
-6.720088135215032121e-01
-6.717211072960143081e-01
-6.715424108929700653e-01
-6.714918735149427720e-01
-6.715606355637525615e-01
-6.717196736768916709e-01
-6.719296263956315851e-01
-6.721503517860708543e-01
-6.723485105835533826e-01
-6.725022094883599255e-01
-6.726024973403954554e-01
-6.726521362910311552e-01
-6.726624814719786016e-01
-6.726494677789238708e-01
-6.726296455022366949e-01
-6.726169877856252866e-01
-6.726208888777064354e-01
-6.726454580810765638e-01
-6.726899505716572580e-01
-6.727500006174530478e-01
-6.728192483228786491e-01
-6.728909693150184612e-01
-6.729594038097207465e-01
-6.730206057014668231e-01
-6.730727621695070662e-01
-6.731160441976746789e-01
-6.731521222498693113e-01
-6.731835134090961015e-01
-6.732129199971716993e-01
-6.732426848992356661e-01
-6.732744384996385278e-01
-6.733089592473410212e-01
-6.733462249104528174e-01
-6.733856011802640262e-01
-6.734261008321184017e-01
-6.734666488001950224e-01
-6.735063023012445305e-01
-6.735443952917647970e-01
-6.735805978103209801e-01
-6.736148988838521756e-01
-6.736475339784193661e-01
-6.736788834842130091e-01
-6.737093679797354628e-01
-6.737393606140258395e-01
-6.737691289809354389e-01
-6.737988104317502724e-01
-6.738284175767238482e-01
-6.738578658290240719e-01
-6.738870126297340502e-01
-6.739156982471568025e-01
-6.739437801387340166e-01
-6.739711559705982014e-01
-6.739977736834508182e-01
-6.740236298086735856e-01
-6.740487591577378756e-01
-6.740732198818315535e-01
-6.740970778111434747e-01
-6.741203931803034788e-01
-6.741432116508210282e-01
-6.741655602730116659e-01
-6.741874479460385761e-01
-6.742088691958363356e-01
-6.742298097533296897e-01
-6.742502524462048452e-01
-6.742701822213698071e-01
-6.742895895682373686e-01
-6.743084720929031217e-01
-6.743268344026374095e-01
-6.743446867386539978e-01
-6.743620429221879320e-01
-6.743789181678484512e-01
-6.743953272052792824e-01
-6.744112829820874122e-01
-6.744267960433935061e-01
-6.744418745322814379e-01
-6.744565246528594349e-01
-6.744707513908295704e-01
-6.744845592901793641e-01
-6.744979531253399996e-01
-6.745109383687675209e-01
-6.745235214178514349e-01
-6.745357095993865792e-01
-6.745475110067447044e-01
-6.745589342419008316e-01
-6.745699881335347481e-01
-6.745806814883870128e-01
-6.745910229119642665e-01
-6.746010207123775970e-01
-6.746106828820880308e-01
-6.746200171392910949e-01
-6.746290310044955607e-01
-6.746377318878679086e-01
-6.746461271674424331e-01
-6.746542242453212879e-01
-6.746620305765103076e-01
-6.746695536715215935e-01
-6.746768010784084391e-01
-6.746837803521532617e-01
-6.746904990195377039e-01
-6.746969645462621568e-01
-6.747031843108732829e-01
-6.747091655876148453e-01
-6.747149155381617636e-01
-6.747204412106405647e-01
-6.747257495435016184e-01
-6.747308473716484567e-01
-6.747357414325800828e-01
-6.747404383709462161e-01
-6.747449447406844714e-01
-6.747492670045914798e-01
-6.747534115317056491e-01
-6.747573845931882364e-01
-6.747611923574816650e-01
-6.747648408854630686e-01
-6.747683361261271884e-01
-6.747716839131291389e-01
-6.747748899622852958e-01
-6.747779598699895631e-01
-6.747808991123651623e-01
-6.747837130449400034e-01
-6.747864069026265899e-01
-6.747889857998281560e-01
-6.747914547305431388e-01
-6.747938185683958201e-01
-6.747960820665805937e-01
-6.747982498577304034e-01
-6.748003264537605350e-01
-6.748023162457328361e-01
-6.748042235037874370e-01
-6.748060523771912678e-01
-6.748078068945237984e-01
-6.748094909640180994e-01
-6.748111083740634397e-01
-6.748126627938590971e-01
-6.748141577742065023e-01
-6.748155967484207318e-01
-6.748169830333412555e-01
-6.748183198304226194e-01
-6.748196102268833041e-01
-6.748208571969044334e-01
-6.748220636028641195e-01
-6.748232321966020075e-01
-6.748243656207134622e-01
-6.748254664098746192e-01
-6.748265369921997436e-01
-6.748275796906347823e-01
-6.748285967243884409e-01
-6.748295902104050059e-01
-6.748305621648711394e-01
-6.748315145047607544e-01
-6.748324490494058692e-01
-6.748333675220874461e-01
-6.748342715516412182e-01
-6.748351626740699549e-01
-6.748360423341535075e-01
-6.748369118870525263e-01
-6.748377725999008536e-01
-6.748386256533864813e-01
-6.748394721433134125e-01
-6.748403130821488682e-01
-6.748411494005492894e-01
-6.748419819488693516e-01
-6.748428114986474435e-01
-6.748436387440698292e-01
-6.748444643034048340e-01
-6.748452887204087203e-01
-6.748461124656998100e-01
-6.748469359380926402e-01
-6.748477594658933709e-01
-6.748485833081523388e-01
-6.748494076558706478e-01
-6.748502326331611290e-01
-6.748510582983553441e-01
-6.748518846450665132e-01
-6.748527116031979300e-01
-6.748535390398976430e-01
-6.748543667604623986e-01
-6.748551945091879611e-01
-6.748560219701587037e-01
-6.748568487679857952e-01
