-6.748576048912855452e-01
-6.748584854120931453e-01
-6.748593691890110158e-01
-6.748602555706795236e-01
-6.748611438555827124e-01
-6.748620332924440968e-01
-6.748629230805404111e-01
-6.748638123699470803e-01
-6.748647002617105262e-01
-6.748655858079436465e-01
-6.748664680118521275e-01
-6.748673458276881476e-01
-6.748682181606304731e-01
-6.748690838665958314e-01
-6.748699417519777866e-01
-6.748707905733198897e-01
-6.748716290369165538e-01
-6.748724557983484251e-01
-6.748732694619520300e-01
-6.748740685802249173e-01
-6.748748516531695163e-01
-6.748756171275721583e-01
-6.748763633962301389e-01
-6.748770887971182741e-01
-6.748777916125029419e-01
-6.748784700680013904e-01
-6.748791223315930843e-01
-6.748797465125814243e-01
-6.748803406605073940e-01
-6.748809027640171321e-01
-6.748814307496884268e-01
-6.748819224808145778e-01
-6.748823757561543957e-01
-6.748827883086472301e-01
-6.748831578041037949e-01
-6.748834818398720126e-01
-6.748837579434872058e-01
-6.748839835713090762e-01
-6.748841561071458051e-01
-6.748842728608693831e-01
-6.748843310670239459e-01
-6.748843278834206760e-01
-6.748842603897263759e-01
-6.748841255860381638e-01
-6.748839203914561713e-01
-6.748836416426547968e-01
-6.748832860924630639e-01
-6.748828504084697366e-01
-6.748823311716634077e-01
-6.748817248751228792e-01
-6.748810279227712705e-01
-6.748802366281928533e-01
-6.748793472135192761e-01
-6.748783558083693013e-01
-6.748772584488347270e-01
-6.748760510764943987e-01
-6.748747295374407651e-01
-6.748732895813129851e-01
-6.748717268603402486e-01
-6.748700369284120759e-01
-6.748682152402083467e-01
-6.748662571504308039e-01
-6.748641579131813284e-01
-6.748619126815342817e-01
-6.748595165073295599e-01
-6.748569643411924668e-01
-6.748542510327657507e-01
-6.748513713311025120e-01
-6.748483198851580322e-01
-6.748450912443021421e-01
-6.748416798587911769e-01
-6.748380800801510038e-01
-6.748342861614735622e-01
-6.748302922576648877e-01
-6.748260924257417637e-01
-6.748216806252971267e-01
-6.748170507192755574e-01
-6.748121964751864210e-01
-6.748071115668455855e-01
-6.748017895766764696e-01
-6.747962239985282329e-01
-6.747904082409033055e-01
-6.747843356304299434e-01
-6.747779994153936256e-01
-6.747713927691481040e-01
-6.747645087932714336e-01
-6.747573405203872721e-01
-6.747498809166569966e-01
-6.747421228840041474e-01
-6.747340592621859923e-01
-6.747256828308582088e-01
-6.747169863117857824e-01
-6.747079623713644336e-01
-6.746986036236332085e-01
-6.746889026340084916e-01
-6.746788519240228821e-01
-6.746684439774274233e-01
-6.746576712480362170e-01
-6.746465261696195093e-01
-6.746350011679422831e-01
-6.746230886746342748e-01
-6.746107811420245515e-01
-6.745980710573975525e-01
-6.745849509545268630e-01
-6.745714134199889411e-01
-6.745574510918911360e-01
-6.745430566494806657e-01
-6.745282227936842956e-01
-6.745129422209299452e-01
-6.744972075953037383e-01
-6.744810115266430817e-01
-6.744643465638777702e-01
-6.744472052130174866e-01
-6.744295799869776120e-01
-6.744114634896064553e-01
-6.743928485290350272e-01
-6.743737282466855110e-01
-6.743540962395372373e-01
-6.743339466466913290e-01
-6.743132741692926535e-01
-6.742920739975065691e-01
-6.742703416307976871e-01
-6.742480725979043132e-01
-6.742252621085006448e-01
-6.742019046954386141e-01
-6.741779939287005918e-01
-6.741535222930560289e-01
-6.741284813145461685e-01
-6.741028619920753640e-01
-6.740766555390168557e-01
-6.740498543703998813e-01
-6.740224531940801622e-01
-6.739944499945137446e-01
-6.739658466537209458e-01
-6.739366489540596916e-01
-6.739068657654775363e-01
-6.738765073412069651e-01
-6.738455828227628563e-01
-6.738140972650591420e-01
-6.737820486983611135e-01
-6.737494258979961348e-01
-6.737162075844519427e-01
-6.736823636823783268e-01
-6.736478590030524627e-01
-6.736126592878070030e-01
-6.735767390049521852e-01
-6.735400897151396782e-01
-6.735027273285266736e-01
-6.734646963069286230e-01
-6.734260689428684943e-01
-6.733869383637131056e-01
-6.733474048816000535e-01
-6.733075566620111418e-01
-6.732674472322335291e-01
-6.732270738135696098e-01
-6.731863614901673065e-01
-6.731451584657267562e-01
-6.731032468166804339e-01
-6.730603710863792832e-01
-6.730162838647720802e-01
-6.729708035216838136e-01
-6.729238751462151003e-01
-6.728756223480453214e-01
-6.728263758559841490e-01
-6.727766656825436842e-01
-6.727271675930523998e-01
-6.726786017962643749e-01
-6.726315915553652269e-01
-6.725865004510851453e-01
-6.725432772848550789e-01
-6.725013446277329221e-01
-6.724595683103136157e-01
-6.724163387237831468e-01
-6.723697797597019132e-01
-6.723180782520985499e-01
-6.722598985185523901e-01
-6.721948175726825125e-01
-6.721236928621405760e-01
-6.720488626959473244e-01
-6.719740859839773428e-01
-6.719041565309257225e-01
-6.718441783040223214e-01
-6.717985574436217133e-01
-6.717698446754334363e-01
-6.717576338763988630e-01
-6.717577715373888037e-01
-6.717621403578312167e-01
-6.717592344259739612e-01
-6.717356372218364902e-01
-6.716783519897351340e-01
-6.715777351451043264e-01
-6.714305789848141748e-01
-6.712427224516304136e-01
-6.710304853764076372e-01
-6.708202659896207454e-01
-6.706458424437227173e-01
-6.705432797932451283e-01
-6.705438330578379347e-01
-6.706657855775617350e-01
-6.709066676834958276e-01
-6.712376421641612634e-01
-6.716019005165654310e-01
-6.719185954703539299e-01
-6.720931012293266393e-01
-6.720332765251603169e-01
-6.716700257181730249e-01
-6.709790175314136462e-01
-6.699992168066599696e-01
-6.688432498561657225e-01
-6.676948906494039049e-01
-6.667903622844281175e-01
-6.663827366348191727e-01
-6.666922374658607042e-01
-6.678491473962667735e-01
-6.698394865152269562e-01
-6.724658037694227763e-01
-6.753355812766983490e-01
-6.778874822581890669e-01
-6.794609037532177709e-01
-6.794072279409796300e-01
-6.772322277860706174e-01
-6.727490640882967110e-01
-6.662117425606808307e-01
-6.583924347412849487e-01
-6.505663390535649793e-01
-6.443782014795161883e-01
-6.415863246821653654e-01
-6.437096115821764331e-01
-6.516331020417901465e-01
-6.652478831454590180e-01
-6.832053760967795597e-01
-7.028540120590024420e-01
-7.204056690113228578e-01
-7.313593766435738663e-01
-7.311925376753731776e-01
-7.163014826041883554e-01
-6.851074510659179717e-01
-6.391253134926665469e-01
-5.836511894925868749e-01
-5.276567056215003548e-01
-4.825982964093477601e-01
-4.601923670661747234e-01
-4.696412830908450742e-01
-5.150825497069035919e-01
-5.939906127044222162e-01
-6.968784601244366605e-01
-8.080970319874913876e-01
-9.071339266069674556e-01
-9.699491164591903525e-01
-9.707246282929931080e-01
-8.855014412533959156e-01
-6.992822974911627743e-01
-4.158535620931124721e-01
-6.516504522662455723e-02
2.991299952210919599e-01
6.140596697173636986e-01
8.256826516716549991e-01
9.004237337991147783e-01
8.272398770487019437e-01
6.169398665846399510e-01
3.028586953400139170e-01
-6.123832418950150847e-02
-4.123842664517113343e-01
-6.967353063105011790e-01
-8.840547103166540577e-01
-9.703056096084170523e-01
-9.703385742406767100e-01
-9.080603777705894553e-01
-8.092914534863332454e-01
-6.980989341177756824e-01
-5.950368476918026506e-01
-5.158109406806393737e-01
-4.699789043389518972e-01
-4.601425135459876192e-01
-4.822319775339332648e-01
-5.270903293318992544e-01
-5.830164542341246259e-01
-6.385401776345838165e-01
-6.846558500003250280e-01
-7.160252201664786265e-01
-7.310940808116038747e-01
-7.314114817905501553e-01
-7.205634818398239938e-01
-7.030665527804351722e-01
-6.834248369365002462e-01
-6.654361815891226550e-01
-6.517656039336038321e-01
-6.437761453573594972e-01
-6.415898040224703447e-01
-6.443314275765829047e-01
-6.504877863945194294e-01
-6.583019191369492429e-01
-6.661267664285620560e-01
-6.726823618345844080e-01
-6.771906897632482547e-01
-6.793920726715660940e-01
-6.794687662390050953e-01
-6.779120085575245369e-01
-6.753691419454606049e-01
-6.725010209347614953e-01
-6.698703753553127971e-01
-6.678717790459021142e-01
-6.667049238173821113e-01
-6.663858107603209957e-01
-6.667856763779218543e-01
-6.676851738719546958e-01
-6.688314621940897320e-01
-6.699880072168753475e-01
-6.709703538671470957e-01
-6.716650200744941346e-01
-6.720321913653941603e-01
-6.720954946149496623e-01
-6.719235500449008969e-01
-6.716082796850498804e-01
-6.712443253001415533e-01
-6.709127304817132931e-01
-6.706706081720720247e-01
-6.705471341343771652e-01
-6.705450873852987215e-01
-6.706464201240192047e-01
-6.708200164107523955e-01
-6.710298520570397995e-01
-6.712421064290267081e-01
-6.714302808537883083e-01
-6.715779264880914479e-01
-6.716790744517745493e-01
-6.717368232901664848e-01
-6.717607416902610096e-01
-6.717637906080575760e-01
-6.717593871570607389e-01
-6.717590660913689282e-01
-6.717709907571965955e-01
-6.717993664284794830e-01
-6.718446467882739359e-01
-6.719043174090366666e-01
-6.719739935454496216e-01
-6.720485773599493839e-01
-6.721232681769614414e-01
-6.721942911588888458e-01
-6.722592876118261840e-01
-6.723173795905633687e-01
-6.723689728889462591e-01
-6.724153914211870031e-01
-6.724584427561447475e-01
-6.725000031222084784e-01
-6.725416866464922760e-01
-6.725846346406803011e-01
-6.726294324677144498e-01
-6.726761384839019531e-01
-6.727243943947790461e-01
-6.727735798134346634e-01
-6.728229749872208787e-01
-6.728719025929981168e-01
-6.729198297103941018e-01
-6.729664221054568740e-01
-6.730115527599054293e-01
-6.730552738012947067e-01
-6.730977650101485077e-01
-6.731392729631654470e-01
-6.731800531912307539e-01
-6.732203243598610110e-01
-6.732602393739541835e-01
-6.732998743279970943e-01
-6.733392330080264498e-01
-6.733782625670792221e-01
-6.734168751317669566e-01
-6.734549703175327640e-01
-6.734924546463022521e-01
-6.735292553166599694e-01
-6.735653273252085738e-01
-6.736006542950978560e-01
-6.736352443483890617e-01
-6.736691228843536550e-01
-6.737023242127658795e-01
-6.737348837271968094e-01
-6.737668318149996338e-01
-6.737981901236158588e-01
-6.738289702560478212e-01
-6.738591745380005937e-01
-6.738887982313879199e-01
-6.739178324711421197e-01
-6.739462672512441799e-01
-6.739740939384825102e-01
-6.740013069979956528e-01
-6.740279048252637573e-01
-6.740538897574629429e-01
-6.740792674600131207e-01
-6.741040459437620536e-01
-6.741282344694884410e-01
-6.741518425530758085e-01
-6.741748792151093239e-01
-6.741973525412066071e-01
-6.742192695494937382e-01
-6.742406363095708732e-01
-6.742614582278079194e-01
-6.742817404064354037e-01
-6.743014879944576601e-01
-6.743207064706147058e-01
-6.743394018256155809e-01
-6.743575806367304581e-01
-6.743752500482759205e-01
-6.743924176843318907e-01
-6.744090915248929230e-01
-6.744252797747665173e-01
-6.744409907480015676e-01
-6.744562327818088843e-01
-6.744710141850541740e-01
-6.744853432190208720e-01
-6.744992281032136106e-01
-6.745126770366793867e-01
-6.745256982253815536e-01
-6.745382999078664010e-01
-6.745504903740662250e-01
-6.745622779748233766e-01
-6.745736711220722270e-01
-6.745846782812596754e-01
-6.745953079584268153e-01
-6.746055686845217059e-01
-6.746154689991552544e-01
-6.746250174353769502e-01
-6.746342225063599596e-01
-6.746430926943071116e-01
-6.746516364414534284e-01
-6.746598621428371301e-01
-6.746677781404208929e-01
-6.746753927181973198e-01
-6.746827140979715365e-01
-6.746897504356016428e-01
-6.746965098175268238e-01
-6.747030002574285756e-01
-6.747092296928950406e-01
-6.747152059819551129e-01
-6.747209368993797307e-01
-6.747264301326878488e-01
-6.747316932778583132e-01
-6.747367338348146948e-01
-6.747415592028195297e-01
-6.747461766759412782e-01
-6.747505934387895143e-01
-6.747548165626667815e-01
-6.747588530022614606e-01
-6.747627095929190633e-01
-6.747663930484655292e-01
-6.747699099595069194e-01
-6.747732667920707250e-01
-6.747764698864593402e-01
-6.747795254561884670e-01
-6.747824395869230774e-01
-6.747852182353643036e-01
-6.747878672280898105e-01
-6.747903922603871729e-01
-6.747927988951502032e-01
-6.747950925619060625e-01
-6.747972785560450992e-01
-6.747993620382988222e-01
-6.748013480344858817e-01
-6.748032414355242814e-01
-6.748050469976735188e-01
-6.748067693429724567e-01
-6.748084129598220793e-01
-6.748099822036714990e-01
-6.748114812977727972e-01
-6.748129143339922642e-01
-6.748142852736659369e-01
-6.748155979485130906e-01
-6.748168560616157885e-01
-6.748180631884841407e-01
-6.748192227782214836e-01
-6.748203381547899227e-01
-6.748214125183876755e-01
-6.748224489469235587e-01
-6.748234503975831799e-01
-6.748244197084700691e-01
-6.748253596003060961e-01
-6.748262726781811827e-01
-6.748271614333380963e-01
-6.748280282449872214e-01
-6.748288753821455321e-01
-6.748297050055001023e-01
-6.748305191692951510e-01
-6.748313198232385179e-01
-6.748321088144333402e-01
-6.748328878893256055e-01
-6.748336586956728000e-01
-6.748344227845185506e-01
-6.748351816121762603e-01
-6.748359365422094136e-01
-6.748366888474064407e-01
-6.748374397117462564e-01
-6.748381902323432602e-01
-6.748389414213755710e-01
-6.748396942079875060e-01
-6.748404494401664122e-01
-6.748412078865910768e-01
-6.748419702384467200e-01
-6.748427371112074580e-01
-6.748435090463803521e-01
-6.748442865132109336e-01
-6.748450699103449857e-01
-6.748458595674429183e-01
-6.748466557467489579e-01
-6.748474586446059353e-01
-6.748482683929167836e-01
-6.748490850605489699e-01
-6.748499086546821957e-01
-6.748507391220961438e-01
-6.748515763503936116e-01
-6.748524201691630253e-01
-6.748532703510761177e-01
-6.748541266129184368e-01
-6.748549886165526868e-01
-6.748558559698127901e-01
-6.748567282273300050e-01
