-6.748576871739144778e-01
-6.748585487024721941e-01
-6.748594117934635372e-01
-6.748602758103043886e-01
-6.748611400639847879e-01
-6.748620038134586219e-01
-6.748628662659604815e-01
-6.748637265772543525e-01
-6.748645838518099183e-01
-6.748654371429165799e-01
-6.748662854527192057e-01
-6.748671277321917072e-01
-6.748679628810403397e-01
-6.748687897475390551e-01
-6.748696071283003528e-01
-6.748704137679781834e-01
-6.748712083589096800e-01
-6.748719895406930513e-01
-6.748727558997026366e-01
-6.748735059685491144e-01
-6.748742382254775407e-01
-6.748749510937092078e-01
-6.748756429407288815e-01
-6.748763120775165270e-01
-6.748769567577275197e-01
-6.748775751768218978e-01
-6.748781654711446532e-01
-6.748787257169586162e-01
-6.748792539294353743e-01
-6.748797480616072209e-01
-6.748802060032841332e-01
-6.748806255799340015e-01
-6.748810045515405420e-01
-6.748813406114277935e-01
-6.748816313850668491e-01
-6.748818744288578308e-01
-6.748820672288893263e-01
-6.748822071996818384e-01
-6.748822916829123608e-01
-6.748823179461249655e-01
-6.748822831814316192e-01
-6.748821845042067835e-01
-6.748820189517875656e-01
-6.748817834821778661e-01
-6.748814749727723994e-01
-6.748810902191019201e-01
-6.748806259336024294e-01
-6.748800787444138027e-01
-6.748794451942085049e-01
-6.748787217390476156e-01
-6.748779047472635018e-01
-6.748769904983739076e-01
-6.748759751820223585e-01
-6.748748548969593086e-01
-6.748736256500669217e-01
-6.748722833554469114e-01
-6.748708238335768828e-01
-6.748692428105531604e-01
-6.748675359174288735e-01
-6.748656986896496290e-01
-6.748637265665788920e-01
-6.748616148911080748e-01
-6.748593589093359046e-01
-6.748569537703084098e-01
-6.748543945258078658e-01
-6.748516761302079114e-01
-6.748487934404066024e-01
-6.748457412158844759e-01
-6.748425141189227094e-01
-6.748391067150363298e-01
-6.748355134736581107e-01
-6.748317287690794863e-01
-6.748277468816321623e-01
-6.748235619990469170e-01
-6.748191682178930062e-01
-6.748145595449903666e-01
-6.748097298986809323e-01
-6.748046731099037743e-01
-6.747993829230731766e-01
-6.747938529968691146e-01
-6.747880769051388672e-01
-6.747820481382028612e-01
-6.747757601048947063e-01
-6.747692061356261872e-01
-6.747623794866709490e-01
-6.747552733456377849e-01
-6.747478808378613024e-01
-6.747401950331639586e-01
-6.747322089522052035e-01
-6.747239155715312187e-01
-6.747153078265111237e-01
-6.747063786116334061e-01
-6.746971207781555790e-01
-6.746875271297722021e-01
-6.746775904177060301e-01
-6.746673033372506678e-01
-6.746566585281482675e-01
-6.746456485810871095e-01
-6.746342660519172307e-01
-6.746225034839506973e-01
-6.746103534369679577e-01
-6.745978085196274732e-01
-6.745848614201953586e-01
-6.745715049293775634e-01
-6.745577319489619583e-01
-6.745435354813373863e-01
-6.745289085978574128e-01
-6.745138443882396917e-01
-6.744983358982225008e-01
-6.744823760676048607e-01
-6.744659576844299620e-01
-6.744490733722702247e-01
-6.744317156252969125e-01
-6.744138768995657784e-01
-6.743955497589253500e-01
-6.743767270612873732e-01
-6.743574021577029010e-01
-6.743375690655549759e-01
-6.743172225713188750e-01
-6.742963582206101814e-01
-6.742749721655770800e-01
-6.742530608623141797e-01
-6.742306206419921288e-01
-6.742076472144007404e-01
-6.741841351951337602e-01
-6.741600777697536184e-01
-6.741354666120565886e-01
-6.741102921527322156e-01
-6.740845442465484005e-01
-6.740582132131319737e-01
-6.740312911370582860e-01
-6.740037732220066635e-01
-6.739756589205794235e-01
-6.739469525272410166e-01
-6.739176629457925838e-01
-6.738878024368020192e-01
-6.738573843148513154e-01
-6.738264197854426651e-01
-6.737949143555542753e-01
-6.737628644742903461e-01
-6.737302552059961647e-01
-6.736970597531936056e-01
-6.736632414885072029e-01
-6.736287588062210840e-01
-6.735935725842016053e-01
-6.735576554173833275e-01
-6.735210011486920667e-01
-6.734836327181804583e-01
-6.734456061245280845e-01
-6.734070084770560349e-01
-6.733679487935375629e-01
-6.733285413698394395e-01
-6.732888831054575363e-01
-6.732490278925479243e-01
-6.732089627413821997e-01
-6.731685913361855622e-01
-6.731277308086252020e-01
-6.730861263845794307e-01
-6.730434860822435139e-01
-6.729995339501305684e-01
-6.729540758681276102e-01
-6.729070674275628994e-01
-6.728586698197936977e-01
-6.728092780482732849e-01
-6.727595070753599193e-01
-6.727101263123934638e-01
-6.726619411687075889e-01
-6.726156314444450279e-01
-6.725715686140280036e-01
-6.725296452057564212e-01
-6.724891567950956883e-01
-6.724487778646406344e-01
-6.724066648193118834e-01
-6.723607019038412291e-01
-6.723088795803304762e-01
-6.722497631608731483e-01
-6.721829773517452589e-01
-6.721096066879531650e-01
-6.720324001105394407e-01
-6.719556768835585059e-01
-6.718848649194627543e-01
-6.718256615036016788e-01
-6.717828850978413424e-01
-6.717591742044282110e-01
-6.717537688411204799e-01
-6.717616625099943617e-01
-6.717734182596543091e-01
-6.717758865049417993e-01
-6.717539384458229845e-01
-6.716931436716119252e-01
-6.715830953499655198e-01
-6.714208577788556287e-01
-6.712138273298996483e-01
-6.709812123494518499e-01
-6.707533989014251574e-01
-6.705687085479521414e-01
-6.704674730249485792e-01
-6.704839104593085519e-01
-6.706369076146170283e-01
-6.709213746738258433e-01
-6.713022049992060092e-01
-6.717129083551046653e-01
-6.720605918996690464e-01
-6.722380996480636917e-01
-6.721428319344010527e-01
-6.717001922063353669e-01
-6.708879901777025090e-01
-6.697567988007137041e-01
-6.684406054222736815e-01
-6.671524927514171921e-01
-6.661617968958678526e-01
-6.657522428466535747e-01
-6.661646359976834963e-01
-6.675321124044651944e-01
-6.698197815492620277e-01
-6.727828508971563926e-01
-6.759572254104396771e-01
-6.786937250261810828e-01
-6.802414368747859985e-01
-6.798775605927621646e-01
-6.770708639692649689e-01
-6.716544066849434724e-01
-6.639723139379095640e-01
-6.549583256361418693e-01
-6.461050438249670291e-01
-6.392962804048590852e-01
-6.365015484692311265e-01
-6.393668994723777921e-01
-6.487699816419469911e-01
-6.644278267448205932e-01
-6.846463925438285303e-01
-7.062833689439461660e-01
-7.249708522698694591e-01
-7.356239038756925419e-01
-7.332451679551488244e-01
-7.140044971828234388e-01
-6.764916089502145402e-01
-6.228923036100249000e-01
-5.596714472822751363e-01
-4.972852143591954266e-01
-4.486291714267117148e-01
-4.263694432068391715e-01
-4.398083583663325302e-01
-4.922111454822761245e-01
-5.793855781260495164e-01
-6.898006628076855939e-01
-8.058822664119387191e-01
-9.057089556612676340e-01
-9.645658670679641000e-01
-9.568148673415292071e-01
-8.596938135186625862e-01
-6.605647853747848020e-01
-3.664482228881462689e-01
-1.024314850676100175e-02
3.534201453575218088e-01
6.634474371493238598e-01
8.696871542614158512e-01
9.421147585539354496e-01
8.711169815759697288e-01
6.661128551174853030e-01
3.569131701123995914e-01
-6.506289338006002697e-03
-3.630830892270893728e-01
-6.580329137223200897e-01
-8.581961266874127414e-01
-9.563106320997010190e-01
-9.648644817718898814e-01
-9.065599823330438012e-01
-8.070294480895793265e-01
-6.910065035128094557e-01
-5.804461283544105621e-01
-4.929726047436175373e-01
-4.401842359532745497e-01
-4.263501101295249507e-01
-4.482768469152699775e-01
-4.967134506271719263e-01
-5.590146703797084227e-01
-6.222747375090967870e-01
-6.760043716893890942e-01
-7.136954166404592126e-01
-7.331205832354011909e-01
-7.356582512911629124e-01
-7.251192256283869320e-01
-7.064935712173870952e-01
-6.848687240912098018e-01
-6.646220366533768242e-01
-6.489093287947582667e-01
-6.394394518793385940e-01
-6.365090098734308421e-01
-6.392508797918803332e-01
-6.460252801550485646e-01
-6.548644912702836773e-01
-6.638826430572453141e-01
-6.715824273921614518e-01
-6.770241729468045033e-01
-6.798579063816602153e-01
-6.802457754738250317e-01
-6.787158231713878997e-01
-6.759894077926454914e-01
-6.728175731325647391e-01
-6.698508208580715717e-01
-6.675552770700281524e-01
-6.661779897267806616e-01
-6.657559145861997596e-01
-6.661574962588244775e-01
-6.671428734298948671e-01
-6.684286143717523831e-01
-6.697451223129663456e-01
-6.708786676158471352e-01
-6.716944240973764524e-01
-6.721409702071388104e-01
-6.722397800049939587e-01
-6.720649539232879111e-01
-6.717188471297479424e-01
-6.713086059088599900e-01
-6.709272968943658100e-01
-6.706416979857185989e-01
-6.704872448189667100e-01
-6.704693344950795053e-01
-6.705693203921901935e-01
-6.707531330719047613e-01
-6.709804941295544056e-01
-6.712130525822614935e-01
-6.714203335544433049e-01
-6.715830083662107652e-01
-6.716935555750034315e-01
-6.717548026196986655e-01
-6.717770788288153216e-01
-6.717747736501913369e-01
-6.717630099643933095e-01
-6.717549595818472774e-01
-6.717600998606690910e-01
-6.717834851712646271e-01
-6.718259212844284178e-01
-6.718848063198467058e-01
-6.719553452644925207e-01
-6.720318501500319730e-01
-6.721088898179238269e-01
-6.721821324729515545e-01
-6.722488114290752215e-01
-6.723078232144633626e-01
-6.723595263196278093e-01
-6.724053430020117128e-01
-6.724472757688848557e-01
-6.724874386599608567e-01
-6.725276779328922538e-01
-6.725693246981886420e-01
-6.726130902954050583e-01
-6.726590889625013725e-01
-6.727069547205116740e-01
-6.727560113279908993e-01
-6.728054547969927190e-01
-6.728545151962409543e-01
-6.729025755759339145e-01
-6.729492380910410132e-01
-6.729943384764142111e-01
-6.730379183613097727e-01
-6.730801697463544286e-01
-6.731213673029581290e-01
-6.731618025765684354e-01
-6.732017306150946956e-01
-6.732413350512405081e-01
-6.732807132050323551e-01
-6.733198790766573572e-01
-6.733587796090269029e-01
-6.733973184517586530e-01
-6.734353815358063988e-01
-6.734728597760747393e-01
-6.735096657760862859e-01
-6.735457431285694074e-01
-6.735810684645491264e-01
-6.736156475783340314e-01
-6.736495076390220937e-01
-6.736826876897870076e-01
-6.737152294156156795e-01
-6.737471696595892512e-01
-6.737785355350613958e-01
-6.738093423521833714e-01
-6.738395940562699193e-01
-6.738692855248014091e-01
-6.738984059089412337e-01
-6.739269422177192048e-01
-6.739548824867310772e-01
-6.739822180941602570e-01
-6.740089450304360685e-01
-6.740350641479627702e-01
-6.740605805825239383e-01
-6.740855026330788702e-01
-6.741098404117915610e-01
-6.741336045430722512e-01
-6.741568051180282239e-01
-6.741794510201936097e-01
-6.742015496491183812e-01
-6.742231069951050149e-01
-6.742441279697920509e-01
-6.742646168759419689e-01
-6.742845779030846032e-01
-6.743040155573812866e-01
-6.743229349663681926e-01
-6.743413420341626274e-01
-6.743592434537828417e-01
-6.743766466060451270e-01
-6.743935593870350464e-01
-6.744099900086548693e-01
-6.744259468110771483e-01
-6.744414381149254067e-01
-6.744564721277652719e-01
-6.744710569067966510e-01
-6.744852003695624987e-01
-6.744989103381302531e-01
-6.745121945998373558e-01
-6.745250609687827303e-01
-6.745375173358418852e-01
-6.745495716998415325e-01
-6.745612321775623643e-01
-6.745725069945007757e-01
-6.745834044612493141e-01
-6.745939329417689478e-01
-6.746041008197888322e-01
-6.746139164684653577e-01
-6.746233882266697846e-01
-6.746325243833405372e-01
-6.746413331695958471e-01
-6.746498227570326689e-01
-6.746580012599504572e-01
-6.746658767391047196e-01
-6.746734572049443157e-01
-6.746807506189038683e-01
-6.746877648920547310e-01
-6.746945078811069640e-01
-6.747009873822716886e-01
-6.747072111237969461e-01
-6.747131867580695719e-01
-6.747189218540773359e-01
-6.747244238907900149e-01
-6.747297002517539388e-01
-6.747347582209247685e-01
-6.747396049795719719e-01
-6.747442476039521297e-01
-6.747486930634268854e-01
-6.747529482187329952e-01
-6.747570198201915392e-01
-6.747609145057515967e-01
-6.747646387988597283e-01
-6.747681991062134399e-01
-6.747716017155143131e-01
-6.747748527933242757e-01
-6.747779583831303718e-01
-6.747809244036820919e-01
-6.747837566476261317e-01
-6.747864607804285875e-01
-6.747890423395485060e-01
-6.747915067338221551e-01
-6.747938592430082760e-01
-6.747961050174537956e-01
-6.747982490778609010e-01
-6.748002963151481515e-01
-6.748022514904076230e-01
-6.748041192349693018e-01
-6.748059040505873796e-01
-6.748076103097617739e-01
-6.748092422561923209e-01
-6.748108040053703016e-01
-6.748122995452924267e-01
-6.748137327372935035e-01
-6.748151073169746939e-01
-6.748164268952209222e-01
-6.748176949592956664e-01
-6.748189148740025844e-01
-6.748200898829167516e-01
-6.748212231096790692e-01
-6.748223175593571765e-01
-6.748233761198721981e-01
-6.748244015634897730e-01
-6.748253965483728134e-01
-6.748263636201921045e-01
-6.748273052137857553e-01
-6.748282236548628354e-01
-6.748291211617410967e-01
-6.748299998471128935e-01
-6.748308617198321979e-01
-6.748317086867207104e-01
-6.748325425543820755e-01
-6.748333650310293086e-01
-6.748341777283189957e-01
-6.748349821631887124e-01
-6.748357797596978846e-01
-6.748365718508688715e-01
-6.748373596805224972e-01
-6.748381444051052558e-01
-6.748389270955027497e-01
-6.748397087388371407e-01
-6.748404902402413974e-01
-6.748412724246072303e-01
-6.748420560383058264e-01
-6.748428417508727239e-01
-6.748436301566589357e-01
-6.748444217764449915e-01
-6.748452170590136800e-01
-6.748460163826808245e-01
-6.748468200567807607e-01
-6.748476283231091832e-01
-6.748484413573110352e-01
-6.748492592702215465e-01
-6.748500821091517610e-01
-6.748509098591196631e-01
-6.748517424440225732e-01
-6.748525797277490357e-01
-6.748534215152314220e-01
-6.748542675534348056e-01
-6.748551175322831108e-01
-6.748559710855187577e-01
-6.748568277914966940e-01
