-6.748577119994140228e-01
-6.748585540065058508e-01
-6.748593957067174909e-01
-6.748602364787936736e-01
-6.748610756467993133e-01
-6.748619124805000924e-01
-6.748627461956767659e-01
-6.748635759543704093e-01
-6.748644008650681592e-01
-6.748652199828192311e-01
-6.748660323092898761e-01
-6.748668367927546097e-01
-6.748676323280259348e-01
-6.748684177563211151e-01
-6.748691918650711052e-01
-6.748699533876655332e-01
-6.748707010031371745e-01
-6.748714333357904716e-01
-6.748721489547622188e-01
-6.748728463735297334e-01
-6.748735240493566323e-01
-6.748741803826820984e-01
-6.748748137164612970e-01
-6.748754223354517245e-01
-6.748760044654611434e-01
-6.748765582725492207e-01
-6.748770818621965262e-01
-6.748775732784384473e-01
-6.748780305029633553e-01
-6.748784514541807944e-01
-6.748788339862493713e-01
-6.748791758880663405e-01
-6.748794748822203315e-01
-6.748797286239008875e-01
-6.748799346997761406e-01
-6.748800906268356270e-01
-6.748801938512161147e-01
-6.748802417470179948e-01
-6.748802316151285563e-01
-6.748801606820616916e-01
-6.748800260988263577e-01
-6.748798249398234583e-01
-6.748795542017711480e-01
-6.748792108026449021e-01
-6.748787915806212512e-01
-6.748782932930046385e-01
-6.748777126151248584e-01
-6.748770461391991882e-01
-6.748762903731569951e-01
-6.748754417394510208e-01
-6.748744965738857626e-01
-6.748734511245026990e-01
-6.748723015505803113e-01
-6.748710439217839863e-01
-6.748696742175047669e-01
-6.748681883263912828e-01
-6.748665820460557629e-01
-6.748648510829032832e-01
-6.748629910520006492e-01
-6.748609974769010922e-01
-6.748588657893369591e-01
-6.748565913287167817e-01
-6.748541693414137344e-01
-6.748515949798884472e-01
-6.748488633017653004e-01
-6.748459692690256251e-01
-6.748429077475358584e-01
-6.748396735071162666e-01
-6.748362612223215429e-01
-6.748326654740169905e-01
-6.748288807517092147e-01
-6.748249014564405845e-01
-6.748207219039257243e-01
-6.748163363274901627e-01
-6.748117388803344108e-01
-6.748069236367018053e-01
-6.748018845916621267e-01
-6.747966156594916720e-01
-6.747911106709358897e-01
-6.747853633699930631e-01
-6.747793674111638440e-01
-6.747731163582996183e-01
-6.747666036862089989e-01
-6.747598227859349374e-01
-6.747527669741536505e-01
-6.747454295064233554e-01
-6.747378035931600460e-01
-6.747298824163372455e-01
-6.747216591442113387e-01
-6.747131269410391319e-01
-6.747042789689593478e-01
-6.746951083800912796e-01
-6.746856082984751257e-01
-6.746757717935851772e-01
-6.746655918495594317e-01
-6.746550613365260851e-01
-6.746441729919553376e-01
-6.746329194202791424e-01
-6.746212931176149841e-01
-6.746092865251103188e-01
-6.745968921092604376e-01
-6.745841024611348713e-01
-6.745709103997494793e-01
-6.745573090592487109e-01
-6.745432919367198021e-01
-6.745288528788295768e-01
-6.745139859921398529e-01
-6.744986854741880089e-01
-6.744829453792487994e-01
-6.744667593519289017e-01
-6.744501203798127786e-01
-6.744330206288419172e-01
-6.744154514272816536e-01
-6.743974034520827665e-01
-6.743788671431442117e-01
-6.743598333274695156e-01
-6.743402939812890295e-01
-6.743202430027983585e-01
-6.742996768235133276e-01
-6.742785946663026886e-01
-6.742569982759478719e-01
-6.742348910122083483e-01
-6.742122763065896418e-01
-6.741891556322634482e-01
-6.741655262996759657e-01
-6.741413795350091887e-01
-6.741166993846080535e-01
-6.740914629756834531e-01
-6.740656425218436443e-01
-6.740392091814794151e-01
-6.740121384775509261e-01
-6.739844165237346418e-01
-6.739560458626742134e-01
-6.739270494195573891e-01
-6.738974710256390166e-01
-6.738673712673903804e-01
-6.738368181118373768e-01
-6.738058728122000574e-01
-6.737745728779528376e-01
-6.737429151700672358e-01
-6.737108431509529760e-01
-6.736782426484049235e-01
-6.736449498964973692e-01
-6.736107739333377920e-01
-6.735755327118964075e-01
-6.735390988245032462e-01
-6.735014471377113177e-01
-6.734626936908615358e-01
-6.734231138432874575e-01
-6.733831286978794184e-01
-6.733432528156403363e-01
-6.733040031705840311e-01
-6.732657784782023480e-01
-6.732287280015606390e-01
-6.731926375729004874e-01
-6.731568653736323959e-01
-6.731203586098525316e-01
-6.730817729388766102e-01
-6.730396990282176972e-01
-6.729929765070727932e-01
-6.729410484403470782e-01
-6.728842848514383634e-01
-6.728241884542834894e-01
-6.727633962766490505e-01
-6.727054122227831279e-01
-6.726540493506115714e-01
-6.726126233245920405e-01
-6.725830110780394167e-01
-6.725647568335610949e-01
-6.725544534846014111e-01
-6.725456329046405335e-01
-6.725293500557338877e-01
-6.724955375432914995e-01
-6.724350469035487166e-01
-6.723421026410760781e-01
-6.722167112202469541e-01
-6.720664360668213710e-01
-6.719069191724276191e-01
-6.717606388463260858e-01
-6.716536585121597458e-01
-6.716105273417914967e-01
-6.716479848681019549e-01
-6.717686058199336951e-01
-6.719558795829346787e-01
-6.721723276482557408e-01
-6.723620225657755967e-01
-6.724582371198732922e-01
-6.723959551119174094e-01
-6.721277408662534869e-01
-6.716402115024491248e-01
-6.709673748240377877e-01
-6.701967067760196128e-01
-6.694643287501427231e-01
-6.689371655002460670e-01
-6.687824653378374729e-01
-6.691282190044791633e-01
-6.700212265691127822e-01
-6.713920585515487094e-01
-6.730371514123522081e-01
-6.746271637408859378e-01
-6.757472332989729047e-01
-6.759690724927757133e-01
-6.749475130119160227e-01
-6.725261969087410474e-01
-6.688301354237037311e-01
-6.643188324852831173e-01
-6.597748655391717509e-01
-6.562110724335707967e-01
-6.546951341483269182e-01
-6.561111755137657431e-01
-6.608991935316164135e-01
-6.688284866613353197e-01
-6.788656801713206512e-01
-6.891895754559519416e-01
-6.973857460446819534e-01
-7.008270332273142111e-01
-6.972135526091197688e-01
-6.852058556183832083e-01
-6.650362336344260994e-01
-6.389340185526489746e-01
-6.111763070168976242e-01
-5.876119697272892406e-01
-5.746261911467654970e-01
-5.776932007615499520e-01
-5.998349246696466075e-01
-6.403771076534994222e-01
-6.943269742193356464e-01
-7.525211078398820197e-01
-8.025167245384454695e-01
-8.301503279590893847e-01
-8.218008049318418218e-01
-7.675019283105297685e-01
-6.648029292639126009e-01
-5.224462876841555747e-01
-3.619012833851575905e-01
-2.146584919296306015e-01
-1.148091143731107405e-01
-8.903762131733203300e-02
-1.477392258857123386e-01
-2.805543377316756515e-01
-4.579340888963973066e-01
-6.381454031589844922e-01
-7.768539446392163095e-01
-8.356824338963498855e-01
-7.882629887848711103e-01
-6.252116211458152994e-01
-3.590823036903406096e-01
-2.619420875034738500e-02
3.202454345035906091e-01
6.263797282181566839e-01
8.552106870142984762e-01
9.948666784984415701e-01
1.055352223705859238e+00
1.059078960593252461e+00
1.031491516889565085e+00
9.950329516825369147e-01
9.663843643688203588e-01
9.556295893237322092e-01
9.661487048395881461e-01
9.946385007151709035e-01
1.031092202518366863e+00
1.058902150408536524e+00
1.055681115489030875e+00
9.959921814471988100e-01
8.573409118172239385e-01
6.295214254627266026e-01
3.241160809359786010e-01
-2.214444294817254424e-02
-3.555106940590528342e-01
-6.226659032687904549e-01
-7.870375791042936164e-01
-8.357952926498696256e-01
-7.780934680699880257e-01
-6.401266990769706178e-01
-4.601573025797353056e-01
-2.824896508875362477e-01
-1.489412221516702162e-01
-8.925337430275283312e-02
-1.140355042807677660e-01
-2.131262461297460942e-01
-3.599917655490161850e-01
-5.205712771553824281e-01
-6.632929535280454036e-01
-7.665425261329545936e-01
-8.214273377688819933e-01
-8.302829219844046760e-01
-8.030080782192865474e-01
-7.531991794317987043e-01
-6.950272902058847180e-01
-6.409659001125214139e-01
-6.002244094510985617e-01
-5.778484134125325689e-01
-5.745623240237232032e-01
-5.873827543029497278e-01
-6.108564189293199664e-01
-6.386001486923398307e-01
-6.647514386711508294e-01
-6.850101758987996448e-01
-6.971215670601147441e-01
-7.008310790738403462e-01
-6.974625738503015260e-01
-6.893081965620124762e-01
-6.789946768411256883e-01
-6.689416877124609861e-01
-6.609791686348084339e-01
-6.561504438958709606e-01
-6.546953470720267010e-01
-6.561807137276557400e-01
-6.597261840270490785e-01
-6.642647381675742535e-01
-6.687816585615118381e-01
-6.724908728700439431e-01
-6.749287900611791180e-01
-6.759666146844965917e-01
-6.757578485664460510e-01
-6.746460365551166793e-01
-6.730590834404586165e-01
-6.714124923180750937e-01
-6.700369195395416977e-01
-6.691375278165382356e-01
-6.687852775608883471e-01
-6.689345703432031387e-01
-6.694581446271695713e-01
-6.701889835008889573e-01
-6.709599667268493217e-01
-6.716344832484246741e-01
-6.721244294623608395e-01
-6.723951776057363050e-01
-6.724596092602079800e-01
-6.723648414530837281e-01
-6.721757705658023552e-01
-6.719591792124208762e-01
-6.717711753914762385e-01
-6.716494818656403298e-01
-6.716108581118723775e-01
-6.716529363569840871e-01
-6.717591138484775293e-01
-6.719048990658789133e-01
-6.720642147435508251e-01
-6.722145162792474427e-01
-6.723400672554313839e-01
-6.724332055615912518e-01
-6.724938408930311029e-01
-6.725276916439804076e-01
-6.725438800774994341e-01
-6.725524757592520331e-01
-6.725624470999441717e-01
-6.725802974215362440e-01
-6.726094715284621772e-01
-6.726504578521629307e-01
-6.727014022691226725e-01
-6.727590002504750810e-01
-6.728194389565593792e-01
-6.728792063568083126e-01
-6.729356524229076486e-01
-6.729872600769868374e-01
-6.730336464681097031e-01
-6.730753591521875245e-01
-6.731135533913531477e-01
-6.731496375340645377e-01
-6.731849582160204237e-01
-6.732205725776198024e-01
-6.732571275493517415e-01
-6.732948420688218416e-01
-6.733335705260528048e-01
-6.733729163556682051e-01
-6.734123632068441667e-01
-6.734513958698454816e-01
-6.734895917432657253e-01
-6.735266735946605632e-01
-6.735625235691390378e-01
-6.735971653654508895e-01
-6.736307255205178368e-01
-6.736633858180043344e-01
-6.736953374925417348e-01
-6.737267449723425283e-01
-6.737577233033230639e-01
-6.737883299378321089e-01
-6.738185688369887627e-01
-6.738484031393731088e-01
-6.738777720393556159e-01
-6.739066078375338664e-01
-6.739348500877572201e-01
-6.739624550393694680e-01
-6.739893998545687381e-01
-6.740156821383109786e-01
-6.740413160183318375e-01
-6.740663263192354648e-01
-6.740907423303157397e-01
-6.741145923669739082e-01
-6.741378998873921446e-01
-6.741606814620252353e-01
-6.741829464924657955e-01
-6.742046982936821253e-01
-6.742259360098852294e-01
-6.742466568199020349e-01
-6.742668579728900990e-01
-6.742865383395256762e-01
-6.743056993270616362e-01
-6.743243451554471468e-01
-6.743424826035994135e-01
-6.743601203997295901e-01
-6.743772684479371060e-01
-6.743939370636858888e-01
-6.744101363462549070e-01
-6.744258757607983767e-01
-6.744411639485908827e-01
-6.744560087402997617e-01
-6.744704173186358842e-01
-6.744843964645026446e-01
-6.744979528228125520e-01
-6.745110931365315698e-01
-6.745238244155852270e-01
-6.745361540264891431e-01
-6.745480897054814129e-01
-6.745596395102041454e-01
-6.745708117317144037e-01
-6.745816147900367543e-01
-6.745920571336552207e-01
-6.746021471577854367e-01
-6.746118931495777016e-01
-6.746213032619697847e-01
-6.746303855127236959e-01
-6.746391478018280985e-01
-6.746475979390280653e-01
-6.746557436735359792e-01
-6.746635927195125948e-01
-6.746711527731528157e-01
-6.746784315196021620e-01
-6.746854366300749639e-01
-6.746921757511045170e-01
-6.746986564887583748e-01
-6.747048863908584604e-01
-6.747108729299188257e-01
-6.747166234888130054e-01
-6.747221453503126076e-01
-6.747274456907670359e-01
-6.747325315774924670e-01
-6.747374099689457116e-01
-6.747420877165354325e-01
-6.747465715669280772e-01
-6.747508681639057260e-01
-6.747549840491349205e-01
-6.747589256615568187e-01
-6.747626993354246538e-01
-6.747663112972678290e-01
-6.747697676622119722e-01
-6.747730744301296824e-01
-6.747762374820623910e-01
-6.747792625772369712e-01
-6.747821553508711601e-01
-6.747849213128077617e-01
-6.747875658468992510e-01
-6.747900942109668065e-01
-6.747925115371342653e-01
-6.747948228323179531e-01
-6.747970329787070787e-01
-6.747991467341208915e-01
-6.748011687321937568e-01
-6.748031034824054641e-01
-6.748049553700155023e-01
-6.748067286559880085e-01
-6.748084274769995394e-01
-6.748100558456048281e-01
-6.748116176506123720e-01
-6.748131166576953888e-01
-6.748145565102227073e-01
-6.748159407302856128e-01
-6.748172727198694654e-01
-6.748185557621259045e-01
-6.748197930226961239e-01
-6.748209875510569056e-01
-6.748221422818690973e-01
-6.748232600363238687e-01
-6.748243435234920762e-01
-6.748253953416925022e-01
-6.748264179798966200e-01
-6.748274138191816540e-01
-6.748283851342418149e-01
-6.748293340949620411e-01
-6.748302627680481391e-01
-6.748311731187056628e-01
-6.748320670123545417e-01
-6.748329462163641379e-01
-6.748338124017954076e-01
-6.748346671451395107e-01
-6.748355119300485372e-01
-6.748363481490481375e-01
-6.748371771052383838e-01
-6.748380000139769797e-01
-6.748388180045504781e-01
-6.748396321218317340e-01
-6.748404433279231451e-01
-6.748412525037891241e-01
-6.748420604508683640e-01
-6.748428678926654545e-01
-6.748436754763150747e-01
-6.748444837741151003e-01
-6.748452932850194097e-01
-6.748461044360924976e-01
-6.748469175839200140e-01
-6.748477330159700083e-01
-6.748485509519090986e-01
-6.748493715448662389e-01
-6.748501948826480801e-01
-6.748510209889031497e-01
-6.748518498242336294e-01
-6.748526812872520653e-01
-6.748535152155877848e-01
-6.748543513868305865e-01
-6.748551895194214723e-01
-6.748560292734804289e-01
-6.748568702515734818e-01
