-6.748577006139026002e-01
-6.748585566598407359e-01
-6.748594137566005235e-01
-6.748602712718867469e-01
-6.748611285203389709e-01
-6.748619847639160119e-01
-6.748628392122129060e-01
-6.748636910227107100e-01
-6.748645393009565785e-01
-6.748653831006755643e-01
-6.748662214238161372e-01
-6.748670532205258699e-01
-6.748678773890616212e-01
-6.748686927756341047e-01
-6.748694981741854004e-01
-6.748702923261056252e-01
-6.748710739198834352e-01
-6.748718415906991286e-01
-6.748725939199539114e-01
-6.748733294347423195e-01
-6.748740466072663535e-01
-6.748747438541957688e-01
-6.748754195359696340e-01
-6.748760719560452648e-01
-6.748766993600969766e-01
-6.748772999351667634e-01
-6.748778718087619088e-01
-6.748784130479165144e-01
-6.748789216582065098e-01
-6.748793955827296909e-01
-6.748798327010502307e-01
-6.748802308281122153e-01
-6.748805877131246467e-01
-6.748809010384161367e-01
-6.748811684182681736e-01
-6.748813873977225208e-01
-6.748815554513670767e-01
-6.748816699821055254e-01
-6.748817283199084471e-01
-6.748817277205574339e-01
-6.748816653643802121e-01
-6.748815383549905400e-01
-6.748813437180311015e-01
-6.748810783999331653e-01
-6.748807392666874572e-01
-6.748803231026383465e-01
-6.748798266092974618e-01
-6.748792464041767358e-01
-6.748785790196454304e-01
-6.748778209018053698e-01
-6.748769684093909316e-01
-6.748760178127003462e-01
-6.748749652925626341e-01
-6.748738069393568351e-01
-6.748725387520929653e-01
-6.748711566375733550e-01
-6.748696564096389183e-01
-6.748680337885113456e-01
-6.748662844002220051e-01
-6.748644037761215575e-01
-6.748623873524587369e-01
-6.748602304700043186e-01
-6.748579283737125012e-01
-6.748554762124127082e-01
-6.748528690385431350e-01
-6.748501018079574587e-01
-6.748471693798460125e-01
-6.748440665168330410e-01
-6.748407878853059927e-01
-6.748373280560253651e-01
-6.748336815050335336e-01
-6.748298426148409135e-01
-6.748258056758269507e-01
-6.748215648877454731e-01
-6.748171143612003986e-01
-6.748124481189546886e-01
-6.748075600969727361e-01
-6.748024441451655475e-01
-6.747970940279039986e-01
-6.747915034244905685e-01
-6.747856659298864246e-01
-6.747795750560551253e-01
-6.747732242343019715e-01
-6.747666068188918898e-01
-6.747597160920720816e-01
-6.747525452703522220e-01
-6.747450875116056679e-01
-6.747373359222693656e-01
-6.747292835637077602e-01
-6.747209234567701497e-01
-6.747122485837282468e-01
-6.747032518871926010e-01
-6.746939262662225989e-01
-6.746842645706111474e-01
-6.746742595950743215e-01
-6.746639040756864381e-01
-6.746531906911181764e-01
-6.746421120709756858e-01
-6.746306608126433346e-01
-6.746188295065767004e-01
-6.746066107681037982e-01
-6.745939972717822641e-01
-6.745809817826335930e-01
-6.745675571776273971e-01
-6.745537164510355677e-01
-6.745394526990089457e-01
-6.745247590820444561e-01
-6.745096287685704572e-01
-6.744940548680909975e-01
-6.744780303672086585e-01
-6.744615480852024225e-01
-6.744446006665077986e-01
-6.744271806244797052e-01
-6.744092804437843425e-01
-6.743908927380551921e-01
-6.743720104462828102e-01
-6.743526270379963661e-01
-6.743327366864818595e-01
-6.743123343642098977e-01
-6.742914158181105844e-01
-6.742699773961009502e-01
-6.742480157203624147e-01
-6.742255272350763384e-01
-6.742025076920331594e-01
-6.741789516699744356e-01
-6.741548522447037284e-01
-6.741302009289307229e-01
-6.741049879774355658e-01
-6.740792031019948727e-01
-6.740528365645213071e-01
-6.740258805251577723e-01
-6.739983304298723388e-01
-6.739701861492843893e-01
-6.739414525485746266e-01
-6.739121391964422170e-01
-6.738822590208937147e-01
-6.738518258909246272e-01
-6.738208513299730473e-01
-6.737893408168386111e-01
-6.737572903552960790e-01
-6.737246841388493390e-01
-6.736914941465583784e-01
-6.736576823371431821e-01
-6.736232057449412780e-01
-6.735880242432900067e-01
-6.735521100928959504e-01
-6.735154577420512378e-01
-6.734780918321698895e-01
-6.734400711381474114e-01
-6.734014863734996137e-01
-6.733624504986760462e-01
-6.733230813861211805e-01
-6.732834783062711104e-01
-6.732436954747277325e-01
-6.732037175075480384e-01
-6.731634426707260310e-01
-6.731226798867226968e-01
-6.730811642704681574e-01
-6.730385933875764337e-01
-6.729946826003628813e-01
-6.729492332467271742e-01
-6.729022027449389487e-01
-6.728537620307819545e-01
-6.728043240996816055e-01
-6.727545288143546021e-01
-6.727051741539622487e-01
-6.726570927256847465e-01
-6.726109838507455807e-01
-6.725672242396205647e-01
-6.725256917989205219e-01
-6.724856446184533931e-01
-6.724456978431463394e-01
-6.724039327484450101e-01
-6.723581540165289860e-01
-6.723062839413448399e-01
-6.722468492896734871e-01
-6.721794832332341763e-01
-6.721053382584043501e-01
-6.720272940375761062e-01
-6.719498538728250203e-01
-6.718786588809086968e-01
-6.718196106438681925e-01
-6.717776750319131018e-01
-6.717555306355403877e-01
-6.717523076623108658e-01
-6.717627169449594815e-01
-6.717768737476192964e-01
-6.717810617996118339e-01
-6.717595531119844310e-01
-6.716974055738161864e-01
-6.715839256996626316e-01
-6.714162464145001508e-01
-6.712022798596306572e-01
-6.709622185317456466e-01
-6.707278249790014080e-01
-6.705390029059710155e-01
-6.704375816652863307e-01
-6.704588310884441738e-01
-6.706218690738600108e-01
-6.709207068071150193e-01
-6.713180516573487022e-01
-6.717440167473637258e-01
-6.721014655761952117e-01
-6.722788107247275047e-01
-6.721697351370359286e-01
-6.716976609488312100e-01
-6.708411070041080393e-01
-6.696546985458746715e-01
-6.682799268113410740e-01
-6.669401969832129407e-01
-6.659165232859591832e-01
-6.655034493721899702e-01
-6.659490487823847005e-01
-6.673874720530640348e-01
-6.697764651359151555e-01
-6.728545650014942092e-01
-6.761324885476849289e-01
-6.789301743424515090e-01
-6.804650099205805658e-01
-6.799882371570867834e-01
-6.769558277164208215e-01
-6.712081465200883112e-01
-6.631213736507836076e-01
-6.536863878780277970e-01
-6.444723592004154566e-01
-6.374468978409104647e-01
-6.346530450108203159e-01
-6.377804880177141422e-01
-6.477033209409460701e-01
-6.640772356574748958e-01
-6.850881105400090654e-01
-7.074243967513915710e-01
-7.265193504873928010e-01
-7.370885431763615214e-01
-7.339730397246908566e-01
-7.132665854784698833e-01
-6.736186914790426306e-01
-6.174474903521021130e-01
-5.516195688611345016e-01
-4.870967606122615368e-01
-4.372576444472141555e-01
-4.150770483546062928e-01
-4.298736888785696375e-01
-4.846039474913689249e-01
-5.745115148765945756e-01
-6.873945457479949672e-01
-8.050711272192946355e-01
-9.052046363697451303e-01
-9.629199302272890559e-01
-9.526959988606025220e-01
-8.521932613949644297e-01
-6.495180497879469161e-01
-3.526412979112776291e-01
4.737953968233183343e-03
3.678087485249136313e-01
6.761130033424209707e-01
8.806305884602582124e-01
9.523519290577391327e-01
8.820633972938664025e-01
6.787897842762796730e-01
3.713284689264712002e-01
8.519566397131432892e-03
-3.492183731893056531e-01
-6.469259192930350011e-01
-8.506436617146075907e-01
-9.521551277808317781e-01
-9.631994116569730924e-01
-9.060528205343071351e-01
-8.062285008981997514e-01
-6.886190585437426126e-01
-5.755938156176931830e-01
-4.853846853664322558e-01
-4.302617202563771004e-01
-4.150600326560031639e-01
-4.368976134060016392e-01
-4.865094520149613744e-01
-5.509431194635632245e-01
-6.168101484144606905e-01
-6.731148161057344259e-01
-7.129458514679298808e-01
-7.338421970296862273e-01
-7.371213533188901712e-01
-7.266696283726696848e-01
-7.076384850256849379e-01
-6.853149596770781171e-01
-6.642755247055824874e-01
-6.478455985050820543e-01
-6.378544870391150701e-01
-6.346604728746141344e-01
-6.374002468173683988e-01
-6.443905445548562261e-01
-6.535901590289548979e-01
-6.630293678237324517e-01
-6.711341801791216310e-01
-6.769076497760018185e-01
-6.799676240407619421e-01
-6.804688535635536883e-01
-6.789521249543428727e-01
-6.761647379974767835e-01
-6.728894468806052576e-01
-6.698076617712979131e-01
-6.674107305015367642e-01
-6.659624041632269398e-01
-6.655070287017894604e-01
-6.659120524613045822e-01
-6.669303554141838841e-01
-6.682676890676173542e-01
-6.696427750695698178e-01
-6.708315549328478511e-01
-6.716916914615917999e-01
-6.721677044809948320e-01
-6.722803541776998237e-01
-6.721057193091858339e-01
-6.717498709460640871e-01
-6.713243863756040986e-01
-6.709265760709026694e-01
-6.706266150306100515e-01
-6.704621254283092968e-01
-6.704394039267516092e-01
-6.705395733639166744e-01
-6.707275132576729915e-01
-6.709614483345185398e-01
-6.712014462869980713e-01
-6.714156565846014502e-01
-6.715837671500681783e-01
-6.716977413526689089e-01
-6.717603383363257574e-01
-6.717821741243604761e-01
-6.717781496231652882e-01
-6.717639864314149944e-01
-6.717534224356119799e-01
-6.717563821388875533e-01
-6.717782020175305790e-01
-6.718197972497612636e-01
-6.718785256751576007e-01
-6.719494449016273352e-01
-6.720266628869948633e-01
-6.721045356282112637e-01
-6.721785477159546440e-01
-6.722458021460161470e-01
-6.723051278336235059e-01
-6.723568750237901570e-01
-6.724025046020869478e-01
-6.724440871960168931e-01
-6.724838162563171462e-01
-6.725236129555923759e-01
-6.725648675100147633e-01
-6.726083285374369058e-01
-6.726541247469440821e-01
-6.727018848478889534e-01
-6.727509130800867210e-01
-6.728003783275607885e-01
-6.728494822081684257e-01
-6.728975830104801936e-01
-6.729442650326111774e-01
-6.729893543753974194e-01
-6.730328909130152137e-01
-6.730750712161148730e-01
-6.731161786294799221e-01
-6.731565151069325292e-01
-6.731963457451876076e-01
-6.732358623205758619e-01
-6.732751675152385262e-01
-6.733142776862417467e-01
-6.733531394391293334e-01
-6.733916540619140356e-01
-6.734297039373526861e-01
-6.734671760781620886e-01
-6.735039795282334874e-01
-6.735400551451485862e-01
-6.735753778903036393e-01
-6.736099529716903511e-01
-6.736438078983562061e-01
-6.736769827121615872e-01
-6.737095204441223562e-01
-6.737414593335558921e-01
-6.737728277001260313e-01
-6.738036417116373133e-01
-6.738339057516463670e-01
-6.738636147254718489e-01
-6.738927574720082747e-01
-6.739213204557786829e-01
-6.739492910567589368e-01
-6.739766599995916652e-01
-6.740034227128990363e-01
-6.740295796362335556e-01
-6.740551356640308578e-01
-6.740800990166886386e-01
-6.741044798580493325e-01
-6.741282889476689633e-01
-6.741515365441980157e-01
-6.741742316844735461e-01
-6.741963818713483381e-01
-6.742179931271512494e-01
-6.742390703182047362e-01
-6.742596176320007073e-01
-6.742796390901285575e-01
-6.742991390008454822e-01
-6.743181222873627645e-01
-6.743365946635109243e-01
-6.743545626606725074e-01
-6.743720335340764871e-01
-6.743890150904944258e-01
-6.744055154830400634e-01
-6.744215430138864598e-01
-6.744371059750351449e-01
-6.744522125439275095e-01
-6.744668707375548466e-01
-6.744810884179525123e-01
-6.744948733348752334e-01
-6.745082331883878179e-01
-6.745211756946893900e-01
-6.745337086417890760e-01
-6.745458399264777638e-01
-6.745575775692452813e-01
-6.745689297083665714e-01
-6.745799045777163272e-01
-6.745905104746506842e-01
-6.746007557245827790e-01
-6.746106486479527264e-01
-6.746201975335944789e-01
-6.746294106205046326e-01
-6.746382960881160962e-01
-6.746468620537200422e-01
-6.746551165747614043e-01
-6.746630676534559612e-01
-6.746707232413859945e-01
-6.746780912423193666e-01
-6.746851795122500439e-01
-6.746919958564241426e-01
-6.746985480237340793e-01
-6.747048436992829634e-01
-6.747108904960943399e-01
-6.747166959469005354e-01
-6.747222674967471301e-01
-6.747276124968634159e-01
-6.747327381999553841e-01
-6.747376517568103305e-01
-6.747423602139311916e-01
-6.747468705118309096e-01
-6.747511894836182300e-01
-6.747553238535805020e-01
-6.747592802355678598e-01
-6.747630651311079530e-01
-6.747666849272787593e-01
-6.747701458944395103e-01
-6.747734541839583988e-01
-6.747766158260728453e-01
-6.747796367279913499e-01
-6.747825226723083158e-01
-6.747852793157536055e-01
-6.747879121882627285e-01
-6.747904266923183680e-01
-6.747928281025084019e-01
-6.747951215652406853e-01
-6.747973120985732987e-01
-6.747994045921201778e-01
-6.748014038070330178e-01
-6.748033143760540087e-01
-6.748051408036568333e-01
-6.748068874662905836e-01
-6.748085586127424707e-01
-6.748101583646327617e-01
-6.748116907170396139e-01
-6.748131595392500293e-01
-6.748145685756323786e-01
-6.748159214466092903e-01
-6.748172216497221321e-01
-6.748184725607734302e-01
-6.748196774350340155e-01
-6.748208394085161155e-01
-6.748219614993010707e-01
-6.748230466089260027e-01
-6.748240975238262163e-01
-6.748251169168338892e-01
-6.748261073487309414e-01
-6.748270712698519747e-01
-6.748280110217351746e-01
-6.748289288388087392e-01
-6.748298268501150554e-01
-6.748307070810570796e-01
-6.748315714551681443e-01
-6.748324217958944216e-01
-6.748332598283879324e-01
-6.748340871813051089e-01
-6.748349053886127935e-01
-6.748357158913889098e-01
-6.748365200396265751e-01
-6.748373190940313293e-01
-6.748381142278095934e-01
-6.748389065284482458e-01
-6.748396969994761019e-01
-6.748404865622057436e-01
-6.748412760574522551e-01
-6.748420662472236486e-01
-6.748428578163813141e-01
-6.748436513742639420e-01
-6.748444474562785844e-01
-6.748452465254471955e-01
-6.748460489739142032e-01
-6.748468551244097835e-01
-6.748476652316699465e-01
-6.748484794838029988e-01
-6.748492980036104871e-01
-6.748501208498561832e-01
-6.748509480184774478e-01
-6.748517794437420836e-01
-6.748526149993467893e-01
-6.748534544994551077e-01
-6.748542976996780851e-01
-6.748551442979843218e-01
-6.748559939355532888e-01
-6.748568461975616994e-01
