-6.748575832477012870e-01
-6.748583909818651749e-01
-6.748591947953079817e-01
-6.748599940939679076e-01
-6.748607882253260248e-01
-6.748615764787750937e-01
-6.748623580859339777e-01
-6.748631322209011074e-01
-6.748638980004508792e-01
-6.748646544841743200e-01
-6.748654006745612444e-01
-6.748661355170261222e-01
-6.748668578998778811e-01
-6.748675666542331975e-01
-6.748682605538750545e-01
-6.748689383150580090e-01
-6.748695985962585020e-01
-6.748702399978747657e-01
-6.748708610618753267e-01
-6.748714602713968835e-01
-6.748720360502997728e-01
-6.748725867626708119e-01
-6.748731107122861728e-01
-6.748736061420327337e-01
-6.748740712332859104e-01
-6.748745041052512939e-01
-6.748749028142677631e-01
-6.748752653530745160e-01
-6.748755896500472362e-01
-6.748758735683993981e-01
-6.748761149053578157e-01
-6.748763113913076594e-01
-6.748764606889194884e-01
-6.748765603922523004e-01
-6.748766080258421507e-01
-6.748766010437811103e-01
-6.748765368287847899e-01
-6.748764126912610850e-01
-6.748762258683750348e-01
-6.748759735231169010e-01
-6.748756527433751318e-01
-6.748752605410112126e-01
-6.748747938509449540e-01
-6.748742495302418876e-01
-6.748736243572106552e-01
-6.748729150305072810e-01
-6.748721181682573178e-01
-6.748712303071990881e-01
-6.748702479018567901e-01
-6.748691673237545707e-01
-6.748679848606849996e-01
-6.748666967160396046e-01
-6.748652990082150138e-01
-6.748637877700965904e-01
-6.748621589486204497e-01
-6.748604084044091955e-01
-6.748585319114661640e-01
-6.748565251569184076e-01
-6.748543837407879886e-01
-6.748521031757779287e-01
-6.748496788870704810e-01
-6.748471062121427222e-01
-6.748443804006217794e-01
-6.748414966142167737e-01
-6.748384499267809922e-01
-6.748352353245585800e-01
-6.748318477066794774e-01
-6.748282818859421273e-01
-6.748245325898988289e-01
-6.748205944622301944e-01
-6.748164620643395395e-01
-6.748121298770660692e-01
-6.748075923023789668e-01
-6.748028436649028405e-01
-6.747978782131525133e-01
-6.747926901203915584e-01
-6.747872734851335652e-01
-6.747816223313937156e-01
-6.747757306089362528e-01
-6.747695921938582364e-01
-6.747632008899155931e-01
-6.747565504309924744e-01
-6.747496344850277827e-01
-6.747424466595126624e-01
-6.747349805084260632e-01
-6.747272295401355313e-01
-6.747191872254850731e-01
-6.747108470050463547e-01
-6.747022022944102471e-01
-6.746932464865155188e-01
-6.746839729503790739e-01
-6.746743750262200745e-01
-6.746644460177695368e-01
-6.746541791834643753e-01
-6.746435677290062438e-01
-6.746326048042708967e-01
-6.746212835075617864e-01
-6.746095968995594605e-01
-6.745975380279708444e-01
-6.745850999619005250e-01
-6.745722758326063717e-01
-6.745590588749132976e-01
-6.745454424617147726e-01
-6.745314201231955575e-01
-6.745169855432029404e-01
-6.745021325278742763e-01
-6.744868549461788820e-01
-6.744711466480658446e-01
-6.744550013725408855e-01
-6.744384126639869637e-01
-6.744213738188891138e-01
-6.744038778853267413e-01
-6.743859177329994958e-01
-6.743674862016838523e-01
-6.743485763214109863e-01
-6.743291815800156463e-01
-6.743092961959724629e-01
-6.742889153404074687e-01
-6.742680352460668214e-01
-6.742466531465755031e-01
-6.742247670088963307e-01
-6.742023750555814487e-01
-6.741794751181062750e-01
-6.741560639120249832e-01
-6.741321363694917634e-01
-6.741076851937201075e-01
-6.740827008020138233e-01
-6.740571717903859339e-01
-6.740310859798699372e-01
-6.740044319962676944e-01
-6.739772012040281535e-01
-6.739493896828345765e-01
-6.739209998307580385e-01
-6.738920411318091164e-01
-6.738625296663500741e-01
-6.738324860878751599e-01
-6.738019320394361689e-01
-6.737708853150773392e-01
-6.737393544387950683e-01
-6.737073336663000900e-01
-6.736747996300892494e-01
-6.736417108629971784e-01
-6.736080111848767871e-01
-6.735736373948659761e-01
-6.735385309069673587e-01
-6.735026519948454915e-01
-6.734659943339796895e-01
-6.734285967574822340e-01
-6.733905488076071810e-01
-6.733519869751756204e-01
-6.733130796030922793e-01
-6.732740002874202379e-01
-6.732348920704641637e-01
-6.731958274313812884e-01
-6.731567715246105088e-01
-6.731175576790207060e-01
-6.730778842401128337e-01
-6.730373399429842030e-01
-6.729954609600107274e-01
-6.729518168029308134e-01
-6.729061150925585988e-01
-6.728583080412916528e-01
-6.728086778911230859e-01
-6.727578762158462622e-01
-6.727068944374555715e-01
-6.726569510443255462e-01
-6.726092947866704197e-01
-6.725649412654048920e-01
-6.725243801778384434e-01
-6.724873082135727209e-01
-6.724524536850227108e-01
-6.724175589888401472e-01
-6.723795725632643050e-01
-6.723350719039331569e-01
-6.722808952481198475e-01
-6.722149071318583857e-01
-6.721367710501519044e-01
-6.720485624042925599e-01
-6.719550391985797955e-01
-6.718634074028362324e-01
-6.717824789668513930e-01
-6.717212224036673840e-01
-6.716868386644394562e-01
-6.716826389016092858e-01
-6.717061274675650839e-01
-6.717477702726847300e-01
-6.717909237384172005e-01
-6.718132896882407223e-01
-6.717900390414645040e-01
-6.716984264811997063e-01
-6.715233391459449752e-01
-6.712628493824724929e-01
-6.709325579986609167e-01
-6.705674103098763217e-01
-6.702198215026596850e-01
-6.699534063757561775e-01
-6.698323624540245547e-01
-6.699075253735757851e-01
-6.702011486776984217e-01
-6.706933461988556777e-01
-6.713136389930396408e-01
-6.719409565371938786e-01
-6.724146090615603644e-01
-6.725571399198856382e-01
-6.722076881993316322e-01
-6.712618042105688021e-01
-6.697109926724120754e-01
-6.676731961688567862e-01
-6.654046636963837358e-01
-6.632848358169334269e-01
-6.617694303286183466e-01
-6.613127337031373676e-01
-6.622674076578066726e-01
-6.647774687863824417e-01
-6.686857262922173417e-01
-6.734792960285107544e-01
-6.782949345250259832e-01
-6.819997261227092045e-01
-6.833524532773832538e-01
-6.812371023562378003e-01
-6.749426042769691714e-01
-6.644430445601593460e-01
-6.506136949318175322e-01
-6.353077033272349627e-01
-6.212261898042950037e-01
-6.115484459653233174e-01
-6.093468878560281965e-01
-6.168776867944069098e-01
-6.348876992686960374e-01
-6.620899815471364969e-01
-6.949297503188034408e-01
-7.277093978389125306e-01
-7.530991743402610794e-01
-7.630544185280949687e-01
-7.501750774548366918e-01
-7.095057120958314645e-01
-6.405876377045037762e-01
-5.492225466033443526e-01
-4.480703923190184623e-01
-3.552393205636222295e-01
-2.906727669186209839e-01
-2.711686196671520555e-01
-3.056394988231420085e-01
-3.922468195299834148e-01
-5.183305073532286089e-01
-6.629346744796226210e-01
-8.006291265551234160e-01
-9.048977194090660481e-01
-9.502075567332453065e-01
-9.137142843798611302e-01
-7.789166669670101184e-01
-5.425920985407726160e-01
-2.225006926941214824e-01
1.406281810428138268e-01
4.919342612913734092e-01
7.787749711252162088e-01
9.638503341037595318e-01
1.027971009112241818e+00
9.656714713964354990e-01
7.822514281218493348e-01
4.966623698680174837e-01
1.459361060273838551e-01
-2.174327735317241883e-01
-5.384912669848290756e-01
-7.762141250092757794e-01
-9.124992787670732630e-01
-9.503147752178086050e-01
-9.060255896598791159e-01
-8.024179618928416469e-01
-6.650013137390863305e-01
-5.202926430259120494e-01
-3.937635095448585587e-01
-3.064667277023902514e-01
-2.712076518801178060e-01
-2.899874060284398092e-01
-3.540313738691762691e-01
-4.466198906860161522e-01
-5.478130440488774289e-01
-6.394419432183758856e-01
-7.087505924782665501e-01
-7.498386351361115976e-01
-7.630867181423759416e-01
-7.534022385361329732e-01
-7.281660213953072835e-01
-6.954263271319216511e-01
-6.625325282627022583e-01
-6.352116156966371996e-01
-6.170517098105665621e-01
-6.093715558134457089e-01
-6.114497983404514336e-01
-6.210462064274729910e-01
-6.350936282477922523e-01
-6.504084806599765844e-01
-6.642786090309882319e-01
-6.748366514323963505e-01
-6.811932985897329873e-01
-6.833630857485752941e-01
-6.820497079200461554e-01
-6.783660962152230356e-01
-6.735541624681309347e-01
-6.687502874005856190e-01
-6.648227374457968963e-01
-6.622897903358752059e-01
-6.613134143860455172e-01
-6.617530822320408790e-01
-6.632580227537843154e-01
-6.653742733893041050e-01
-6.676451718804404800e-01
-6.696895194619264524e-01
-6.712489895948338114e-01
-6.722036787944903891e-01
-6.725605513075753050e-01
-6.724231199494742350e-01
-6.719519253549148807e-01
-6.713246312757346068e-01
-6.707025030588449344e-01
-6.702073702447366443e-01
-6.699104807285526375e-01
-6.698323645657090486e-01
-6.699512048806637310e-01
-6.702163682491208974e-01
-6.705636447241629661e-01
-6.709292450424716447e-01
-6.712604860796391737e-01
-6.715221299051113979e-01
-6.716983153080109403e-01
-6.717907795493562872e-01
-6.718145316984106552e-01
-6.717922973792814778e-01
-6.717489534601729373e-01
-6.717068889141054600e-01
-6.716828549562893214e-01
-6.716864872791901142e-01
-6.717203607515265240e-01
-6.717812125570478132e-01
-6.718618581617232799e-01
-6.719533183804349274e-01
-6.720467519357662400e-01
-6.721349145532188318e-01
-6.722130098560200606e-01
-6.722789307503161949e-01
-6.723329926436280024e-01
-6.723773215765384004e-01
-6.724150803081978545e-01
-6.724496999678938325e-01
-6.724842449181330784e-01
-6.725209864034136231e-01
-6.725612079404681420e-01
-6.726052211909511191e-01
-6.726525407028698389e-01
-6.727021512766581113e-01
-6.727528016006167899e-01
-6.728032688480307666e-01
-6.728525566825250825e-01
-6.729000090363275177e-01
-6.729453402594526290e-01
-6.729885961179582488e-01
-6.730300683319521138e-01
-6.730701878336595723e-01
-6.731094196114572048e-01
-6.731481763979882960e-01
-6.731867612695219272e-01
-6.732253420256573140e-01
-6.732639542218885609e-01
-6.733025256570849271e-01
-6.733409132055763191e-01
-6.733789429452087250e-01
-6.734164460962738241e-01
-6.734532857381689830e-01
-6.734893719920311828e-01
-6.735246658292640687e-01
-6.735591735321151408e-01
-6.735929349223764850e-01
-6.736260087871792646e-01
-6.736584585964301430e-01
-6.736903408324184106e-01
-6.737216972711965735e-01
-6.737525515802300635e-01
-6.737829097893638375e-01
-6.738127636482003080e-01
-6.738420956316629740e-01
-6.738708843702716500e-01
-6.738991094974957630e-01
-6.739267552402308237e-01
-6.739538124464611313e-01
-6.739802790769523488e-01
-6.740061594380025722e-01
-6.740314625774689317e-01
-6.740562003068590879e-01
-6.740803852660588458e-01
-6.741040293423472551e-01
-6.741271426230530661e-01
-6.741497329300482066e-01
-6.741718058758864318e-01
-6.741933653084999367e-01
-6.742144139778076806e-01
-6.742349542596991485e-01
-6.742549888019127025e-01
-6.742745210011414914e-01
-6.742935552701150304e-01
-6.743120970980652773e-01
-6.743301529416201312e-01
-6.743477300027057586e-01
-6.743648359555866056e-01
-6.743814786790579552e-01
-6.743976660358159680e-01
-6.744134057233229784e-01
-6.744287052028925533e-01
-6.744435716991467045e-01
-6.744580122521357524e-01
-6.744720337998386661e-01
-6.744856432689377845e-01
-6.744988476556059709e-01
-6.745116540839921626e-01
-6.745240698367170884e-01
-6.745361023576920134e-01
-6.745477592321180715e-01
-6.745590481512080405e-01
-6.745699768699509047e-01
-6.745805531654831544e-01
-6.745907848017709263e-01
-6.746006795039563020e-01
-6.746102449433513115e-01
-6.746194887320977607e-01
-6.746284184251615246e-01
-6.746370415266859100e-01
-6.746453654977345726e-01
-6.746533977629444179e-01
-6.746611457143968371e-01
-6.746686167119089195e-01
-6.746758180797457483e-01
-6.746827571003860546e-01
-6.746894410063345449e-01
-6.746958769711001169e-01
-6.747020721003605948e-01
-6.747080334241043476e-01
-6.747137678902029867e-01
-6.747192823595783429e-01
-6.747245836028362698e-01
-6.747296782980641838e-01
-6.747345730293932142e-01
-6.747392742859287251e-01
-6.747437884606963809e-01
-6.747481218493776023e-01
-6.747522806487079583e-01
-6.747562709545324999e-01
-6.747600987595951949e-01
-6.747637699511869203e-01
-6.747672903088047791e-01
-6.747706655019558575e-01
-6.747739010882118915e-01
-6.747770025115804593e-01
-6.747799751012107938e-01
-6.747828240704233371e-01
-6.747855545160159618e-01
-6.747881714177899060e-01
-6.747906796382412420e-01
-6.747930839223648114e-01
-6.747953888975302128e-01
-6.747975990734150775e-01
-6.747997188419784242e-01
-6.748017524774914122e-01
-6.748037041366294897e-01
-6.748055778586442566e-01
-6.748073775656353579e-01
-6.748091070629257393e-01
-6.748107700395511444e-01
-6.748123700688641868e-01
-6.748139106092448936e-01
-6.748153950049113892e-01
-6.748168264868161792e-01
-6.748182081736187055e-01
-6.748195430727231825e-01
-6.748208340813681705e-01
-6.748220839877672184e-01
-6.748232954722874766e-01
-6.748244711086727188e-01
-6.748256133652978939e-01
-6.748267246064648672e-01
-6.748278070937296924e-01
-6.748288629872648547e-01
-6.748298943472513800e-01
-6.748309031352975884e-01
-6.748318912158850491e-01
-6.748328603578293006e-01
-6.748338122357571134e-01
-6.748347484315940781e-01
-6.748356704360558567e-01
-6.748365796501412106e-01
-6.748374773866206988e-01
-6.748383648715186034e-01
-6.748392432455835310e-01
-6.748401135657480232e-01
-6.748409768065698477e-01
-6.748418338616578582e-01
-6.748426855450765371e-01
-6.748435325927241157e-01
-6.748443756636898216e-01
-6.748452153415775978e-01
-6.748460521358038422e-01
-6.748468864828580660e-01
-6.748477187475288019e-01
-6.748485492240903216e-01
-6.748493781374500511e-01
-6.748502056442523545e-01
-6.748510318339366876e-01
-6.748518567297510096e-01
-6.748526802897178989e-01
-6.748535024075493771e-01
-6.748543229135158805e-01
-6.748551415752576110e-01
-6.748559580985460382e-01
-6.748567721279926657e-01
