-6.748572783756324744e-01
-6.748581985546951989e-01
-6.748591251509433731e-01
-6.748600574826216780e-01
-6.748609948227536348e-01
-6.748619363995401743e-01
-6.748628813966786044e-01
-6.748638289535988655e-01
-6.748647781656170741e-01
-6.748657280840104633e-01
-6.748666777160087227e-01
-6.748676260247081782e-01
-6.748685719289021501e-01
-6.748695143028364818e-01
-6.748704519758844667e-01
-6.748713837321460574e-01
-6.748723083099708031e-01
-6.748732244014058468e-01
-6.748741306515713134e-01
-6.748750256579645335e-01
-6.748759079696957652e-01
-6.748767760866513088e-01
-6.748776284585952245e-01
-6.748784634842036612e-01
-6.748792795100385655e-01
-6.748800748294607743e-01
-6.748808476814838198e-01
-6.748815962495737786e-01
-6.748823186603927216e-01
-6.748830129824918700e-01
-6.748836772249582339e-01
-6.748843093360128442e-01
-6.748849072015691286e-01
-6.748854686437520956e-01
-6.748859914193828802e-01
-6.748864732184309823e-01
-6.748869116624423015e-01
-6.748873043029409713e-01
-6.748876486198124303e-01
-6.748879420196675083e-01
-6.748881818341919692e-01
-6.748883653184811759e-01
-6.748884896493668739e-01
-6.748885519237352026e-01
-6.748885491568399342e-01
-6.748884782806192639e-01
-6.748883361420153770e-01
-6.748881195013116674e-01
-6.748878250304894966e-01
-6.748874493116181483e-01
-6.748869888352807545e-01
-6.748864399990491814e-01
-6.748857991060062123e-01
-6.748850623633251278e-01
-6.748842258809004679e-01
-6.748832856700290872e-01
-6.748822376421392821e-01
-6.748810776075581108e-01
-6.748798012743180141e-01
-6.748784042470011846e-01
-6.748768820256290102e-01
-6.748752300046092500e-01
-6.748734434717633679e-01
-6.748715176074643329e-01
-6.748694474839143087e-01
-6.748672280646015320e-01
-6.748648542039571430e-01
-6.748623206472345037e-01
-6.748596220306004589e-01
-6.748567528814194416e-01
-6.748537076186729156e-01
-6.748504805534528694e-01
-6.748470658894452079e-01
-6.748434577233372034e-01
-6.748396500450989377e-01
-6.748356367381455057e-01
-6.748314115794372681e-01
-6.748269682396513813e-01
-6.748223002836158946e-01
-6.748174011712367859e-01
-6.748122642591479758e-01
-6.748068828032615096e-01
-6.748012499622912941e-01
-6.747953588021708971e-01
-6.747892023011009544e-01
-6.747827733548040774e-01
-6.747760647814210477e-01
-6.747690693254638772e-01
-6.747617796603117002e-01
-6.747541883889606185e-01
-6.747462880430797894e-01
-6.747380710808486004e-01
-6.747295298844853129e-01
-6.747206567587413772e-01
-6.747114439318228074e-01
-6.747018835601270581e-01
-6.746919677378192537e-01
-6.746816885115933804e-01
-6.746710379000416813e-01
-6.746600079159993379e-01
-6.746485905892579682e-01
-6.746367779862807446e-01
-6.746245622233046912e-01
-6.746119354695694348e-01
-6.745988899385355619e-01
-6.745854178667904932e-01
-6.745715114827498526e-01
-6.745571629699638194e-01
-6.745423644323633727e-01
-6.745271078706344126e-01
-6.745113851794671822e-01
-6.744951881742224931e-01
-6.744785086522325779e-01
-6.744613384885002061e-01
-6.744436697583807705e-01
-6.744254948718718667e-01
-6.744068066967440211e-01
-6.743875986427813052e-01
-6.743678646786815944e-01
-6.743475992583939371e-01
-6.743267971456923249e-01
-6.743054531442992383e-01
-6.742835617639669765e-01
-6.742611168769576668e-01
-6.742381114392522745e-01
-6.742145373606076575e-01
-6.741903856017222862e-01
-6.741656465513581331e-01
-6.741403106907205567e-01
-6.741143694905629147e-01
-6.740878164172764420e-01
-6.740606478610995378e-01
-6.740328637589187988e-01
-6.740044676821793646e-01
-6.739754662095888138e-01
-6.739458675090360673e-01
-6.739156792064230350e-01
-6.738849058008287152e-01
-6.738535460629598850e-01
-6.738215909861198227e-01
-6.737890229032060807e-01
-6.737558163044514714e-01
-6.737219406713239600e-01
-6.736873652912076516e-01
-6.736520655757687326e-01
-6.736160299449257538e-01
-6.735792659532128246e-01
-6.735418041301326486e-01
-6.735036980734767642e-01
-6.734650197329999921e-01
-6.734258495542325695e-01
-6.733862621515817048e-01
-6.733463093057335813e-01
-6.733060031299397119e-01
-6.732653029845024895e-01
-6.732241099046677446e-01
-6.731822717633384467e-01
-6.731396010385485296e-01
-6.730959049620454104e-01
-6.730510252209395139e-01
-6.730048816613470875e-01
-6.729575121172949315e-01
-6.729090991299855329e-01
-6.728599744592104193e-01
-6.728105942920378224e-01
-6.727614820283842612e-01
-6.727131412157745238e-01
-6.726659479595465951e-01
-6.726200389059836526e-01
-6.725752163477511925e-01
-6.725308946799436471e-01
-6.724861110179951584e-01
-6.724396163771918511e-01
-6.723900522328274398e-01
-6.723362013286340311e-01
-6.722772831871227650e-01
-6.722132468780758208e-01
-6.721450000071280684e-01
-6.720745076783544159e-01
-6.720047020048601771e-01
-6.719391638997327387e-01
-6.718815744473103369e-01
-6.718349802264613757e-01
-6.718009693040440933e-01
-6.717789029310486937e-01
-6.717653808561275808e-01
-6.717541238757391842e-01
-6.717364260524795183e-01
-6.717022559700306372e-01
-6.716419737613638086e-01
-6.715484898891608267e-01
-6.714195438722876386e-01
-6.712596557333349034e-01
-6.710812339635954249e-01
-6.709043441150626119e-01
-6.707547756641424330e-01
-6.706602982174292293e-01
-6.706453536948676630e-01
-6.707248429044434523e-01
-6.708980605299008637e-01
-6.711441214970426117e-01
-6.714203100255439205e-01
-6.716645920140664749e-01
-6.718030190900420306e-01
-6.717619298204278167e-01
-6.714837981845255266e-01
-6.709444416955103740e-01
-6.701682987624802967e-01
-6.692378804601402109e-01
-6.682935638059728234e-01
-6.675208299820307722e-01
-6.671239304064726650e-01
-6.672876433457034517e-01
-6.681318772303707076e-01
-6.696667904544628680e-01
-6.717581423898799642e-01
-6.741131378024350917e-01
-6.762956472293292220e-01
-6.777762177217040440e-01
-6.780168309363721058e-01
-6.765832601767031163e-01
-6.732697822159018353e-01
-6.682131037354970271e-01
-6.619666269090048738e-01
-6.555052754152143057e-01
-6.501376966276743996e-01
-6.473179974942585568e-01
-6.483715824002251882e-01
-6.541740280178623967e-01
-6.648411084334818755e-01
-6.794960155520690659e-01
-6.961747673445206619e-01
-7.119164101837871517e-01
-7.230672184255443335e-01
-7.258105459660475489e-01
-7.169096103305264700e-01
-6.946032327361107983e-01
-6.595115262534129164e-01
-6.153033989227399969e-01
-5.688079494921902679e-01
-5.293010610373962699e-01
-5.069135676619707098e-01
-5.104309226790143539e-01
-5.450283239849311734e-01
-6.105462047090238764e-01
-7.006992112245340465e-01
-8.032163401361477328e-01
-9.005581539534753821e-01
-9.708597737209364587e-01
-9.893254460582543430e-01
-9.312538710412154863e-01
-7.782934948716675461e-01
-5.280076775159902036e-01
-2.029134135896416002e-01
1.482662581566902560e-01
4.617252788985835577e-01
6.773978779204038458e-01
7.546528841092235984e-01
6.793657956782677143e-01
4.652978580095448735e-01
1.527608321338658481e-01
-1.983495859960790197e-01
-5.241496348503555947e-01
-7.756210139658386016e-01
-9.298867634706272645e-01
-9.891064011565616765e-01
-9.714892821048599636e-01
-9.017016109389787148e-01
-8.045623883812819122e-01
-7.019857798946110838e-01
-6.115749607195828386e-01
-5.456764198093448925e-01
-5.106577685699660307e-01
-5.067568270199757086e-01
-5.288591801413321525e-01
-5.682121686384609127e-01
-6.146865632848723671e-01
-6.589819799519625043e-01
-6.942294964958503067e-01
-7.167171155584743936e-01
-7.257878500333221350e-01
-7.231773991161495330e-01
-7.121096771087058741e-01
-6.963996780645924645e-01
-6.797080151798668979e-01
-6.650079736064744562e-01
-6.542782473388879527e-01
-6.484099790977408961e-01
-6.472991500575140389e-01
-6.500779451607378023e-01
-6.554242341238828429e-01
-6.618830827389046156e-01
-6.681419620576325435e-01
-6.732203897289832373e-01
-6.765590951478364090e-01
-6.780162901640186535e-01
-6.777940918084467414e-01
-6.763248568369462088e-01
-6.741463697974350300e-01
-6.717891351813798373e-01
-6.696911388043166324e-01
-6.681473364929928493e-01
-6.672939991343992405e-01
-6.671225559123009630e-01
-6.675140777544951165e-01
-6.682841339701928174e-01
-6.692282793334548563e-01
-6.701604599565231801e-01
-6.709395364516588245e-01
-6.714822220472019820e-01
-6.717634249068572538e-01
-6.718068775085357380e-01
-6.716698853983965600e-01
-6.714260994233326452e-01
-6.711496167534591883e-01
-6.709027147545729708e-01
-6.707283823456362537e-01
-6.706477542769886391e-01
-6.706617262234868537e-01
-6.707555116900512093e-01
-6.709047073643715775e-01
-6.710815194873384071e-01
-6.712600917445156190e-01
-6.714202709983476680e-01
-6.715495600369878471e-01
-6.716433636040107791e-01
-6.717038889739388452e-01
-6.717381972028728665e-01
-6.717559224114255656e-01
-6.717671079348002117e-01
-6.717804828071465284e-01
-6.718023540192089582e-01
-6.718361488239468216e-01
-6.718825282821372369e-01
-6.719399197714207572e-01
-6.720052846878887820e-01
-6.720749430843370176e-01
-6.721453097916054720e-01
-6.722134448896676107e-01
-6.722773738037629565e-01
-6.723361794629779675e-01
-6.723899046230571441e-01
-6.724393237024813841e-01
-6.724856503744748304e-01
-6.725302420051363361e-01
-6.725743484712771725e-01
-6.726189350151582369e-01
-6.726645903851736774e-01
-6.727115155524244772e-01
-6.727595766933245347e-01
-6.728083996892673113e-01
-6.728574819450324762e-01
-6.729062999740254014e-01
-6.729543966220453699e-01
-6.730014385522721243e-01
-6.730472413582428981e-01
-6.730917653653503141e-01
-6.731350891664574787e-01
-6.731773699578660342e-01
-6.732187998986947086e-01
-6.732595663777398709e-01
-6.732998217611957381e-01
-6.733396654802648040e-01
-6.733791387151030206e-01
-6.734182298336279793e-01
-6.734568873835404812e-01
-6.734950368813908961e-01
-6.735325978179458328e-01
-6.735694980255735320e-01
-6.736056835979788993e-01
-6.736411236771705502e-01
-6.736758104237953182e-01
-6.737097552235143949e-01
-6.737429825856384724e-01
-6.737755232626303492e-01
-6.738074079177942544e-01
-6.738386622856824548e-01
-6.738693043093727519e-01
-6.738993432962112617e-01
-6.739287807809966058e-01
-6.739576125640310833e-01
-6.739858313105291376e-01
-6.740134291405001088e-01
-6.740403997695435523e-01
-6.740667399382987979e-01
-6.740924500503532313e-01
-6.741175340924492332e-01
-6.741419990164325693e-01
-6.741658538123915800e-01
-6.741891085011075813e-01
-6.742117732336226910e-01
-6.742338576226902802e-01
-6.742553703615441485e-01
-6.742763191233216435e-01
-6.742967106886231798e-01
-6.743165512229961633e-01
-6.743358466200563006e-01
-6.743546028356320887e-01
-6.743728261581659611e-01
-6.743905233846810843e-01
-6.744077018947768343e-01
-6.744243696337325344e-01
-6.744405350278972477e-01
-6.744562068608265237e-01
-6.744713941379746336e-01
-6.744861059627766942e-01
-6.745003514395925270e-01
-6.745141396109878285e-01
-6.745274794296550747e-01
-6.745403797597898654e-01
-6.745528493994022989e-01
-6.745648971138200611e-01
-6.745765316711902493e-01
-6.745877618726211500e-01
-6.745985965721400524e-01
-6.746090446843293620e-01
-6.746191151799214580e-01
-6.746288170714802579e-01
-6.746381593924112297e-01
-6.746471511729207338e-01
-6.746558014162857830e-01
-6.746641190780686692e-01
-6.746721130499141461e-01
-6.746797921485216953e-01
-6.746871651094672462e-01
-6.746942405848596058e-01
-6.747010271434463746e-01
-6.747075332717116236e-01
-6.747137673746916864e-01
-6.747197377755914660e-01
-6.747254527137249713e-01
-6.747309203407196865e-01
-6.747361487152762072e-01
-6.747411457969939574e-01
-6.747459194398519600e-01
-6.747504773859089866e-01
-6.747548272596592955e-01
-6.747589765633036363e-01
-6.747629326730264498e-01
-6.747667028362053232e-01
-6.747702941693809464e-01
-6.747737136567539817e-01
-6.747769681489880211e-01
-6.747800643621192362e-01
-6.747830088764463774e-01
-6.747858081353370618e-01
-6.747884684439517944e-01
-6.747909959679290193e-01
-6.747933967321030346e-01
-6.747956766193360378e-01
-6.747978413695316924e-01
-6.747998965788805092e-01
-6.748018476993703496e-01
-6.748037000385579409e-01
-6.748054587595918585e-01
-6.748071288814609936e-01
-6.748087152794275401e-01
-6.748102226856215191e-01
-6.748116556897594265e-01
-6.748130187399711266e-01
-6.748143161437163418e-01
-6.748155520687865172e-01
-6.748167305443897313e-01
-6.748178554623238679e-01
-6.748189305782422709e-01
-6.748199595130137673e-01
-6.748209457541805012e-01
-6.748218926575140220e-01
-6.748228034486659643e-01
-6.748236812249093219e-01
-6.748245289569591021e-01
-6.748253494908663663e-01
-6.748261455499747763e-01
-6.748269197369315409e-01
-6.748276745357427719e-01
-6.748284123138684754e-01
-6.748291353243514035e-01
-6.748298457079728863e-01
-6.748305454954355298e-01
-6.748312366095655657e-01
-6.748319208675330749e-01
-6.748325999830876443e-01
-6.748332755688026818e-01
-6.748339491383277267e-01
-6.748346221086405361e-01
-6.748352958022981740e-01
-6.748359714496797723e-01
-6.748366501912155258e-01
-6.748373330795988112e-01
-6.748380210819768799e-01
-6.748387150821166802e-01
-6.748394158825385958e-01
-6.748401242066182082e-01
-6.748408407006507570e-01
-6.748415659358780738e-01
-6.748423004104693312e-01
-6.748430445514587150e-01
-6.748437987166320262e-01
-6.748445631963645441e-01
-6.748453382154034896e-01
-6.748461239345918683e-01
-6.748469204525341381e-01
-6.748477278072010366e-01
-6.748485459774686834e-01
-6.748493748845905138e-01
-6.748502143936034869e-01
-6.748510643146602428e-01
-6.748519244042936460e-01
-6.748527943666043916e-01
-6.748536738543765567e-01
-6.748545624701153267e-01
-6.748554597670084476e-01
-6.748563652498072996e-01
