-6.748577124620231960e-01
-6.748585576813742604e-01
-6.748594029106386172e-01
-6.748602475260261357e-01
-6.748610908494285798e-01
-6.748619321488048550e-01
-6.748627706384948688e-01
-6.748636054794695527e-01
-6.748644357795149373e-01
-6.748652605933497250e-01
-6.748660789226796908e-01
-6.748668897161835822e-01
-6.748676918694386240e-01
-6.748684842247794080e-01
-6.748692655710953892e-01
-6.748700346435666519e-01
-6.748707901233388373e-01
-6.748715306371423361e-01
-6.748722547568456465e-01
-6.748729609989564393e-01
-6.748736478240643377e-01
-6.748743136362310713e-01
-6.748749567823262296e-01
-6.748755755513115018e-01
-6.748761681734802842e-01
-6.748767328196467741e-01
-6.748772676002957605e-01
-6.748777705646887837e-01
-6.748782396999343236e-01
-6.748786729300196852e-01
-6.748790681148113535e-01
-6.748794230490196000e-01
-6.748797354611375532e-01
-6.748800030123465188e-01
-6.748802232954014269e-01
-6.748803938334901886e-01
-6.748805120790752898e-01
-6.748805754127211731e-01
-6.748805811419166245e-01
-6.748805264998892772e-01
-6.748804086444254446e-01
-6.748802246566959484e-01
-6.748799715400900512e-01
-6.748796462190627121e-01
-6.748792455379905020e-01
-6.748787662600392867e-01
-6.748782050660399046e-01
-6.748775585533776100e-01
-6.748768232348946183e-01
-6.748759955378135222e-01
-6.748750718026940154e-01
-6.748740482824328035e-01
-6.748729211413257989e-01
-6.748716864542022575e-01
-6.748703402056461798e-01
-6.748688782893107474e-01
-6.748672965073198027e-01
-6.748655905697493740e-01
-6.748637560941684876e-01
-6.748617886052235004e-01
-6.748596835342387523e-01
-6.748574362188247688e-01
-6.748550419024976765e-01
-6.748524957343295938e-01
-6.748497927686674114e-01
-6.748469279649791375e-01
-6.748438961878986397e-01
-6.748406922075320669e-01
-6.748373107000766868e-01
-6.748337462487680183e-01
-6.748299933451273880e-01
-6.748260463904337536e-01
-6.748218996972960015e-01
-6.748175474911742855e-01
-6.748129839116970841e-01
-6.748082030136558496e-01
-6.748031987676263999e-01
-6.747979650602780044e-01
-6.747924956945424713e-01
-6.747867843899432172e-01
-6.747808247834642392e-01
-6.747746104313659954e-01
-6.747681348122943623e-01
-6.747613913318795120e-01
-6.747543733287861834e-01
-6.747470740818660717e-01
-6.747394868177721827e-01
-6.747316047181333154e-01
-6.747234209252641612e-01
-6.747149285454584478e-01
-6.747061206492076524e-01
-6.746969902682159459e-01
-6.746875303897971188e-01
-6.746777339500246162e-01
-6.746675938277207907e-01
-6.746571028418411053e-01
-6.746462537548491012e-01
-6.746350392841543586e-01
-6.746234521225800140e-01
-6.746114849671646096e-01
-6.745991305536157556e-01
-6.745863816917603284e-01
-6.745732312957851695e-01
-6.745596724024215396e-01
-6.745456981708759514e-01
-6.745313018605079147e-01
-6.745164767859488375e-01
-6.745012162542141088e-01
-6.744855134936509344e-01
-6.744693615892688454e-01
-6.744527534419505477e-01
-6.744356817690563277e-01
-6.744181391601645759e-01
-6.744001181938414913e-01
-6.743816116098666491e-01
-6.743626125177095698e-01
-6.743431146085239192e-01
-6.743231123274575634e-01
-6.743026009588701797e-01
-6.742815765818070961e-01
-6.742600358684965878e-01
-6.742379757245142713e-01
-6.742153928031245913e-01
-6.741922829632506220e-01
-6.741686407734595043e-01
-6.741444591849687917e-01
-6.741197294968956921e-01
-6.740944417105869668e-01
-6.740685853146792805e-01
-6.740421504618345772e-01
-6.740151294016650807e-01
-6.739875179383392201e-01
-6.739593166066257801e-01
-6.739305312291675731e-01
-6.739011725504716610e-01
-6.738712547514217333e-01
-6.738407928314057438e-01
-6.738097990862507158e-01
-6.737782791743404109e-01
-6.737462285003533724e-01
-6.737136297965644616e-01
-6.736804527870394743e-01
-6.736466566354852858e-01
-6.736121954857654526e-01
-6.735770268275893535e-01
-6.735411217277617046e-01
-6.735044752746135455e-01
-6.734671150396275285e-01
-6.734291051284072571e-01
-6.733905436171249148e-01
-6.733515519392667681e-01
-6.733122560985066452e-01
-6.732727613162752256e-01
-6.732331236288321419e-01
-6.731933236676700405e-01
-6.731532489600557945e-01
-6.731126911488978237e-01
-6.730713632259129886e-01
-6.730289390700509022e-01
-6.729851134406025226e-01
-6.729396755852220524e-01
-6.728925846134314881e-01
-6.728440308357677146e-01
-6.727944655531198359e-01
-6.727445833452248003e-01
-6.726952464005808707e-01
-6.726473498440622700e-01
-6.726016394916918273e-01
-6.725585072095598971e-01
-6.725178014773856017e-01
-6.724786987645939851e-01
-6.724396818548903365e-01
-6.723986619426420841e-01
-6.723532612325874291e-01
-6.723012430178355592e-01
-6.722410403319883931e-01
-6.721722982038145222e-01
-6.720963160510718959e-01
-6.720162642976946765e-01
-6.719370604223239285e-01
-6.718648290307936977e-01
-6.718059381328083113e-01
-6.717656933691273924e-01
-6.717468705958689057e-01
-6.717483562745024672e-01
-6.717642223573916382e-01
-6.717835659442107366e-01
-6.717913771906062204e-01
-6.717705552495467636e-01
-6.717049794422411679e-01
-6.715832865564327347e-01
-6.714027472886958670e-01
-6.711724307296083047e-01
-6.709147562227107953e-01
-6.706646115461332158e-01
-6.704654994282055469e-01
-6.703626603890662228e-01
-6.703937625672470313e-01
-6.705784533489413946e-01
-6.709086968464926803e-01
-6.713422175450680651e-01
-6.718013831373501610e-01
-6.721793785094342111e-01
-6.723545090097393651e-01
-6.722119804451431868e-01
-6.716707012660282361e-01
-6.707108185923806865e-01
-6.693962163858669934e-01
-6.678855184716288029e-01
-6.664256845521996375e-01
-6.653243581211628621e-01
-6.649007270103050038e-01
-6.654193888832601322e-01
-6.670167529526119798e-01
-6.696337516303034754e-01
-6.729709670620894757e-01
-6.764818664973555329e-01
-6.794163112115961800e-01
-6.809198975282257926e-01
-6.801852879725311940e-01
-6.766399476933278034e-01
-6.701415460869841745e-01
-6.611398438564356494e-01
-6.507561325856382473e-01
-6.407336665481810911e-01
-6.332297674323583703e-01
-6.304529109240258888e-01
-6.341896406762281835e-01
-6.453038538325331919e-01
-6.633111482827601657e-01
-6.861264382230294334e-01
-7.100586653103750923e-01
-7.300969305246187702e-01
-7.405121556421054851e-01
-7.357857421270345144e-01
-7.118430455570967652e-01
-6.674700241508768617e-01
-6.056084600972636567e-01
-5.340267616341369816e-01
-4.648153623174989812e-01
-4.124199597063909484e-01
-3.904816607833024311e-01
-4.083283330438220449e-01
-4.682078006230299683e-01
-5.641068783557054989e-01
-6.823579716648132676e-01
-8.034830989350937314e-01
-9.042983010922461817e-01
-9.596514571476232325e-01
-9.443423973976381447e-01
-8.369837934955681735e-01
-6.272691722189400743e-01
-3.251201291126814552e-01
3.419927000865041061e-02
3.956284823465204825e-01
7.001113509548795300e-01
9.009691078935783137e-01
9.712420042783156404e-01
9.025117348389649630e-01
7.030055344700991693e-01
3.994590256083030977e-01
3.834912985484394826e-02
-3.213268699890350355e-01
-6.243609777614453904e-01
-8.352102903911300391e-01
-9.436812568370408494e-01
-9.599041638154290901e-01
-9.051911228729397907e-01
-8.047300639727794636e-01
-6.836901516015522207e-01
-5.652899302088342237e-01
-4.690618308678539128e-01
-4.087490645912765230e-01
-3.904531901867744903e-01
-4.120104511774658751e-01
-4.641540721942566394e-01
-5.332686107264064113e-01
-6.048971897921957552e-01
-6.669107367961757404e-01
-7.114899962245405662e-01
-7.356446882120323272e-01
-7.405520905528975018e-01
-7.302651858962897480e-01
-7.102950800433962542e-01
-6.863745495942519259e-01
-6.635258837654470776e-01
-6.454558286882146056e-01
-6.342663267935205740e-01
-6.304570652066866510e-01
-6.331757487153291120e-01
-6.406425437791481992e-01
-6.506506282284586495e-01
-6.610400607319235622e-01
-6.700621105626225482e-01
-6.765887830156973592e-01
-6.801638505192002526e-01
-6.809244639439873126e-01
-6.794398202328297831e-01
-6.765158613863881953e-01
-6.730072960778465951e-01
-6.696658158857528020e-01
-6.670402141841547117e-01
-6.654323514073142709e-01
-6.649034838959576588e-01
-6.653188390910405037e-01
-6.664147612048911817e-01
-6.678723126631489482e-01
-6.693835256590956462e-01
-6.707007276585503774e-01
-6.716644013569066374e-01
-6.722097781028683050e-01
-6.723559783833624737e-01
-6.721835983042450113e-01
-6.718071995285439524e-01
-6.713484841587509244e-01
-6.709144582104406007e-01
-6.705830551892056901e-01
-6.703968879277266701e-01
-6.703643027059403847e-01
-6.704658913120518093e-01
-6.706641309299422593e-01
-6.709138302963453260e-01
-6.711714538058141111e-01
-6.714020227993149348e-01
-6.715829971111677565e-01
-6.717051834035544511e-01
-6.717712043101135011e-01
-6.717923472870178658e-01
-6.717846934322674324e-01
-6.717653383701435166e-01
-6.717493140965885567e-01
-6.717475631966157712e-01
-6.717660604802868640e-01
-6.718059640895611695e-01
-6.718645338154642932e-01
-6.719364869008002117e-01
-6.720154645808891214e-01
-6.720953393939335108e-01
-6.721711820605049681e-01
-6.722398053083301628e-01
-6.722998916622476839e-01
-6.723517799968188324e-01
-6.723970252797242253e-01
-6.724378573073758192e-01
-6.724766519935236886e-01
-6.725155004280720661e-01
-6.725559249310600896e-01
-6.725987554539530899e-01
-6.726441498758238824e-01
-6.726917215677545858e-01
-6.727407281902565428e-01
-6.727902761258368614e-01
-6.728395028840998826e-01
-6.728877121943152018e-01
-6.729344502297376351e-01
-6.729795238875139196e-01
-6.730229714864226498e-01
-6.730650017724587597e-01
-6.731059187233960905e-01
-6.731460479603277314e-01
-6.731856766477103404e-01
-6.732250137672142198e-01
-6.732641726645235414e-01
-6.733031736202000905e-01
-6.733419613824223049e-01
-6.733804312802739167e-01
-6.734184575848431997e-01
-6.734559188770087301e-01
-6.734927168921093221e-01
-6.735287872143584931e-01
-6.735641019268527874e-01
-6.735986656371748538e-01
-6.736325070722108954e-01
-6.736656686653001991e-01
-6.736981963320473055e-01
-6.737301310914149965e-01
-6.737615034983422957e-01
-6.737923311627680434e-01
-6.738226190528496806e-01
-6.738523618868603737e-01
-6.738815477315787117e-01
-6.739101619282485967e-01
-6.739381906158359303e-01
-6.739656233570665567e-01
-6.739924546362175972e-01
-6.740186842386761690e-01
-6.740443167059559926e-01
-6.740693601689313752e-01
-6.740938248955858914e-01
-6.741177218594449627e-01
-6.741410615607906776e-01
-6.741638532371477810e-01
-6.741861045032934152e-01
-6.742078213802606967e-01
-6.742290086174030916e-01
-6.742496701848713636e-01
-6.742698098137064333e-01
-6.742894314810686796e-01
-6.743085397708243889e-01
-6.743271400765037393e-01
-6.743452386475082827e-01
-6.743628425053577180e-01
-6.743799592723170866e-01
-6.743965969596418253e-01
-6.744127637586192492e-01
-6.744284678672358702e-01
-6.744437173718492717e-01
-6.744585201896494686e-01
-6.744728840662171931e-01
-6.744868166146048560e-01
-6.745003253785258890e-01
-6.745134179022032050e-01
-6.745261017923109836e-01
-6.745383847621033713e-01
-6.745502746530989135e-01
-6.745617794345307727e-01
-6.745729071844894786e-01
-6.745836660588939715e-01
-6.745940642551155886e-01
-6.746041099764542581e-01
-6.746138114021525967e-01
-6.746231766656634043e-01
-6.746322138419025283e-01
-6.746409309425779322e-01
-6.746493359175345095e-01
-6.746574366595505801e-01
-6.746652410100343333e-01
-6.746727567635292244e-01
-6.746799916696433197e-01
-6.746869534318039596e-01
-6.746936497029475399e-01
-6.747000880787898947e-01
-6.747062760896208600e-01
-6.747122211916479761e-01
-6.747179307587899411e-01
-6.747234120755725151e-01
-6.747286723314820378e-01
-6.747337186168249623e-01
-6.747385579199098871e-01
-6.747431971252068061e-01
-6.747476430120838975e-01
-6.747519022537399325e-01
-6.747559814160350999e-01
-6.747598869560419432e-01
-6.747636252202555696e-01
-6.747672024425068749e-01
-6.747706247417020187e-01
-6.747738981195345875e-01
-6.747770284583295419e-01
-6.747800215191368522e-01
-6.747828829401593120e-01
-6.747856182355451704e-01
-6.747882327945262659e-01
-6.747907318808589183e-01
-6.747931206324994102e-01
-6.747954040614491111e-01
-6.747975870537112897e-01
-6.747996743693137622e-01
-6.748016706423853872e-01
-6.748035803812719724e-01
-6.748054079687149098e-01
-6.748071576621050838e-01
-6.748088335938349225e-01
-6.748104397717673564e-01
-6.748119800798341172e-01
-6.748134582787609359e-01
-6.748148780069189723e-01
-6.748162427812890440e-01
-6.748175559985223337e-01
-6.748188209360858059e-01
-6.748200407534776790e-01
-6.748212184934984093e-01
-6.748223570835737428e-01
-6.748234593371232881e-01
-6.748245279549750508e-01
-6.748255655268230457e-01
-6.748265745327303167e-01
-6.748275573446749220e-01
-6.748285162281377758e-01
-6.748294533437286802e-01
-6.748303707488441106e-01
-6.748312703993557538e-01
-6.748321541513144783e-01
-6.748330237626747330e-01
-6.748338808950273826e-01
-6.748347271153332105e-01
-6.748355638976623050e-01
-6.748363926249264511e-01
-6.748372145906061936e-01
-6.748380310004723492e-01
-6.748388429742921968e-01
-6.748396515475230117e-01
-6.748404576729881699e-01
-6.748412622225327118e-01
-6.748420659886540385e-01
-6.748428696861065168e-01
-6.748436739534739992e-01
-6.748444793547073717e-01
-6.748452863806265745e-01
-6.748460954503837650e-01
-6.748469069128829601e-01
-6.748477210481534927e-01
-6.748485380686810586e-01
-6.748493581206854719e-01
-6.748501812853524573e-01
-6.748510075800118191e-01
-6.748518369592619859e-01
-6.748526693160374901e-01
-6.748535044826224905e-01
-6.748543422316020113e-01
-6.748551822767563380e-01
-6.748560242738920190e-01
-6.748568678216124717e-01
