-6.748572527612559657e-01
-6.748581753443745335e-01
-6.748591045206714378e-01
-6.748600396065711493e-01
-6.748609798735839549e-01
-6.748619245487039731e-01
-6.748628728147290090e-01
-6.748638238104960330e-01
-6.748647766310337248e-01
-6.748657303276353048e-01
-6.748666839078489854e-01
-6.748676363353874885e-01
-6.748685865299594022e-01
-6.748695333670182706e-01
-6.748704756774339675e-01
-6.748714122470881316e-01
-6.748723418163921073e-01
-6.748732630797297238e-01
-6.748741746848265777e-01
-6.748750752320488155e-01
-6.748759632736310854e-01
-6.748768373128352094e-01
-6.748776958030425766e-01
-6.748785371467805883e-01
-6.748793596946889295e-01
-6.748801617444224465e-01
-6.748809415394980693e-01
-6.748816972680816706e-01
-6.748824270617256316e-01
-6.748831289940494527e-01
-6.748838010793752895e-01
-6.748844412713155272e-01
-6.748850474613199424e-01
-6.748856174771811212e-01
-6.748861490815090125e-01
-6.748866399701697327e-01
-6.748870877707008331e-01
-6.748874900406983679e-01
-6.748878442661849775e-01
-6.748881478599604300e-01
-6.748883981599351767e-01
-6.748885924274533599e-01
-6.748887278456011662e-01
-6.748888015175110722e-01
-6.748888104646596497e-01
-6.748887516251661500e-01
-6.748886218520964153e-01
-6.748884179117807802e-01
-6.748881364821537332e-01
-6.748877741511234429e-01
-6.748873274149803647e-01
-6.748867926768523651e-01
-6.748861662452114718e-01
-6.748854443324353580e-01
-6.748846230534194524e-01
-6.748836984242404524e-01
-6.748826663608662457e-01
-6.748815226779022458e-01
-6.748802630873742547e-01
-6.748788831975490732e-01
-6.748773785117998525e-01
-6.748757444275284012e-01
-6.748739762351719795e-01
-6.748720691173245578e-01
-6.748700181480006277e-01
-6.748678182920795354e-01
-6.748654644049512097e-01
-6.748629512323779389e-01
-6.748602734105630940e-01
-6.748574254664032601e-01
-6.748544018178688209e-01
-6.748511967744545981e-01
-6.748478045376279377e-01
-6.748442192012074070e-01
-6.748404347516384627e-01
-6.748364450681645366e-01
-6.748322439229507141e-01
-6.748278249812829088e-01
-6.748231818020165029e-01
-6.748183078384885070e-01
-6.748131964401128391e-01
-6.748078408548425777e-01
-6.748022342325790124e-01
-6.747963696294780878e-01
-6.747902400129270895e-01
-6.747838382667946666e-01
-6.747771571964155113e-01
-6.747701895327089527e-01
-6.747629279348840159e-01
-6.747553649913750062e-01
-6.747474932189915231e-01
-6.747393050606834697e-01
-6.747307928828093493e-01
-6.747219489732148023e-01
-6.747127655416653713e-01
-6.747032347241816996e-01
-6.746933485924535567e-01
-6.746830991688123058e-01
-6.746724784462170277e-01
-6.746614784115513297e-01
-6.746500910693769004e-01
-6.746383084624728577e-01
-6.746261226851871795e-01
-6.746135258860967987e-01
-6.746005102577815604e-01
-6.745870680136466513e-01
-6.745731913544117386e-01
-6.745588724297844063e-01
-6.745441033033878764e-01
-6.745288759306203863e-01
-6.745131821592508237e-01
-6.744970137607234628e-01
-6.744803624962466548e-01
-6.744632202158868939e-01
-6.744455789817400682e-01
-6.744274311987932258e-01
-6.744087697307138418e-01
-6.743895879741053090e-01
-6.743698798653013915e-01
-6.743496397997489344e-01
-6.743288624559750088e-01
-6.743075425334906781e-01
-6.742856744349505771e-01
-6.742632519442145478e-01
-6.742402679692648393e-01
-6.742167144271707935e-01
-6.741925823426468956e-01
-6.741678622087694528e-01
-6.741425446173524572e-01
-6.741166211102983530e-01
-6.740900851394140414e-01
-6.740629329623628596e-01
-6.740351642613794381e-01
-6.740067822644935092e-01
-6.739777931889910922e-01
-6.739482049198427527e-01
-6.739180249778458087e-01
-6.738872580067374329e-01
-6.738559031862834114e-01
-6.738239521201758730e-01
-6.737913878102681497e-01
-6.737581852739066290e-01
-6.737243141655181455e-01
-6.736897434288878772e-01
-6.736544475663481801e-01
-6.736184136327241223e-01
-6.735816476408289510e-01
-6.735441788115900108e-01
-6.735060601195288488e-01
-6.734673639463817363e-01
-6.734281723794889318e-01
-6.733885627198993307e-01
-6.733485899586121315e-01
-6.733082691250312779e-01
-6.732675612499908757e-01
-6.732263669538887108e-01
-6.731845311582026481e-01
-6.731418610256912904e-01
-6.730981570201532982e-01
-6.730532541869881369e-01
-6.730070678206980794e-01
-6.729596351753297512e-01
-6.729111434188329577e-01
-6.728619342094579459e-01
-6.728124774760534388e-01
-6.727633113016526778e-01
-6.727149509260489380e-01
-6.726677770414009050e-01
-6.726219205926886602e-01
-6.725771667668609677e-01
-6.725329032414070207e-01
-6.724881357470658960e-01
-6.724415867736005525e-01
-6.723918808099574873e-01
-6.723378028844800847e-01
-6.722785984937637016e-01
-6.722142654296371367e-01
-6.721457753717458017e-01
-6.720751593850898820e-01
-6.720054000163608876e-01
-6.719400954251697478e-01
-6.718828975283218652e-01
-6.718367731690004785e-01
-6.718031883910426938e-01
-6.717813617418032512e-01
-6.717677621166927571e-01
-6.717560289182645805e-01
-6.717374583777914188e-01
-6.717021256634415627e-01
-6.716406008429540719e-01
-6.715460795613600320e-01
-6.714166072015571585e-01
-6.712569567660685577e-01
-6.710796583672075100e-01
-6.709047031649625348e-01
-6.707575791493491923e-01
-6.706655458966304106e-01
-6.706524024161847342e-01
-6.707324015395462746e-01
-6.709043458133235882e-01
-6.711471761549347992e-01
-6.714184450702327389e-01
-6.716568755279300751e-01
-6.717897036376045961e-01
-6.717446990559485798e-01
-6.714657272638225871e-01
-6.709296085365216156e-01
-6.701610510422669753e-01
-6.692418469297667372e-01
-6.683105822543895513e-01
-6.675500278657335862e-01
-6.671612171130987257e-01
-6.673258394060890275e-01
-6.681616101727041457e-01
-6.696781385860574032e-01
-6.717428306252554160e-01
-6.740669183574522494e-01
-6.762203702845310804e-01
-6.776810461627292836e-01
-6.779181028524027264e-01
-6.765026663122738482e-01
-6.732308049882271828e-01
-6.682360442146677570e-01
-6.620629799064154941e-01
-6.556726097025928901e-01
-6.503564251296016785e-01
-6.475513433626745030e-01
-6.485695840411047630e-01
-6.542816272361702268e-01
-6.648094182661068441e-01
-6.792950295861330812e-01
-6.958052602498927541e-01
-7.114186331275175190e-01
-7.225240775652249647e-01
-7.253431035499490198e-01
-7.166630469113174362e-01
-6.947223805200937186e-01
-6.601075067595388868e-01
-6.164170383067815173e-01
-5.703802673456540573e-01
-5.311633506956578987e-01
-5.088064984568554383e-01
-5.120534072924961544e-01
-5.461060984992449630e-01
-6.109025763510281815e-01
-7.003103055711371594e-01
-8.022408581706487185e-01
-8.993427569349923267e-01
-9.699267922577671230e-01
-9.893408227246781594e-01
-9.329521348672227266e-01
-7.823265506312006012e-01
-5.347235801409538913e-01
-2.121678666215648101e-01
1.370970456336605414e-01
4.494664176017036938e-01
6.647119366734473012e-01
7.418827423162405177e-01
6.666956226329475710e-01
4.530631476657151491e-01
1.416134884192196408e-01
-2.075926782992363051e-01
-5.308669165685138136e-01
-7.796651664334321996e-01
-9.316006501976230592e-01
-9.891370971526364242e-01
-9.705678343714885248e-01
-9.004919090178893359e-01
-8.035860758125810133e-01
-7.015901934954265062e-01
-6.119207204027686808e-01
-5.467424009093195814e-01
-5.122701778022903385e-01
-5.086437076033680782e-01
-5.307206129900658986e-01
-5.697886749685642238e-01
-6.158081831785212623e-01
-6.595878474497208765e-01
-6.943584574445502700e-01
-7.164786507742372246e-01
-7.253257424116807961e-01
-7.226364447794546564e-01
-7.116111595960108449e-01
-6.960271875115503493e-01
-6.795027601452561239e-01
-6.649717544074467135e-01
-6.543819604422580483e-01
-6.486053708889151226e-01
-6.475314475188255203e-01
-6.502971229060310332e-01
-6.555931713075180411e-01
-6.619816827408488980e-01
-6.681672477940066024e-01
-6.731833879506621265e-01
-6.764797946841504261e-01
-6.779180498823503820e-01
-6.776986574042350719e-01
-6.762487567759367657e-01
-6.740990312353851710e-01
-6.717726816157073566e-01
-6.697015497048933730e-01
-6.681764816047804922e-01
-6.673320055094197345e-01
-6.671600116388575197e-01
-6.675436999281821882e-01
-6.683016972904243236e-01
-6.692327784088528686e-01
-6.701536281558692076e-01
-6.709249423338575768e-01
-6.714642010856678445e-01
-6.717460840096260988e-01
-6.717933480617385156e-01
-6.716619176521306800e-01
-6.714240071477945992e-01
-6.711525122548605005e-01
-6.709089304673182541e-01
-6.707359596735639196e-01
-6.706548906824021383e-01
-6.706671009703456532e-01
-6.707584499706805703e-01
-6.709051823139472459e-01
-6.710800239136389678e-01
-6.712574312299325330e-01
-6.714173357223022220e-01
-6.715471257233698310e-01
-6.716419562066103799e-01
-6.717037279520016169e-01
-6.717392132797147530e-01
-6.717578312607079827e-01
-6.717695133927700235e-01
-6.717829823146799217e-01
-6.718046239152847265e-01
-6.718379957202501584e-01
-6.718839025577579838e-01
-6.719408959618428101e-01
-6.720060195765639177e-01
-6.720756248822206125e-01
-6.721461110258976079e-01
-6.722144883209544286e-01
-6.722787160437732057e-01
-6.723378122284240366e-01
-6.723917697704786534e-01
-6.724413359792389411e-01
-6.724877213632582951e-01
-6.725322997916870493e-01
-6.725763496030910948e-01
-6.726208677038554296e-01
-6.726664700452086310e-01
-6.727133752404161893e-01
-6.727614556216969799e-01
-6.728103327700730718e-01
-6.728594924869837346e-01
-6.729083965159463609e-01
-6.729565737557224869e-01
-6.730036807192542048e-01
-6.730495281421023934e-01
-6.730940767667901170e-01
-6.731374096650490912e-01
-6.731796906884718323e-01
-6.732211188411260094e-01
-6.732618869349121793e-01
-6.733021503934826235e-01
-6.733420091420609932e-01
-6.733815027292925359e-01
-6.734206166048265496e-01
-6.734592960716883070e-01
-6.734974639076922731e-01
-6.735350379074825922e-01
-6.735719454275533868e-01
-6.736081331588257282e-01
-6.736435715452473438e-01
-6.736782542986309297e-01
-6.737121941888689625e-01
-6.737454166561954727e-01
-6.737779528145282359e-01
-6.738098331644626349e-01
-6.738410829149275028e-01
-6.738717193340242329e-01
-6.739017511079961054e-01
-6.739311793505334824e-01
-6.739599997068751458e-01
-6.739882049405312436e-01
-6.740157874519118186e-01
-6.740427413193529338e-01
-6.740690636308177552e-01
-6.740947550495024476e-01
-6.741198196993283265e-01
-6.741442645500245190e-01
-6.741680985221628619e-01
-6.741913315260588124e-01
-6.742139736076453449e-01
-6.742360343146377444e-01
-6.742575223323652445e-01
-6.742784453822506796e-01
-6.742988103346408968e-01
-6.743186234645055510e-01
-6.743378907727266558e-01
-6.743566183038334216e-01
-6.743748124083162043e-01
-6.743924799189874308e-01
-6.744096282318440272e-01
-6.744262652993044949e-01
-6.744423995556910745e-01
-6.744580398008580557e-01
-6.744731950684401678e-01
-6.744878745015375765e-01
-6.745020872522909938e-01
-6.745158424143545828e-01
-6.745291489901126258e-01
-6.745420158886374917e-01
-6.745544519464419242e-01
-6.745664659612535807e-01
-6.745780667291239041e-01
-6.745892630767850173e-01
-6.746000638837086338e-01
-6.746104780912079990e-01
-6.746205146986236079e-01
-6.746301827487607428e-01
-6.746394913060747012e-01
-6.746484494315705405e-01
-6.746570661581059447e-01
-6.746653504689615888e-01
-6.746733112814066180e-01
-6.746809574358160200e-01
-6.746882976898866957e-01
-6.746953407167707306e-01
-6.747020951055989757e-01
-6.747085693628350755e-01
-6.747147719131588728e-01
-6.747207110989864587e-01
-6.747263951782134228e-01
-6.747318323202043944e-01
-6.747370306003729334e-01
-6.747419979939095480e-01
-6.747467423692573574e-01
-6.747512714818756363e-01
-6.747555929686975817e-01
-6.747597143435118960e-01
-6.747636429933242530e-01
-6.747673861756141589e-01
-6.747709510163135693e-01
-6.747743445082879932e-01
-6.747775735101055883e-01
-6.747806447449177236e-01
-6.747835647993334351e-01
-6.747863401222302659e-01
-6.747889770234988260e-01
-6.747914816727619280e-01
-6.747938600981303603e-01
-6.747961181850717916e-01
-6.747982616754547580e-01
-6.748002961668150279e-01
-6.748022271118798709e-01
-6.748040598183527861e-01
-6.748057994489463640e-01
-6.748074510216393040e-01
-6.748090194101328265e-01
-6.748105093444605185e-01
-6.748119254117321830e-01
-6.748132720569850473e-01
-6.748145535841253428e-01
-6.748157741569540402e-01
-6.748169378002758512e-01
-6.748180484010930513e-01
-6.748191097098891200e-01
-6.748201253420089696e-01
-6.748210987791353199e-01
-6.748220333708661034e-01
-6.748229323363869048e-01
-6.748237987662304427e-01
-6.748246356241222044e-01
-6.748254457488932490e-01
-6.748262318564587359e-01
-6.748269965418485228e-01
-6.748277422812836157e-01
-6.748284714342912549e-01
-6.748291862458507540e-01
-6.748298888485712022e-01
-6.748305812648912605e-01
-6.748312654092997187e-01
-6.748319430905737049e-01
-6.748326160140313279e-01
-6.748332857837964216e-01
-6.748339539050658420e-01
-6.748346217863810947e-01
-6.748352907418938562e-01
-6.748359619936242781e-01
-6.748366366737083011e-01
-6.748373158266212091e-01
-6.748380004113868624e-01
-6.748386913037527357e-01
-6.748393892983408637e-01
-6.748400951107623724e-01
-6.748408093796957052e-01
-6.748415326689244376e-01
-6.748422654693314593e-01
-6.748430082008460840e-01
-6.748437612143430853e-01
-6.748445247934923286e-01
-6.748452991565483394e-01
-6.748460844580849161e-01
-6.748468807906710110e-01
-6.748476881864808874e-01
-6.748485066188436576e-01
-6.748493360037219890e-01
-6.748501762011246408e-01
-6.748510270164471692e-01
-6.748518882017393583e-01
-6.748527594569013743e-01
-6.748536404308017600e-01
-6.748545307223200451e-01
-6.748554298813119745e-01
-6.748563374094952438e-01
