-6.748576803671281210e-01
-6.748585441017868058e-01
-6.748594096018525335e-01
-6.748602762290139001e-01
-6.748611432927926757e-01
-6.748620100509326036e-01
-6.748628757097202557e-01
-6.748637394242317233e-01
-6.748646002985145831e-01
-6.748654573856954775e-01
-6.748663096880194168e-01
-6.748671561568176935e-01
-6.748679956924075185e-01
-6.748688271439226005e-01
-6.748696493090761139e-01
-6.748704609338596061e-01
-6.748712607121750695e-01
-6.748720472854076169e-01
-6.748728192419403138e-01
-6.748735751166091701e-01
-6.748743133900992897e-01
-6.748750324882898388e-01
-6.748757307815375084e-01
-6.748764065839060189e-01
-6.748770581523362289e-01
-6.748776836857598438e-01
-6.748782813241658296e-01
-6.748788491476088724e-01
-6.748793851751779815e-01
-6.748798873639291207e-01
-6.748803536077839782e-01
-6.748807817364061989e-01
-6.748811695140591871e-01
-6.748815146384447017e-01
-6.748818147395240219e-01
-6.748820673783154644e-01
-6.748822700456628132e-01
-6.748824201609714413e-01
-6.748825150709042431e-01
-6.748825520480410400e-01
-6.748825282895116739e-01
-6.748824409156117810e-01
-6.748822869684280024e-01
-6.748820634104919503e-01
-6.748817671234879079e-01
-6.748813949070275875e-01
-6.748809434774977190e-01
-6.748804094669728082e-01
-6.748797894221688631e-01
-6.748790798034024485e-01
-6.748782769835208750e-01
-6.748773772467704379e-01
-6.748763767875884945e-01
-6.748752717093321474e-01
-6.748740580229871666e-01
-6.748727316459298686e-01
-6.748712884008267743e-01
-6.748697240147707443e-01
-6.748680341187192067e-01
-6.748662142472644510e-01
-6.748642598386996871e-01
-6.748621662352899397e-01
-6.748599286835837985e-01
-6.748575423345898328e-01
-6.748550022436449192e-01
-6.748523033698609064e-01
-6.748494405751460645e-01
-6.748464086229373216e-01
-6.748432021769035227e-01
-6.748398158000060709e-01
-6.748362439543222902e-01
-6.748324810019905584e-01
-6.748285212074681683e-01
-6.748243587410415190e-01
-6.748199876832255972e-01
-6.748154020294030442e-01
-6.748105956938578176e-01
-6.748055625123274837e-01
-6.748002962423951256e-01
-6.747947905614447572e-01
-6.747890390624935453e-01
-6.747830352488788375e-01
-6.747767725293725150e-01
-6.747702442156272573e-01
-6.747634435238399897e-01
-6.747563635819798789e-01
-6.747489974429581316e-01
-6.747413381027616008e-01
-6.747333785211504509e-01
-6.747251116412960048e-01
-6.747165304040975142e-01
-6.747076277531557364e-01
-6.746983966276650646e-01
-6.746888299427586944e-01
-6.746789205597943928e-01
-6.746686612522097004e-01
-6.746580446751184734e-01
-6.746470633481124191e-01
-6.746357096600722469e-01
-6.746239759019160287e-01
-6.746118543282052515e-01
-6.745993372420560075e-01
-6.745864170909744439e-01
-6.745730865555645828e-01
-6.745593386100638966e-01
-6.745451665347510506e-01
-6.745305638661379666e-01
-6.745155242814012686e-01
-6.745000414275070799e-01
-6.744841087207164021e-01
-6.744677191555588092e-01
-6.744508651705576341e-01
-6.744335386178894609e-01
-6.744157308736781209e-01
-6.743974331043754988e-01
-6.743786366744823901e-01
-6.743593336458008070e-01
-6.743395172847674868e-01
-6.743191824696648240e-01
-6.742983258813927128e-01
-6.742769458762284396e-01
-6.742550419798504224e-01
-6.742326140074306196e-01
-6.742096608978676020e-01
-6.741861794384662598e-01
-6.741621631320565688e-01
-6.741376015016098400e-01
-6.741124801187412530e-01
-6.740867815683585507e-01
-6.740604874183646622e-01
-6.740335810610342815e-01
-6.740060510578990138e-01
-6.739778943947628553e-01
-6.739491188910086139e-01
-6.739197439638439091e-01
-6.738897990707487518e-01
-6.738593194669919573e-01
-6.738283394089448208e-01
-6.737968835529298817e-01
-6.737649579421024493e-01
-6.737325425011633229e-01
-6.736995872136436470e-01
-6.736660139948492665e-01
-6.736317256014708876e-01
-6.735966217303892556e-01
-6.735606208655154914e-01
-6.735236846720040749e-01
-6.734858401641001802e-01
-6.734471939050977740e-01
-6.734079325447623887e-01
-6.733683053635565186e-01
-6.733285872672145622e-01
-6.732890246577710736e-01
-6.732497712576837046e-01
-6.732108254240589673e-01
-6.731719836842954274e-01
-6.731328260385829321e-01
-6.730927460985365318e-01
-6.730510329269565606e-01
-6.730070017872398225e-01
-6.729601590446849801e-01
-6.729103741975555053e-01
-6.728580221427101771e-01
-6.728040542640800759e-01
-6.727499604280328116e-01
-6.726975971305545476e-01
-6.726488798383272183e-01
-6.726053677818603083e-01
-6.725678025198136289e-01
-6.725356908817372581e-01
-6.725070406193240924e-01
-6.724783556867833800e-01
-6.724449719631270250e-01
-6.724017617282305181e-01
-6.723441600640254201e-01
-6.722693786200120147e-01
-6.721775878999222131e-01
-6.720727886822325248e-01
-6.719630776411590345e-01
-6.718600593484667094e-01
-6.717772754323351192e-01
-6.717277068365669068e-01
-6.717206349758885198e-01
-6.717583830199758133e-01
-6.718336470225837465e-01
-6.719282102662644807e-01
-6.720137615238099826e-01
-6.720552774684287467e-01
-6.720169828051849592e-01
-6.718703132007747270e-01
-6.716026662698130201e-01
-6.712251659802540571e-01
-6.707773415078752688e-01
-6.703266846819678770e-01
-6.699616105457021353e-01
-6.697774284298976255e-01
-6.698564411106427974e-01
-6.702449966118634306e-01
-6.709318738323842846e-01
-6.718333813426583534e-01
-6.727906031668979825e-01
-6.735830648538495558e-01
-6.739606367408986776e-01
-6.736918987270708037e-01
-6.726228901430514329e-01
-6.707358693806771965e-01
-6.681943907543547168e-01
-6.653598344536195697e-01
-6.627666163523274756e-01
-6.610493237347448980e-01
-6.608247029640432757e-01
-6.625432462422723434e-01
-6.663364472690107565e-01
-6.718935564598100818e-01
-6.784034043470036357e-01
-6.845915243607374467e-01
-6.888707873964604600e-01
-6.896060799270311570e-01
-6.854708609966654320e-01
-6.758460932802691223e-01
-6.611823136184048488e-01
-6.432210532956129656e-01
-6.249667057548786708e-01
-6.103304320616359524e-01
-6.034403004767917578e-01
-6.077119812951666811e-01
-6.248661047568363491e-01
-6.541211191910522027e-01
-6.917635162798964066e-01
-7.312172494063465811e-01
-7.636508913160761081e-01
-7.791264683489287357e-01
-7.683098109625188243e-01
-7.247388169241245626e-01
-6.474324770751558322e-01
-5.431595015180017416e-01
-4.272027921118469740e-01
-3.214756777939327126e-01
-2.497395803075849741e-01
-2.310986900922446241e-01
-2.739678693076440519e-01
-3.726744894140948117e-01
-5.078774996814570120e-01
-6.505218643418608782e-01
-7.676630568219786621e-01
-8.281037293026944912e-01
-8.069692830031222064e-01
-6.900860857426647232e-01
-4.790489487191607054e-01
-1.952015238345759796e-01
1.220544555028831163e-01
4.256229464376760085e-01
6.762369244903722043e-01
8.541192636960596163e-01
9.610173609374023096e-01
1.013678851370899858e+00
1.033720453338270895e+00
1.038282640465486795e+00
1.033845256085827558e+00
1.014086128213982363e+00
9.619688638379338963e-01
8.558793323922130325e-01
6.789423155786196151e-01
4.291668140849065893e-01
1.260501742230063504e-01
-1.913282556964092107e-01
-4.758697508236206519e-01
-6.879930198875948699e-01
-8.060997842106797373e-01
-8.283658542649623424e-01
-7.688009747974041685e-01
-6.521766400793697072e-01
-5.096412082881335293e-01
-3.741535899162493628e-01
-2.748567396821144371e-01
-2.312425940474882591e-01
-2.491617742073483355e-01
-3.203565186589362179e-01
-4.258175057537961217e-01
-5.417967830413111807e-01
-6.463226577494010083e-01
-7.240134987821940094e-01
-7.679978963726777907e-01
-7.791759840566573336e-01
-7.639608534227501080e-01
-7.316679565661385887e-01
-6.922403441743171237e-01
-6.545311618557707600e-01
-6.251481771505674745e-01
-6.078402538721021653e-01
-6.034218058695304254e-01
-6.101973750321889600e-01
-6.247655184608145174e-01
-6.430008013295636093e-01
-6.609849554731713761e-01
-6.757002592084651038e-01
-6.853896391152008993e-01
-6.895882584911859903e-01
-6.889044061583120548e-01
-6.846584652858073161e-01
-6.784839464845179302e-01
-6.719701415779331111e-01
-6.663962282199363818e-01
-6.625792732529588447e-01
-6.608358383147399095e-01
-6.610391587256051471e-01
-6.627417817032609237e-01
-6.653281307523192245e-01
-6.681631173132462909e-01
-6.707106164941599724e-01
-6.726069154398884864e-01
-6.736860704452655169e-01
-6.739638237073931615e-01
-6.735927979335311067e-01
-6.728038246679589607e-01
-6.718471265377208290e-01
-6.709437778082022463e-01
-6.702535759500261037e-01
-6.698611519378797619e-01
-6.697785422000459565e-01
-6.699599723187978917e-01
-6.703234250641050274e-01
-6.707736053354238503e-01
-6.712219029616834920e-01
-6.716005067143503426e-01
-6.718695308376385622e-01
-6.720175303164385161e-01
-6.720568706588844199e-01
-6.720159851810806328e-01
-6.719306215224096768e-01
-6.718358584687554869e-01
-6.717601158323948107e-01
-6.717217400430213203e-01
-6.717281580235210381e-01
-6.717771429919794368e-01
-6.718594729818633260e-01
-6.719621881628706772e-01
-6.720717352720493309e-01
-6.721764752291440326e-01
-6.722682653798015551e-01
-6.723430580910040311e-01
-6.724006433106795022e-01
-6.724437821117119629e-01
-6.724770260958162771e-01
-6.725055025507976625e-01
-6.725338850492671439e-01
-6.725656850098642447e-01
-6.726029119395646738e-01
-6.726460747367447590e-01
-6.726944436701085550e-01
-6.727464662693996011e-01
-6.728002287199558173e-01
-6.728538719072920671e-01
-6.729059004549214906e-01
-6.729553561437355835e-01
-6.730018573630421885e-01
-6.730455291274619611e-01
-6.730868614602508737e-01
-6.731265375422301744e-01
-6.731652685925957336e-01
-6.732036626288989689e-01
-6.732421420103107401e-01
-6.732809126931014188e-01
-6.733199784393743004e-01
-6.733591869719128820e-01
-6.733982925458520397e-01
-6.734370201828254743e-01
-6.734751199809149158e-01
-6.735124043624790557e-01
-6.735487657748491230e-01
-6.735841763544481164e-01
-6.736186738578747724e-01
-6.736523395471926134e-01
-6.736852737800850255e-01
-6.737175740986351968e-01
-6.737493190417810363e-01
-6.737805591455212628e-01
-6.738113149956771464e-01
-6.738415810019533492e-01
-6.738713328824375015e-01
-6.739005366800717711e-01
-6.739291573839748528e-01
-6.739571657546671313e-01
-6.739845425958834735e-01
-6.740112803367647176e-01
-6.740373822846538188e-01
-6.740628602246137024e-01
-6.740877311660945503e-01
-6.741120139945329104e-01
-6.741357266234202505e-01
-6.741588840168778463e-01
-6.741814972174801079e-01
-6.742035733112470286e-01
-6.742251161179563246e-01
-6.742461273205130334e-01
-6.742666077382966083e-01
-6.742865584923720679e-01
-6.743059818860773769e-01
-6.743248819126383964e-01
-6.743432643846397623e-01
-6.743611367456439076e-01
-6.743785076650549160e-01
-6.743953865321428154e-01
-6.744117829571322220e-01
-6.744277063627146518e-01
-6.744431657158876936e-01
-6.744581694151474682e-01
-6.744727253179720883e-01
-6.744868408723085906e-01
-6.745005233052345783e-01
-6.745137798217304415e-01
-6.745266177745311564e-01
-6.745390447792755095e-01
-6.745510687642795045e-01
-6.745626979582149962e-01
-6.745739408295178263e-01
-6.745848059972914257e-01
-6.745953021346465794e-01
-6.746054378825402376e-01
-6.746152217865885037e-01
-6.746246622625532430e-01
-6.746337675897363662e-01
-6.746425459264999702e-01
-6.746510053391838735e-01
-6.746591538350019679e-01
-6.746669993906960761e-01
-6.746745499712817340e-01
-6.746818135362926405e-01
-6.746887980339284496e-01
-6.746955113857781017e-01
-6.747019614661206033e-01
-6.747081560800650690e-01
-6.747141029441789950e-01
-6.747198096720563587e-01
-6.747252837658335167e-01
-6.747305326133243852e-01
-6.747355634894395271e-01
-6.747403835600210842e-01
-6.747449998861702047e-01
-6.747494194274867851e-01
-6.747536490432231027e-01
-6.747576954910197156e-01
-6.747615654234871974e-01
-6.747652653833092762e-01
-6.747688017977512276e-01
-6.747721809734189558e-01
-6.747754090919297898e-01
-6.747784922068750246e-01
-6.747814362421358236e-01
-6.747842469913707397e-01
-6.747869301183163637e-01
-6.747894911574893184e-01
-6.747919355149055720e-01
-6.747942684685485082e-01
-6.747964951684485291e-01
-6.747986206363763007e-01
-6.748006497652613289e-01
-6.748025873185096168e-01
-6.748044379294009243e-01
-6.748062061007281676e-01
-6.748078962047767693e-01
-6.748095124836778202e-01
-6.748110590501084083e-01
-6.748125398882658388e-01
-6.748139588550291501e-01
-6.748153196812087806e-01
-6.748166259728189953e-01
-6.748178812123240000e-01
-6.748190887598457532e-01
-6.748202518543500172e-01
-6.748213736148380715e-01
-6.748224570415823909e-01
-6.748235050174401506e-01
-6.748245203092682054e-01
-6.748255055694484250e-01
-6.748264633375147259e-01
-6.748273960418693651e-01
-6.748283060015634049e-01
-6.748291954281178118e-01
-6.748300664273622074e-01
-6.748309210012739534e-01
-6.748317610498156816e-01
-6.748325883727591679e-01
-6.748334046715084300e-01
-6.748342115509201600e-01
-6.748350105211282646e-01
-6.748358029993783980e-01
-6.748365903118676012e-01
-6.748373736955908253e-01
-6.748381543001875649e-01
-6.748389331897794996e-01
-6.748397113447941464e-01
-6.748404896637650863e-01
-6.748412689651015484e-01
-6.748420499888235780e-01
-6.748428333982616767e-01
-6.748436197817129223e-01
-6.748444096540611170e-01
-6.748452034583525272e-01
-6.748460015673309886e-01
-6.748468042849310455e-01
-6.748476118477231278e-01
-6.748484244263148746e-01
-6.748492421266991670e-01
-6.748500649915519789e-01
-6.748508930014697205e-01
-6.748517260761526249e-01
-6.748525640755240751e-01
-6.748534068007890907e-01
-6.748542539954283104e-01
-6.748551053461258054e-01
-6.748559604836330550e-01
-6.748568189835643105e-01
