-6.748576112346028610e-01
-6.748584906230318259e-01
-6.748593731699445986e-01
-6.748602582248596216e-01
-6.748611450870057871e-01
-6.748620330057119032e-01
-6.748629211807237738e-01
-6.748638087624470039e-01
-6.748646948521170863e-01
-6.748655785018986553e-01
-6.748664587149135752e-01
-6.748673344451936451e-01
-6.748682045975660238e-01
-6.748690680274678222e-01
-6.748699235406883101e-01
-6.748707698930429544e-01
-6.748716057899780685e-01
-6.748724298861058513e-01
-6.748732407846741443e-01
-6.748740370369703534e-01
-6.748748171416646402e-01
-6.748755795440934957e-01
-6.748763226354875799e-01
-6.748770447521466043e-01
-6.748777441745618111e-01
-6.748784191264890486e-01
-6.748790677739694432e-01
-6.748796882243021100e-01
-6.748802785249623515e-01
-6.748808366624727828e-01
-6.748813605612238309e-01
-6.748818480822500465e-01
-6.748822970219703343e-01
-6.748827051108955422e-01
-6.748830700123180648e-01
-6.748833893209863488e-01
-6.748836605617777318e-01
-6.748838811883648425e-01
-6.748840485818815571e-01
-6.748841600495746329e-01
-6.748842128234413540e-01
-6.748842040588393099e-01
-6.748841308330609801e-01
-6.748839901438756783e-01
-6.748837789080468497e-01
-6.748834939598435945e-01
-6.748831320495685127e-01
-6.748826898421383946e-01
-6.748821639157428498e-01
-6.748815507606076292e-01
-6.748808467778686371e-01
-6.748800482785382027e-01
-6.748791514825461801e-01
-6.748781525177955931e-01
-6.748770474191932989e-01
-6.748758321275994954e-01
-6.748745024886856347e-01
-6.748730542517034081e-01
-6.748714830682214227e-01
-6.748697844909155030e-01
-6.748679539725321863e-01
-6.748659868651372129e-01
-6.748638784197490414e-01
-6.748616237863931389e-01
-6.748592180145444042e-01
-6.748566560538414860e-01
-6.748539327548840339e-01
-6.748510428698920594e-01
-6.748479810530106926e-01
-6.748447418601244419e-01
-6.748413197481573089e-01
-6.748377090740044215e-01
-6.748339040933954980e-01
-6.748298989601100306e-01
-6.748256877260123687e-01
-6.748212643423014967e-01
-6.748166226621962194e-01
-6.748117564449865879e-01
-6.748066593610576591e-01
-6.748013249971992478e-01
-6.747957468613111631e-01
-6.747899183856159722e-01
-6.747838329277191516e-01
-6.747774837693121253e-01
-6.747708641129325224e-01
-6.747639670778557974e-01
-6.747567856967368050e-01
-6.747493129148611768e-01
-6.747415415936838246e-01
-6.747334645196512160e-01
-6.747250744181944038e-01
-6.747163639714101047e-01
-6.747073258366235171e-01
-6.746979526621120771e-01
-6.746882370961121422e-01
-6.746781717860642624e-01
-6.746677493669421821e-01
-6.746569624402161125e-01
-6.746458035480317195e-01
-6.746342651498417053e-01
-6.746223396101558301e-01
-6.746100192056083689e-01
-6.745972961567201498e-01
-6.745841626846648120e-01
-6.745706110867331073e-01
-6.745566338173138998e-01
-6.745422235558369284e-01
-6.745273732410876910e-01
-6.745120760541406524e-01
-6.744963253405216186e-01
-6.744801144755711020e-01
-6.744634366933137670e-01
-6.744462849150730799e-01
-6.744286516253316099e-01
-6.744105288446520241e-01
-6.743919082395034570e-01
-6.743727813855455722e-01
-6.743531401662496982e-01
-6.743329772481782003e-01
-6.743122865364055141e-01
-6.742910634888532595e-01
-6.742693051670124449e-01
-6.742470099298623065e-01
-6.742241767396495167e-01
-6.742008041365933346e-01
-6.741768890403927461e-01
-6.741524256280774230e-01
-6.741274045947479587e-01
-6.741018131017190163e-01
-6.740756356385531056e-01
-6.740488558683280784e-01
-6.740214593045692482e-01
-6.739934364189595906e-01
-6.739647855537196364e-01
-6.739355148731169809e-01
-6.739056425935046057e-01
-6.738751949211394532e-01
-6.738442015094424642e-01
-6.738126887861065617e-01
-6.737806721118686504e-01
-6.737481482924521092e-01
-6.737150903260609169e-01
-6.736814462895616140e-01
-6.736471438460671646e-01
-6.736121009689487460e-01
-6.735762421974986758e-01
-6.735395182542475156e-01
-6.735019254487663032e-01
-6.734635203132952608e-01
-6.734244247051593968e-01
-6.733848174323117108e-01
-6.733449104123667706e-01
-6.733049103350423614e-01
-6.732649703747545233e-01
-6.732251400610690384e-01
-6.731853241560481482e-01
-6.731452624666203199e-01
-6.731045412304041964e-01
-6.730626426769861226e-01
-6.730190327063542144e-01
-6.729732780768158396e-01
-6.729251754116248874e-01
-6.728748665707303678e-01
-6.728229105808890553e-01
-6.727702833116050440e-01
-6.727182837481949784e-01
-6.726683402901827424e-01
-6.726217307940319801e-01
-6.725792532845720206e-01
-6.725409061230893659e-01
-6.725056517293226399e-01
-6.724713413964555908e-01
-6.724348660289776181e-01
-6.723925667610254342e-01
-6.723408917575961485e-01
-6.722772265562511063e-01
-6.722007647256209584e-01
-6.721132363622038808e-01
-6.720192884468350059e-01
-6.719263264730155338e-01
-6.718436895324043645e-01
-6.717811416646470857e-01
-6.717468105612081075e-01
-6.717448688031475434e-01
-6.717734005623765547e-01
-6.718229898213230467e-01
-6.718765670537621970e-01
-6.719109316607835281e-01
-6.719001173651050207e-01
-6.718204034319158469e-01
-6.716563426998345410e-01
-6.714067543921327097e-01
-6.710893142188620875e-01
-6.707422722912890212e-01
-6.704220318014654234e-01
-6.701958773953805570e-01
-6.701300327675024926e-01
-6.702743475240869886e-01
-6.706460725202865181e-01
-6.712161246700447670e-01
-6.719016899319086855e-01
-6.725687274576002128e-01
-6.730467761670763105e-01
-6.731564300539643053e-01
-6.727471206078908805e-01
-6.717397976989327724e-01
-6.701662998690516293e-01
-6.681953748086937317e-01
-6.661352347058188128e-01
-6.644048627748476710e-01
-6.634712769360463502e-01
-6.637571800009453016e-01
-6.655316640269216544e-01
-6.688040474113439160e-01
-6.732455172722880965e-01
-6.781634920869002991e-01
-6.825488436436182305e-01
-6.852064943389098994e-01
-6.849660190150892447e-01
-6.809513573453916946e-01
-6.728686035644041441e-01
-6.612508531716022597e-01
-6.475853593620076731e-01
-6.342501254189890636e-01
-6.242134115127827565e-01
-6.205021008360499524e-01
-6.255122083740324301e-01
-6.402941865217076645e-01
-6.639729359743965498e-01
-6.934464911549669264e-01
-7.234593086351426283e-01
-7.470948816666067582e-01
-7.567043486975285616e-01
-7.452764928272950229e-01
-7.082028242366179560e-01
-6.452188771601891082e-01
-5.619972681960032634e-01
-4.705893944969942733e-01
-3.879692713563829831e-01
-3.325294565581853878e-01
-3.193132966762968761e-01
-3.554829714003134300e-01
-4.375667755290055250e-01
-5.513813004957103248e-01
-6.744829198655970526e-01
-7.800442598165802099e-01
-8.408097428667967721e-01
-8.326247639482758922e-01
-7.383134631212328047e-01
-5.528210383293683527e-01
-2.884706448663428291e-01
2.373896311065318288e-02
3.408379534837646108e-01
6.214444613180036825e-01
8.387277113693246688e-01
9.848766371839547951e-01
1.065929109234005967e+00
1.091652731215674077e+00
1.066506987343936785e+00
9.861305637865660501e-01
8.407761864534669671e-01
6.243037487848046574e-01
3.443184371556304302e-01
2.743204715745559130e-02
-2.850843275514755581e-01
-5.501944571825611030e-01
-7.367043027353316065e-01
-8.320683818875628246e-01
-8.411674303404392816e-01
-7.810692552320575022e-01
-6.758719931089092192e-01
-5.528147661896219978e-01
-4.387509324691529766e-01
-3.561974557891636750e-01
-3.194508829708543884e-01
-3.321120035367692291e-01
-3.871314770141642825e-01
-4.695346678616547642e-01
-5.609407054137620641e-01
-6.443364598295771017e-01
-7.076013128967707511e-01
-7.449878261551097225e-01
-7.566985410342317309e-01
-7.473015637785082044e-01
-7.237898795755017822e-01
-6.938127087770991075e-01
-6.643006494825874908e-01
-6.405320577823266914e-01
-6.256354478863228596e-01
-6.205114004667982019e-01
-6.241297729231858327e-01
-6.341069828136585151e-01
-6.474198800383749175e-01
-6.610962847377636065e-01
-6.727490116960280764e-01
-6.808792930402871590e-01
-6.849428829271235752e-01
-6.852248557360266501e-01
-6.825957863384521929e-01
-6.782241299015295821e-01
-6.733060298341805305e-01
-6.688538367657158590e-01
-6.655644700839626893e-01
-6.637711952621042633e-01
-6.634684562004319330e-01
-6.643897207129288995e-01
-6.661134556316020694e-01
-6.681725267174041250e-01
-6.701468637310743492e-01
-6.717266176761707008e-01
-6.727412779047978741e-01
-6.731574634346444430e-01
-6.730531264991402862e-01
-6.725782724303924764e-01
-6.719122514419566539e-01
-6.712258649255408161e-01
-6.706537351408786707e-01
-6.702793380314684413e-01
-6.701323627692716833e-01
-6.701960152176151819e-01
-6.704207087580671409e-01
-6.707402898298235883e-01
-6.710873859897531490e-01
-6.714054026237895600e-01
-6.716558536876602314e-01
-6.718208351588987881e-01
-6.719013447575656883e-01
-6.719127120326187086e-01
-6.718786092472955884e-01
-6.718250141942503362e-01
-6.717751819134468727e-01
-6.717462593343145327e-01
-6.717477441370046654e-01
-6.717816234524903729e-01
-6.718437764720943672e-01
-6.719261041027273507e-01
-6.720188487545495359e-01
-6.721126599451141548e-01
-6.722001090045992555e-01
-6.722765203987105531e-01
-6.723401357890955721e-01
-6.723917379662613936e-01
-6.724339249455989487e-01
-6.724702402263929013e-01
-6.725043419432645830e-01
-6.725393445220428923e-01
-6.725774059253646353e-01
-6.726195746159038258e-01
-6.726658626469881330e-01
-6.727154803215628087e-01
-6.727671550368438114e-01
-6.728194602567953986e-01
-6.728710957583086127e-01
-6.729210820788732450e-01
-6.729688552499414333e-01
-6.730142681787686376e-01
-6.730575196412781347e-01
-6.730990395629626866e-01
-6.731393603260400482e-01
-6.731789995577535102e-01
-6.732183721518611996e-01
-6.732577402325901073e-01
-6.732972012367047787e-01
-6.733367076205357682e-01
-6.733761076345731178e-01
-6.734151952796471052e-01
-6.734537585970394868e-01
-6.734916181519279288e-01
-6.735286511085052386e-01
-6.735647998645960532e-01
-6.736000671794935002e-01
-6.736345016991923673e-01
-6.736681786259610671e-01
-6.737011800898686786e-01
-6.737335788168863360e-01
-6.737654272923442322e-01
-6.737967531348815209e-01
-6.738275601112594382e-01
-6.738578333254385822e-01
-6.738875466841998119e-01
-6.739166707526766942e-01
-6.739451794673295693e-01
-6.739730547305412545e-01
-6.740002885230403917e-01
-6.740268827123834239e-01
-6.740528471228663943e-01
-6.740781966269021597e-01
-6.741029480267229923e-01
-6.741271173581045995e-01
-6.741507180231471885e-01
-6.741737599089402400e-01
-6.741962494261987127e-01
-6.742181902426612750e-01
-6.742395844061142007e-01
-6.742604335485391509e-01
-6.742807399193195828e-01
-6.743005070872313267e-01
-6.743197402523597450e-01
-6.743384461983731315e-01
-6.743566329782716418e-01
-6.743743094567364871e-01
-6.743914848312516641e-01
-6.744081682295146596e-01
-6.744243684426290963e-01
-6.744400938126898781e-01
-6.744553522583489613e-01
-6.744701513983594188e-01
-6.744844987229580147e-01
-6.744984017651931563e-01
-6.745118682356243678e-01
-6.745249060998692592e-01
-6.745375235949432335e-01
-6.745497291938150619e-01
-6.745615315360549147e-01
-6.745729393453153699e-01
-6.745839613523266776e-01
-6.745946062366861007e-01
-6.746048825937875915e-01
-6.746147989265761646e-01
-6.746243636566987556e-01
-6.746335851468111544e-01
-6.746424717253124426e-01
-6.746510317062518469e-01
-6.746592733997998081e-01
-6.746672051117488245e-01
-6.746748351332204630e-01
-6.746821717236418658e-01
-6.746892230908959620e-01
-6.746959973723815063e-01
-6.747025026197965847e-01
-6.747087467891225154e-01
-6.747147377359187237e-01
-6.747204832149198417e-01
-6.747259908822550445e-01
-6.747312682984243359e-01
-6.747363229304140786e-01
-6.747411621518794034e-01
-6.747457932409894887e-01
-6.747502233761465407e-01
-6.747544596302385012e-01
-6.747585089643264311e-01
-6.747623782216476407e-01
-6.747660741226294556e-01
-6.747696032613015316e-01
-6.747729721031756611e-01
-6.747761869843698079e-01
-6.747792541115865683e-01
-6.747821795624758812e-01
-6.747849692859630988e-01
-6.747876291022478767e-01
-6.747901647023276661e-01
-6.747925816470712324e-01
-6.747948853659828661e-01
-6.747970811558687831e-01
-6.747991741796278697e-01
-6.748011694653592851e-01
-6.748030719058937255e-01
-6.748048862587918695e-01
-6.748066171467643759e-01
-6.748082690584205068e-01
-6.748098463492268051e-01
-6.748113532425702443e-01
-6.748127938308261520e-01
-6.748141720763826124e-01
-6.748154918126100243e-01
-6.748167567448011273e-01
-6.748179704511195753e-01
-6.748191363836123502e-01
-6.748202578693269782e-01
-6.748213381115681919e-01
-6.748223801913013631e-01
-6.748233870686977109e-01
-6.748243615847968613e-01
-6.748253064632588893e-01
-6.748262243121700976e-01
-6.748271176258828774e-01
-6.748279887868604554e-01
-6.748288400675274135e-01
-6.748296736321186540e-01
-6.748304915385339164e-01
-6.748312957402078371e-01
-6.748320880879993267e-01
-6.748328703321081479e-01
-6.748336441240192496e-01
-6.748344110184664180e-01
-6.748351724754135805e-01
-6.748359298620435487e-01
-6.748366844547396548e-01
-6.748374374410558429e-01
-6.748381899216658875e-01
-6.748389429122877425e-01
-6.748396973455785819e-01
-6.748404540730024159e-01
-6.748412138666612936e-01
-6.748419774211003030e-01
-6.748427453550770450e-01
-6.748435182132976884e-01
-6.748442964681170553e-01
-6.748450805211959613e-01
-6.748458707051154803e-01
-6.748466672849434689e-01
-6.748474704597480223e-01
-6.748482803640568628e-01
-6.748490970692598845e-01
-6.748499205849514126e-01
-6.748507508602138438e-01
-6.748515877848348943e-01
-6.748524311904682271e-01
-6.748532808517252457e-01
-6.748541364872010506e-01
-6.748549977604383354e-01
-6.748558642808183405e-01
-6.748567356043857490e-01
