-6.748574021505416853e-01
-6.748581910089268554e-01
-6.748589737657030296e-01
-6.748597498419359741e-01
-6.748605185982746724e-01
-6.748612793353121475e-01
-6.748620312938994337e-01
-6.748627736553992618e-01
-6.748635055418911177e-01
-6.748642260163190132e-01
-6.748649340825892962e-01
-6.748656286856168363e-01
-6.748663087113159209e-01
-6.748669729865407474e-01
-6.748676202789765100e-01
-6.748682492969778624e-01
-6.748688586893606400e-01
-6.748694470451446215e-01
-6.748700128932479947e-01
-6.748705547021410789e-01
-6.748710708794519730e-01
-6.748715597715333470e-01
-6.748720196629864887e-01
-6.748724487761489366e-01
-6.748728452705429204e-01
-6.748732072422920503e-01
-6.748735327235009240e-01
-6.748738196816055357e-01
-6.748740660186933749e-01
-6.748742695707953265e-01
-6.748744281071524798e-01
-6.748745393294590666e-01
-6.748746008710876376e-01
-6.748746102962962512e-01
-6.748745650994221190e-01
-6.748744627040684785e-01
-6.748743004622848041e-01
-6.748740756537475738e-01
-6.748737854849429230e-01
-6.748734270883538500e-01
-6.748729975216556376e-01
-6.748724937669166035e-01
-6.748719127298123954e-01
-6.748712512388440610e-01
-6.748705060445694404e-01
-6.748696738188456612e-01
-6.748687511540860662e-01
-6.748677345625431201e-01
-6.748666204756165188e-01
-6.748654052432065953e-01
-6.748640851331196844e-01
-6.748626563305388792e-01
-6.748611149375697282e-01
-6.748594569728707526e-01
-6.748576783713642335e-01
-6.748557749840258246e-01
-6.748537425777388910e-01
-6.748515768351998068e-01
-6.748492733548490108e-01
-6.748468276508130526e-01
-6.748442351528516348e-01
-6.748414912063076532e-01
-6.748385910720841041e-01
-6.748355299266844964e-01
-6.748323028623716135e-01
-6.748289048875136809e-01
-6.748253309271845524e-01
-6.748215758240698747e-01
-6.748176343397097598e-01
-6.748135011560585372e-01
-6.748091708773013009e-01
-6.748046380318123427e-01
-6.747998970740937130e-01
-6.747949423865261531e-01
-6.747897682807645348e-01
-6.747843689986745552e-01
-6.747787387127950343e-01
-6.747728715264439403e-01
-6.747667614737226094e-01
-6.747604025198097322e-01
-6.747537885620230602e-01
-6.747469134321381068e-01
-6.747397709003684074e-01
-6.747323546812019623e-01
-6.747246584409801740e-01
-6.747166758067238979e-01
-6.747084003753200943e-01
-6.746998257218547179e-01
-6.746909454057279376e-01
-6.746817529732854757e-01
-6.746722419560784445e-01
-6.746624058646113475e-01
-6.746522381783834899e-01
-6.746417323341428185e-01
-6.746308817152852910e-01
-6.746196796460297573e-01
-6.746081193941152465e-01
-6.745961941851063015e-01
-6.745838972298395797e-01
-6.745712217641783859e-01
-6.745581610973261366e-01
-6.745447086619384969e-01
-6.745308580568145640e-01
-6.745166030717433259e-01
-6.745019376847908310e-01
-6.744868560253588496e-01
-6.744713523018155410e-01
-6.744554206999291424e-01
-6.744390552666686967e-01
-6.744222498017181655e-01
-6.744049977842759835e-01
-6.743872923635566563e-01
-6.743691264362359217e-01
-6.743504928222415762e-01
-6.743313845322371769e-01
-6.743117950980038744e-01
-6.742917189142232370e-01
-6.742711515217520990e-01
-6.742500897537435645e-01
-6.742285316717702148e-01
-6.742064762427132374e-01
-6.741839227488937158e-01
-6.741608699801351356e-01
-6.741373153193374046e-01
-6.741132538908976013e-01
-6.740886779796907424e-01
-6.740635769329064164e-01
-6.740379377163827623e-01
-6.740117462062219511e-01
-6.739849891598600484e-01
-6.739576566443938876e-01
-6.739297445311753787e-01
-6.739012565308429847e-01
-6.738722051821381953e-01
-6.738426112571340720e-01
-6.738125012279394532e-01
-6.737819027562811369e-01
-6.737508385893175022e-01
-6.737193197122457455e-01
-6.736873390320468058e-01
-6.736548671406442645e-01
-6.736218517237247960e-01
-6.735882218610729222e-01
-6.735538977721959863e-01
-6.735188055353441561e-01
-6.734828950718257934e-01
-6.734461584477303697e-01
-6.734086445728634240e-01
-6.733704659671847503e-01
-6.733317936803061565e-01
-6.732928378507144762e-01
-6.732538137720609495e-01
-6.732148964708962735e-01
-6.731761702360999911e-01
-6.731375826121559491e-01
-6.730989142911246725e-01
-6.730597763391459321e-01
-6.730196436860806930e-01
-6.729779285764977415e-01
-6.729340900434691575e-01
-6.728877663647828689e-01
-6.728389084438084478e-01
-6.727878851279288641e-01
-6.727355287926920502e-01
-6.726830929622668043e-01
-6.726321044180381126e-01
-6.725841100280636198e-01
-6.725403416700199699e-01
-6.725013476722002670e-01
-6.724666612473639837e-01
-6.724345896968190184e-01
-6.724022071473809703e-01
-6.723656141308494982e-01
-6.723204880893599578e-01
-6.722628924737488187e-01
-6.721902456209596366e-01
-6.721022855451695976e-01
-6.720018178459111757e-01
-6.718950167753028335e-01
-6.717910775785875810e-01
-6.717010991489602567e-01
-6.716362080997038131e-01
-6.716051050056979221e-01
-6.716113948484117024e-01
-6.716512203060265307e-01
-6.717118067703492512e-01
-6.717715123217541384e-01
-6.718018261552749504e-01
-6.717714674992810719e-01
-6.716523243961988188e-01
-6.714264904658797661e-01
-6.710931915495444988e-01
-6.706740495992790096e-01
-6.702150224394715083e-01
-6.697835834263466959e-01
-6.694603187215577567e-01
-6.693251036819778399e-01
-6.694392638263905182e-01
-6.698264270165330547e-01
-6.704558588466681401e-01
-6.712326457913924127e-01
-6.719988892582612339e-01
-6.725489318391228988e-01
-6.726595288508232517e-01
-6.721329488479139691e-01
-6.708475739714814257e-01
-6.688072225483094879e-01
-6.661778881651987394e-01
-6.632997809062384231e-01
-6.606643287006345178e-01
-6.588506583546793749e-01
-6.584238160823983055e-01
-6.598064425324762228e-01
-6.631447793049762840e-01
-6.681964282054647652e-01
-6.742693377811448396e-01
-6.802382295613129681e-01
-6.846563340249532947e-01
-6.859675119835498824e-01
-6.828067501708444675e-01
-6.743552530411549562e-01
-6.606905662947978319e-01
-6.430470756596949888e-01
-6.238887562245680751e-01
-6.067090830431316473e-01
-5.955228660858515877e-01
-5.940961153065974498e-01
-6.050472962189998860e-01
-6.290098746200769586e-01
-6.640445955846678849e-01
-7.054319116496146069e-01
-7.458958911852343610e-01
-7.762648766038305892e-01
-7.865962308801410785e-01
-7.678500581579777995e-01
-7.141649777198036952e-01
-6.255094162000784941e-01
-5.099366001088310174e-01
-3.841756569106605235e-01
-2.714219683471160161e-01
-1.962546983332725814e-01
-1.780953362807251306e-01
-2.254982017197914024e-01
-3.333017579610093595e-01
-4.835663462463082873e-01
-6.497496610351871649e-01
-8.021672017286158862e-01
-9.123188951746523667e-01
-9.549510747801158717e-01
-9.091896205834948397e-01
-7.616255855575219114e-01
-5.128079411134529586e-01
-1.842064296232278908e-01
1.811121010008279464e-01
5.285392209271749797e-01
8.082489725480511700e-01
9.868580501432953067e-01
1.048346075617875295e+00
9.884478830519016768e-01
8.113094722136005021e-01
5.327556636804010592e-01
1.859242742353026390e-01
-1.795209191430852114e-01
-5.089272937256124063e-01
-7.589896258218488123e-01
-9.079381857001859180e-01
-9.549884348724551053e-01
-9.134126441291323673e-01
-8.040102213899705808e-01
-6.519800904514178042e-01
-4.857829209152720873e-01
-3.351078707560761205e-01
-2.265750725171480073e-01
-1.782754007992652656e-01
-1.955613259901384238e-01
-2.700569476689028692e-01
-3.824571776199774953e-01
-5.082093062811087192e-01
-6.240590012312232648e-01
-7.131656323765583894e-01
-7.673545340619660760e-01
-7.865583465820417119e-01
-7.765757718276797839e-01
-7.464191390159116146e-01
-7.060309727548733649e-01
-6.646021125820281705e-01
-6.294401532574038782e-01
-6.053027324188450242e-01
-5.941675611374802601e-01
-5.954341109931151621e-01
-6.065066431095312849e-01
-6.236292764318245307e-01
-6.427851541363521770e-01
-6.604694204692399540e-01
-6.742015695652736618e-01
-6.827297933640790184e-01
-6.859615910282067519e-01
-6.847052772132132814e-01
-6.803205336312556639e-01
-6.743629517594728062e-01
-6.682825003075005821e-01
-6.632100331125432291e-01
-6.598441238916524787e-01
-6.584333681141657513e-01
-6.588364404422175635e-01
-6.606337872220091612e-01
-6.632614945061687806e-01
-6.661398502601795224e-01
-6.687756078804985016e-01
-6.708260963359147233e-01
-6.721227871221920891e-01
-6.726597027794333217e-01
-6.725569583660254702e-01
-6.720115423957454537e-01
-6.712466677698512019e-01
-6.704685144329473045e-01
-6.698358440508889178e-01
-6.694445514022884236e-01
-6.693262781728444022e-01
-6.694580931571841864e-01
-6.697790863782638882e-01
-6.702095098676639218e-01
-6.706686602412261777e-01
-6.710887777198112358e-01
-6.714235360774347683e-01
-6.716509444147424901e-01
-6.717714704254363900e-01
-6.718028145536357743e-01
-6.717729956199515184e-01
-6.717133043297071060e-01
-6.716523394159726879e-01
-6.716118760353068096e-01
-6.716048343227145612e-01
-6.716352017586233458e-01
-6.716994693620015333e-01
-6.717889896922837334e-01
-6.718926470013912855e-01
-6.719993186998607371e-01
-6.720997631813198092e-01
-6.721877502675072114e-01
-6.722604206485396361e-01
-6.723179935488555747e-01
-6.723630236891523504e-01
-6.723994375350073049e-01
-6.724315623137639975e-01
-6.724633127376797859e-01
-6.724976354362460773e-01
-6.725362445050162563e-01
-6.725796248880098194e-01
-6.726272407335058823e-01
-6.726778660596950399e-01
-6.727299537625818227e-01
-6.727819721092985761e-01
-6.728326598275902182e-01
-6.728811759708406282e-01
-6.729271439689267220e-01
-6.729706071890784180e-01
-6.730119241545534647e-01
-6.730516351362275662e-01
-6.730903292367627078e-01
-6.731285342038021424e-01
-6.731666421956389312e-01
-6.732048755921667960e-01
-6.732432892576016847e-01
-6.732818003741504187e-01
-6.733202344059248112e-01
-6.733583757134053993e-01
-6.733960132384002595e-01
-6.734329747455310988e-01
-6.734691465507590680e-01
-6.735044788227980694e-01
-6.735389789464976129e-01
-6.735726968601871700e-01
-6.736057067115994723e-01
-6.736380887782227322e-01
-6.736699146293465557e-01
-6.737012372648469860e-01
-6.737320867228077104e-01
-6.737624706135199038e-01
-6.737923783364186958e-01
-6.738217874087597536e-01
-6.738506703480626747e-01
-6.738790008223450867e-01
-6.739067582066077255e-01
-6.739339301537515814e-01
-6.739605132135514376e-01
-6.739865118532588628e-01
-6.740119364188874584e-01
-6.740368006275407886e-01
-6.740611191211998143e-01
-6.740849054773661031e-01
-6.741081709022270774e-01
-6.741309236642319958e-01
-6.741531691879247834e-01
-6.741749106357839416e-01
-6.741961497643301771e-01
-6.742168878449806835e-01
-6.742371264785615992e-01
-6.742568681905257710e-01
-6.742761167573575465e-01
-6.742948772714548733e-01
-6.743131559939592456e-01
-6.743309600689575412e-01
-6.743482971784228175e-01
-6.743651752084856010e-01
-6.743816019790650484e-01
-6.743975850659761351e-01
-6.744131317222337163e-01
-6.744282488870514403e-01
-6.744429432590541840e-01
-6.744572214050095216e-01
-6.744710898762317219e-01
-6.744845553101281865e-01
-6.744976245022005212e-01
-6.745103044422623428e-01
-6.745226023161243756e-01
-6.745345254795176437e-01
-6.745460814140842309e-01
-6.745572776759597433e-01
-6.745681218462454831e-01
-6.745786214901612343e-01
-6.745887841286336561e-01
-6.745986172231221989e-01
-6.746081281721131306e-01
-6.746173243161517341e-01
-6.746262129476288116e-01
-6.746348013216663109e-01
-6.746430966651617567e-01
-6.746511061820850141e-01
-6.746588370542214719e-01
-6.746662964375432781e-01
-6.746734914550971407e-01
-6.746804291876988824e-01
-6.746871166638077622e-01
-6.746935608497942605e-01
-6.746997686414898387e-01
-6.747057468575036188e-01
-6.747115022344171154e-01
-6.747170414236545177e-01
-6.747223709896196242e-01
-6.747274974086103771e-01
-6.747324270680349345e-01
-6.747371662655416991e-01
-6.747417212078082871e-01
-6.747460980088848537e-01
-6.747503026881015442e-01
-6.747543411676529823e-01
-6.747582192700264381e-01
-6.747619427154395444e-01
-6.747655171194518742e-01
-6.747689479908614008e-01
-6.747722407299497904e-01
-6.747754006270907379e-01
-6.747784328616946992e-01
-6.747813425014356215e-01
-6.747841345016937220e-01
-6.747868137051492576e-01
-6.747893848414724394e-01
-6.747918525270735213e-01
-6.747942212648890825e-01
-6.747964954442072782e-01
-6.747986793405379435e-01
-6.748007771155446477e-01
-6.748027928170604595e-01
-6.748047303792010787e-01
-6.748065936225902117e-01
-6.748083862547001877e-01
-6.748101118703083712e-01
-6.748117739520604896e-01
-6.748133758711342134e-01
-6.748149208879878902e-01
-6.748164121531828874e-01
-6.748178527082679956e-01
-6.748192454867212309e-01
-6.748205933149360458e-01
-6.748218989132511725e-01
-6.748231648970208774e-01
-6.748243937777247403e-01
-6.748255879641159583e-01
-6.748267497634068413e-01
-6.748278813824882816e-01
-6.748289849291837506e-01
-6.748300624135316061e-01
-6.748311157490937129e-01
-6.748321467542864882e-01
-6.748331571537248275e-01
-6.748341485795840144e-01
-6.748351225729617431e-01
-6.748360805852503530e-01
-6.748370239795025149e-01
-6.748379540317985814e-01
-6.748388719326035012e-01
-6.748397787881164067e-01
-6.748406756216056568e-01
-6.748415633747311126e-01
-6.748424429088488719e-01
-6.748433150062953523e-01
-6.748441803716492826e-01
-6.748450396329707113e-01
-6.748458933430097062e-01
-6.748467419803867440e-01
-6.748475859507401253e-01
-6.748484255878416382e-01
-6.748492611546720310e-01
-6.748500928444581826e-01
-6.748509207816738575e-01
-6.748517450229940540e-01
-6.748525655582082727e-01
-6.748533823110867136e-01
-6.748541951402031724e-01
-6.748550038397065354e-01
-6.748558081400463093e-01
-6.748566077086488590e-01
