-6.748576403080709385e-01
-6.748585140632359369e-01
-6.748593904849751191e-01
-6.748602689271762101e-01
-6.748611486927569292e-01
-6.748620290340548999e-01
-6.748629091531443969e-01
-6.748637882020817047e-01
-6.748646652830798676e-01
-6.748655394486097192e-01
-6.748664097014309693e-01
-6.748672749945534566e-01
-6.748681342311244613e-01
-6.748689862642507364e-01
-6.748698298967488185e-01
-6.748706638808271707e-01
-6.748714869177021569e-01
-6.748722976571466248e-01
-6.748730946969764277e-01
-6.748738765824716657e-01
-6.748746418057397500e-01
-6.748753888050209593e-01
-6.748761159639328211e-01
-6.748768216106643125e-01
-6.748775040171152151e-01
-6.748781613979816241e-01
-6.748787919097920529e-01
-6.748793936498949098e-01
-6.748799646553973464e-01
-6.748805029020605861e-01
-6.748810063031543960e-01
-6.748814727082728115e-01
-6.748818999021183318e-01
-6.748822856032578033e-01
-6.748826274628523247e-01
-6.748829230633690557e-01
-6.748831699172770371e-01
-6.748833654657290237e-01
-6.748835070772272182e-01
-6.748835920462765703e-01
-6.748836175920258640e-01
-6.748835808568918182e-01
-6.748834789051783023e-01
-6.748833087216834503e-01
-6.748830672103144357e-01
-6.748827511927059097e-01
-6.748823574068666398e-01
-6.748818825058569004e-01
-6.748813230565088306e-01
-6.748806755382005251e-01
-6.748799363416791985e-01
-6.748791017679394155e-01
-6.748781680271451755e-01
-6.748771312375860809e-01
-6.748759874246611501e-01
-6.748747325198858338e-01
-6.748733623599170173e-01
-6.748718726856108852e-01
-6.748702591411271934e-01
-6.748685172731060389e-01
-6.748666425299484350e-01
-6.748646302612256731e-01
-6.748624757172416722e-01
-6.748601740487619738e-01
-6.748577203069016095e-01
-6.748551094431608499e-01
-6.748523363095744187e-01
-6.748493956589477483e-01
-6.748462821451450822e-01
-6.748429903234133276e-01
-6.748395146507409903e-01
-6.748358494862655155e-01
-6.748319890917711117e-01
-6.748279276323234654e-01
-6.748236591770871984e-01
-6.748191777003654801e-01
-6.748144770828842232e-01
-6.748095511133178626e-01
-6.748043934900318508e-01
-6.747989978230124475e-01
-6.747933576359652630e-01
-6.747874663685738961e-01
-6.747813173789560803e-01
-6.747749039463771803e-01
-6.747682192743048590e-01
-6.747612564938617608e-01
-6.747540086676956372e-01
-6.747464687941825412e-01
-6.747386298117646897e-01
-6.747304846031200176e-01
-6.747220259987982693e-01
-6.747132467799700217e-01
-6.747041396800994573e-01
-6.746946973856052798e-01
-6.746849125359775101e-01
-6.746747777242250166e-01
-6.746642854988876836e-01
-6.746534283690338585e-01
-6.746421988135046233e-01
-6.746305892951561800e-01
-6.746185922798944024e-01
-6.746062002590625939e-01
-6.745934057723688149e-01
-6.745802014273906133e-01
-6.745665799111052463e-01
-6.745525339892125549e-01
-6.745380564905381071e-01
-6.745231402764811923e-01
-6.745077781991486443e-01
-6.744919630558592338e-01
-6.744756875513032712e-01
-6.744589442807492619e-01
-6.744417257473314109e-01
-6.744240244228382197e-01
-6.744058328543991454e-01
-6.743871438095219162e-01
-6.743679504404986869e-01
-6.743482464384422670e-01
-6.743280261398966191e-01
-6.743072845478861321e-01
-6.742860172366588190e-01
-6.742642201262487589e-01
-6.742418891383995527e-01
-6.742190197762688575e-01
-6.741956067012203624e-01
-6.741716434039360939e-01
-6.741471220763677330e-01
-6.741220337790395645e-01
-6.740963689610859344e-01
-6.740701183287344245e-01
-6.740432739781602178e-01
-6.740158306230986662e-01
-6.739877866737975509e-01
-6.739591448819571839e-01
-6.739299122753323878e-01
-6.739000991791891382e-01
-6.738697172629722898e-01
-6.738387767484754765e-01
-6.738072831436875409e-01
-6.737752340827839470e-01
-6.737426170060570874e-01
-6.737094084509410719e-01
-6.736755756035783804e-01
-6.736410804585257761e-01
-6.736058864646344846e-01
-6.735699669508401488e-01
-6.735333140206289926e-01
-6.734959461050119556e-01
-6.734579121121559986e-01
-6.734192902366566980e-01
-6.733801800780793156e-01
-6.733406877766447973e-01
-6.733009053133616195e-01
-6.732608867419871412e-01
-6.732206256211811235e-01
-6.731800389341635604e-01
-6.731389629540864838e-01
-6.730971655459286884e-01
-6.730543771610781878e-01
-6.730103393871078588e-01
-6.729648657549306412e-01
-6.729179052541538475e-01
-6.728695955615154878e-01
-6.728202913352684389e-01
-6.727705539637113263e-01
-6.727210934551466348e-01
-6.726726607593135343e-01
-6.726258990522049341e-01
-6.725811739625990882e-01
-6.725384132475336063e-01
-6.724969934813564976e-01
-6.724557123478560605e-01
-6.724128781009005573e-01
-6.723665318109107725e-01
-6.723147939355874625e-01
-6.722562973288436217e-01
-6.721906388007578004e-01
-6.721187570786630872e-01
-6.720431334549340496e-01
-6.719677188323414097e-01
-6.718975213516892309e-01
-6.718378425819837574e-01
-6.717932226646536886e-01
-6.717662356855388373e-01
-6.717563509145464407e-01
-6.717591254043757676e-01
-6.717660007778514242e-01
-6.717649277271398045e-01
-6.717419296683738716e-01
-6.716835476344967804e-01
-6.715799011989798117e-01
-6.714278882394051351e-01
-6.712338739412029298e-01
-6.710151358290414869e-01
-6.707993818243366269e-01
-6.706218719086738389e-01
-6.705200534350181929e-01
-6.705261319107017615e-01
-6.706585702476162147e-01
-6.709140328622025251e-01
-6.712616397503821108e-01
-6.716414457158798035e-01
-6.719687166932281075e-01
-6.721447992593388987e-01
-6.720742077007150206e-01
-6.716861112183099003e-01
-6.709569103479888774e-01
-6.699293475474545900e-01
-6.687229557972488303e-01
-6.675309574481174124e-01
-6.666002302342053376e-01
-6.661936940490787995e-01
-6.665381716416892699e-01
-6.677648403107916408e-01
-6.698529756537576763e-01
-6.725898887939133486e-01
-6.755600366011962343e-01
-6.781738289171966860e-01
-6.797416116381058693e-01
-6.795908860930972573e-01
-6.772154696213843472e-01
-6.724348251037856050e-01
-6.655318048302730771e-01
-6.573304013888594532e-01
-6.491756580196246240e-01
-6.427892851048918610e-01
-6.399977938969405589e-01
-6.423614110670448074e-01
-6.507631829822109193e-01
-6.650382325526456029e-01
-6.837261768645459536e-01
-7.040159986104613798e-01
-7.219306365233251199e-01
-7.327783649779888719e-01
-7.318810964710321665e-01
-7.155603383922649607e-01
-6.822909993917256610e-01
-6.338054060522095856e-01
-5.757803425710740219e-01
-5.176735875724224334e-01
-4.714168127475388825e-01
-4.490455650921513220e-01
-4.598046976826719590e-01
-5.075526154829546055e-01
-5.892160159310072531e-01
-6.946242806214276699e-01
-8.074705197601682594e-01
-9.067430050509285300e-01
-9.681385719874711082e-01
-9.658622017458731168e-01
-8.763335200621682475e-01
-6.853584787137414480e-01
-3.978701472891406632e-01
-4.490893087610853263e-02
3.194528193139770100e-01
6.328504224117799115e-01
8.426721410347143282e-01
9.166193310584366261e-01
8.441688863063733228e-01
6.356267025228325984e-01
3.230630411314473482e-01
-4.108503992427547241e-02
-3.944679414746810053e-01
-6.828379883303066222e-01
-8.748799386859055227e-01
-9.654155055868951507e-01
-9.684920505651046785e-01
-9.076352798259608168e-01
-8.086395061948142837e-01
-6.958315858954424726e-01
-5.902614542621820171e-01
-5.082897535897599184e-01
-4.601559479154542220e-01
-4.490092039098832477e-01
-4.710598662218903332e-01
-5.171103831156654840e-01
-5.751425272615485751e-01
-6.332123992207850938e-01
-6.818288948875983468e-01
-7.152730624988133945e-01
-7.317727630543463535e-01
-7.328227579048908202e-01
-7.220833473256579316e-01
-7.042260193850502503e-01
-6.839453181695086537e-01
-6.652277989969419547e-01
-6.508978233423414750e-01
-6.424302583944564438e-01
-6.400031955494307478e-01
-6.427436744219946485e-01
-6.490973609277840284e-01
-6.572392799690298659e-01
-6.654455476941395498e-01
-6.723664266710117632e-01
-6.771720932125129266e-01
-6.795739901993629317e-01
-6.797480100658056523e-01
-6.781972734266557001e-01
-6.755929312565426281e-01
-6.726248272185896271e-01
-6.698838986970750975e-01
-6.677877181085770664e-01
-6.665512076538775421e-01
-6.661971222242096813e-01
-6.665958252617049107e-01
-6.675213994675109896e-01
-6.687111856647113273e-01
-6.699180217720007713e-01
-6.709480245649764862e-01
-6.716808174056305702e-01
-6.720728119732488626e-01
-6.721468997651575128e-01
-6.719734270990794789e-01
-6.716476481707872592e-01
-6.712682192325849506e-01
-6.709200587724674092e-01
-6.706634073602737445e-01
-6.705294782474781057e-01
-6.705219150446448673e-01
-6.706224926240171857e-01
-6.707991494657766784e-01
-6.710144854746948884e-01
-6.712332048320565070e-01
-6.714275049867125533e-01
-6.715799835941139717e-01
-6.716841476912500664e-01
-6.717429903436821226e-01
-6.717663154302961903e-01
-6.717675432614133024e-01
-6.717606476086310785e-01
-6.717577033165502698e-01
-6.717673121373770595e-01
-6.717939670964466758e-01
-6.718382459129580431e-01
-6.718976112689948321e-01
-6.719675456890942256e-01
-6.720427554669874404e-01
-6.721182274199745121e-01
-6.721899963156185986e-01
-6.722555616065242212e-01
-6.723139646092551880e-01
-6.723655912743098373e-01
-6.724117964465874397e-01
-6.724544532234127958e-01
-6.724955196913838806e-01
-6.725366912259499452e-01
-6.725791766171401731e-01
-6.726236068613806740e-01
-6.726700613186878952e-01
-6.727181798855981221e-01
-6.727673226951526031e-01
-6.728167397730651089e-01
-6.728657200534360339e-01
-6.729136996357052425e-01
-6.729603205944925115e-01
-6.730054419089238626e-01
-6.730491117150811942e-01
-6.730915144295158692e-01
-6.731329073734413360e-01
-6.731735599146732030e-01
-6.732137047258869300e-01
-6.732535065197549073e-01
-6.732930494611449879e-01
-6.733323410522943364e-01
-6.733713280350118735e-01
-6.734099188670596980e-01
-6.734480074827399187e-01
-6.734854940528479661e-01
-6.735222999520562581e-01
-6.735583757596448340e-01
-6.735937025617830809e-01
-6.736282878881677538e-01
-6.736621582105403183e-01
-6.736953500634387249e-01
-6.737279016024896316e-01
-6.737598459209270807e-01
-6.737912068418580036e-01
-6.738219973189382150e-01
-6.738522201062556727e-01
-6.738818700530796457e-01
-6.739109372538995002e-01
-6.739394103184950247e-01
-6.739672791779417471e-01
-6.739945370576778672e-01
-6.740211814766386977e-01
-6.740472143302222996e-01
-6.740726412573828652e-01
-6.740974705671670675e-01
-6.741217120104350258e-01
-6.741453756415937137e-01
-6.741684709419146770e-01
-6.741910062905602796e-01
-6.742129887893385520e-01
-6.742344243849919261e-01
-6.742553181950122765e-01
-6.742756749303723263e-01
-6.742954993173800871e-01
-6.743147964445082021e-01
-6.743335719909099302e-01
-6.743518323243086199e-01
-6.743695844816127716e-01
-6.743868360627724989e-01
-6.744035950760403075e-01
-6.744198697719365754e-01
-6.744356684960125525e-01
-6.744509995797791646e-01
-6.744658712776759879e-01
-6.744802917479065796e-01
-6.744942690678170649e-01
-6.745078112707683093e-01
-6.745209263910065811e-01
-6.745336225050831969e-01
-6.745459077619836430e-01
-6.745577903981910817e-01
-6.745692787376230681e-01
-6.745803811791323268e-01
-6.745911061758165239e-01
-6.746014622107393555e-01
-6.746114577731058271e-01
-6.746211013377675370e-01
-6.746304013495652008e-01
-6.746393662127397883e-01
-6.746480042846827452e-01
-6.746563238727442124e-01
-6.746643332326628384e-01
-6.746720405673464205e-01
-6.746794540251033201e-01
-6.746865816968419249e-01
-6.746934316121568909e-01
-6.747000117345005599e-01
-6.747063299557956029e-01
-6.747123940908709150e-01
-6.747182118720462807e-01
-6.747237909440715331e-01
-6.747291388595136885e-01
-6.747342630745859493e-01
-6.747391709453524067e-01
-6.747438697242269523e-01
-6.747483665566936795e-01
-6.747526684782189088e-01
-6.747567824113495094e-01
-6.747607151630167222e-01
-6.747644734220823448e-01
-6.747680637571490392e-01
-6.747714926146382020e-01
-6.747747663171290711e-01
-6.747778910619147696e-01
-6.747808729197352084e-01
-6.747837178336388853e-01
-6.747864316179383870e-01
-6.747890199572409431e-01
-6.747914884055504769e-01
-6.747938423854665801e-01
-6.747960871875045008e-01
-6.747982279695688979e-01
-6.748002697566127805e-01
-6.748022174404960660e-01
-6.748040757800479739e-01
-6.748058494013277064e-01
-6.748075427980532170e-01
-6.748091603321787479e-01
-6.748107062345851670e-01
-6.748121846058618978e-01
-6.748135994171621244e-01
-6.748149545111203906e-01
-6.748162536028315950e-01
-6.748175002808988188e-01
-6.748186980085540965e-01
-6.748198501248665604e-01
-6.748209598460384040e-01
-6.748220302667924386e-01
-6.748230643618506885e-01
-6.748240649874928110e-01
-6.748250348831886791e-01
-6.748259766732843667e-01
-6.748268928687418677e-01
-6.748277858689091246e-01
-6.748286579633209215e-01
-6.748295113335250894e-01
-6.748303480549251443e-01
-6.748311700986429074e-01
-6.748319793333952266e-01
-6.748327775273919027e-01
-6.748335663502427195e-01
-6.748343473748822374e-01
-6.748351220794964744e-01
-6.748358918494570258e-01
-6.748366579792490771e-01
-6.748374216743939780e-01
-6.748381840533582698e-01
-6.748389461494415098e-01
-6.748397089126431103e-01
-6.748404732115040883e-01
-6.748412398349183938e-01
-6.748420094939134861e-01
-6.748427828233949377e-01
-6.748435603838569552e-01
-6.748443426630538200e-01
-6.748451300776295847e-01
-6.748459229747043597e-01
-6.748467216334135266e-01
-6.748475262663964358e-01
-6.748483370212349230e-01
-6.748491539818353147e-01
-6.748499771697537009e-01
-6.748508065454644766e-01
-6.748516420095643786e-01
-6.748524834039182352e-01
-6.748533305127391024e-01
-6.748541830636040073e-01
-6.748550407284027441e-01
-6.748559031242228334e-01
-6.748567698141612059e-01
