-6.748570235297723929e-01
-6.748579656366813229e-01
-6.748589157027051755e-01
-6.748598730295825021e-01
-6.748608368766584320e-01
-6.748618064612884604e-01
-6.748627809591549731e-01
-6.748637595044952864e-01
-6.748647411902486404e-01
-6.748657250681155961e-01
-6.748667101485307240e-01
-6.748676954005543571e-01
-6.748686797516761926e-01
-6.748696620875398455e-01
-6.748706412515816933e-01
-6.748716160445912271e-01
-6.748725852241901357e-01
-6.748735475042325627e-01
-6.748745015541305348e-01
-6.748754459981012310e-01
-6.748763794143415318e-01
-6.748773003341311805e-01
-6.748782072408666677e-01
-6.748790985690242827e-01
-6.748799727030568851e-01
-6.748808279762301687e-01
-6.748816626693928677e-01
-6.748824750096905634e-01
-6.748832631692187611e-01
-6.748840252636220116e-01
-6.748847593506432929e-01
-6.748854634286204357e-01
-6.748861354349413588e-01
-6.748867732444538969e-01
-6.748873746678384355e-01
-6.748879374499466843e-01
-6.748884592681071437e-01
-6.748889377304047033e-01
-6.748893703739367034e-01
-6.748897546630473476e-01
-6.748900879875413539e-01
-6.748903676608851709e-01
-6.748905909183907648e-01
-6.748907549153922991e-01
-6.748908567254130464e-01
-6.748908933383316322e-01
-6.748908616585507225e-01
-6.748907585031773682e-01
-6.748905806002210017e-01
-6.748903245868170808e-01
-6.748899870074910323e-01
-6.748895643124596111e-01
-6.748890528559849944e-01
-6.748884488947800575e-01
-6.748877485864600567e-01
-6.748869479880509337e-01
-6.748860430545332578e-01
-6.748850296374305779e-01
-6.748839034834277495e-01
-6.748826602330296742e-01
-6.748812954192578983e-01
-6.748798044664069407e-01
-6.748781826888804458e-01
-6.748764252901392480e-01
-6.748745273617927642e-01
-6.748724838828700223e-01
-6.748702897192950800e-01
-6.748679396235779393e-01
-6.748654282347180677e-01
-6.748627500782852229e-01
-6.748598995666296174e-01
-6.748568709991555892e-01
-6.748536585625829476e-01
-6.748502563311407076e-01
-6.748466582666563518e-01
-6.748428582185472813e-01
-6.748388499237926164e-01
-6.748346270070044728e-01
-6.748301829807773489e-01
-6.748255112465304517e-01
-6.748206050960344760e-01
-6.748154577137867038e-01
-6.748100621802874954e-01
-6.748044114761480028e-01
-6.747984984868065084e-01
-6.747923160074663640e-01
-6.747858567477695857e-01
-6.747791133356628723e-01
-6.747720783199734340e-01
-6.747647441713807703e-01
-6.747571032817712977e-01
-6.747491479623388688e-01
-6.747408704412286573e-01
-6.747322628619094598e-01
-6.747233172837074910e-01
-6.747140256859660568e-01
-6.747043799770067185e-01
-6.746943720084426221e-01
-6.746839935944615174e-01
-6.746732365345536886e-01
-6.746620926370161531e-01
-6.746505537396569885e-01
-6.746386117237143099e-01
-6.746262585173555815e-01
-6.746134860863497451e-01
-6.746002864116020792e-01
-6.745866514560296956e-01
-6.745725731262577352e-01
-6.745580432373656787e-01
-6.745430534906237119e-01
-6.745275954743107372e-01
-6.745116606957645145e-01
-6.744952406486554031e-01
-6.744783269133063364e-01
-6.744609112804768047e-01
-6.744429858814650069e-01
-6.744245433012243662e-01
-6.744055766479987168e-01
-6.743860795543089592e-01
-6.743660460909325360e-01
-6.743454705881283262e-01
-6.743243473758429030e-01
-6.743026704749903733e-01
-6.742804332917582411e-01
-6.742576283820617133e-01
-6.742342473590702268e-01
-6.742102810090430109e-01
-6.741857196568316057e-01
-6.741605537822851213e-01
-6.741347748358254011e-01
-6.741083761428857679e-01
-6.740813537336980410e-01
-6.740537069002392467e-01
-6.740254382794848009e-01
-6.739965533021494704e-01
-6.739670589334554318e-01
-6.739369617628243603e-01
-6.739062656575494081e-01
-6.738749693554118014e-01
-6.738430644984901852e-01
-6.738105346673317619e-01
-6.737773559275763713e-01
-6.737434992289578206e-01
-6.737089346993253569e-01
-6.736736374809478844e-01
-6.736375943191968974e-01
-6.736008097166061859e-01
-6.735633102054950916e-01
-6.735251452661251692e-01
-6.734863836991019648e-01
-6.734471048806911497e-01
-6.734073852547562966e-01
-6.733672815371032350e-01
-6.733268132454587329e-01
-6.732859480828775611e-01
-6.732445941335976070e-01
-6.732026025445629891e-01
-6.731597832137080628e-01
-6.731159339793493235e-01
-6.730708810789869379e-01
-6.730245255956843753e-01
-6.729768877889954481e-01
-6.729281392801587103e-01
-6.728786126965533576e-01
-6.728287801100852894e-01
-6.727791956724739064e-01
-6.727304040798434137e-01
-6.726828242064329944e-01
-6.726366252406805746e-01
-6.725916193369507745e-01
-6.725471983706851065e-01
-6.725023411859624156e-01
-6.724557105941716406e-01
-6.724058460664749104e-01
-6.723514395365636220e-01
-6.722916603668169788e-01
-6.722264750242827880e-01
-6.721568919939350240e-01
-6.720850577849286633e-01
-6.720141396644538911e-01
-6.719479572010980117e-01
-6.718903670838973774e-01
-6.718444595934415231e-01
-6.718116823233365453e-01
-6.717910559614596044e-01
-6.717786752953895935e-01
-6.717676840941584349e-01
-6.717488667630318044e-01
-6.717119106750649715e-01
-6.716472673505482494e-01
-6.715483940869105828e-01
-6.714140148254194029e-01
-6.712499306493178164e-01
-6.710698686219617182e-01
-6.708949105374478750e-01
-6.707512070330340359e-01
-6.706659557330664212e-01
-6.706619797835046137e-01
-6.707516354892105737e-01
-6.709311331172147508e-01
-6.711765883328650872e-01
-6.714431486429962570e-01
-6.716682926591936997e-01
-6.717798488564739046e-01
-6.717084462602054273e-01
-6.714030786398528239e-01
-6.708473928546240250e-01
-6.700734207662670805e-01
-6.691690212999730214e-01
-6.682755354586364938e-01
-6.675732560011068406e-01
-6.672542925718140117e-01
-6.674850703488379722e-01
-6.683636001631838575e-01
-6.698791910752059930e-01
-6.718837898563090327e-01
-6.740840912694892051e-01
-6.760616815294959725e-01
-6.773247614281440176e-01
-6.773897093580254491e-01
-6.758843580791605854e-01
-6.726580775042524385e-01
-6.678776633280328889e-01
-6.620842417201185937e-01
-6.561869523609966670e-01
-6.513759179024560808e-01
-6.489505253429980192e-01
-6.500775867982010459e-01
-6.555132622623361938e-01
-6.653372356175183411e-01
-6.787532684031192254e-01
-6.940061592749111608e-01
-7.084545429888289281e-01
-7.188266481072648206e-01
-7.216735498930462178e-01
-7.140151328202111181e-01
-6.941339469538247986e-01
-6.624000061548880325e-01
-6.219153302606360567e-01
-5.786970132449814619e-01
-5.411431722681162571e-01
-5.186946942337052890e-01
-5.198820240147854488e-01
-5.502044198551392373e-01
-6.103824406869283736e-01
-6.953814541135348026e-01
-7.942803410132850406e-01
-8.907402031292034339e-01
-9.637889882499228733e-01
-9.891081745059198127e-01
-9.418747618272249600e-01
-8.027035512187898902e-01
-5.670056372739878947e-01
-2.544424651110305247e-01
8.854451881759863030e-02
3.984798163072105770e-01
6.136145836150043165e-01
6.910521035325263295e-01
6.156302747600542746e-01
4.021071368061263640e-01
9.304335794130470794e-02
-2.499639746536020113e-01
-5.633175112270558671e-01
-8.002446573506062366e-01
-9.407131393319373425e-01
-9.890437684018649200e-01
-9.644964172883785380e-01
-8.918766828910388300e-01
-7.955431499296734543e-01
-6.965321740967346242e-01
-6.112569896196861086e-01
-5.507170663524529886e-01
-5.200228382027355378e-01
-5.185178339828101501e-01
-5.407461048919081081e-01
-5.781945899068414718e-01
-6.214148627380816636e-01
-6.619830341968923060e-01
-6.938476624795930636e-01
-7.138730004296420795e-01
-7.216622184097779558e-01
-7.189155702498984946e-01
-7.086054599581481650e-01
-6.941808681173726736e-01
-6.789191419996268850e-01
-6.654705443064677928e-01
-6.556005499430783701e-01
-6.501153976112408195e-01
-6.489438154798800040e-01
-6.513355638687398086e-01
-6.561268440019976111e-01
-6.620184662788652918e-01
-6.678182131216323647e-01
-6.726133599800425689e-01
-6.758585974526208906e-01
-6.773831554972100655e-01
-6.773345007105974203e-01
-6.760827885208144927e-01
-6.741108620040884292e-01
-6.719108405425319175e-01
-6.699022726264277638e-01
-6.683800543447535603e-01
-6.674939257167660234e-01
-6.672560580946245157e-01
-6.675695099610062799e-01
-6.682684230817323989e-01
-6.691607672980071086e-01
-6.700659378030078273e-01
-6.708420320828212269e-01
-6.714005327232711595e-01
-6.717087859058413768e-01
-6.717826550295620258e-01
-6.716728392814586002e-01
-6.714485930523553803e-01
-6.711821360209887510e-01
-6.709361558029620642e-01
-6.707557343968960639e-01
-6.706649968810575180e-01
-6.706679433980285987e-01
-6.707523707569089666e-01
-6.708955401111923456e-01
-6.710702714592629015e-01
-6.712503774074168872e-01
-6.714147032145584282e-01
-6.715494325485245053e-01
-6.716486767598615071e-01
-6.717136397710634643e-01
-6.717508157695056825e-01
-6.717697308997713224e-01
-6.717806993809181115e-01
-6.717929566773758188e-01
-6.718133897816654931e-01
-6.718459380256114333e-01
-6.718916117871862603e-01
-6.719489870069108584e-01
-6.720149871743595904e-01
-6.720857594894400489e-01
-6.721574799331382355e-01
-6.722269710177944946e-01
-6.722920731798757155e-01
-6.723517647780524742e-01
-6.724060682092939389e-01
-6.724558062983699847e-01
-6.725022830797585671e-01
-6.725469585646005610e-01
-6.725911721575197344e-01
-6.726359489163100669e-01
-6.726819014705712751e-01
-6.727292218410401148e-01
-6.727777440186221147e-01
-6.728270509615509321e-01
-6.728765984086001462e-01
-6.729258314353719905e-01
-6.729742763352193347e-01
-6.730215983937524182e-01
-6.730676238433376257e-01
-6.731123305343867935e-01
-6.731558159546287001e-01
-6.731982529830884410e-01
-6.732398434222272021e-01
-6.732807774389693023e-01
-6.733212042308632794e-01
-6.733612161830156984e-01
-6.734008460494419479e-01
-6.734400746564778162e-01
-6.734788454635236565e-01
-6.735170820212476039e-01
-6.735547047915338981e-01
-6.735916447038720056e-01
-6.736278519590952474e-01
-6.736632997147194990e-01
-6.736979832141171132e-01
-6.737319155454899455e-01
-6.737651215021633888e-01
-6.737976309926624330e-01
-6.738294731914337143e-01
-6.738606722250164438e-01
-6.738912447513070170e-01
-6.739211993933862388e-01
-6.739505376907705125e-01
-6.739792560573332203e-01
-6.740073481866897254e-01
-6.740348074017251667e-01
-6.740616285716075629e-01
-6.740878093793293280e-01
-6.741133508811507635e-01
-6.741382574300816000e-01
-6.741625361234319103e-01
-6.741861959750483635e-01
-6.742092470106253455e-01
-6.742316994501450500e-01
-6.742535630884178843e-01
-6.742748469261482525e-01
-6.742955590508724617e-01
-6.743157067268065186e-01
-6.743352966285761640e-01
-6.743543351459163615e-01
-6.743728286920941395e-01
-6.743907839638768609e-01
-6.744082081207046775e-01
-6.744251088710790931e-01
-6.744414944717346261e-01
-6.744573736578177714e-01
-6.744727555292031607e-01
-6.744876494194463890e-01
-6.745020647707603567e-01
-6.745160110322345748e-01
-6.745294975909974511e-01
-6.745425337385850817e-01
-6.745551286685903536e-01
-6.745672914974850665e-01
-6.745790312985351367e-01
-6.745903571388461861e-01
-6.746012781112957768e-01
-6.746118033558210492e-01
-6.746219420675595435e-01
-6.746317034921101019e-01
-6.746410969103175947e-01
-6.746501316162015760e-01
-6.746588168920176765e-01
-6.746671619840453049e-01
-6.746751760817876198e-01
-6.746828683021223183e-01
-6.746902476788083636e-01
-6.746973231568055285e-01
-6.747041035902417994e-01
-6.747105977425688073e-01
-6.747168142874703234e-01
-6.747227618093348811e-01
-6.747284488024941629e-01
-6.747338836688634434e-01
-6.747390747139867528e-01
-6.747440301418050623e-01
-6.747487580486326575e-01
-6.747532664168809369e-01
-6.747575631090291237e-01
-6.747616558622252514e-01
-6.747655522837441300e-01
-6.747692598473837844e-01
-6.747727858907401899e-01
-6.747761376132097588e-01
-6.747793220745221809e-01
-6.747823461935938960e-01
-6.747852167475228979e-01
-6.747879403706048551e-01
-6.747905235532949408e-01
-6.747929726411101559e-01
-6.747952938335036732e-01
-6.747974931827737111e-01
-6.747995765930805412e-01
-6.748015498196398010e-01
-6.748034184681407366e-01
-6.748051879944236831e-01
-6.748068637044246643e-01
-6.748084507543726795e-01
-6.748099541512142530e-01
-6.748113787532364904e-01
-6.748127292708478997e-01
-6.748140102674929919e-01
-6.748152261606714664e-01
-6.748163812230492109e-01
-6.748174795836568984e-01
-6.748185252291705183e-01
-6.748195220052782828e-01
-6.748204736181377950e-01
-6.748213836359334694e-01
-6.748222554905271009e-01
-6.748230924792095742e-01
-6.748238977665442784e-01
-6.748246743863003383e-01
-6.748254252434625622e-01
-6.748261531163151083e-01
-6.748268606585823282e-01
-6.748275504016252313e-01
-6.748282247566776970e-01
-6.748288860171217651e-01
-6.748295363607930142e-01
-6.748301778523132510e-01
-6.748308124454437396e-01
-6.748314419854566371e-01
-6.748320682115227509e-01
-6.748326927591103974e-01
-6.748333171623912552e-01
-6.748339428566466625e-01
-6.748345711806746916e-01
-6.748352033791891191e-01
-6.748358406052072933e-01
-6.748364839224195721e-01
-6.748371343075416640e-01
-6.748377926526358817e-01
-6.748384597674074170e-01
-6.748391363814648658e-01
-6.748398231465405628e-01
-6.748405206386741684e-01
-6.748412293603500700e-01
-6.748419497425888203e-01
-6.748426821469861725e-01
-6.748434268677002690e-01
-6.748441841333833180e-01
-6.748449541090539849e-01
-6.748457368979065008e-01
-6.748465325430582640e-01
-6.748473410292301633e-01
-6.748481622843567340e-01
-6.748489961811264815e-01
-6.748498425384489297e-01
-6.748507011228471741e-01
-6.748515716497729411e-01
-6.748524537848445970e-01
-6.748533471450042232e-01
-6.748542512995964193e-01
-6.748551657713637297e-01
-6.748560900373583582e-01
