-6.748572396848623312e-01
-6.748581634730224099e-01
-6.748590939419284451e-01
-6.748600304070926370e-01
-6.748609721392668792e-01
-6.748619183648426612e-01
-6.748628682661684808e-01
-6.748638209817851008e-01
-6.748647756065789816e-01
-6.748657311918543344e-01
-6.748666867453219087e-01
-6.748676412310080641e-01
-6.748685935690833526e-01
-6.748695426356103866e-01
-6.748704872622136586e-01
-6.748714262356725335e-01
-6.748723582974367474e-01
-6.748732821430661888e-01
-6.748741964215992928e-01
-6.748750997348466063e-01
-6.748759906366155192e-01
-6.748768676318652737e-01
-6.748777291757955821e-01
-6.748785736728718510e-01
-6.748793994757840142e-01
-6.748802048843476342e-01
-6.748809881443438297e-01
-6.748817474463040256e-01
-6.748824809242394140e-01
-6.748831866543195668e-01
-6.748838626535005325e-01
-6.748845068781075263e-01
-6.748851172223762074e-01
-6.748856915169513249e-01
-6.748862275273546096e-01
-6.748867229524190270e-01
-6.748871754226943853e-01
-6.748875824988310734e-01
-6.748879416699410383e-01
-6.748882503519395559e-01
-6.748885058858742347e-01
-6.748887055362379206e-01
-6.748888464892718320e-01
-6.748889258512574818e-01
-6.748889406468085994e-01
-6.748888878171563910e-01
-6.748887642184482338e-01
-6.748885666200538092e-01
-6.748882917028977690e-01
-6.748879360578230457e-01
-6.748874961839932407e-01
-6.748869684873415320e-01
-6.748863492790729834e-01
-6.748856347742143713e-01
-6.748848210902189670e-01
-6.748839042456146187e-01
-6.748828801586939097e-01
-6.748817446462416214e-01
-6.748804934222955021e-01
-6.748791220969506677e-01
-6.748776261752139627e-01
-6.748760010559262668e-01
-6.748742420307802803e-01
-6.748723442834562158e-01
-6.748703028889051492e-01
-6.748681128128046769e-01
-6.748657689111998703e-01
-6.748632659303378523e-01
-6.748605985066835622e-01
-6.748577611670953935e-01
-6.748547483291289506e-01
-6.748515543014167450e-01
-6.748481732840779790e-01
-6.748445993691155609e-01
-6.748408265407599416e-01
-6.748368486757641005e-01
-6.748326595436727748e-01
-6.748282528071488651e-01
-6.748236220224861359e-01
-6.748187606404861816e-01
-6.748136620079009385e-01
-6.748083193696312598e-01
-6.748027258718259924e-01
-6.747968745659018719e-01
-6.747907584133518988e-01
-6.747843702910206742e-01
-6.747777029963337725e-01
-6.747707492518548733e-01
-6.747635017085146236e-01
-6.747559529470219530e-01
-6.747480954772596684e-01
-6.747399217359619783e-01
-6.747314240835261545e-01
-6.747225948013456653e-01
-6.747134260914205983e-01
-6.747039100800551470e-01
-6.746940388270883382e-01
-6.746838043412729524e-01
-6.746731986012262094e-01
-6.746622135799734687e-01
-6.746508412697953538e-01
-6.746390737032096352e-01
-6.746269029657375738e-01
-6.746143211968970155e-01
-6.746013205775958088e-01
-6.745878933046507431e-01
-6.745740315560905254e-01
-6.745597274537252774e-01
-6.745449730315083992e-01
-6.745297602190041264e-01
-6.745140808483660599e-01
-6.744979266905904991e-01
-6.744812895225872351e-01
-6.744641612213262416e-01
-6.744465338756316930e-01
-6.744283999009426100e-01
-6.744097521383352056e-01
-6.743905839171600025e-01
-6.743708890614207307e-01
-6.743506618242248729e-01
-6.743298967426433199e-01
-6.743085884172838051e-01
-6.742867312363544086e-01
-6.742643190816383081e-01
-6.742413450710739165e-01
-6.742178014057168545e-01
-6.741936793928466898e-01
-6.741689697067247966e-01
-6.741436629198932495e-01
-6.741177502896574802e-01
-6.740912247198150853e-01
-6.740640817459909728e-01
-6.740363203293405769e-01
-6.740079432074640442e-01
-6.739789565635195823e-01
-6.739493688504903934e-01
-6.739191887523653390e-01
-6.738884224663017619e-01
-6.738570707189149855e-01
-6.738251261367874667e-01
-6.737925717157424721e-01
-6.737593811156452617e-01
-6.737255213045060254e-01
-6.736909576779803732e-01
-6.736556612253228327e-01
-6.736196166894227177e-01
-6.735828301101872695e-01
-6.735453338042513005e-01
-6.735071868670563511e-01
-6.734684697835885414e-01
-6.734292727114007393e-01
-6.733896783500674665e-01
-6.733497418129000822e-01
-6.733094712538487681e-01
-6.732688138190937588e-01
-6.732276514689579106e-01
-6.731858101524539340e-01
-6.731430837105292220e-01
-6.730992709706237198e-01
-6.730542212452840234e-01
-6.730078805069941161e-01
-6.729603285882687080e-01
-6.729117974743084041e-01
-6.728626625016155272e-01
-6.728134020751452837e-01
-6.727645269697748454e-01
-6.727164865867635291e-01
-6.726695655964457510e-01
-6.726237890075817960e-01
-6.725788557655754119e-01
-6.725341197270577887e-01
-6.724886320087060110e-01
-6.724412505543256868e-01
-6.723908121461337206e-01
-6.723363502878026976e-01
-6.722773309789638052e-01
-6.722138690729568822e-01
-6.721468823249067137e-01
-6.720781399208225482e-01
-6.720101685173951456e-01
-6.719459925300301784e-01
-6.718887068970266219e-01
-6.718409091848633885e-01
-6.718040516481298408e-01
-6.717778088359311894e-01
-6.717595865564484070e-01
-6.717443155467511806e-01
-6.717246690143413579e-01
-6.716918088253832630e-01
-6.716366949702293754e-01
-6.715518873421195689e-01
-6.714336367380592252e-01
-6.712839226567943740e-01
-6.711119784743494465e-01
-6.709347866358816859e-01
-6.707760651022981468e-01
-6.706634302998867314e-01
-6.706237204922023132e-01
-6.706768763547347190e-01
-6.708292463873271050e-01
-6.710676229257105385e-01
-6.713556050407826215e-01
-6.716339080278930229e-01
-6.718258976723042730e-01
-6.718488740525662140e-01
-6.716304952526565009e-01
-6.711283447794027524e-01
-6.703492413487279755e-01
-6.693637911887238001e-01
-6.683112655493693710e-01
-6.673904959658490954e-01
-6.668343268869141305e-01
-6.668682075900040918e-01
-6.676573694657630398e-01
-6.692510209036105495e-01
-6.715351893550823847e-01
-6.742073299228728001e-01
-6.767848912667097094e-01
-6.786563203293665136e-01
-6.791765094251159818e-01
-6.777998033535518330e-01
-6.742331674563061261e-01
-6.685814328184702671e-01
-6.614481928833690905e-01
-6.539535138833214578e-01
-6.476369391904686079e-01
-6.442333960291947159e-01
-6.453386725879912689e-01
-6.520133475270267764e-01
-6.643995585353983380e-01
-6.814352508061737312e-01
-7.007430681023966157e-01
-7.187511219507032312e-01
-7.310797561623202379e-01
-7.332064702669339740e-01
-7.213907842547062632e-01
-6.937787806597545126e-01
-6.514954959725214323e-01
-5.993946617047420933e-01
-5.460550688759863158e-01
-5.027069424056055391e-01
-4.810883394160325177e-01
-4.906633630137081092e-01
-5.359512391400408360e-01
-6.147190393501813510e-01
-7.174461799498794701e-01
-8.279336253455698014e-01
-9.245314295352754508e-01
-9.815987545995442654e-01
-9.716730495635433895e-01
-8.699022528378199670e-01
-6.621753753607971804e-01
-3.555527006055920758e-01
1.516463187011748460e-02
3.923489898486184901e-01
7.124239414121044112e-01
9.244158459892062307e-01
9.986986836266267265e-01
9.260149688288361602e-01
7.154183615390067308e-01
3.962950688356935425e-01
1.940593141100091165e-02
-3.517251403650603625e-01
-6.592969225879189432e-01
-8.682024185617392975e-01
-9.710955656098225752e-01
-9.819115339504483897e-01
-9.254364073368637200e-01
-8.291345629187391042e-01
-7.186804875411055837e-01
-6.157746236875107915e-01
-5.366809257156130997e-01
-4.909966242176003193e-01
-4.810338647088767683e-01
-5.023412596781230421e-01
-5.454981573403024919e-01
-5.987789848071276566e-01
-6.509372736427812001e-01
-6.933587023445827446e-01
-7.211469864932167351e-01
-7.331380992979388278e-01
-7.311569643501493188e-01
-7.189272856228354769e-01
-7.009663156478909141e-01
-6.816578052687225497e-01
-6.645843045652826131e-01
-6.521374569074950278e-01
-6.453943598277018801e-01
-6.442261425176804002e-01
-6.475818431268880460e-01
-6.538706821566254712e-01
-6.613581668564159077e-01
-6.685014873003100044e-01
-6.741749955738824962e-01
-6.777687154714020501e-01
-6.791719468756959310e-01
-6.786732825592619589e-01
-6.768158082199785541e-01
-6.742439505397950228e-01
-6.715701594508480810e-01
-6.692789522874288410e-01
-6.676753308479077553e-01
-6.668756792536709721e-01
-6.668327433696865647e-01
-6.673825467204642647e-01
-6.683001309877453222e-01
-6.693524655341487328e-01
-6.703400450178560455e-01
-6.711226713194727855e-01
-6.716287843333156315e-01
-6.718507622532605694e-01
-6.718304773962316956e-01
-6.716400215704406707e-01
-6.713621118894609330e-01
-6.710735982103694930e-01
-6.708340912246664178e-01
-6.706803417117855881e-01
-6.706258617389743160e-01
-6.706645182119427284e-01
-6.707764807496597870e-01
-6.709349236852119036e-01
-6.711121690275589913e-01
-6.712843941328672237e-01
-6.714344994550257573e-01
-6.715531467198720961e-01
-6.716382792419237635e-01
-6.716936027101563234e-01
-6.717265453609967407e-01
-6.717461596531275614e-01
-6.717613108425372070e-01
-6.717793581161920491e-01
-6.718054009986926811e-01
-6.718420572104929489e-01
-6.718896671827397915e-01
-6.719467854718917943e-01
-6.720108148739030174e-01
-6.720786565842682414e-01
-6.721472801681985798e-01
-6.722141523632859661e-01
-6.722774977531451590e-01
-6.723363931798225224e-01
-6.723907193449852882e-01
-6.724410067579731365e-01
-6.724882193672923059e-01
-6.725335188135587172e-01
-6.725780465873931746e-01
-6.726227520114962388e-01
-6.726682825603957916e-01
-6.727149412651626248e-01
-6.727627053778538757e-01
-6.728112923575848558e-01
-6.728602544130564134e-01
-6.729090815795938374e-01
-6.729572953459574958e-01
-6.730045194166395239e-01
-6.730505202146408461e-01
-6.730952160017886765e-01
-6.731386589300648593e-01
-6.731809981384085928e-01
-6.732224337735795983e-01
-6.732631715599812772e-01
-6.733033856505779013e-01
-6.733431945757801795e-01
-6.733826518725476440e-01
-6.734217500656836108e-01
-6.734604345593225849e-01
-6.734986229180945916e-01
-6.735362249755362241e-01
-6.735731600075082204e-01
-6.736093685340474035e-01
-6.736448178099372353e-01
-6.736795014163855511e-01
-6.737134343499824318e-01
-6.737466455142455679e-01
-6.737791695610727549e-01
-6.738110397000900420e-01
-6.738422825394310145e-01
-6.738729153986863230e-01
-6.739029459776556541e-01
-6.739323738631757266e-01
-6.739611931491633623e-01
-6.739893954236878537e-01
-6.740169724990036082e-01
-6.740439184665678596e-01
-6.740702308885337946e-01
-6.740959111408129090e-01
-6.741209640692229499e-01
-6.741453971977315884e-01
-6.741692197410548149e-01
-6.741924416384668106e-01
-6.742150727621059048e-01
-6.742371223809850989e-01
-6.742585988967927380e-01
-6.742795098187887026e-01
-6.742998619160691653e-01
-6.743196614750128770e-01
-6.743389145936814488e-01
-6.743576274581034591e-01
-6.743758065628272513e-01
-6.743934588558933019e-01
-6.744105918039667857e-01
-6.744272133853752571e-01
-6.744433320267978482e-01
-6.744589565034984080e-01
-6.744740958237626094e-01
-6.744887591161983220e-01
-6.745029555345518624e-01
-6.745166941894491508e-01
-6.745299841108208794e-01
-6.745428342395075605e-01
-6.745552534423462365e-01
-6.745672505423857546e-01
-6.745788343549692367e-01
-6.745900137211701120e-01
-6.746007975320964523e-01
-6.746111947403662379e-01
-6.746212143579950471e-01
-6.746308654424645335e-01
-6.746401570745172993e-01
-6.746490983319943791e-01
-6.746576982639022058e-01
-6.746659658680077554e-01
-6.746739100739703732e-01
-6.746815397326170194e-01
-6.746888636107672976e-01
-6.746958903901720817e-01
-6.747026286687749508e-01
-6.747090869625277376e-01
-6.747152737063680794e-01
-6.747211972534959967e-01
-6.747268658726521817e-01
-6.747322877435767419e-01
-6.747374709511506641e-01
-6.747424234788669262e-01
-6.747471532022734086e-01
-6.747516678828966441e-01
-6.747559751629782498e-01
-6.747600825611642650e-01
-6.747639974691248543e-01
-6.747677271489652684e-01
-6.747712787312437621e-01
-6.747746592133843091e-01
-6.747778754583168004e-01
-6.747809341932092808e-01
-6.747838420082183930e-01
-6.747866053552228349e-01
-6.747892305465507112e-01
-6.747917237537317536e-01
-6.747940910063238151e-01
-6.747963381908577141e-01
-6.747984710499553840e-01
-6.748004951816505281e-01
-6.748024160389386461e-01
-6.748042389295660914e-01
-6.748059690160510549e-01
-6.748076113159234835e-01
-6.748091707021611763e-01
-6.748106519037914142e-01
-6.748120595066358085e-01
-6.748133979541702798e-01
-6.748146715484837355e-01
-6.748158844513263421e-01
-6.748170406852385117e-01
-6.748181441347631537e-01
-6.748191985477476340e-01
-6.748202075367334407e-01
-6.748211745804451045e-01
-6.748221030253713781e-01
-6.748229960874452260e-01
-6.748238568538122983e-01
-6.748246882846816730e-01
-6.748254932152505381e-01
-6.748262743576919354e-01
-6.748270343031983476e-01
-6.748277755240669196e-01
-6.748285003758267564e-01
-6.748292110993967530e-01
-6.748299098232715121e-01
-6.748305985657292450e-01
-6.748312792370634305e-01
-6.748319536418296849e-01
-6.748326234811076185e-01
-6.748332903547739070e-01
-6.748339557637765829e-01
-6.748346211124157668e-01
-6.748352877106171821e-01
-6.748359567761994526e-01
-6.748366294371278551e-01
-6.748373067337478659e-01
-6.748379896209997231e-01
-6.748386789706023459e-01
-6.748393755732109422e-01
-6.748400801405364247e-01
-6.748407933074304088e-01
-6.748415156339315768e-01
-6.748422476072616361e-01
-6.748429896437833087e-01
-6.748437420909025874e-01
-6.748445052289203661e-01
-6.748452792728316663e-01
-6.748460643740629150e-01
-6.748468606221524890e-01
-6.748476680463660893e-01
-6.748484866172478336e-01
-6.748493162481056240e-01
-6.748501567964259040e-01
-6.748510080652164733e-01
-6.748518698042779151e-01
-6.748527417114020821e-01
-6.748536234334939765e-01
-6.748545145676144719e-01
-6.748554146619480942e-01
-6.748563232166920889e-01
