-6.748570908507380839e-01
-6.748578586035465232e-01
-6.748586176470208198e-01
-6.748593674192515657e-01
-6.748601072958315683e-01
-6.748608365902120099e-01
-6.748615545540086469e-01
-6.748622603772601591e-01
-6.748629531886384258e-01
-6.748636320556090640e-01
-6.748642959845472244e-01
-6.748649439207989875e-01
-6.748655747487010137e-01
-6.748661872915536764e-01
-6.748667803115434571e-01
-6.748673525096241521e-01
-6.748679025253505603e-01
-6.748684289366707612e-01
-6.748689302596770911e-01
-6.748694049483130453e-01
-6.748698513940443178e-01
-6.748702679254894310e-01
-6.748706528080165024e-01
-6.748710042433057055e-01
-6.748713203688776474e-01
-6.748715992575929912e-01
-6.748718389171216581e-01
-6.748720372893859398e-01
-6.748721922499774095e-01
-6.748723016075486303e-01
-6.748723631031858794e-01
-6.748723744097604449e-01
-6.748723331312630469e-01
-6.748722368021243811e-01
-6.748720828865272248e-01
-6.748718687777106595e-01
-6.748715917972775147e-01
-6.748712491944992564e-01
-6.748708381456298699e-01
-6.748703557532287345e-01
-6.748697990454962659e-01
-6.748691649756204392e-01
-6.748684504211363011e-01
-6.748676521832976949e-01
-6.748667669864587548e-01
-6.748657914774683908e-01
-6.748647222250774291e-01
-6.748635557193642942e-01
-6.748622883711878906e-01
-6.748609165116814523e-01
-6.748594363918000161e-01
-6.748578441819359508e-01
-6.748561359716210850e-01
-6.748543077693192060e-01
-6.748523555023143716e-01
-6.748502750166935904e-01
-6.748480620774044425e-01
-6.748457123683596626e-01
-6.748432214925685901e-01
-6.748405849722627359e-01
-6.748377982489938143e-01
-6.748348566837051310e-01
-6.748317555567876491e-01
-6.748284900681716936e-01
-6.748250553375204630e-01
-6.748214464046157213e-01
-6.748176582300330351e-01
-6.748136856961834962e-01
-6.748095236087765514e-01
-6.748051666986961683e-01
-6.748006096242129548e-01
-6.747958469733824627e-01
-6.747908732664199549e-01
-6.747856829578019466e-01
-6.747802704378517147e-01
-6.747746300336411318e-01
-6.747687560091565340e-01
-6.747626425648590720e-01
-6.747562838369666194e-01
-6.747496738969831487e-01
-6.747428067521329398e-01
-6.747356763474003927e-01
-6.747282765697572016e-01
-6.747206012549060716e-01
-6.747126441964240717e-01
-6.747043991566761267e-01
-6.746958598782999417e-01
-6.746870200946086804e-01
-6.746778735370110303e-01
-6.746684139376490918e-01
-6.746586350259917708e-01
-6.746485305190900172e-01
-6.746380941065376335e-01
-6.746273194327097045e-01
-6.746162000802765624e-01
-6.746047295599655325e-01
-6.745929013117482054e-01
-6.745807087217311482e-01
-6.745681451569259801e-01
-6.745552040168365515e-01
-6.745418787967959462e-01
-6.745281631538722067e-01
-6.745140509627904901e-01
-6.744995363476780081e-01
-6.744846136764157674e-01
-6.744692775085616709e-01
-6.744535224952686869e-01
-6.744373432397201551e-01
-6.744207341379375720e-01
-6.744036892302539554e-01
-6.743862021007396290e-01
-6.743682658628042947e-01
-6.743498732620117897e-01
-6.743310169109103525e-01
-6.743116896462297838e-01
-6.742918849689063521e-01
-6.742715974970422410e-01
-6.742508233375815729e-01
-6.742295602713918035e-01
-6.742078076550952481e-01
-6.741855659755349173e-01
-6.741628360494001937e-01
-6.741396179361864860e-01
-6.741159097165481118e-01
-6.740917063643114826e-01
-6.740669989898274705e-01
-6.740417747358823375e-01
-6.740160175501949125e-01
-6.739897099345457665e-01
-6.739628355865605602e-01
-6.739353826281375692e-01
-6.739073468916002563e-01
-6.738787345595684819e-01
-6.738495633804514329e-01
-6.738198617555632985e-01
-6.737896652453444490e-01
-6.737590104700845739e-01
-6.737279269449781838e-01
-6.736964280080699474e-01
-6.736645025533414266e-01
-6.736321096282752441e-01
-6.735991779561432136e-01
-6.735656119917746709e-01
-6.735313051763254233e-01
-6.734961596782439441e-01
-6.734601102638306802e-01
-6.734231483113624073e-01
-6.733853407300931515e-01
-6.733468380600297065e-01
-6.733078666516403299e-01
-6.732687017587914990e-01
-6.732296215992555899e-01
-6.731908466308980099e-01
-6.731524728341404806e-01
-6.731144117911368463e-01
-6.730763527647771749e-01
-6.730377617913635424e-01
-6.729979292563692539e-01
-6.729560702768240255e-01
-6.729114719358917363e-01
-6.728636693054909079e-01
-6.728126203512113657e-01
-6.727588409228423272e-01
-6.727034579478566867e-01
-6.726481441151156426e-01
-6.725949121466306968e-01
-6.725457708936098955e-01
-6.725022764988340951e-01
-6.724650450198026430e-01
-6.724333215767717142e-01
-6.724047176189366093e-01
-6.723752249741415943e-01
-6.723395876935729376e-01
-6.722920588697385291e-01
-6.722274934260439316e-01
-6.721426392354962198e-01
-6.720374034563131316e-01
-6.719158084016744192e-01
-6.717863323529078556e-01
-6.716613730172908969e-01
-6.715556842301549922e-01
-6.714838166468665159e-01
-6.714568212470110042e-01
-6.714787146816496577e-01
-6.715434086312037643e-01
-6.716329157833925700e-01
-6.717176110675754375e-01
-6.717591127930576667e-01
-6.717159469018690876e-01
-6.715515989837032018e-01
-6.712439159790328791e-01
-6.707942063125672538e-01
-6.702339472413251231e-01
-6.696268939501208717e-01
-6.690647258191857460e-01
-6.686552283868890667e-01
-6.685033608089495649e-01
-6.686872376355149639e-01
-6.692327754340985368e-01
-6.700921464482010315e-01
-6.711318507702253022e-01
-6.721358355944194729e-01
-6.728274608665190115e-01
-6.729112256900821043e-01
-6.721312329822144438e-01
-6.703388250685715644e-01
-6.675573926107339906e-01
-6.640290674801039295e-01
-6.602271096383846016e-01
-6.568205012753099981e-01
-6.545842491183873069e-01
-6.542597484798908791e-01
-6.563824392104399275e-01
-6.611058868100531116e-01
-6.680591282565495614e-01
-6.762754073913646025e-01
-6.842248588210199101e-01
-6.899723515506764882e-01
-6.914657094017263583e-01
-6.869384546088010968e-01
-6.753830260152474674e-01
-6.570145340046171789e-01
-6.336081177285859400e-01
-6.085725871285733168e-01
-5.866437550927351419e-01
-5.731583711264474079e-01
-5.729918605483612648e-01
-5.893653548758407412e-01
-6.227917362214926422e-01
-6.704004246067809536e-01
-7.257699435750016859e-01
-7.792729316464966915e-01
-8.188937330591664621e-01
-8.315719171207012206e-01
-8.052925838306617123e-01
-7.321516553246227854e-01
-6.121651852655144443e-01
-4.566182585301885033e-01
-2.888641390997583880e-01
-1.407914716786146936e-01
-4.513915462056801442e-02
-2.622686982747114010e-02
-9.258678223524600959e-02
-2.340721166639743167e-01
-4.243572558995990507e-01
-6.278460753722067134e-01
-8.079944906846233676e-01
-9.332756269851942843e-01
-9.790386659780120349e-01
-9.272558723658831381e-01
-7.682414016696867964e-01
-5.064024967777210895e-01
-1.667474563580398361e-01
2.051777241617889491e-01
5.542079340260150921e-01
8.320298035136780568e-01
1.007891846612039455e+00
1.068090189884741914e+00
1.009269712390716611e+00
8.347022436253198618e-01
5.579310690222182290e-01
2.094856893810337350e-01
-1.624860423488410921e-01
-5.028081924049915274e-01
-7.657449804339491184e-01
-9.260327922580726678e-01
-9.790587963057338916e-01
-9.343832682158883518e-01
-8.099476692096742036e-01
-6.303121545868323183e-01
-4.269121045215903409e-01
-2.362478815336194748e-01
-9.396983957918941810e-02
-2.656503513423153634e-02
-4.440971516756871129e-02
-1.392030290195797881e-01
-2.867910659350852431e-01
-4.544895200450939088e-01
-6.103486082808960989e-01
-7.308772003412319362e-01
-8.046346660613159507e-01
-8.314786699110935375e-01
-8.192352979318708872e-01
-7.798862995265998244e-01
-7.264916610649552187e-01
-6.710882098310833044e-01
-6.233385100684208924e-01
-5.897074396430844745e-01
-5.731110477125674896e-01
-5.730772012189326858e-01
-5.864146093592035314e-01
-6.082629437160557151e-01
-6.332854252778475912e-01
-6.567340131875847309e-01
-6.751804630227528081e-01
-6.868283635049777791e-01
-6.914438526930061224e-01
-6.900209292652017545e-01
-6.843186748993869140e-01
-6.763877082344921243e-01
-6.681662866850128779e-01
-6.611905151447354800e-01
-6.564348276347591327e-01
-6.542777655719943519e-01
-6.545720296432416818e-01
-6.567863740233319536e-01
-6.601812643171326433e-01
-6.639814142057649526e-01
-6.675159447081296937e-01
-6.703087716648883365e-01
-6.721147055867737752e-01
-6.729076373948119638e-01
-6.728342251672666530e-01
-6.721492536697035725e-01
-6.711479793661120352e-01
-6.701075071472869515e-01
-6.692448249528500925e-01
-6.686945761664045973e-01
-6.685057031876642242e-01
-6.686531961172480498e-01
-6.690595347145508187e-01
-6.696200130314411414e-01
-6.702267925921779890e-01
-6.707879134664618270e-01
-6.712392113057299436e-01
-6.715487691331557540e-01
-6.717148890111085402e-01
-6.717594385300935667e-01
-6.717187747471287107e-01
-6.716343396105536323e-01
-6.715445847948880997e-01
-6.714792725186680133e-01
-6.714565562021409528e-01
-6.714826848650278235e-01
-6.715537714800197122e-01
-6.716588489639224724e-01
-6.717834011551924167e-01
-6.719126647426902910e-01
-6.720342001426378165e-01
-6.721394691718458603e-01
-6.722243857250868038e-01
-6.722889865416423749e-01
-6.723364829987499292e-01
-6.723719981268804213e-01
-6.724012749456884652e-01
-6.724295802064856886e-01
-6.724609424257185220e-01
-6.724977744534412771e-01
-6.725408544337189154e-01
-6.725895848475639260e-01
-6.726424212995774088e-01
-6.726973594359119124e-01
-6.727523846453461465e-01
-6.728058177070469492e-01
-6.728565226524985121e-01
-6.729039741595100876e-01
-6.729482060439478941e-01
-6.729896773666881327e-01
-6.730290979855841904e-01
-6.730672524156845471e-01
-6.731048520515668931e-01
-6.731424340025837783e-01
-6.731803126807255344e-01
-6.732185799706801310e-01
-6.732571426150587568e-01
-6.732957818466647204e-01
-6.733342200586110993e-01
-6.733721816764659529e-01
-6.734094393734588735e-01
-6.734458413058791448e-01
-6.734813192471785781e-01
-6.735158807375928314e-01
-6.735495903221203617e-01
-6.735825455947450635e-01
-6.736148532994459259e-01
-6.736466094979828290e-01
-6.736778861904122451e-01
-6.737087251297482204e-01
-6.737391381884167973e-01
-6.737691126827354271e-01
-6.737986196012201168e-01
-6.738276226754021936e-01
-6.738560865729654736e-01
-6.738839830434156797e-01
-6.739112944645306857e-01
-6.739380148037805718e-01
-6.739641484397824733e-01
-6.739897075439258423e-01
-6.740147087998905606e-01
-6.740391701674779412e-01
-6.740631082238761618e-01
-6.740865363932526666e-01
-6.741094641532152654e-01
-6.741318971216430089e-01
-6.741538378019775735e-01
-6.741752867063988131e-01
-6.741962435785604502e-01
-6.742167084860912762e-01
-6.742366826288314074e-01
-6.742561687926492686e-01
-6.742751714546936226e-01
-6.742936966031094492e-01
-6.743117513674249386e-01
-6.743293435650387080e-01
-6.743464812585741042e-01
-6.743631723947866030e-01
-6.743794245653992325e-01
-6.743952449002651450e-01
-6.744106400785676581e-01
-6.744256164272853793e-01
-6.744401800687096493e-01
-6.744543370795370585e-01
-6.744680936309244146e-01
-6.744814560892997690e-01
-6.744944310690763611e-01
-6.745070254386067443e-01
-6.745192462882733109e-01
-6.745311008739133252e-01
-6.745425965498326182e-01
-6.745537407040944622e-01
-6.745645407054157161e-01
-6.745750038668814064e-01
-6.745851374276533585e-01
-6.745949485505711163e-01
-6.746044443313750083e-01
-6.746136318143651778e-01
-6.746225180094659324e-01
-6.746311099066331085e-01
-6.746394144849793273e-01
-6.746474387155151353e-01
-6.746551895577739266e-01
-6.746626739515753091e-01
-6.746698988057336921e-01
-6.746768709856347801e-01
-6.746835973013639576e-01
-6.746900844976141398e-01
-6.746963392460251230e-01
-6.747023681400869943e-01
-6.747081776922831953e-01
-6.747137743328913695e-01
-6.747191644097348950e-01
-6.747243541882135265e-01
-6.747293498510790188e-01
-6.747341574976147838e-01
-6.747387831420934567e-01
-6.747432327115517881e-01
-6.747475120430621587e-01
-6.747516268807434159e-01
-6.747555828727670457e-01
-6.747593855685741771e-01
-6.747630404164591811e-01
-6.747665527616024672e-01
-6.747699278445563609e-01
-6.747731708001362128e-01
-6.747762866566310302e-01
-6.747792803352434809e-01
-6.747821566496580159e-01
-6.747849203056727196e-01
-6.747875759008492569e-01
-6.747901279241570460e-01
-6.747925807556223177e-01
-6.747949386660045956e-01
-6.747972058165204734e-01
-6.747993862586550984e-01
-6.748014839340812365e-01
-6.748035026746977971e-01
-6.748054462028025835e-01
-6.748073181313904989e-01
-6.748091219645648842e-01
-6.748108610980541044e-01
-6.748125388198094043e-01
-6.748141583106757047e-01
-6.748157226451179103e-01
-6.748172347919986214e-01
-6.748186976153964789e-01
-6.748201138754675865e-01
-6.748214862293454575e-01
-6.748228172320813734e-01
-6.748241093376264876e-01
-6.748253648998544518e-01
-6.748265861736219007e-01
-6.748277753158695713e-01
-6.748289343867509560e-01
-6.748300653507958158e-01
-6.748311700780909028e-01
-6.748322503454848853e-01
-6.748333078378034866e-01
-6.748343441490775030e-01
-6.748353607837743739e-01
-6.748363591580307519e-01
-6.748373406008880693e-01
-6.748383063555223327e-01
-6.748392575804662563e-01
-6.748401953508281759e-01
-6.748411206594967515e-01
-6.748420344183327924e-01
-6.748429374593460928e-01
-6.748438305358553935e-01
-6.748447143236232515e-01
-6.748455894219738127e-01
-6.748464563548799422e-01
-6.748473155720243755e-01
-6.748481674498300054e-01
-6.748490122924587498e-01
-6.748498503327753362e-01
-6.748506817332767804e-01
-6.748515065869827856e-01
-6.748523249182873940e-01
-6.748531366837721146e-01
-6.748539417729754186e-01
-6.748547400091200466e-01
-6.748555311497966835e-01
-6.748563148876034479e-01
