-6.748569919041368381e-01
-6.748579364882362208e-01
-6.748588891968352321e-01
-6.748598493298217926e-01
-6.748608161450155851e-01
-6.748617888585684010e-01
-6.748627666452824414e-01
-6.748637486388396889e-01
-6.748647339319450156e-01
-6.748657215763838035e-01
-6.748667105829944113e-01
-6.748676999215563743e-01
-6.748686885205922303e-01
-6.748696752670864107e-01
-6.748706590061226418e-01
-6.748716385404368578e-01
-6.748726126298951744e-01
-6.748735799908862631e-01
-6.748745392956406741e-01
-6.748754891714702220e-01
-6.748764281999369841e-01
-6.748773549159483576e-01
-6.748782678067825058e-01
-6.748791653110431943e-01
-6.748800458175527872e-01
-6.748809076641786309e-01
-6.748817491365968202e-01
-6.748825684669982339e-01
-6.748833638327346174e-01
-6.748841333549079335e-01
-6.748848750969032029e-01
-6.748855870628752696e-01
-6.748862671961830539e-01
-6.748869133777809504e-01
-6.748875234245730326e-01
-6.748880950877336193e-01
-6.748886260510000845e-01
-6.748891139289433516e-01
-6.748895562652212909e-01
-6.748899505308135760e-01
-6.748902941222433283e-01
-6.748905843597784449e-01
-6.748908184856122761e-01
-6.748909936620222094e-01
-6.748911069695060494e-01
-6.748911554048966366e-01
-6.748911358794700277e-01
-6.748910452170552299e-01
-6.748908801521690259e-01
-6.748906373281976512e-01
-6.748903132956446393e-01
-6.748899045104640448e-01
-6.748894073324810394e-01
-6.748888180238975520e-01
-6.748881327478560843e-01
-6.748873475670332800e-01
-6.748864584422226143e-01
-6.748854612308708978e-01
-6.748843516855507207e-01
-6.748831254523659506e-01
-6.748817780693333601e-01
-6.748803049648030017e-01
-6.748787014560199138e-01
-6.748769627479307420e-01
-6.748750839323400808e-01
-6.748730599874857017e-01
-6.748708857780456594e-01
-6.748685560555188756e-01
-6.748660654588495289e-01
-6.748634085150886364e-01
-6.748605796398684520e-01
-6.748575731374560904e-01
-6.748543832002199538e-01
-6.748510039074668843e-01
-6.748474292237665040e-01
-6.748436529970748277e-01
-6.748396689571544149e-01
-6.748354707148916942e-01
-6.748310517631312955e-01
-6.748264054794752553e-01
-6.748215251311944218e-01
-6.748164038819569610e-01
-6.748110347995901481e-01
-6.748054108636953874e-01
-6.747995249717448907e-01
-6.747933699423869225e-01
-6.747869385151085142e-01
-6.747802233461056565e-01
-6.747732170010135588e-01
-6.747659119459724630e-01
-6.747583005391559752e-01
-6.747503750252922261e-01
-6.747421275358106429e-01
-6.747335500969686706e-01
-6.747246346475287426e-01
-6.747153730661489268e-01
-6.747057572065063846e-01
-6.746957789354699475e-01
-6.746854301668760989e-01
-6.746747028816396652e-01
-6.746635891252300565e-01
-6.746520809769931404e-01
-6.746401704926153764e-01
-6.746278496301015837e-01
-6.746151101785059501e-01
-6.746019437138089936e-01
-6.745883416045924674e-01
-6.745742950798991888e-01
-6.745597953542407099e-01
-6.745448337846716713e-01
-6.745294020190901740e-01
-6.745134920904012343e-01
-6.744970964221463916e-01
-6.744802077367170190e-01
-6.744628188904695509e-01
-6.744449226896146454e-01
-6.744265117545508170e-01
-6.744075784901728543e-01
-6.743881151854184131e-01
-6.743681142162331055e-01
-6.743475682790187609e-01
-6.743264705553912997e-01
-6.743048147177905793e-01
-6.742825947320919555e-01
-6.742598044871072061e-01
-6.742364373591389626e-01
-6.742124858749224403e-01
-6.741879416447636997e-01
-6.741627956885744011e-01
-6.741370391774366144e-01
-6.741106644858960717e-01
-6.740836663296018161e-01
-6.740560426846955444e-01
-6.740277951759550135e-01
-6.739989286906610255e-01
-6.739694501162747375e-01
-6.739393662878194746e-01
-6.739086814303894002e-01
-6.738773945549950684e-01
-6.738454973763012834e-01
-6.738129733403035448e-01
-6.737797982603569436e-01
-6.737459428555333529e-01
-6.737113771757948788e-01
-6.736760765124962802e-01
-6.736400279803377300e-01
-6.736032365893661611e-01
-6.735657293896880615e-01
-6.735275562566560570e-01
-6.734887861633445105e-01
-6.734494983937058254e-01
-6.734097690566355210e-01
-6.733696543661739087e-01
-6.733291732787219930e-01
-6.732882929879204781e-01
-6.732469212110069323e-01
-6.732049089219224181e-01
-6.731620660450365889e-01
-6.731181906085909050e-01
-6.730731091415186329e-01
-6.730267230533580891e-01
-6.729790529147824385e-01
-6.729302706199441486e-01
-6.728807090320665374e-01
-6.728308404283716015e-01
-6.727812191218063287e-01
-6.727323898744481667e-01
-6.726847714488781715e-01
-6.726385326692059241e-01
-6.725934850669669229e-01
-6.725490197574348628e-01
-6.725041149494584980e-01
-6.724574332846059432e-01
-6.724075148040697947e-01
-6.723530527759948860e-01
-6.722932182989170835e-01
-6.722279792385998931e-01
-6.721583442517189422e-01
-6.720864581700479734e-01
-6.720154848472986719e-01
-6.719492398310895620e-01
-6.718915771781279744e-01
-6.718455880972178385e-01
-6.718127259141994934e-01
-6.717920210646346479e-01
-6.717795787678624286e-01
-6.717685486466062894e-01
-6.717497110851182729e-01
-6.717127369697268868e-01
-6.716480515136510343e-01
-6.715490847218907877e-01
-6.714145455404186835e-01
-6.712502454221854764e-01
-6.710699535386438486e-01
-6.708948192927792764e-01
-6.707510652347414837e-01
-6.706659327508465163e-01
-6.706622273098130638e-01
-6.707522070766421818e-01
-6.709319138701363983e-01
-6.711772720044095752e-01
-6.714432942283524719e-01
-6.716674707387640941e-01
-6.717778515548424867e-01
-6.717054930586583428e-01
-6.713999194546631522e-01
-6.708452090940772994e-01
-6.700734702860562386e-01
-6.691720672501311196e-01
-6.682812232639654404e-01
-6.675797132832863578e-01
-6.672582619805735860e-01
-6.674827866433887813e-01
-6.683523675726196211e-01
-6.698592493112091040e-01
-6.718597024170607224e-01
-6.740647323831092663e-01
-6.760581182951174162e-01
-6.773460074506058026e-01
-6.774373589458120293e-01
-6.759481596213851029e-01
-6.727150571505141619e-01
-6.678969423523862803e-01
-6.620379331098255049e-01
-6.560647309906904034e-01
-6.511979542414981781e-01
-6.487718759763593246e-01
-6.499782341822314402e-01
-6.555723776526775071e-01
-6.655970502540289324e-01
-6.791848142734332461e-01
-6.944929173769172071e-01
-7.088080338628848232e-01
-7.188392920687106669e-01
-7.212001982349584006e-01
-7.130592889799629575e-01
-6.929033295652702318e-01
-6.612951769821188153e-01
-6.214303357698519603e-01
-5.792435715121277973e-01
-5.428514353539637405e-01
-5.212745490909953539e-01
-5.226267931940250522e-01
-5.521735894557351365e-01
-6.107249622786364851e-01
-6.936897445229739390e-01
-7.908348348571895281e-01
-8.865346588419151797e-01
-9.603023676437647538e-01
-9.878672842428107836e-01
-9.439042616826412990e-01
-8.080098492004809119e-01
-5.743285506419432140e-01
-2.615649991247368522e-01
8.383481620117964883e-02
3.972260437951440903e-01
6.152702671803678136e-01
6.938518985079873413e-01
6.173592172132597033e-01
4.009693615145088486e-01
8.843994905846733201e-02
-2.570424559407434306e-01
-5.706758917690194499e-01
-8.056443000653520370e-01
-9.428514778017256237e-01
-9.878863127840009639e-01
-9.610430023762712715e-01
-8.876502138949419196e-01
-7.920369650373138004e-01
-6.947651582131891823e-01
-6.115357134585327481e-01
-5.526522852477134817e-01
-5.227690796501037740e-01
-5.211276378748724847e-01
-5.424979581345760193e-01
-5.787822274122089716e-01
-6.209566666624254383e-01
-6.608862347623978284e-01
-6.926087958841522507e-01
-7.128995088174986394e-01
-7.211697393266838230e-01
-7.189137938385254945e-01
-7.089522432311349265e-01
-6.946684130712336147e-01
-6.793565044083168525e-01
-6.657379011368695920e-01
-6.556660662294072628e-01
-6.500196519384421334e-01
-6.487657079358396528e-01
-6.511558611949029851e-01
-6.560018707456091169e-01
-6.619695871566646517e-01
-6.678358608084186132e-01
-6.726698617581688966e-01
-6.759228499870482132e-01
-6.774317360138241151e-01
-6.773567026877996833e-01
-6.760798942847944248e-01
-6.740917694564417806e-01
-6.718866692370363269e-01
-6.698820440858914704e-01
-6.683684947262674703e-01
-6.674913951017620306e-01
-6.672599143676637423e-01
-6.675759802895380179e-01
-6.682742046610723463e-01
-6.691639320156420601e-01
-6.700660864931349270e-01
-6.708399049381760237e-01
-6.713973862437327966e-01
-6.717058148346927160e-01
-6.717806280851352785e-01
-6.716719923889498123e-01
-6.714487279844720824e-01
-6.711828254086910084e-01
-6.709369549620614048e-01
-6.707563307388478835e-01
-6.706652694191682640e-01
-6.706679417370677854e-01
-6.707522453857974742e-01
-6.708954614673033889e-01
-6.710703674293450050e-01
-6.712507040536791481e-01
-6.714152482772960395e-01
-6.715501406318105104e-01
-6.716494811971467360e-01
-6.717144883821999368e-01
-6.717516836011682146e-01
-6.717706195672622504e-01
-6.717816273812150518e-01
-6.717939468758367116e-01
-6.718144593811498089e-01
-6.718470938126199776e-01
-6.718928506895266439e-01
-6.719503000623197053e-01
-6.720163643593835001e-01
-6.720871933449091840e-01
-6.721589670213038437e-01
-6.722285113604643536e-01
-6.722936685353858577e-01
-6.723534167781503035e-01
-6.724077771048083685e-01
-6.724575705955379012e-01
-6.725040999261244767e-01
-6.725488245105002427e-01
-6.725930839026811325e-01
-6.726379037859564480e-01
-6.726838975496770567e-01
-6.727312578419395450e-01
-6.727798190227428643e-01
-6.728291641638433074e-01
-6.728787489361044427e-01
-6.729280182489988382e-01
-6.729764981843988636e-01
-6.730238537861782389e-01
-6.730699110089717330e-01
-6.731146473883229397e-01
-6.731581600822676981e-01
-6.732006216750414662e-01
-6.732422337752387298e-01
-6.732831865187388631e-01
-6.733236292710778059e-01
-6.733636547793957483e-01
-6.734032963026616025e-01
-6.734425352248971652e-01
-6.734813155045302757e-01
-6.735195610252059373e-01
-6.735571923395378136e-01
-6.735941402029376190e-01
-6.736303544191183379e-01
-6.736658076251218485e-01
-6.737004945534782463e-01
-6.737344279193928642e-01
-6.737676323636108133e-01
-6.738001378697930921e-01
-6.738319738414404458e-01
-6.738631646569378519e-01
-6.738937271090240655e-01
-6.739236697483709237e-01
-6.739529938403450160e-01
-6.739816954382429337e-01
-6.740097679852775636e-01
-6.740372048759009083e-01
-6.740640015165015875e-01
-6.740901565978151266e-01
-6.741156724908656805e-01
-6.741405548664569647e-01
-6.741648117800549400e-01
-6.741884525347360269e-01
-6.742114866263529960e-01
-6.742339229974485537e-01
-6.742557697061709598e-01
-6.742770339888635167e-01
-6.742977225945030462e-01
-6.743178422194212596e-01
-6.743373998786335033e-01
-6.743564031048573382e-01
-6.743748599444543412e-01
-6.743927787934368423e-01
-6.744101681636468504e-01
-6.744270364783383487e-01
-6.744433919704950764e-01
-6.744592427102452659e-01
-6.744745967386087671e-01
-6.744894622503332382e-01
-6.745038477581790648e-01
-6.745177621845597216e-01
-6.745312148558798571e-01
-6.745442154081057184e-01
-6.745567736377275914e-01
-6.745688993434061365e-01
-6.745806021992336587e-01
-6.745918916848816504e-01
-6.746027770779026156e-01
-6.746132674959733899e-01
-6.746233719665384321e-01
-6.746330994994614860e-01
-6.746424591433899387e-01
-6.746514600153503682e-01
-6.746601113021799545e-01
-6.746684222392343999e-01
-6.746764020753028834e-01
-6.746840600330004101e-01
-6.746914052720981436e-01
-6.746984468605269347e-01
-6.747051937550695433e-01
-6.747116547916239826e-01
-6.747178386834825625e-01
-6.747237540252993826e-01
-6.747294093001093840e-01
-6.747348128868652095e-01
-6.747399730663512507e-01
-6.747448980239949545e-01
-6.747495958488951562e-01
-6.747540745292203157e-01
-6.747583419448215380e-01
-6.747624058583273632e-01
-6.747662739061088821e-01
-6.747699535902974555e-01
-6.747734522726503981e-01
-6.747767771705627249e-01
-6.747799353550986146e-01
-6.747829337505809599e-01
-6.747857791351311585e-01
-6.747884781415497413e-01
-6.747910372580457894e-01
-6.747934628284978364e-01
-6.747957610521273519e-01
-6.747979379826305468e-01
-6.747999995269327034e-01
-6.748019514437983979e-01
-6.748037993425275438e-01
-6.748055486819397597e-01
-6.748072047697838416e-01
-6.748087727626257415e-01
-6.748102576662080576e-01
-6.748116643362074285e-01
-6.748129974792934638e-01
-6.748142616543754135e-01
-6.748154612739403202e-01
-6.748166006054174826e-01
-6.748176837725275989e-01
-6.748187147566137023e-01
-6.748196973979786462e-01
-6.748206353972555638e-01
-6.748215323168554880e-01
-6.748223915825213304e-01
-6.748232164850128667e-01
-6.748240101819233949e-01
-6.748247756996286206e-01
-6.748255159353427901e-01
-6.748262336592684152e-01
-6.748269315168126115e-01
-6.748276120308475123e-01
-6.748282776040006592e-01
-6.748289305209685951e-01
-6.748295729508414498e-01
-6.748302069494427347e-01
-6.748308344616863463e-01
-6.748314573239477809e-01
-6.748320772664542222e-01
-6.748326959156878413e-01
-6.748333147968066381e-01
-6.748339353360678361e-01
-6.748345588632573833e-01
-6.748351866141111266e-01
-6.748358197327255503e-01
-6.748364592739515277e-01
-6.748371062057624270e-01
-6.748377614115956824e-01
-6.748384256926606151e-01
-6.748390997702109484e-01
-6.748397842877792430e-01
-6.748404798133695870e-01
-6.748411868416065440e-01
-6.748419057958360279e-01
-6.748426370301773281e-01
-6.748433808315209559e-01
-6.748441374214696475e-01
-6.748449069582223014e-01
-6.748456895383954102e-01
-6.748464851987772128e-01
-6.748472939180190089e-01
-6.748481156182514207e-01
-6.748489501666341539e-01
-6.748497973768299296e-01
-6.748506570104019220e-01
-6.748515287781357008e-01
-6.748524123412810161e-01
-6.748533073127160886e-01
-6.748542132580280795e-01
-6.748551296965122903e-01
-6.748560561020895410e-01
