-6.748571718135106812e-01
-6.748581016571493230e-01
-6.748590386150169484e-01
-6.748599819980550807e-01
-6.748609310732225364e-01
-6.748618850638962163e-01
-6.748628431501875191e-01
-6.748638044691787075e-01
-6.748647681150705679e-01
-6.748657331392512448e-01
-6.748666985502789206e-01
-6.748676633137867809e-01
-6.748686263523040463e-01
-6.748695865449937381e-01
-6.748705427273143931e-01
-6.748714936906003992e-01
-6.748724381815671691e-01
-6.748733749017375994e-01
-6.748743025067949208e-01
-6.748752196058623865e-01
-6.748761247607091285e-01
-6.748770164848908459e-01
-6.748778932428204369e-01
-6.748787534487674655e-01
-6.748795954658027840e-01
-6.748804176046732106e-01
-6.748812181226218065e-01
-6.748819952221463137e-01
-6.748827470497048564e-01
-6.748834716943654666e-01
-6.748841671864120872e-01
-6.748848314958969530e-01
-6.748854625311527800e-01
-6.748860581372634337e-01
-6.748866160944989590e-01
-6.748871341167176352e-01
-6.748876098497391673e-01
-6.748880408696921185e-01
-6.748884246813388055e-01
-6.748887587163842072e-01
-6.748890403317645559e-01
-6.748892668079229384e-01
-6.748894353470754615e-01
-6.748895430714643151e-01
-6.748895870216087278e-01
-6.748895641545537005e-01
-6.748894713421236258e-01
-6.748893053691858990e-01
-6.748890629319387324e-01
-6.748887406362248376e-01
-6.748883349958870737e-01
-6.748878424311650637e-01
-6.748872592671475434e-01
-6.748865817322771132e-01
-6.748858059569051715e-01
-6.748849279718994731e-01
-6.748839437072916558e-01
-6.748828489909630690e-01
-6.748816395473623553e-01
-6.748803109962603353e-01
-6.748788588515465259e-01
-6.748772785200863877e-01
-6.748755653006651700e-01
-6.748737143830486618e-01
-6.748717208471944895e-01
-6.748695796626466015e-01
-6.748672856881318127e-01
-6.748648336713723994e-01
-6.748622182490984223e-01
-6.748594339472270276e-01
-6.748564751811614304e-01
-6.748533362561409676e-01
-6.748500113675804934e-01
-6.748464946013414956e-01
-6.748427799339141719e-01
-6.748388612325231239e-01
-6.748347322552324945e-01
-6.748303866511708993e-01
-6.748258179610485685e-01
-6.748210196181542164e-01
-6.748159849500238172e-01
-6.748107071809117397e-01
-6.748051794351103139e-01
-6.747993947410400040e-01
-6.747933460358943591e-01
-6.747870261704775885e-01
-6.747804279137830097e-01
-6.747735439568234295e-01
-6.747663669152839105e-01
-6.747588893307214786e-01
-6.747511036703092158e-01
-6.747430023254505915e-01
-6.747345776099630266e-01
-6.747258217588792961e-01
-6.747167269291198810e-01
-6.747072852033626500e-01
-6.746974885982169878e-01
-6.746873290773243159e-01
-6.746767985692391223e-01
-6.746658889889605160e-01
-6.746545922609125112e-01
-6.746429003402052427e-01
-6.746308052283920276e-01
-6.746182989799046625e-01
-6.746053736961584724e-01
-6.745920215060271508e-01
-6.745782345339952357e-01
-6.745640048604854000e-01
-6.745493244821624268e-01
-6.745341852826394202e-01
-6.745185790251815305e-01
-6.745024973778923627e-01
-6.744859319779841211e-01
-6.744688745350468917e-01
-6.744513169644024142e-01
-6.744332515320375920e-01
-6.744146709842604448e-01
-6.743955686304898833e-01
-6.743759383486546133e-01
-6.743557744910293472e-01
-6.743350716842071435e-01
-6.743138245387116925e-01
-6.742920273082735338e-01
-6.742696735611237724e-01
-6.742467559403129140e-01
-6.742232660917477638e-01
-6.741991948237499033e-01
-6.741745325295492863e-01
-6.741492698569022668e-01
-6.741233985532806283e-01
-6.740969123602211788e-01
-6.740698077877484984e-01
-6.740420845804188099e-01
-6.740137456996008192e-01
-6.739847966970130555e-01
-6.739552444416286869e-01
-6.739250952785659221e-01
-6.738943528306829966e-01
-6.738630157815518329e-01
-6.738310760782080244e-01
-6.737985180376724337e-01
-6.737653188081738076e-01
-6.737314505058169534e-01
-6.736968841128878616e-01
-6.736615948950995802e-01
-6.736255687043983809e-01
-6.735888081395242644e-01
-6.735513372204451343e-01
-6.735132030929561475e-01
-6.734744734136135502e-01
-6.734352285459324072e-01
-6.733955485467740809e-01
-6.733554960774295051e-01
-6.733150976797367404e-01
-6.732743270595814566e-01
-6.732330947946003619e-01
-6.731912488927317417e-01
-6.731485896040184658e-01
-6.731048997211047658e-01
-6.730599884303940517e-01
-6.730137430260422216e-01
-6.729661791864159914e-01
-6.729174779466896572e-01
-6.728679969214138579e-01
-6.728182454822185798e-01
-6.727688187858846813e-01
-6.727202934434135528e-01
-6.726730971456476027e-01
-6.726273739524563089e-01
-6.725828739991835947e-01
-6.725388988260738721e-01
-6.724943296268472981e-01
-6.724477546894255253e-01
-6.723976948439689405e-01
-6.723429041269057826e-01
-6.722827008522134218e-01
-6.722172665258622226e-01
-6.721478413261826601e-01
-6.720767490793244647e-01
-6.720072037598342485e-01
-6.719428828441396107e-01
-6.718872966289965998e-01
-6.718430303957581007e-01
-6.718109795694736652e-01
-6.717897276176760801e-01
-6.717752240758643190e-01
-6.717608999643464029e-01
-6.717383079433949522e-01
-6.716982974185720101e-01
-6.716326378919620366e-01
-6.715358991304033465e-01
-6.714072998662981018e-01
-6.712521658480831155e-01
-6.710826118200426960e-01
-6.709170973549596351e-01
-6.707786154298026604e-01
-6.706914586904516584e-01
-6.706767625167884272e-01
-6.707473216360705370e-01
-6.709024764188805667e-01
-6.711241088559622980e-01
-6.713749090996711244e-01
-6.716000032513100848e-01
-6.717327164201608580e-01
-6.717046557183289357e-01
-6.714594564054470194e-01
-6.709685247743685244e-01
-6.702460911904016827e-01
-6.693600844654189475e-01
-6.684350290960918706e-01
-6.676436173579406441e-01
-6.671849995039023096e-01
-6.672501712349504510e-01
-6.679778761858675695e-01
-6.694076823971427670e-01
-6.714396444069488101e-01
-6.738114793747314035e-01
-6.761038204052874923e-01
-6.777814387158604958e-01
-6.782732017192456553e-01
-6.770861160747609908e-01
-6.739396572124354279e-01
-6.688969173459977657e-01
-6.624610612396796272e-01
-6.556022875668793271e-01
-6.496853846079481132e-01
-6.462832240840882259e-01
-6.468861674437332843e-01
-6.525461755715673551e-01
-6.635191578489104680e-01
-6.789818729209941006e-01
-6.968970721232388144e-01
-7.140856175248124771e-01
-7.265441597706697729e-01
-7.300258996407540391e-01
-7.208734246800466705e-01
-6.970379845656496931e-01
-6.591221444197657986e-01
-6.111567175248586725e-01
-5.607366064095046232e-01
-5.181965921048211632e-01
-4.947657418479383118e-01
-5.000267913953800880e-01
-5.393301359377599136e-01
-6.118750322245883888e-01
-7.099082055150216508e-01
-8.190154045616137024e-01
-9.190737832045113853e-01
-9.854721449942961398e-01
-9.909353483903537985e-01
-9.093815241009333139e-01
-7.234759291147870863e-01
-4.352820648738740528e-01
-7.468041094296352933e-02
3.025871676613143268e-01
6.300504410107798936e-01
8.505252412659870531e-01
9.284710732498769881e-01
8.522308994594277598e-01
6.332028548500343579e-01
3.066599750181255857e-01
-7.040898429092669331e-02
-4.315345674077319393e-01
-7.207556007362976302e-01
-9.078686736097113519e-01
-9.905338714381428655e-01
-9.859283490870121014e-01
-9.200818346999987130e-01
-8.202781818610845876e-01
-7.111654804094730276e-01
-6.129199811916706819e-01
-5.400243181548906035e-01
-5.003114029595585599e-01
-4.946622434737307783e-01
-5.177926371547437734e-01
-5.601593436358203171e-01
-6.105407764931870540e-01
-6.585813368199389117e-01
-6.966474761890891765e-01
-7.206644843717208149e-01
-7.299909990153099493e-01
-7.266480648924400487e-01
-7.142782762448244283e-01
-6.971254407511130458e-01
-6.791991970389126276e-01
-6.636911165320162898e-01
-6.526537806101893047e-01
-6.469256349219304481e-01
-6.462633606118591834e-01
-6.496233389794036084e-01
-6.555187019180513941e-01
-6.623756243114738984e-01
-6.688250735527476731e-01
-6.738908434918805535e-01
-6.770635075000400738e-01
-6.782746505100015755e-01
-6.778011386877781375e-01
-6.761342135694682343e-01
-6.738450035520300307e-01
-6.714700528797485912e-01
-6.694308095528510583e-01
-6.679918503242527894e-01
-6.672551715978362052e-01
-6.671827115816644227e-01
-6.676365577104604876e-01
-6.684258934873925639e-01
-6.693512313319529561e-01
-6.702392194663860936e-01
-6.709645537816038008e-01
-6.714585757156067425e-01
-6.717064897375505383e-01
-6.717365422351629922e-01
-6.716049676471327334e-01
-6.713802063242952922e-01
-6.711290991661379435e-01
-6.709067422243260026e-01
-6.707506703603709486e-01
-6.706791920569020737e-01
-6.706931029714177095e-01
-6.707796853385520341e-01
-6.709178279952157098e-01
-6.710832221580990131e-01
-6.712528325979381094e-01
-6.714081445225280609e-01
-6.715369855108545005e-01
-6.716339771424233440e-01
-6.716998577249575497e-01
-6.717400267637521072e-01
-6.717626971269868852e-01
-6.717770144542586364e-01
-6.717914322996881848e-01
-6.718125345873233734e-01
-6.718443922869746787e-01
-6.718884444264479061e-01
-6.719438165413934572e-01
-6.720079397954230593e-01
-6.720773138208497866e-01
-6.721482638057607595e-01
-6.722175717138872963e-01
-6.722829045478242449e-01
-6.723430101425338368e-01
-6.723976946636031071e-01
-6.724476292980371417e-01
-6.724940528415224161e-01
-6.725384412718482530e-01
-6.725822068814381050e-01
-6.726264719546308779e-01
-6.726719400646070657e-01
-6.727188664893130055e-01
-6.727671117480983343e-01
-6.728162511472146612e-01
-6.728657092000692730e-01
-6.729148901334325306e-01
-6.729632826587730321e-01
-6.730105265401795656e-01
-6.730564380162507021e-01
-6.731009990613188165e-01
-6.731443207119702787e-01
-6.731865928896992868e-01
-6.732280326150723582e-01
-6.732688399705574200e-01
-6.733091675656753816e-01
-6.733491055013043347e-01
-6.733886806389481894e-01
-6.734278667922497519e-01
-6.734666014139394363e-01
-6.735048043469656909e-01
-6.735423949758512219e-01
-6.735793053157850263e-01
-6.736154878870311835e-01
-6.736509183844380244e-01
-6.736855940066259762e-01
-6.737195287956282419e-01
-6.737527474749629430e-01
-6.737852791355347648e-01
-6.738171518023574613e-01
-6.738483885194467282e-01
-6.738790051981089491e-01
-6.739090101437269498e-01
-6.739384049407542987e-01
-6.739671862449555517e-01
-6.739953479986726670e-01
-6.740228836303301385e-01
-6.740497878989997194e-01
-6.740760581726208400e-01
-6.741016950604188374e-01
-6.741267024364893112e-01
-6.741510869786443427e-01
-6.741748573972360381e-01
-6.741980235420548251e-01
-6.742205955564170017e-01
-6.742425832052136858e-01
-6.742639954490921017e-01
-6.742848402812825492e-01
-6.743051247962884576e-01
-6.743248554270987460e-01
-6.743440382724401605e-01
-6.743626794370294331e-01
-6.743807853222298920e-01
-6.743983628267555819e-01
-6.744154194415489245e-01
-6.744319632448430024e-01
-6.744480028193813315e-01
-6.744635471222499845e-01
-6.744786053389586478e-01
-6.744931867487320432e-01
-6.745073006196761201e-01
-6.745209561428674450e-01
-6.745341624055757324e-01
-6.745469283970760843e-01
-6.745592630365935261e-01
-6.745711752117657944e-01
-6.745826738171680770e-01
-6.745937677850502023e-01
-6.746044661037436940e-01
-6.746147778224026448e-01
-6.746247120433492839e-01
-6.746342779050381600e-01
-6.746434845594518892e-01
-6.746523411477218790e-01
-6.746608567771593679e-01
-6.746690405019099002e-01
-6.746769013083785405e-01
-6.746844481055812581e-01
-6.746916897198144136e-01
-6.746986348925266830e-01
-6.747052922801013430e-01
-6.747116704542610588e-01
-6.747177779020696597e-01
-6.747236230248221389e-01
-6.747292141354944706e-01
-6.747345594547558001e-01
-6.747396671058126794e-01
-6.747445451085205548e-01
-6.747492013732508953e-01
-6.747536436949731486e-01
-6.747578797479066859e-01
-6.747619170809727729e-01
-6.747657631141250612e-01
-6.747694251355184081e-01
-6.747729102993818007e-01
-6.747762256244150825e-01
-6.747793779925147506e-01
-6.747823741476581816e-01
-6.747852206948296017e-01
-6.747879240989117511e-01
-6.747904906835259231e-01
-6.747929266298495765e-01
-6.747952379754643681e-01
-6.747974306132982214e-01
-6.747995102907330400e-01
-6.748014826089230311e-01
-6.748033530223630505e-01
-6.748051268387159629e-01
-6.748068092188916900e-01
-6.748084051773591829e-01
-6.748099195826543495e-01
-6.748113571580562908e-01
-6.748127224823977643e-01
-6.748140199909838932e-01
-6.748152539766021363e-01
-6.748164285906154136e-01
-6.748175478441371666e-01
-6.748186156092895738e-01
-6.748196356205490298e-01
-6.748206114761925445e-01
-6.748215466398356233e-01
-6.748224444420707346e-01
-6.748233080822043650e-01
-6.748241406300804490e-01
-6.748249450279883987e-01
-6.748257240926395228e-01
-6.748264805172075054e-01
-6.748272168734201770e-01
-6.748279356136959173e-01
-6.748286390733196916e-01
-6.748293294726456226e-01
-6.748300089193327578e-01
-6.748306794105997097e-01
-6.748313428355027233e-01
-6.748320009772307282e-01
-6.748326555154130491e-01
-6.748333080284324437e-01
-6.748339599957497992e-01
-6.748346128002228328e-01
-6.748352677304226832e-01
-6.748359259829405099e-01
-6.748365886646795486e-01
-6.748372567951276269e-01
-6.748379313086073639e-01
-6.748386130564960617e-01
-6.748393028094175072e-01
-6.748400012593974706e-01
-6.748407090219804561e-01
-6.748414266383039317e-01
-6.748421545771295937e-01
-6.748428932368255584e-01
-6.748436429472967069e-01
-6.748444039718660692e-01
-6.748451765090954790e-01
-6.748459606945476086e-01
-6.748467566024880515e-01
-6.748475642475232350e-01
-6.748483835861714963e-01
-6.748492145183658808e-01
-6.748500568888859963e-01
-6.748509104887184806e-01
-6.748517750563431949e-01
-6.748526502789427006e-01
-6.748535357935383505e-01
-6.748544311880448898e-01
-6.748553360022460090e-01
-6.748562497286909601e-01
