-6.748576568697765010e-01
-6.748584768444635396e-01
-6.748592942391770100e-01
-6.748601084501005820e-01
-6.748609188162789652e-01
-6.748617246199897224e-01
-6.748625250870579073e-01
-6.748633193871091951e-01
-6.748641066337641714e-01
-6.748648858847687837e-01
-6.748656561420676159e-01
-6.748664163518202086e-01
-6.748671654043530976e-01
-6.748679021340582285e-01
-6.748686253192299755e-01
-6.748693336818488708e-01
-6.748700258873066016e-01
-6.748707005440781614e-01
-6.748713562033384905e-01
-6.748719913585299324e-01
-6.748726044448754013e-01
-6.748731938388476959e-01
-6.748737578575895180e-01
-6.748742947582909713e-01
-6.748748027375225389e-01
-6.748752799305282046e-01
-6.748757244104792719e-01
-6.748761341876903241e-01
-6.748765072088009909e-01
-6.748768413559212975e-01
-6.748771344457479282e-01
-6.748773842286492908e-01
-6.748775883877251580e-01
-6.748777445378438822e-01
-6.748778502246611799e-01
-6.748779029236264826e-01
-6.748779000389771854e-01
-6.748778389027306757e-01
-6.748777167736744742e-01
-6.748775308363573755e-01
-6.748772782000835857e-01
-6.748769558979108574e-01
-6.748765608856558407e-01
-6.748760900408987684e-01
-6.748755401619969119e-01
-6.748749079671045870e-01
-6.748741900932051507e-01
-6.748733830951597623e-01
-6.748724834447860088e-01
-6.748714875299746119e-01
-6.748703916538607572e-01
-6.748691920340572636e-01
-6.748678848019648013e-01
-6.748664660021601591e-01
-6.748649315918676672e-01
-6.748632774405014523e-01
-6.748614993292708641e-01
-6.748595929508297564e-01
-6.748575539089536335e-01
-6.748553777182321189e-01
-6.748530598037698613e-01
-6.748505955009034274e-01
-6.748479800549579410e-01
-6.748452086210822154e-01
-6.748422762642166672e-01
-6.748391779592487483e-01
-6.748359085914169553e-01
-6.748324629570029431e-01
-6.748288357643272839e-01
-6.748250216350268893e-01
-6.748210151055485939e-01
-6.748168106287569801e-01
-6.748124025755186661e-01
-6.748077852361306084e-01
-6.748029528214652961e-01
-6.747978994637710004e-01
-6.747926192171427306e-01
-6.747871060577825819e-01
-6.747813538842842851e-01
-6.747753565182721402e-01
-6.747691077057745845e-01
-6.747626011197012108e-01
-6.747558303637026800e-01
-6.747487889775125591e-01
-6.747414704436150990e-01
-6.747338681947855354e-01
-6.747259756217676152e-01
-6.747177860801353289e-01
-6.747092928953100088e-01
-6.747004893648319568e-01
-6.746913687573382612e-01
-6.746819243082801121e-01
-6.746721492131637632e-01
-6.746620366198996521e-01
-6.746515796225633910e-01
-6.746407712592819017e-01
-6.746296045169535294e-01
-6.746180723448630401e-01
-6.746061676780236160e-01
-6.745938834692466468e-01
-6.745812127267984959e-01
-6.745681485523840060e-01
-6.745546841725628129e-01
-6.745408129560643840e-01
-6.745265284102684999e-01
-6.745118241526141256e-01
-6.744966938568613957e-01
-6.744811311795895215e-01
-6.744651296782520067e-01
-6.744486827374185367e-01
-6.744317835231318226e-01
-6.744144249853281092e-01
-6.743965999239337483e-01
-6.743783011252424409e-01
-6.743595215619684335e-01
-6.743402546345969029e-01
-6.743204944158873726e-01
-6.743002358481271497e-01
-6.742794748376524927e-01
-6.742582081965533547e-01
-6.742364333994189662e-01
-6.742141481533301395e-01
-6.741913498193105037e-01
-6.741680347673322249e-01
-6.741441977864101043e-01
-6.741198316963628034e-01
-6.740949273086704885e-01
-6.740694738529192653e-01
-6.740434599196722942e-01
-6.740168748738771809e-01
-6.739897105767160834e-01
-6.739619631373910957e-01
-6.739336343250473815e-01
-6.739047322322405664e-01
-6.738752708196587005e-01
-6.738452681022008006e-01
-6.738147429588394743e-01
-6.737837108424842292e-01
-6.737521789892856328e-01
-6.737201420180249922e-01
-6.736875789963810979e-01
-6.736544530594242852e-01
-6.736207144407139191e-01
-6.735863072957377629e-01
-6.735511799878665107e-01
-6.735152976532746694e-01
-6.734786550053327714e-01
-6.734412866664551967e-01
-6.734032720285419993e-01
-6.733647319217626048e-01
-6.733258153269302548e-01
-6.732866759968584303e-01
-6.732474410071789261e-01
-6.732081756272770834e-01
-6.731688510365061440e-01
-6.731293227730758000e-01
-6.730893278615099895e-01
-6.730485069104344964e-01
-6.730064539455973271e-01
-6.729627915427520701e-01
-6.729172625758025328e-01
-6.728698236402608224e-01
-6.728207203117377855e-01
-6.727705223333872997e-01
-6.727200989061364877e-01
-6.726705212865979888e-01
-6.726228918496581777e-01
-6.725781145327222044e-01
-6.725366388646170090e-01
-6.724982252876454680e-01
-6.724617892869073632e-01
-6.724253820842422957e-01
-6.723863533881410115e-01
-6.723417158018186734e-01
-6.722886924937025999e-01
-6.722253842359698917e-01
-6.721514465563240837e-01
-6.720686324560017910e-01
-6.719810416797566965e-01
-6.718949333653874145e-01
-6.718180107905538101e-01
-6.717581744546474720e-01
-6.717218545175912547e-01
-6.717121587894617774e-01
-6.717271838042510046e-01
-6.717589055919132024e-01
-6.717930659187446585e-01
-6.718103782916878819e-01
-6.717891886244776734e-01
-6.717094497229953998e-01
-6.715575402594277099e-01
-6.713311328517703735e-01
-6.710430639805416986e-01
-6.707230588019853501e-01
-6.704162855676821797e-01
-6.701780988219075974e-01
-6.700649728994968468e-01
-6.701224623556539806e-01
-6.703719253767379538e-01
-6.707985300837729925e-01
-6.713435281607419425e-01
-6.719037365055381406e-01
-6.723404836918093208e-01
-6.724989161725665188e-01
-6.722366031041207002e-01
-6.714580508464442765e-01
-6.701494064973858578e-01
-6.684057967107621678e-01
-6.664430027177228322e-01
-6.645860815139115196e-01
-6.632304718911160579e-01
-6.627760242080008579e-01
-6.635406466297329997e-01
-6.656666915322345668e-01
-6.690383193582815080e-01
-6.732304731866021186e-01
-6.775088671678367591e-01
-6.808952773405368974e-01
-6.823036352066834676e-01
-6.807402922462671979e-01
-6.755467045736732734e-01
-6.666456771794334601e-01
-6.547361260611188616e-01
-6.413719502669560368e-01
-6.288660955260362284e-01
-6.199876644088910815e-01
-6.174672091148247777e-01
-6.233815788580879813e-01
-6.385351849612351804e-01
-6.619708385652227633e-01
-6.907245531941839101e-01
-7.198974867002924105e-01
-7.430801562537980853e-01
-7.531498683760101676e-01
-7.434630336134621098e-01
-7.094270530033204292e-01
-6.502886178440999698e-01
-5.706988762104077129e-01
-4.813402364171326941e-01
-3.978950946089759300e-01
-3.381138528350561834e-01
-3.175697700783293165e-01
-3.453938909693434200e-01
-4.214157656224253867e-01
-5.356170882517530263e-01
-6.698706648915614403e-01
-8.009740363400481566e-01
-9.035566914108237313e-01
-9.520754050149667913e-01
-9.226794102959713362e-01
-7.970247941717143458e-01
-5.693945578461181434e-01
-2.549341325115172530e-01
1.073246346753886221e-01
4.622987538585789924e-01
7.551520110047224010e-01
9.455283314364509861e-01
1.011761093152882207e+00
9.474468093811194702e-01
7.587924449517656766e-01
4.672038022311781891e-01
1.127645159872029124e-01
-2.498165098838732445e-01
-5.653270807915569129e-01
-7.944082004702076594e-01
-9.215586024659609965e-01
-9.522422416776100684e-01
-9.046771522257607279e-01
-8.026722310487289791e-01
-6.717687071043249025e-01
-5.373614954185415016e-01
-4.227128685538213415e-01
-3.460526735583653313e-01
-3.175342449666581079e-01
-3.374673475562330327e-01
-3.968305257273740394e-01
-4.801045616817642414e-01
-5.695300125409952230e-01
-6.493650699999161668e-01
-7.088431957264926808e-01
-7.432308289268706458e-01
-7.532183107358898511e-01
-7.433612409568021162e-01
-7.202905372076239265e-01
-6.911351985273641585e-01
-6.623239312101747434e-01
-6.387820394177917693e-01
-6.235020128646067139e-01
-6.174669395064251720e-01
-6.198920089220645302e-01
-6.287114866027916360e-01
-6.411971121343903457e-01
-6.545746542926419442e-01
-6.665211970255195961e-01
-6.754709927482228649e-01
-6.807140173187926635e-01
-6.823189112616018237e-01
-6.809390865199911325e-01
-6.775665154697733117e-01
-6.732884798369550561e-01
-6.690864025169669382e-01
-6.656987459467484936e-01
-6.635547914411503712e-01
-6.627739266965348985e-01
-6.632162241541299519e-01
-6.645649220243892152e-01
-6.664201387377532981e-01
-6.683855099150246559e-01
-6.701345326452303741e-01
-6.714498360621921069e-01
-6.722348710519792103e-01
-6.725024409193126607e-01
-6.723474527388330069e-01
-6.719122015718778096e-01
-6.713517690763158852e-01
-6.708052907194654857e-01
-6.703765126031232535e-01
-6.701247246091180942e-01
-6.700651914340371995e-01
-6.701768316137570736e-01
-6.704142022497983078e-01
-6.707207971989541662e-01
-6.710411275985539437e-01
-6.713298368208505673e-01
-6.715570029708253230e-01
-6.717096201777243980e-01
-6.717898958375871921e-01
-6.718113887333007073e-01
-6.717941371377720294e-01
-6.717598278334199202e-01
-6.717278055722366581e-01
-6.717123960837004804e-01
-6.717216863287182038e-01
-6.717576287821075409e-01
-6.718171459672679369e-01
-6.718938190409381450e-01
-6.719797427502666176e-01
-6.720671978798684609e-01
-6.721499036665661286e-01
-6.722237380748001812e-01
-6.722869289751486344e-01
-6.723398071802340059e-01
-6.723842645259791029e-01
-6.724230762769475289e-01
-6.724592328045143619e-01
-6.724953902268869799e-01
-6.725335042903903826e-01
-6.725746661727536324e-01
-6.726191207711139652e-01
-6.726664220338521849e-01
-6.727156675380437933e-01
-6.727657546980054803e-01
-6.728156107691912746e-01
-6.728643643182037337e-01
-6.729114431365847970e-01
-6.729565993677607549e-01
-6.729998746030844137e-01
-6.730415247649832455e-01
-6.730819266988026239e-01
-6.731214863439876073e-01
-6.731605634611663724e-01
-6.731994216355164928e-01
-6.732382060217756425e-01
-6.732769460874148404e-01
-6.733155770742870194e-01
-6.733539722362787971e-01
-6.733919779620526347e-01
-6.734294452494423711e-01
-6.734662531300682486e-01
-6.735023220124906063e-01
-6.735376170684443942e-01
-6.735721434191490609e-01
-6.736059358369899108e-01
-6.736390459594223667e-01
-6.736715297276769654e-01
-6.737034370923201676e-01
-6.737348051730160936e-01
-6.737656552065536264e-01
-6.737959929074105458e-01
-6.738258113836866903e-01
-6.738550955251620955e-01
-6.738838267875878474e-01
-6.739119874823243928e-01
-6.739395639708027907e-01
-6.739665484859385103e-01
-6.739929395962572789e-01
-6.740187415509398816e-01
-6.740439628747808554e-01
-6.740686146208415552e-01
-6.740927086503620824e-01
-6.741162562186469032e-01
-6.741392670295990319e-01
-6.741617488055459129e-01
-6.741837073223034826e-01
-6.742051467936656106e-01
-6.742260704583671327e-01
-6.742464812231880877e-01
-6.742663822406790297e-01
-6.742857773392402221e-01
-6.743046712670546228e-01
-6.743230697513288296e-01
-6.743409794046810735e-01
-6.743584075284945190e-01
-6.743753618685781603e-01
-6.743918503734869230e-01
-6.744078809936752128e-01
-6.744234615439704816e-01
-6.744385996361057511e-01
-6.744533026748421589e-01
-6.744675779021909179e-01
-6.744814324698716890e-01
-6.744948735201174994e-01
-6.745079082582002838e-01
-6.745205440053307910e-01
-6.745327882265004238e-01
-6.745446485332823316e-01
-6.745561326657809609e-01
-6.745672484604277042e-01
-6.745780038111279797e-01
-6.745884066306448990e-01
-6.745984648174963016e-01
-6.746081862315173039e-01
-6.746175786791109852e-01
-6.746266499073846346e-01
-6.746354076051188642e-01
-6.746438594078933981e-01
-6.746520129046468250e-01
-6.746598756433821453e-01
-6.746674551344229442e-01
-6.746747588504339310e-01
-6.746817942231632115e-01
-6.746885686374497482e-01
-6.746950894233891827e-01
-6.747013638476888620e-01
-6.747073991051576458e-01
-6.747132023110785637e-01
-6.747187804949072998e-01
-6.747241405954700344e-01
-6.747292894575596112e-01
-6.747342338296580255e-01
-6.747389803624176396e-01
-6.747435356075252022e-01
-6.747479060166174936e-01
-6.747520979400206675e-01
-6.747561176251882786e-01
-6.747599712148232287e-01
-6.747636647447472491e-01
-6.747672041416380440e-01
-6.747705952207789792e-01
-6.747738436839469944e-01
-6.747769551175496483e-01
-6.747799349910735822e-01
-6.747827886558663835e-01
-6.747855213442429667e-01
-6.747881381688727309e-01
-6.747906441223923135e-01
-6.747930440771844340e-01
-6.747953427852733110e-01
-6.747975448782965735e-01
-6.747996548675285755e-01
-6.748016771439501182e-01
-6.748036159783693533e-01
-6.748054755216053024e-01
-6.748072598047542003e-01
-6.748089727395512050e-01
-6.748106181188444630e-01
-6.748121996171808634e-01
-6.748137207915108071e-01
-6.748151850820024444e-01
-6.748165958129551667e-01
-6.748179561938018045e-01
-6.748192693201852110e-01
-6.748205381750955745e-01
-6.748217656300634637e-01
-6.748229544463948404e-01
-6.748241072764494808e-01
-6.748252266649528153e-01
-6.748263150503482910e-01
-6.748273747661819311e-01
-6.748284080425223097e-01
-6.748294170074119469e-01
-6.748304036883530088e-01
-6.748313700138162119e-01
-6.748323178147762613e-01
-6.748332488262606121e-01
-6.748341646889158829e-01
-6.748350669505785993e-01
-6.748359570678482688e-01
-6.748368364076595682e-01
-6.748377062488480904e-01
-6.748385677837068775e-01
-6.748394221195295195e-01
-6.748402702801380437e-01
-6.748411132073955931e-01
-6.748419517626960129e-01
-6.748427867284333415e-01
-6.748436188094433241e-01
-6.748444486344189475e-01
-6.748452767572939992e-01
-6.748461036585955419e-01
-6.748469297467574179e-01
-6.748477553593953404e-01
-6.748485807645417944e-01
-6.748494061618371953e-01
-6.748502316836755277e-01
-6.748510573963011350e-01
-6.748518833008610995e-01
-6.748527093344024452e-01
-6.748535353708192686e-01
-6.748543612217482446e-01
-6.748551866374079555e-01
-6.748560113073848177e-01
-6.748568348613586121e-01
