-6.748576838457303051e-01
-6.748585464764027542e-01
-6.748594107711232137e-01
-6.748602760924417021e-01
-6.748611417506122923e-01
-6.748620070039795804e-01
-6.748628710593007618e-01
-6.748637330719938765e-01
-6.748645921463163333e-01
-6.748654473354758210e-01
-6.748662976416708315e-01
-6.748671420160585743e-01
-6.748679793586552789e-01
-6.748688085181688834e-01
-6.748696282917621136e-01
-6.748704374247540549e-01
-6.748712346102552218e-01
-6.748720184887448958e-01
-6.748727876475872911e-01
-6.748735406204905418e-01
-6.748742758869094027e-01
-6.748749918713894402e-01
-6.748756869428538252e-01
-6.748763594138367239e-01
-6.748770075396546275e-01
-6.748776295175262785e-01
-6.748782234856358642e-01
-6.748787875221521348e-01
-6.748793196441990050e-01
-6.748798178067951792e-01
-6.748802799017604714e-01
-6.748807037566023626e-01
-6.748810871333814632e-01
-6.748814277275597684e-01
-6.748817231668260419e-01
-6.748819710098989955e-01
-6.748821687452979390e-01
-6.748823137900771263e-01
-6.748824034885224643e-01
-6.748824351108114739e-01
-6.748824058516480484e-01
-6.748823128288857776e-01
-6.748821530821684789e-01
-6.748819235716005949e-01
-6.748816211764784301e-01
-6.748812426940880016e-01
-6.748807848385751651e-01
-6.748802442398720292e-01
-6.748796174426543448e-01
-6.748789009052938992e-01
-6.748780909987687204e-01
-6.748771840055068916e-01
-6.748761761181543140e-01
-6.748750634382884028e-01
-6.748738419751293405e-01
-6.748725076443242710e-01
-6.748710562669015811e-01
-6.748694835684753146e-01
-6.748677851787681092e-01
-6.748659566314524350e-01
-6.748639933642728295e-01
-6.748618907193220107e-01
-6.748596439433126593e-01
-6.748572481876621287e-01
-6.748546985082258809e-01
-6.748519898646042625e-01
-6.748491171190488247e-01
-6.748460750351370496e-01
-6.748428582765197969e-01
-6.748394614061284935e-01
-6.748358788862474089e-01
-6.748321050797660980e-01
-6.748281342527477911e-01
-6.748239605781702899e-01
-6.748195781404043858e-01
-6.748149809397286925e-01
-6.748101628960181397e-01
-6.748051178507772363e-01
-6.747998395669256855e-01
-6.747943217261943571e-01
-6.747885579246082344e-01
-6.747825416671580090e-01
-6.747762663633160019e-01
-6.747697253252938898e-01
-6.747629117708061619e-01
-6.747558188314852767e-01
-6.747484395670327872e-01
-6.747407669838583200e-01
-6.747327940555795101e-01
-6.747245137416670868e-01
-6.747159190000673323e-01
-6.747070027900650135e-01
-6.746977580630848514e-01
-6.746881777414845960e-01
-6.746782546883064446e-01
-6.746679816739137303e-01
-6.746573513477285289e-01
-6.746463562242331902e-01
-6.746349886914435601e-01
-6.746232410469766849e-01
-6.746111055617971530e-01
-6.745985745654261567e-01
-6.745856405399294209e-01
-6.745722962047960847e-01
-6.745585345723305037e-01
-6.745443489546365523e-01
-6.745297329092886374e-01
-6.745146801211910903e-01
-6.744991842317296094e-01
-6.744832386409674863e-01
-6.744668363214305629e-01
-6.744499696897778840e-01
-6.744326305823545864e-01
-6.744148103703088148e-01
-6.743965002291562039e-01
-6.743776915480127476e-01
-6.743583764291293248e-01
-6.743385481948278581e-01
-6.743182017938973427e-01
-6.742973339906992436e-01
-6.742759432341879355e-01
-6.742540291443587241e-01
-6.742315916193690750e-01
-6.742086296510517718e-01
-6.741851400270051364e-01
-6.741611161760002746e-01
-6.741365474591272111e-01
-6.741114192017815254e-01
-6.740857136863946941e-01
-6.740594121783614057e-01
-6.740324978482625795e-01
-6.740049592098010800e-01
-6.739767934589784293e-01
-6.739480089319479506e-01
-6.739186258555125431e-01
-6.738886746946071149e-01
-6.738581917303663182e-01
-6.738272120179262803e-01
-6.737957605156243979e-01
-6.737638428394714385e-01
-6.737314376331456911e-01
-6.736984927921075839e-01
-6.736649275941475334e-01
-6.736306420754966107e-01
-6.735955337518203523e-01
-6.735595201382427177e-01
-6.735225637237004515e-01
-6.734846944666017521e-01
-6.734460239285076089e-01
-6.734067452626562034e-01
-6.733671147227843212e-01
-6.733274132362820907e-01
-6.732878906748476222e-01
-6.732487001943278093e-01
-6.732098345246905202e-01
-6.731710792782359398e-01
-6.731319990848623203e-01
-6.730919697457256046e-01
-6.730502631915926681e-01
-6.730061821348207740e-01
-6.729592290869185200e-01
-6.729092819301910611e-01
-6.728567382220667081e-01
-6.728025858953875504e-01
-6.727483617054661469e-01
-6.726959723540200109e-01
-6.726473766645133523e-01
-6.726041582253404760e-01
-6.725670518656718944e-01
-6.725355173792162411e-01
-6.725074720314075938e-01
-6.724792917548173543e-01
-6.724461637858845098e-01
-6.724028190524879989e-01
-6.723445947698092340e-01
-6.722686868789575776e-01
-6.721753648639822165e-01
-6.720688592443352372e-01
-6.719576168088114976e-01
-6.718536687910798832e-01
-6.717709817418192619e-01
-6.717228544409571400e-01
-6.717186636067373762e-01
-6.717605051795261240e-01
-6.718404714410541878e-01
-6.719393867353793404e-01
-6.720277427781953250e-01
-6.720692966546497615e-01
-6.720273239084305628e-01
-6.718729039172175455e-01
-6.715939515003006566e-01
-6.712031357996803838e-01
-6.707425074510253715e-01
-6.702827445153727304e-01
-6.699155368175868652e-01
-6.697387768591502866e-01
-6.698358060363636124e-01
-6.702517298739645302e-01
-6.709713995991783975e-01
-6.719046365114651476e-01
-6.728842582764160696e-01
-6.736811855628087597e-01
-6.740382978647353474e-01
-6.737209529628480631e-01
-6.725776442856983284e-01
-6.705998904693394325e-01
-6.679671507605180469e-01
-6.650615375206312407e-01
-6.624394851863951716e-01
-6.607539732134022348e-01
-6.606310383019396992e-01
-6.625164994165568810e-01
-6.665202840053565669e-01
-6.722933441901961515e-01
-6.789734474214204063e-01
-6.852301717336642950e-01
-6.894267432528657924e-01
-6.898979774489542027e-01
-6.853200985104315190e-01
-6.751199272404769802e-01
-6.598403140863033922e-01
-6.413539893571973405e-01
-6.228144197468508114e-01
-6.082664526360170854e-01
-6.019171825731272074e-01
-6.071717296554175469e-01
-6.256310706403089839e-01
-6.562879817594440279e-01
-6.951235300197059486e-01
-7.352207956973728642e-01
-7.674283133278948510e-01
-7.815756741122664719e-01
-7.682640477197089091e-01
-7.212240097546395168e-01
-6.399938097339905596e-01
-5.321750824818421988e-01
-4.140397136277910173e-01
-3.083453858274268211e-01
-2.392141164473515214e-01
-2.254083627351617658e-01
-2.743108789444965723e-01
-3.787725571220784127e-01
-5.179220157584570883e-01
-6.615061583119024036e-01
-7.759516191926452144e-01
-8.300621346491260377e-01
-7.996101686346502868e-01
-6.718101459532782593e-01
-4.504270450947371329e-01
-1.593725255781338057e-01
1.599467031249451332e-01
4.600066094076896706e-01
7.029105716400120274e-01
8.712514085448749279e-01
9.690499444262934414e-01
1.014580836581961298e+00
1.030194374460711160e+00
1.033260300456712244e+00
1.030291917490923304e+00
1.014929282966037016e+00
9.699069447221594364e-01
8.728847370779750925e-01
7.054741571429028468e-01
4.634243037693987488e-01
1.638658623062495823e-01
-1.555051930182437814e-01
-4.471865458028470575e-01
-6.696122339973640258e-01
-7.986234071509314969e-01
-8.302224907909403484e-01
-7.770234149884840402e-01
-6.631414579716183866e-01
-5.197134957665134891e-01
-3.803162759607574550e-01
-2.752819486652910430e-01
-2.256292849816446122e-01
-2.386886455602946211e-01
-3.072431382811185996e-01
-4.126361935674006109e-01
-5.307686137435729812e-01
-6.388291003892120345e-01
-7.204465589946967841e-01
-7.679125359536470574e-01
-7.816025695393123973e-01
-7.677323945720081477e-01
-7.356789500428766448e-01
-6.956161386597231600e-01
-6.567169039083944337e-01
-6.259306515293940887e-01
-6.073130732561228262e-01
-6.019059053658196712e-01
-6.081348647208225655e-01
-6.226101630073492821e-01
-6.411278889848986973e-01
-6.596361124033198742e-01
-6.749676905882113775e-01
-6.852338331636746993e-01
-6.898768768071147361e-01
-6.894588495346244406e-01
-6.852971093605307873e-01
-6.790551035092452503e-01
-6.723717241207414208e-01
-6.665821178425562765e-01
-6.625544668285592298e-01
-6.606437125035670155e-01
-6.607447607082694851e-01
-6.624149492264346240e-01
-6.650295267466039828e-01
-6.679351086042978336e-01
-6.705736123001567739e-01
-6.725606096758740549e-01
-6.737142252734078518e-01
-6.740408801834899544e-01
-6.736906643249861437e-01
-6.728975533598258174e-01
-6.719186997332023958e-01
-6.709837490102564805e-01
-6.702607617621223479e-01
-6.698408789024900001e-01
-6.697401035535924807e-01
-6.699139475242874564e-01
-6.702793928071424379e-01
-6.707385858983313520e-01
-6.711996508064588252e-01
-6.715915847005250461e-01
-6.718719650972917456e-01
-6.720277823375581105e-01
-6.720708663783603320e-01
-6.720299933986543239e-01
-6.719418534430262602e-01
-6.718427445994009650e-01
-6.717622883081476592e-01
-6.717197970740579338e-01
-6.717233090305879672e-01
-6.717708306445404620e-01
-6.718530483180794599e-01
-6.719566855710448205e-01
-6.720677633804219564e-01
-6.721742139281374762e-01
-6.722675419645135486e-01
-6.723434679038484685e-01
-6.724016811759778722e-01
-6.724449578212842171e-01
-6.724779472636954747e-01
-6.725059185654720384e-01
-6.725336945699232905e-01
-6.725649153322661444e-01
-6.726016813112719595e-01
-6.726445487098083875e-01
-6.726927946199721120e-01
-6.727448421929965727e-01
-6.727987341890029338e-01
-6.728525612219046215e-01
-6.729047809868158314e-01
-6.729543987016975981e-01
-6.730010100904674220e-01
-6.730447317688106335e-01
-6.730860575765928999e-01
-6.731256831861549550e-01
-6.731643368783480907e-01
-6.732026444179995961e-01
-6.732410434962429191e-01
-6.732797509820435122e-01
-6.733187762991093006e-01
-6.733579677989818268e-01
-6.733970763407930438e-01
-6.734358209915030091e-01
-6.734739449211486484e-01
-6.735112540638813483e-01
-6.735476358542119568e-01
-6.735830594475563649e-01
-6.736175617296975560e-01
-6.736512248872390529e-01
-6.736841514280428322e-01
-6.737164416024037372e-01
-6.737481765933495126e-01
-6.737794090456751261e-01
-6.738101608536657405e-01
-6.738404268804603081e-01
-6.738701825610599050e-01
-6.738993931479454469e-01
-6.739280226020615272e-01
-6.739560406662467029e-01
-6.739834273206881665e-01
-6.740101744644184656e-01
-6.740362851851791071e-01
-6.740617713120219401e-01
-6.740866500776394599e-01
-6.741109406753296174e-01
-6.741346613279103339e-01
-6.741578272517911863e-01
-6.741804496550650727e-01
-6.742025356983276652e-01
-6.742240891987247853e-01
-6.742451117820125184e-01
-6.742656041797712163e-01
-6.742855674145267209e-01
-6.743050036940911873e-01
-6.743239169269943378e-01
-6.743423128554314472e-01
-6.743601988679318593e-01
-6.743775835943131014e-01
-6.743944763994744740e-01
-6.744108868838365467e-01
-6.744268244732808393e-01
-6.744422981480234780e-01
-6.744573163253707593e-01
-6.744718868817352053e-01
-6.744860172785274166e-01
-6.744997147461908593e-01
-6.745129864802916764e-01
-6.745258398112011777e-01
-6.745382823215853030e-01
-6.745503219004567175e-01
-6.745619667360885918e-01
-6.745732252604667023e-01
-6.745841060640314080e-01
-6.745946178009561978e-01
-6.746047691028309590e-01
-6.746145685134773418e-01
-6.746240244512297091e-01
-6.746331451987326311e-01
-6.746419389152595869e-01
-6.746504136634510207e-01
-6.746585774413472736e-01
-6.746664382115101777e-01
-6.746740039212567597e-01
-6.746812825109649303e-01
-6.746882819103315887e-01
-6.746950100248179094e-01
-6.747014747159854053e-01
-6.747076837798809956e-01
-6.747136449272014280e-01
-6.747193657678988155e-01
-6.747248538015223618e-01
-6.747301164132436524e-01
-6.747351608744456275e-01
-6.747399943461374061e-01
-6.747446238832784937e-01
-6.747490564383619160e-01
-6.747532988631229633e-01
-6.747573579078890438e-01
-6.747612402186927705e-01
-6.747649523327335919e-01
-6.747685006730218538e-01
-6.747718915430674924e-01
-6.747751311223258996e-01
-6.747782254628509335e-01
-6.747811804873021790e-01
-6.747840019881781171e-01
-6.747866956279643391e-01
-6.747892669397899112e-01
-6.747917213282029758e-01
-6.747940640697548398e-01
-6.747963003132239068e-01
-6.747984350794438146e-01
-6.748004732608189338e-01
-6.748024196206853231e-01
-6.748042787927014396e-01
-6.748060552804359125e-01
-6.748077534572722858e-01
-6.748093775666773597e-01
-6.748109317228285775e-01
-6.748124199115373978e-01
-6.748138459913839426e-01
-6.748152136949637780e-01
-6.748165266301765497e-01
-6.748177882814944128e-01
-6.748190020111966003e-01
-6.748201710605727932e-01
-6.748212985511219397e-01
-6.748223874857821603e-01
-6.748234407502310406e-01
-6.748244611142761862e-01
-6.748254512333560218e-01
-6.748264136501426202e-01
-6.748273507962375684e-01
-6.748282649939386646e-01
-6.748291584580505820e-01
-6.748300332977182903e-01
-6.748308915182669177e-01
-6.748317350230361722e-01
-6.748325656152062146e-01
-6.748333849996156486e-01
-6.748341947845742927e-01
-6.748349964836827253e-01
-6.748357915176531607e-01
-6.748365812161422062e-01
-6.748373668195853936e-01
-6.748381494810338221e-01
-6.748389302679821400e-01
-6.748397101641876450e-01
-6.748404900714640720e-01
-6.748412708114445158e-01
-6.748420531273154888e-01
-6.748428376855073463e-01
-6.748436250773517386e-01
-6.748444158206929888e-01
-6.748452103614616115e-01
-6.748460090752046447e-01
-6.748468122685702397e-01
-6.748476201807515062e-01
-6.748484329848793983e-01
-6.748492507893696368e-01
-6.748500736392126775e-01
-6.748509015172138303e-01
-6.748517343451682082e-01
-6.748525719849807203e-01
-6.748534142397203395e-01
-6.748542608546128641e-01
-6.748551115179662885e-01
-6.748559658620323365e-01
-6.748568234638016028e-01
