-6.748573393673370502e-01
-6.748582535713280040e-01
-6.748591737475349017e-01
-6.748600992187384628e-01
-6.748610292617391870e-01
-6.748619631077557024e-01
-6.748628999427420672e-01
-6.748638389076263566e-01
-6.748647790984682038e-01
-6.748657195665360709e-01
-6.748666593183051399e-01
-6.748675973153759333e-01
-6.748685324743136649e-01
-6.748694636664096524e-01
-6.748703897173680133e-01
-6.748713094069139773e-01
-6.748722214683293696e-01
-6.748731245879131535e-01
-6.748740174043721396e-01
-6.748748985081396423e-01
-6.748757664406260792e-01
-6.748766196934034012e-01
-6.748774567073234643e-01
-6.748782758715730079e-01
-6.748790755226682370e-01
-6.748798539433873422e-01
-6.748806093616486201e-01
-6.748813399493314158e-01
-6.748820438210442196e-01
-6.748827190328459125e-01
-6.748833635809158293e-01
-6.748839754001839664e-01
-6.748845523629182219e-01
-6.748850922772754446e-01
-6.748855928858190634e-01
-6.748860518640050765e-01
-6.748864668186401738e-01
-6.748868352863167663e-01
-6.748871547318259223e-01
-6.748874225465525400e-01
-6.748876360468623048e-01
-6.748877924724727695e-01
-6.748878889848193285e-01
-6.748879226654177499e-01
-6.748878905142259299e-01
-6.748877894480043160e-01
-6.748876162986880978e-01
-6.748873678117652819e-01
-6.748870406446749737e-01
-6.748866313652295279e-01
-6.748861364500758908e-01
-6.748855522832011289e-01
-6.748848751544962443e-01
-6.748841012583803867e-01
-6.748832266924945644e-01
-6.748822474564508678e-01
-6.748811594506339828e-01
-6.748799584750431180e-01
-6.748786402281581331e-01
-6.748772003058270963e-01
-6.748756342001750452e-01
-6.748739372985560481e-01
-6.748721048825823132e-01
-6.748701321272759790e-01
-6.748680141003911004e-01
-6.748657457619581246e-01
-6.748633219640773895e-01
-6.748607374509576484e-01
-6.748579868591684239e-01
-6.748550647180411310e-01
-6.748519654501236031e-01
-6.748486833716065281e-01
-6.748452126926450800e-01
-6.748415475175502110e-01
-6.748376818448782455e-01
-6.748336095675172563e-01
-6.748293244729124396e-01
-6.748248202436066823e-01
-6.748200904582569715e-01
-6.748151285932459942e-01
-6.748099280249325593e-01
-6.748044820325069804e-01
-6.747987838013297379e-01
-6.747928264265863341e-01
-6.747866029170792590e-01
-6.747801061989857629e-01
-6.747733291194596417e-01
-6.747662644499801132e-01
-6.747589048893750663e-01
-6.747512430664245331e-01
-6.747432715419258153e-01
-6.747349828100956959e-01
-6.747263692992535589e-01
-6.747174233719203107e-01
-6.747081373248012826e-01
-6.746985033895646078e-01
-6.746885137357723217e-01
-6.746781604775958785e-01
-6.746674356858652910e-01
-6.746563314063598327e-01
-6.746448396839791473e-01
-6.746329525906304969e-01
-6.746206622526416119e-01
-6.746079608717768794e-01
-6.745948407331733288e-01
-6.745812941943361007e-01
-6.745673136521956881e-01
-6.745528914900856821e-01
-6.745380200127464310e-01
-6.745226913838520133e-01
-6.745068975853436566e-01
-6.744906304191118362e-01
-6.744738815677207011e-01
-6.744566427211767801e-01
-6.744389057618973560e-01
-6.744206629823135124e-01
-6.744019072927602831e-01
-6.743826323662538424e-01
-6.743628326661015304e-01
-6.743425033154168968e-01
-6.743216397951999896e-01
-6.743002374968063428e-01
-6.742782911985967242e-01
-6.742557945754662496e-01
-6.742327398724367038e-01
-6.742091178694906706e-01
-6.741849182281842712e-01
-6.741601302420379138e-01
-6.741347439210533254e-01
-6.741087512428439732e-01
-6.740821473212739168e-01
-6.740549312019262773e-01
-6.740271060116196367e-01
-6.739986782757775297e-01
-6.739696563672266105e-01
-6.739400482410738968e-01
-6.739098588062416573e-01
-6.738790874401996422e-01
-6.738477262254294331e-01
-6.738157594417927276e-01
-6.737831646774269378e-01
-6.737499156389319399e-01
-6.737159863945558769e-01
-6.736813564385993880e-01
-6.736460156971265656e-01
-6.736099684722657299e-01
-6.735732353881508372e-01
-6.735358526616598285e-01
-6.734978684391418335e-01
-6.734593364431941120e-01
-6.734203076671261279e-01
-6.733808212457071951e-01
-6.733408958498418029e-01
-6.733005229715429696e-01
-6.732596633018016474e-01
-6.732182471119304568e-01
-6.731761791962251884e-01
-6.731333485708681508e-01
-6.730896427579253771e-01
-6.730449660661144140e-01
-6.729992607229209334e-01
-6.729525289276020450e-01
-6.729048528582610711e-01
-6.728564084879269380e-01
-6.728074680342661651e-01
-6.727583854544245678e-01
-6.727095601775289202e-01
-6.726613767783197195e-01
-6.726141228210691381e-01
-6.725678934498091621e-01
-6.725224986177209541e-01
-6.724773955718521545e-01
-6.724316732021976550e-01
-6.723841137843653559e-01
-6.723333495265014781e-01
-6.722781152934288462e-01
-6.722175758158676073e-01
-6.721516787280018557e-01
-6.720814593082938826e-01
-6.720092059237354754e-01
-6.719383944684648169e-01
-6.718733217934118596e-01
-6.718184150802323229e-01
-6.717772638024708254e-01
-6.717515042350471477e-01
-6.717397677534849842e-01
-6.717369628629371592e-01
-6.717341750358271080e-01
-6.717194194973183929e-01
-6.716793606214346291e-01
-6.716019223813290973e-01
-6.714794798403131981e-01
-6.713120825967183736e-01
-6.711099724306032188e-01
-6.708945802344374876e-01
-6.706972762005570798e-01
-6.705554349116930046e-01
-6.705058592575541265e-01
-6.705762320881381022e-01
-6.707759304024016878e-01
-6.710881015451000131e-01
-6.714652039837722963e-01
-6.718301098675730776e-01
-6.720842550431189721e-01
-6.721231891654307899e-01
-6.718583158738945516e-01
-6.712418325202339497e-01
-6.702902088068357633e-01
-6.691004014918716658e-01
-6.678528343021610247e-01
-6.667963512613628296e-01
-6.662130419083484023e-01
-6.663648602410630062e-01
-6.674287243609606790e-01
-6.694313379221777938e-01
-6.721981960422440672e-01
-6.753321156524333402e-01
-6.782345095459054729e-01
-6.801773132214917750e-01
-6.804251895110626780e-01
-6.783969164842167388e-01
-6.738426806594602914e-01
-6.670021745900105437e-01
-6.587001097509637138e-01
-6.503354455856719119e-01
-6.437326435976062911e-01
-6.408491528276547555e-01
-6.433692816583137519e-01
-6.522509636272046940e-01
-6.673165357235905093e-01
-6.869829093441680579e-01
-7.082106310334946864e-01
-7.267246823144959400e-01
-7.375341974762502639e-01
-7.357555557471450181e-01
-7.177060504504002569e-01
-6.821522826304143861e-01
-6.314541278172770555e-01
-5.721884504595885490e-01
-5.147890158213779266e-01
-4.719303983958902382e-01
-4.558195890800910144e-01
-4.750489373710792274e-01
-5.319251740539385764e-01
-6.210473327118334330e-01
-7.294043806704645361e-01
-8.376484133050104974e-01
-9.218769990476685106e-01
-9.556283120776564166e-01
-9.128291072478876833e-01
-7.732513629182877768e-01
-5.310513046512458368e-01
-2.033660150423403368e-01
1.678428857358985615e-01
5.257891646040926403e-01
8.167298126760680343e-01
1.003590454803968246e+00
1.068082506981529622e+00
1.005240959631052533e+00
8.198933709314668583e-01
5.301128548718455624e-01
1.727183706183090528e-01
-1.986959398002251798e-01
-5.272630038125826202e-01
-7.707394286040609721e-01
-9.116549964764445457e-01
-9.556029604060661820e-01
-9.226832867980705455e-01
-8.389344084902271570e-01
-7.308358730787514190e-01
-6.223384940862937142e-01
-5.328637227177832614e-01
-4.755173679753174065e-01
-4.558043924898347865e-01
-4.715119372054483726e-01
-5.141120637991102305e-01
-5.714213698231395133e-01
-6.307488932929091741e-01
-6.816162504790584942e-01
-7.173906249029298188e-01
-7.356602116466045560e-01
-7.376201327922539130e-01
-7.269317989237051858e-01
-7.084733146281101401e-01
-6.872422992701008315e-01
-6.675285332976235164e-01
-6.523900183087317783e-01
-6.434283885673802716e-01
-6.408368102001541500e-01
-6.436678241268537493e-01
-6.502418262585814013e-01
-6.586007612518443022e-01
-6.669156111418554911e-01
-6.737807073111606870e-01
-6.783642363856073887e-01
-6.804203827319625919e-01
-6.801946332628966418e-01
-6.782659490488895937e-01
-6.753693085376351046e-01
-6.722338824282545477e-01
-6.694602718279835107e-01
-6.674480272566000183e-01
-6.663739083160297172e-01
-6.662130227767693036e-01
-6.667896414564253860e-01
-6.678423385649162602e-01
-6.690889660362840941e-01
-6.702801819021831919e-01
-6.712348052185791447e-01
-6.718550403249956560e-01
-6.721236459133783647e-01
-6.720878254116549044e-01
-6.718358042515194528e-01
-6.714718995842032800e-01
-6.710947514522926927e-01
-6.707817176872500342e-01
-6.705806556982097932e-01
-6.705087512364333868e-01
-6.705569191980408350e-01
-6.706976867734133485e-01
-6.708943599189122198e-01
-6.711095731850715840e-01
-6.713118841720284724e-01
-6.714797374832188748e-01
-6.716027471845500418e-01
-6.716807296129450044e-01
-6.717212077213065013e-01
-6.717361993341933735e-01
-6.717390269075224074e-01
-6.717416997179213034e-01
-6.717531816189147298e-01
-6.717786234866474082e-01
-6.718194499195220271e-01
-6.718740673690313248e-01
-6.719389107477985457e-01
-6.720095585233852864e-01
-6.720817040824410560e-01
-6.721518519000749814e-01
-6.722176902585952352e-01
-6.722781621950405517e-01
-6.723333037854126726e-01
-6.723839411283532019e-01
-6.724313371751003965e-01
-6.724768630240329781e-01
-6.725217429896619414e-01
-6.725668957750382537e-01
-6.726128708646720300e-01
-6.726598630032839532e-01
-6.727077792884680330e-01
-6.727563321507650240e-01
-6.728051353835635684e-01
-6.728537870802395737e-01
-6.729019306867739525e-01
-6.729492917975915534e-01
-6.729956929329281579e-01
-6.730410511217289615e-01
-6.730853639454148496e-01
-6.731286893055241638e-01
-6.731711231423224140e-01
-6.732127781295683677e-01
-6.732537653030644664e-01
-6.732941797663624106e-01
-6.733340910392687784e-01
-6.733735381884735638e-01
-6.734125295152032509e-01
-6.734510462211665827e-01
-6.734890491339809993e-01
-6.735264872931344682e-01
-6.735633070419514423e-01
-6.735994602928744301e-01
-6.736349108507360128e-01
-6.736696380646065574e-01
-6.737036375659121168e-01
-6.737369193475503115e-01
-6.737695038528940250e-01
-6.738014170025025118e-01
-6.738326851534689466e-01
-6.738633308666448496e-01
-6.738933700926895698e-01
-6.739228110458903576e-01
-6.739516546899926297e-01
-6.739798964792381719e-01
-6.740075288255789054e-01
-6.740345437169156240e-01
-6.740609349809193462e-01
-6.740866998427835766e-01
-6.741118396196092988e-01
-6.741363595844485079e-01
-6.741602681829769184e-01
-6.741835758731825612e-01
-6.742062938775867931e-01
-6.742284330972294626e-01
-6.742500033560639983e-01
-6.742710130471352148e-01
-6.742914691603734134e-01
-6.743113776029603379e-01
-6.743307436860133119e-01
-6.743495726466273155e-01
-6.743678700962265626e-01
-6.743856423246716858e-01
-6.744028964333897980e-01
-6.744196403100403137e-01
-6.744358824850601453e-01
-6.744516319238809121e-01
-6.744668978082728472e-01
-6.744816893494479659e-01
-6.744960156588870603e-01
-6.745098856851524660e-01
-6.745233082099932886e-01
-6.745362918872400693e-01
-6.745488453039741872e-01
-6.745609770446087117e-01
-6.745726957432235382e-01
-6.745840101158746549e-01
-6.745949289708669250e-01
-6.746054611999026118e-01
-6.746156157559218824e-01
-6.746254016243523610e-01
-6.746348277937461724e-01
-6.746439032300679539e-01
-6.746526368568662724e-01
-6.746610375417291250e-01
-6.746691140881431181e-01
-6.746768752311990136e-01
-6.746843296354972930e-01
-6.746914858938699577e-01
-6.746983525259890868e-01
-6.747049379763762067e-01
-6.747112506116771380e-01
-6.747172987172599390e-01
-6.747230904932759454e-01
-6.747286340503081403e-01
-6.747339374047128802e-01
-6.747390084737422411e-01
-6.747438550705369131e-01
-6.747484848991174289e-01
-6.747529055495378181e-01
-6.747571244933830981e-01
-6.747611490797731371e-01
-6.747649865319960139e-01
-6.747686439448054019e-01
-6.747721282823444522e-01
-6.747754463765827104e-01
-6.747786049261038643e-01
-6.747816104950723481e-01
-6.747844695122404701e-01
-6.747871882698968093e-01
-6.747897729227254615e-01
-6.747922294866054438e-01
-6.747945638374164279e-01
-6.747967817099440602e-01
-6.747988886969763511e-01
-6.748008902486534177e-01
-6.748027916721102137e-01
-6.748045981314093611e-01
-6.748063146477446539e-01
-6.748079460998638313e-01
-6.748094972246597711e-01
-6.748109726178855849e-01
-6.748123767349609725e-01
-6.748137138918439693e-01
-6.748149882659727483e-01
-6.748162038972770338e-01
-6.748173646892731137e-01
-6.748184744102532218e-01
-6.748195366945842766e-01
-6.748205550441107592e-01
-6.748215328296678361e-01
-6.748224732926928482e-01
-6.748233795469247287e-01
-6.748242545801858006e-01
-6.748251012562276330e-01
-6.748259223166354071e-01
-6.748267203827837957e-01
-6.748274979578384736e-01
-6.748282574287916002e-01
-6.748290010685403795e-01
-6.748297310379931524e-01
-6.748304493882049115e-01
-6.748311580625373507e-01
-6.748318588988369005e-01
-6.748325536316278628e-01
-6.748332438943164258e-01
-6.748339312214013397e-01
-6.748346170506835939e-01
-6.748353027254749836e-01
-6.748359894967989048e-01
-6.748366785255774936e-01
-6.748373708848096619e-01
-6.748380675617210445e-01
-6.748387694598952935e-01
-6.748394774013740660e-01
-6.748401921287268124e-01
-6.748409143070852600e-01
-6.748416445261370411e-01
-6.748423833020781304e-01
-6.748431310795214300e-01
-6.748438882333575028e-01
-6.748446550705642366e-01
-6.748454318319646594e-01
-6.748462186939261365e-01
-6.748470157700053873e-01
-6.748478231125304427e-01
-6.748486407141186527e-01
-6.748494685091346312e-01
-6.748503063750755926e-01
-6.748511541338909625e-01
-6.748520115532286034e-01
-6.748528783476123172e-01
-6.748537541795434080e-01
-6.748546386605268621e-01
-6.748555313520229193e-01
-6.748564317663212631e-01
