-6.748570235295511255e-01
-6.748579656364593893e-01
-6.748589157024834639e-01
-6.748598730293616788e-01
-6.748608368764398291e-01
-6.748618064610729661e-01
-6.748627809589420323e-01
-6.748637595042843440e-01
-6.748647411900392523e-01
-6.748657250679064301e-01
-6.748667101483201147e-01
-6.748676954003399731e-01
-6.748686797514554803e-01
-6.748696620873108065e-01
-6.748706412513435504e-01
-6.748716160443448686e-01
-6.748725852239392253e-01
-6.748735475039840948e-01
-6.748745015538942793e-01
-6.748754459978876241e-01
-6.748763794141602324e-01
-6.748773003339894050e-01
-6.748782072407625288e-01
-6.748790985689453459e-01
-6.748799727029805018e-01
-6.748808279761253637e-01
-6.748816626692254461e-01
-6.748824750094301050e-01
-6.748832631688472805e-01
-6.748840252631458370e-01
-6.748847593500983955e-01
-6.748854634280737619e-01
-6.748861354344819485e-01
-6.748867732441790057e-01
-6.748873746678314411e-01
-6.748879374502499973e-01
-6.748884592686991146e-01
-6.748889377311853011e-01
-6.748893703747256279e-01
-6.748897546636046796e-01
-6.748900879876104097e-01
-6.748903676602507895e-01
-6.748905909169479189e-01
-6.748907549132067141e-01
-6.748908567227595023e-01
-6.748908933356896345e-01
-6.748908616565472141e-01
-6.748907585024731537e-01
-6.748905806013538733e-01
-6.748903245900279568e-01
-6.748899870125699696e-01
-6.748895643186646476e-01
-6.748890528620675733e-01
-6.748884488991497843e-01
-6.748877485874856808e-01
-6.748869479844554764e-01
-6.748860430458163417e-01
-6.748850296242112634e-01
-6.748839034676078485e-01
-6.748826602176815070e-01
-6.748812954081992999e-01
-6.748798044634832793e-01
-6.748781826970494668e-01
-6.748764253105262734e-01
-6.748745273929235289e-01
-6.748724839203043002e-01
-6.748702897558422897e-01
-6.748679396501980898e-01
-6.748654282420871731e-01
-6.748627500588683104e-01
-6.748598995169511339e-01
-6.748568709218212280e-01
-6.748536584675258743e-01
-6.748502562355493950e-01
-6.748466581931558128e-01
-6.748428581914623914e-01
-6.748388499637140159e-01
-6.748346271244048955e-01
-6.748301831699691222e-01
-6.748255114816629208e-01
-6.748206053309575569e-01
-6.748154578872255227e-01
-6.748100622268362603e-01
-6.748044113421227674e-01
-6.747984981482347822e-01
-6.747923154859134520e-01
-6.747858561188129212e-01
-6.747791127252067422e-01
-6.747720778855378354e-01
-6.747647440689574783e-01
-6.747571036231952979e-01
-6.747491487723727976e-01
-6.747408716263201267e-01
-6.747322642026123418e-01
-6.747233184592641431e-01
-6.747140263326445453e-01
-6.747043797726285375e-01
-6.746943707662966805e-01
-6.746839913431715852e-01
-6.746732335589941121e-01
-6.746620894606416563e-01
-6.746505510405069739e-01
-6.746386101928423251e-01
-6.746262586856899279e-01
-6.746134881592729116e-01
-6.746002901554370990e-01
-6.745866561743151246e-01
-6.745725777462076023e-01
-6.745580465012928073e-01
-6.745430542193026069e-01
-6.745275928464357085e-01
-6.745116544766805999e-01
-6.744952313066743255e-01
-6.744783155835777366e-01
-6.744608995704423071e-01
-6.744429755505604307e-01
-6.744245358809520807e-01
-6.744055730876957755e-01
-6.743860799769539893e-01
-6.743660497213176397e-01
-6.743454758772803315e-01
-6.743243522999304851e-01
-6.743026729454679735e-01
-6.742804315868021758e-01
-6.742576215043354360e-01
-6.742342352428426500e-01
-6.742102645359293600e-01
-6.741857004845114298e-01
-6.741605340328211682e-01
-6.741347567190748569e-01
-6.741083615992703448e-01
-6.740813441681525742e-01
-6.740537030501057014e-01
-6.740254402223530006e-01
-6.739965605755329214e-01
-6.739670707157300322e-01
-6.739369770590885045e-01
-6.739062834448324990e-01
-6.738749886640766906e-01
-6.738430844326521729e-01
-6.738105543882217940e-01
-6.737773746336439551e-01
-6.737435161628784197e-01
-6.737089491971365307e-01
-6.736736490581459735e-01
-6.736376027700876623e-01
-6.736008151929062659e-01
-6.735633132414842184e-01
-6.735251467299567807e-01
-6.734863846690559708e-01
-6.734471064652148842e-01
-6.734073883903433089e-01
-6.733672868048107274e-01
-6.733268207444247366e-01
-6.732859573893084093e-01
-6.732446043590986084e-01
-6.732026124907223297e-01
-6.731597916018132732e-01
-6.731159397159256486e-01
-6.730708835017665814e-01
-6.730245246356370004e-01
-6.729768839896927979e-01
-6.729281336430706917e-01
-6.728786063710883170e-01
-6.728287740106017045e-01
-6.727791901585598033e-01
-6.727303988507290500e-01
-6.726828185100951485e-01
-6.726366183790805087e-01
-6.725916112914819278e-01
-6.725471902415797176e-01
-6.725023351172336739e-01
-6.724557090015967908e-01
-6.724058502963606854e-01
-6.723514484624715237e-01
-6.722916697036322997e-01
-6.722264781052452731e-01
-6.721568822938017718e-01
-6.720850326362131089e-01
-6.720141036875165730e-01
-6.719479234159416725e-01
-6.718903539657390400e-01
-6.718444837097260480e-01
-6.718117484073400369e-01
-6.717911485377844327e-01
-6.717787570894631077e-01
-6.717677053126873687e-01
-6.717487854930570546e-01
-6.717117189025860746e-01
-6.716470115822912312e-01
-6.715481772463814947e-01
-6.714139696355058140e-01
-6.712501649253521663e-01
-6.710703975456041581e-01
-6.708956045775937849e-01
-6.707517893529358899e-01
-6.706660733113558592e-01
-6.706613463571931000e-01
-6.707502075656721630e-01
-6.709292462945950497e-01
-6.711749680581664546e-01
-6.714427328594653188e-01
-6.716698679752071133e-01
-6.717835934568077150e-01
-6.717135594660138542e-01
-6.714077151752777528e-01
-6.708490704739755728e-01
-6.700699187990999395e-01
-6.691595626350245185e-01
-6.682618196657498233e-01
-6.675597919525954049e-01
-6.672475652503609966e-01
-6.674914148713795292e-01
-6.683861956687938699e-01
-6.699151650129184787e-01
-6.719227946372348104e-01
-6.741096320657086194e-01
-6.760557915274455487e-01
-6.772753967037924427e-01
-6.772987786384454534e-01
-6.757731397862500877e-01
-6.725665233297321022e-01
-6.678552345559234382e-01
-6.621725774744630089e-01
-6.563983266831449059e-01
-6.516749365727003696e-01
-6.492482412048798945e-01
-6.502457045668582625e-01
-6.554207720371710844e-01
-6.649035336558737352e-01
-6.780029734470577329e-01
-6.931046486110821192e-01
-7.077027142207993338e-01
-7.186003245787409011e-01
-7.223073661718492078e-01
-7.156510455333258136e-01
-6.965770936545752079e-01
-6.650426413292295225e-01
-6.237920255690351246e-01
-5.787089768863550310e-01
-5.384320870127206060e-01
-5.130712961235207592e-01
-5.121552521672319003e-01
-5.422489883736015814e-01
-6.048402615545359629e-01
-6.949964190626839455e-01
-8.009710515028006794e-01
-9.045744344670592074e-01
-9.820342140873618009e-01
-1.005573079288543115e+00
-9.469322757817150160e-01
-7.846198208112692418e-01
-5.150224242831267230e-01
-1.629018127984664943e-01
2.174015408072001720e-01
5.554355607906329428e-01
7.867754120120309391e-01
8.693114134274548821e-01
7.887705592289792067e-01
5.590755530296278586e-01
2.220077960273077189e-01
-1.582042116278283006e-01
-5.110482602360331139e-01
-7.818810332821034548e-01
-9.455571741097700267e-01
-1.005390750473559969e+00
-9.827194813971170673e-01
-9.057646624731928719e-01
-8.023320844739179059e-01
-6.962547126331756209e-01
-6.058009553129906077e-01
-5.428068654188485942e-01
-5.122957612316150211e-01
-5.128577235511666554e-01
-5.379796228393930457e-01
-5.781518160410633600e-01
-6.232523103920508678e-01
-6.646088386546129545e-01
-6.962952781725161300e-01
-7.155278566846856592e-01
-7.223203376317397506e-01
-7.187106811910357607e-01
-7.078669464885105622e-01
-6.932829913314851877e-01
-6.781644179222735547e-01
-6.650278654459678140e-01
-6.554984360219805462e-01
-6.502762834586632845e-01
-6.492381883913744822e-01
-6.516350424709657085e-01
-6.563412634784873134e-01
-6.621107643942677479e-01
-6.677991841298027698e-01
-6.725237578797013116e-01
-6.757477015919552965e-01
-6.772912965068109692e-01
-6.772836179377300647e-01
-6.760754444201315660e-01
-6.741354542786944792e-01
-6.719495528089121095e-01
-6.699385058852181940e-01
-6.684032101608838872e-01
-6.675008582504429189e-01
-6.672497462917578170e-01
-6.675562056423568480e-01
-6.682546373558303499e-01
-6.691511031421306654e-01
-6.700622051347592256e-01
-6.708435386516106158e-01
-6.714050965529375636e-01
-6.717139183641878120e-01
-6.717864753610708339e-01
-6.716745032308990559e-01
-6.714482444776344039e-01
-6.711805453232598806e-01
-6.709342627609591325e-01
-6.707542780645046054e-01
-6.706643298327248370e-01
-6.706680355261165349e-01
-6.707529420553856037e-01
-6.708962367537145699e-01
-6.710708112692819194e-01
-6.712506243092012381e-01
-6.714146673435328339e-01
-6.715492194852382690e-01
-6.716484196966391318e-01
-6.717134437647096501e-01
-6.717507298195192211e-01
-6.717697488295237829e-01
-6.717807800082727931e-01
-6.717930499290514224e-01
-6.718134575246790252e-01
-6.718459638507714438e-01
-6.718915997854334465e-01
-6.719489535348459608e-01
-6.720149508630608448e-01
-6.720857337023841138e-01
-6.721574696319948528e-01
-6.722269737477918339e-01
-6.722920824632092618e-01
-6.723517738674620325e-01
-6.724060726842439051e-01
-6.724558049115477720e-01
-6.725022771120154896e-01
-6.725469504279261157e-01
-6.725911640345081377e-01
-6.726359419590980382e-01
-6.726818957013014355e-01
-6.727292165792194689e-01
-6.727777385074644734e-01
-6.728270448824592576e-01
-6.728765921015734675e-01
-6.729258258017793981e-01
-6.729742725212689569e-01
-6.730215974059829964e-01
-6.730676262345224314e-01
-6.731123362444458857e-01
-6.731558243270339137e-01
-6.731982629259232187e-01
-6.732398536548286350e-01
-6.732807867589806206e-01
-6.733212117455023016e-01
-6.733612214647604066e-01
-6.734008491948746400e-01
-6.734400762453224276e-01
-6.734788464319564349e-01
-6.735170834781295524e-01
-6.735547078160127876e-01
-6.735916501651787458e-01
-6.736278603925939246e-01
-6.736633112730826545e-01
-6.736979976924580837e-01
-6.737319324601011017e-01
-6.737651401901387782e-01
-6.737976506983178737e-01
-6.738294931156624257e-01
-6.738606915322451485e-01
-6.738912625491819686e-01
-6.739212147153492705e-01
-6.739505495154779480e-01
-6.739792633891000806e-01
-6.740073502000968331e-01
-6.740348036274995680e-01
-6.740616190783346173e-01
-6.740877948945892539e-01
-6.741133328012394177e-01
-6.741382376897908646e-01
-6.741625169314232613e-01
-6.741861794572011624e-01
-6.742092348329693507e-01
-6.742316925056802690e-01
-6.742535613236123604e-01
-6.742748493542234378e-01
-6.742955639567786985e-01
-6.743157120236594748e-01
-6.743353002888783365e-01
-6.743543356126452393e-01
-6.743728251794796069e-01
-6.743907765841739010e-01
-6.744081978146498901e-01
-6.744250971654043303e-01
-6.744414831257039555e-01
-6.744573642830155036e-01
-6.744727492680242520e-01
-6.744876467487544991e-01
-6.745020654638237412e-01
-6.745160142734238917e-01
-6.745295022035446841e-01
-6.745425384638760180e-01
-6.745551324301184426e-01
-6.745672935934113879e-01
-6.745790314895019346e-01
-6.745903556255019584e-01
-6.746012754216519358e-01
-6.746118001801821862e-01
-6.746219390852026265e-01
-6.746317012291275228e-01
-6.746410956548183346e-01
-6.746501313998366500e-01
-6.746588175302771218e-01
-6.746671631557964455e-01
-6.746751774231730669e-01
-6.746828694913356017e-01
-6.746902484948338330e-01
-6.746973235044443351e-01
-6.747041034929015524e-01
-6.747105973112552668e-01
-6.747168136779384540e-01
-6.747227611793846780e-01
-6.747284482786538584e-01
-6.747338833274695302e-01
-6.747390745773043097e-01
-6.747440301863685264e-01
-6.747487582210078827e-01
-6.747532666516646849e-01
-6.747575633447594479e-01
-6.747616560524588580e-01
-6.747655524023195017e-01
-6.747692598883504589e-01
-6.747727858643982612e-01
-6.747761375400789241e-01
-6.747793219789478547e-01
-6.747823460982854682e-01
-6.747852166697839715e-01
-6.747879403204849469e-01
-6.747905235334957785e-01
-6.747929726482161383e-01
-6.747952938600023653e-01
-6.747974932193316899e-01
-6.747995766306265075e-01
-6.748015498509412069e-01
-6.748034184887142795e-01
-6.748051880027595706e-01
-6.748068637016241267e-01
-6.748084507433838031e-01
-6.748099541358850706e-01
-6.748113787373958283e-01
-6.748127292575845093e-01
-6.748140102587250055e-01
-6.748152261570322663e-01
-6.748163812240481896e-01
-6.748174795880218513e-01
-6.748185252352691954e-01
-6.748195220115157378e-01
-6.748204736232600309e-01
-6.748213836391905307e-01
-6.748222554917034932e-01
-6.748230924785413309e-01
-6.748238977645667491e-01
-6.748246743836742167e-01
-6.748254252408162346e-01
-6.748261531141299674e-01
-6.748268606571358186e-01
-6.748275504009861869e-01
-6.748282247567439773e-01
-6.748288860176810955e-01
-6.748295363615902653e-01
-6.748301778531086148e-01
-6.748308124460555835e-01
-6.748314419857822655e-01
-6.748320682115385161e-01
-6.748326927588577107e-01
-6.748333171619516069e-01
-6.748339428561167530e-01
-6.748345711801436719e-01
-6.748352033787236026e-01
-6.748358406048432512e-01
-6.748364839221653311e-01
-6.748371343073814588e-01
-6.748377926525399584e-01
-6.748384597673418028e-01
-6.748391363813968091e-01
-6.748398231464466379e-01
-6.748405206385411637e-01
-6.748412293601760981e-01
-6.748419497423794322e-01
-6.748426821467518044e-01
-6.748434268674534664e-01
-6.748441841331347391e-01
-6.748449541088114012e-01
-6.748457368976743531e-01
-6.748465325428381067e-01
-6.748473410290205532e-01
-6.748481622841545624e-01
-6.748489961809283066e-01
-6.748498425382517540e-01
-6.748507011226481112e-01
-6.748515716495702144e-01
-6.748524537846373184e-01
-6.748533471447931698e-01
-6.748542512993819242e-01
-6.748551657711462370e-01
-6.748560900371387561e-01
