-6.748570570303855654e-01
-6.748578229034672971e-01
-6.748585798260298141e-01
-6.748593272376858243e-01
-6.748600645153708388e-01
-6.748607909736982213e-01
-6.748615058652654985e-01
-6.748622083809137084e-01
-6.748628976499374543e-01
-6.748635727402468865e-01
-6.748642326584832762e-01
-6.748648763500850745e-01
-6.748655026993090056e-01
-6.748661105292030893e-01
-6.748666986015354752e-01
-6.748672656166774253e-01
-6.748678102134418877e-01
-6.748683309688812137e-01
-6.748688263980403557e-01
-6.748692949536705399e-01
-6.748697350259048600e-01
-6.748701449418965659e-01
-6.748705229654198279e-01
-6.748708672964398581e-01
-6.748711760706500584e-01
-6.748714473589766394e-01
-6.748716791670568149e-01
-6.748718694346910185e-01
-6.748720160352664754e-01
-6.748721167751611238e-01
-6.748721693931235555e-01
-6.748721715596326387e-01
-6.748721208762450408e-01
-6.748720148749234315e-01
-6.748718510173591367e-01
-6.748716266942893505e-01
-6.748713392248110177e-01
-6.748709858556989349e-01
-6.748705637607328445e-01
-6.748700700400313002e-01
-6.748695017194002999e-01
-6.748688557496932416e-01
-6.748681290061836480e-01
-6.748673182879502130e-01
-6.748664203172737297e-01
-6.748654317390417878e-01
-6.748643491201699041e-01
-6.748631689490393049e-01
-6.748618876349629092e-01
-6.748605015076887259e-01
-6.748590068169605383e-01
-6.748573997321460904e-01
-6.748556763419513160e-01
-6.748538326542304899e-01
-6.748518645958938578e-01
-6.748497680129073029e-01
-6.748475386703675083e-01
-6.748451722526296326e-01
-6.748426643634553024e-01
-6.748400105261508353e-01
-6.748372061836769298e-01
-6.748342466987260480e-01
-6.748311273537812571e-01
-6.748278433512089336e-01
-6.748243898134511642e-01
-6.748207617834155458e-01
-6.748169542251563069e-01
-6.748129620249365690e-01
-6.748087799927164898e-01
-6.748044028640667324e-01
-6.747998253024258819e-01
-6.747950419015443790e-01
-6.747900471879008100e-01
-6.747848356228274280e-01
-6.747794016041052112e-01
-6.747737394668437139e-01
-6.747678434835976402e-01
-6.747617078638583621e-01
-6.747553267532527821e-01
-6.747486942329954385e-01
-6.747418043202723092e-01
-6.747346509702702999e-01
-6.747272280804629263e-01
-6.747195294974733804e-01
-6.747115490264046223e-01
-6.747032804419792473e-01
-6.746947175002554475e-01
-6.746858539492173179e-01
-6.746766835362834058e-01
-6.746672000108846490e-01
-6.746573971208241760e-01
-6.746472686021156573e-01
-6.746368081633894453e-01
-6.746260094675140540e-01
-6.746148661145402459e-01
-6.746033716310910755e-01
-6.745915194714993124e-01
-6.745793030350862862e-01
-6.745667157017944948e-01
-6.745537508850677488e-01
-6.745404020967507019e-01
-6.745266630145645426e-01
-6.745125275392633846e-01
-6.744979898268966823e-01
-6.744830442826329486e-01
-6.744676855068981736e-01
-6.744519081922611958e-01
-6.744357069798635473e-01
-6.744190762958218732e-01
-6.744020101987308058e-01
-6.743845022765490027e-01
-6.743665456320633300e-01
-6.743481329887229814e-01
-6.743292569319356833e-01
-6.743099102757890151e-01
-6.742900865144929590e-01
-6.742697802867021473e-01
-6.742489877559740830e-01
-6.742277067993031059e-01
-6.742059369046575767e-01
-6.741836787119468433e-01
-6.741609331900398905e-01
-6.741377005201457662e-01
-6.741139788419333589e-01
-6.740897630968712972e-01
-6.740650442538165255e-01
-6.740398092052761747e-01
-6.740140415637886351e-01
-6.739877234603954825e-01
-6.739608382581042667e-01
-6.739333738653355832e-01
-6.739053261056999755e-01
-6.738767014211171080e-01
-6.738475181098120270e-01
-6.738178053774939169e-01
-6.737875997389101146e-01
-6.737569387468375082e-01
-6.737258526052936070e-01
-6.736943548587327468e-01
-6.736624339166404907e-01
-6.736300475278759192e-01
-6.735971223181438372e-01
-6.735635600383004240e-01
-6.735292512007681198e-01
-6.734940953648447248e-01
-6.734580256437314727e-01
-6.734210333345096444e-01
-6.733831872893111248e-01
-6.733446421524807990e-01
-6.733056302346186461e-01
-6.732664337867768634e-01
-6.732273377508051215e-01
-6.731885673707339590e-01
-6.731502197129657361e-01
-6.731122022434681273e-01
-6.730741940753771635e-01
-6.730356452891192998e-01
-6.729958260681612181e-01
-6.729539300373238442e-01
-6.729092256236355318e-01
-6.728612368219835105e-01
-6.728099225996604371e-01
-6.727558150722409147e-01
-6.727000734584022146e-01
-6.726444161857069171e-01
-6.725909087864321290e-01
-6.725416100588446078e-01
-6.724981108340611913e-01
-6.724610337201902821e-01
-6.724295915764791909e-01
-6.724013193345372841e-01
-6.723720906267324215e-01
-6.723365021132899910e-01
-6.722886529590152982e-01
-6.722232685725771928e-01
-6.721370266780976044e-01
-6.720298561259896442e-01
-6.719059148436057338e-01
-6.717739342907463884e-01
-6.716466616898154607e-01
-6.715392477298975926e-01
-6.714666128404145340e-01
-6.714400595297691510e-01
-6.714636448049308148e-01
-6.715310347253790058e-01
-6.716236755846493045e-01
-6.717110800539796145e-01
-6.717538055196047297e-01
-6.717092884461148827e-01
-6.715401243335513692e-01
-6.712237228866549943e-01
-6.707616393139348432e-01
-6.701864328666240489e-01
-6.695637893722584666e-01
-6.689879983159141563e-01
-6.685697652955524539e-01
-6.684167315070055349e-01
-6.686087972110542621e-01
-6.691721118781468469e-01
-6.700570165399644118e-01
-6.711259016708437386e-01
-6.721565402345466289e-01
-6.728647740833452184e-01
-6.729474655369092062e-01
-6.721425844704255192e-01
-6.702986388538142437e-01
-6.674411131808249964e-01
-6.638202065730937074e-01
-6.599232515606403560e-01
-6.564379970866601743e-01
-6.541601548707335345e-01
-6.538497930720751361e-01
-6.560543971585967027e-01
-6.609285975938096191e-01
-6.680883693936892076e-01
-6.765386884677475621e-01
-6.847078142245550669e-01
-6.906097336244324536e-01
-6.921400425810630974e-01
-6.874891404765595126e-01
-6.756277950169699009e-01
-6.567831364227514346e-01
-6.327847299908667678e-01
-6.071390674954723066e-01
-5.847122653093210776e-01
-5.709813058488152349e-01
-5.709410349420143138e-01
-5.878802742749428267e-01
-6.223053315170368194e-01
-6.712557490966629681e-01
-7.281403016961788266e-01
-7.830917194263193881e-01
-8.237946481173584745e-01
-8.368440053566459369e-01
-8.098734681191954721e-01
-7.347082735930619002e-01
-6.113162799950619952e-01
-4.513017563793297882e-01
-2.787468292347936583e-01
-1.265324545797232303e-01
-2.834995823376228186e-02
-9.115882057224992605e-03
-7.741218348272278782e-02
-2.225786177820419376e-01
-4.173728558121417298e-01
-6.251802778264734517e-01
-8.086726052021111499e-01
-9.359746651381178895e-01
-9.824984435704866570e-01
-9.305114332658438459e-01
-7.706768381289182956e-01
-5.077204154414256543e-01
-1.669283754441839573e-01
2.059283995905204778e-01
5.555605325737328348e-01
8.336662258094019728e-01
1.009608257640976836e+00
1.069810229428183268e+00
1.010971473933580000e+00
8.363116479054595320e-01
5.592488179509613744e-01
2.101998561103737562e-01
-1.626988926562760451e-01
-5.041491083843904208e-01
-7.681933357107937343e-01
-9.292935564859033937e-01
-9.825213278844135978e-01
-9.370893409753281444e-01
-8.106429623179403077e-01
-6.276759306259885873e-01
-4.199665163166135806e-01
-2.247944224082882025e-01
-7.882651684852798324e-02
-9.468190701162526937e-03
-2.761352902073154272e-02
-1.249175092712846158e-01
-2.766344332571749054e-01
-4.491302789782954941e-01
-6.094622969432673676e-01
-7.334072138894301984e-01
-8.092012821677547763e-01
-8.367474569363269055e-01
-8.241411353490770697e-01
-7.837152375107931945e-01
-7.288746567319021041e-01
-6.719563090752843637e-01
-6.228631098982047032e-01
-5.882302301250710297e-01
-5.710642650440560519e-01
-5.709003801767338349e-01
-5.844802383629675857e-01
-6.068245188753172981e-01
-6.324563503817769439e-01
-6.564972584054395988e-01
-6.754210032527282470e-01
-6.873763640752457160e-01
-6.921171021069627560e-01
-6.906586145357717088e-01
-6.848029379626132673e-01
-6.766528510572049626e-01
-6.681975085684279669e-01
-6.610149674262265629e-01
-6.561080445366734848e-01
-6.538684724461876208e-01
-6.541480078898362915e-01
-6.564034543522121457e-01
-6.598766626675559577e-01
-6.637716603803006654e-01
-6.673987865864624558e-01
-6.702678456241493166e-01
-6.721255302059374603e-01
-6.729435864894548480e-01
-6.728714640768568289e-01
-6.721700510472983225e-01
-6.711422256746120141e-01
-6.700726096526916642e-01
-6.691843746011951755e-01
-6.686162897758245460e-01
-6.684191477293005557e-01
-6.685677236553685399e-01
-6.689827259730618536e-01
-6.695567759387042184e-01
-6.701791188075616468e-01
-6.707551835193426015e-01
-6.712188705201618255e-01
-6.715371742954882039e-01
-6.717081431112955636e-01
-6.717540755428590415e-01
-6.717122140661838658e-01
-6.716250873916388420e-01
-6.715322073346069454e-01
-6.714641992012311267e-01
-6.714397847468052127e-01
-6.714654611050612232e-01
-6.715373034211811198e-01
-6.716440952434920009e-01
-6.717709521757738722e-01
-6.719027148739425970e-01
-6.720265943782431917e-01
-6.721337989188953532e-01
-6.722201060093837555e-01
-6.722855297711793909e-01
-6.723333508252993251e-01
-6.723688209674877347e-01
-6.723978366320610967e-01
-6.724258117113434130e-01
-6.724568929112361149e-01
-6.724935697855186634e-01
-6.725366530482428384e-01
-6.725855389889817681e-01
-6.726386488689329868e-01
-6.726939286694098019e-01
-6.727493111596414277e-01
-6.728030714702135651e-01
-6.728540413387008590e-01
-6.729016791015554055e-01
-6.729460174511949777e-01
-6.729875263857437728e-01
-6.730269342865431437e-01
-6.730650470544466968e-01
-6.731025962173049493e-01
-6.731401348128419615e-01
-6.731779874131987862e-01
-6.732162500591156729e-01
-6.732548284652314363e-01
-6.732934991423397131e-01
-6.733319778190288707e-01
-6.733699819705245559e-01
-6.734072783393526551e-01
-6.734437109882901451e-01
-6.734792097420291279e-01
-6.735137822035675015e-01
-6.735474945453926443e-01
-6.735804469434001351e-01
-6.736127490462586742e-01
-6.736444996023110976e-01
-6.736757727002158358e-01
-6.737066113911613918e-01
-6.737370280388103039e-01
-6.737670097647102674e-01
-6.737965268823760123e-01
-6.738255422042186416e-01
-6.738540194544021533e-01
-6.738819295848855750e-01
-6.739092544260505413e-01
-6.739359876843720176e-01
-6.739621337423067349e-01
-6.739877049779552376e-01
-6.740127184023266826e-01
-6.740371923393504439e-01
-6.740611436963251935e-01
-6.740845861445973197e-01
-6.741075293021289161e-01
-6.741299788196194465e-01
-6.741519371429635088e-01
-6.741734046644095590e-01
-6.741943809768881080e-01
-6.742148659955976564e-01
-6.742348607885612077e-01
-6.742543680438862763e-01
-6.742733921794487051e-01
-6.742919391594333067e-01
-6.743100161162848272e-01
-6.743276308861693158e-01
-6.743447915551862293e-01
-6.743615060889224244e-01
-6.743777820868854800e-01
-6.743936266725992779e-01
-6.744090465048176997e-01
-6.744240478783692927e-01
-6.744386368754781147e-01
-6.744528195291191741e-01
-6.744666019669914858e-01
-6.744799905153290309e-01
-6.744929917534207009e-01
-6.745056125201577268e-01
-6.745178598816908844e-01
-6.745297410737116639e-01
-6.745412634329760460e-01
-6.745524343310848048e-01
-6.745632611201128892e-01
-6.745737510954620264e-01
-6.745839114771592371e-01
-6.745937494074681906e-01
-6.746032719604535544e-01
-6.746124861581712651e-01
-6.746213989883316220e-01
-6.746300174192578769e-01
-6.746383484094307104e-01
-6.746463989104847236e-01
-6.746541758639159614e-01
-6.746616861927832165e-01
-6.746689367902531931e-01
-6.746759345069616165e-01
-6.746826861389272345e-01
-6.746891984172740386e-01
-6.746954780004507102e-01
-6.747015314690707477e-01
-6.747073653230570844e-01
-6.747129859804922303e-01
-6.747183997774440778e-01
-6.747236129680789229e-01
-6.747286317245113629e-01
-6.747334621360410178e-01
-6.747381102076362991e-01
-6.747425818577131862e-01
-6.747468829153860925e-01
-6.747510191174443950e-01
-6.747549961053151968e-01
-6.747588194222390312e-01
-6.747624945108192662e-01
-6.747660267110249244e-01
-6.747694212586583529e-01
-6.747726832842397826e-01
-6.747758178122151840e-01
-6.747788297603954932e-01
-6.747817239395281774e-01
-6.747845050529288624e-01
-6.747871776961233969e-01
-6.747897463564882514e-01
-6.747922154128858097e-01
-6.747945891353199777e-01
-6.747968716846453052e-01
-6.747990671123585971e-01
-6.748011793604963282e-01
-6.748032122616585138e-01
-6.748051695391643623e-01
-6.748070548073324959e-01
-6.748088715718817410e-01
-6.748106232304317276e-01
-6.748123130730927510e-01
-6.748139442831196932e-01
-6.748155199376282276e-01
-6.748170430083578752e-01
-6.748185163624768057e-01
-6.748199427634264946e-01
-6.748213248718075707e-01
-6.748226652463055197e-01
-6.748239663446568004e-01
-6.748252305246568161e-01
-6.748264600452084094e-01
-6.748276570674046626e-01
-6.748288236556494457e-01
-6.748299617788013904e-01
-6.748310733113470627e-01
-6.748321600345904558e-01
-6.748332236378580262e-01
-6.748342657197110572e-01
-6.748352877891667934e-01
-6.748362912669211289e-01
-6.748372774865698531e-01
-6.748382476958281195e-01
-6.748392030577421430e-01
-6.748401446518964564e-01
-6.748410734756076224e-01
-6.748419904451062878e-01
-6.748428963967046945e-01
-6.748437920879470919e-01
-6.748446781987373910e-01
-6.748455553324447243e-01
-6.748464240169846917e-01
-6.748472847058736290e-01
-6.748481377792515667e-01
-6.748489835448722163e-01
-6.748498222390623136e-01
-6.748506540276424381e-01
-6.748514790068121938e-01
-6.748522972039980861e-01
-6.748531085786592110e-01
-6.748539130230536420e-01
-6.748547103629622956e-01
-6.748555003583684986e-01
-6.748562827040932577e-01
