-6.748571434842126626e-01
-6.748580757642113070e-01
-6.748590153297878702e-01
-6.748599614900506749e-01
-6.748609135104390866e-01
-6.748618706131235268e-01
-6.748628319773256612e-01
-6.748637967395491044e-01
-6.748647639937301879e-01
-6.748657327913036852e-01
-6.748667021411849376e-01
-6.748676710096709330e-01
-6.748686383202556760e-01
-6.748696029533686191e-01
-6.748705637460310491e-01
-6.748715194914319815e-01
-6.748724689384267839e-01
-6.748734107909611923e-01
-6.748743437074172791e-01
-6.748752662998861451e-01
-6.748761771333708914e-01
-6.748770747249154267e-01
-6.748779575426676614e-01
-6.748788240048756437e-01
-6.748796724788194146e-01
-6.748805012796801339e-01
-6.748813086693488117e-01
-6.748820928551763076e-01
-6.748828519886684862e-01
-6.748835841641270816e-01
-6.748842874172414907e-01
-6.748849597236332709e-01
-6.748855989973542302e-01
-6.748862030893453268e-01
-6.748867697858609294e-01
-6.748872968068563294e-01
-6.748877818043492738e-01
-6.748882223607527431e-01
-6.748886159871875234e-01
-6.748889601217736844e-01
-6.748892521279048484e-01
-6.748894892925099143e-01
-6.748896688243015696e-01
-6.748897878520140337e-01
-6.748898434226393572e-01
-6.748898324996583931e-01
-6.748897519612778728e-01
-6.748895985986795854e-01
-6.748893691142880957e-01
-6.748890601200693284e-01
-6.748886681358627904e-01
-6.748881895877627546e-01
-6.748876208065466287e-01
-6.748869580261582790e-01
-6.748861973822444238e-01
-6.748853349107410970e-01
-6.748843665465060759e-01
-6.748832881219868352e-01
-6.748820953659226962e-01
-6.748807839020791732e-01
-6.748793492480273937e-01
-6.748777868139758107e-01
-6.748760919016890680e-01
-6.748742597035182200e-01
-6.748722853015849399e-01
-6.748701636671463611e-01
-6.748678896601764121e-01
-6.748654580291564287e-01
-6.748628634110767077e-01
-6.748601003316087033e-01
-6.748571632053937952e-01
-6.748540463363801312e-01
-6.748507439181390399e-01
-6.748472500341116120e-01
-6.748435586577524736e-01
-6.748396636526008407e-01
-6.748355587723467996e-01
-6.748312376610249297e-01
-6.748266938535049109e-01
-6.748219207764756256e-01
-6.748169117501049419e-01
-6.748116599905097379e-01
-6.748061586130805756e-01
-6.748004006365871943e-01
-6.747943789878364518e-01
-6.747880865065323253e-01
-6.747815159498667947e-01
-6.747746599963468928e-01
-6.747675112484012860e-01
-6.747600622334886111e-01
-6.747523054036972390e-01
-6.747442331341840793e-01
-6.747358377211999381e-01
-6.747271113808026577e-01
-6.747180462495975251e-01
-6.747086343888637483e-01
-6.746988677931727851e-01
-6.746887384040366475e-01
-6.746782381282803165e-01
-6.746673588598005589e-01
-6.746560925023111777e-01
-6.746444309898131930e-01
-6.746323663010693750e-01
-6.746198904645607231e-01
-6.746069955513838146e-01
-6.745936736553420632e-01
-6.745799168619888153e-01
-6.745657172112607958e-01
-6.745510666611570505e-01
-6.745359570620380607e-01
-6.745203801518956377e-01
-6.745043275817987904e-01
-6.744877909772521996e-01
-6.744707620354087885e-01
-6.744532326504306674e-01
-6.744351950508074012e-01
-6.744166419247286104e-01
-6.743975665045750523e-01
-6.743779625812902356e-01
-6.743578244254613274e-01
-6.743371466051293339e-01
-6.743159237100457837e-01
-6.742941500159520540e-01
-6.742718191463821231e-01
-6.742489238080381364e-01
-6.742254556829646583e-01
-6.742014055513897430e-01
-6.741767636901935257e-01
-6.741515205442415448e-01
-6.741256676064887321e-01
-6.740991983777887553e-01
-6.740721092223039834e-01
-6.740443999044688494e-01
-6.740160736021610921e-01
-6.739871362466414162e-01
-6.739575951433142142e-01
-6.739274569684866600e-01
-6.738967253956396064e-01
-6.738653987513308907e-01
-6.738334682023381372e-01
-6.738009170000962555e-01
-6.737677212320952735e-01
-6.737338523430480564e-01
-6.736992814008196939e-01
-6.736639847238184986e-01
-6.736279501085200572e-01
-6.735911825645954920e-01
-6.735537082555985711e-01
-6.735155753281714119e-01
-6.734768505504384883e-01
-6.734376112000466374e-01
-6.733979324307282077e-01
-6.733578713346423106e-01
-6.733174499753079578e-01
-6.732766406018787508e-01
-6.732353568345494921e-01
-6.731934545860793762e-01
-6.731507456469181250e-01
-6.731070251038457908e-01
-6.730621111447212535e-01
-6.730158926059610636e-01
-6.729683763661143958e-01
-6.729197241063662460e-01
-6.728702668812556187e-01
-6.728204871440791601e-01
-6.727709618502977218e-01
-6.727222670203903965e-01
-6.726748530116403169e-01
-6.726289093239850025e-01
-6.725842460179451976e-01
-6.725402233931145890e-01
-6.724957602519191502e-01
-6.724494423778561991e-01
-6.723997366257657982e-01
-6.723452938238909660e-01
-6.722852989425379677e-01
-6.722198046561770335e-01
-6.721499702673341403e-01
-6.720781273719066418e-01
-6.720076103319412297e-01
-6.719423243227443665e-01
-6.718860733292256748e-01
-6.718417278338931764e-01
-6.718103665596598661e-01
-6.717905662151445467e-01
-6.717780259395411679e-01
-6.717656903317370531e-01
-6.717444732945568875e-01
-6.717045882402657986e-01
-6.716373698891346944e-01
-6.715373470967535008e-01
-6.714042176103821591e-01
-6.712443085061261527e-01
-6.710711019272362909e-01
-6.709044796846818093e-01
-6.707684970124152546e-01
-6.706877267817495936e-01
-6.706824975877863082e-01
-6.707636449753051622e-01
-6.709276559262631334e-01
-6.711532574568653819e-01
-6.714005261349397236e-01
-6.716134305851040320e-01
-6.717263354230241790e-01
-6.716743919467484947e-01
-6.714069556960383656e-01
-6.709022890828453267e-01
-6.701809687215891653e-01
-6.693148136530181480e-01
-6.684280058962239757e-01
-6.676876006363953175e-01
-6.672819551318408537e-01
-6.673877286463667513e-01
-6.681288011385365655e-01
-6.695332940288405421e-01
-6.714972628015618561e-01
-6.737649306153589146e-01
-6.759349823200794249e-01
-6.775000476786247061e-01
-6.779218985560091504e-01
-6.767381541162668102e-01
-6.736878908559015278e-01
-6.688345656252890903e-01
-6.626570519841135098e-01
-6.560762642911173170e-01
-6.503890170460002729e-01
-6.470945559419660764e-01
-6.476218568856120239e-01
-6.529927251286111733e-01
-6.634794342958653113e-01
-6.783287521673320164e-01
-6.956232105471370497e-01
-7.123377361500847771e-01
-7.246314589300214548e-01
-7.283944753718515353e-01
-7.200417098091398405e-01
-6.974938070704311821e-01
-6.611924755486291438e-01
-6.148769489348439032e-01
-5.657616889551171369e-01
-5.238001198272026482e-01
-4.999550423922383691e-01
-5.037641791207653208e-01
-5.408092482032896831e-01
-6.107780912004597829e-01
-7.065781408286386789e-01
-8.145126675120106796e-01
-9.151284335007169313e-01
-9.843498149923270990e-01
-9.951864498728655306e-01
-9.213738382554471640e-01
-7.446459500612798710e-01
-4.653088202875745316e-01
-1.111755403007334692e-01
2.632812067377743315e-01
5.911512447477406118e-01
8.133281835003813853e-01
8.921706626092249515e-01
8.151233707409546447e-01
5.944520679936922125e-01
2.675123284994117001e-01
-1.067819451353897164e-01
-4.614996660098903969e-01
-7.419231602619555943e-01
-9.199003638595667498e-01
-9.948450517643118163e-01
-9.848689203456798547e-01
-9.161893944929405675e-01
-8.158104042949232415e-01
-7.078491141738318948e-01
-6.118167368723745891e-01
-5.414823650253418608e-01
-5.040207179875795251e-01
-4.998246480953620896e-01
-5.233770028017639131e-01
-5.651765579690811725e-01
-6.142646635244957132e-01
-6.606643697719608577e-01
-6.971210287935748484e-01
-7.198511999514621840e-01
-7.283750322905726549e-01
-7.247454138464629603e-01
-7.125340662713224305e-01
-6.958492985234779882e-01
-6.785393701741078143e-01
-6.636424304422453568e-01
-6.530913939022506831e-01
-6.476543200641221576e-01
-6.470707993300566230e-01
-6.503264993585381459e-01
-6.559951406057695777e-01
-6.625759671029805009e-01
-6.687676884586282178e-01
-6.736434722181464663e-01
-6.767185169373166609e-01
-6.779245046259823049e-01
-6.775191662369621781e-01
-6.759634983685923748e-01
-6.737959308635540490e-01
-6.715251760560814187e-01
-6.695545021402051766e-01
-6.681417519509865732e-01
-6.673926614918695988e-01
-6.672803888795793004e-01
-6.676817373396221056e-01
-6.684201778255544069e-01
-6.693070592993436430e-01
-6.701747763277896563e-01
-6.708985048272443352e-01
-6.714058245579319628e-01
-6.716756849132471396e-01
-6.717295155811437990e-01
-6.716178188676310556e-01
-6.714054403292215589e-01
-6.711581113715374691e-01
-6.709320165176637651e-01
-6.707672524822493321e-01
-6.706852573223729408e-01
-6.706896819959593525e-01
-6.707697913220989072e-01
-6.709053158932785088e-01
-6.710717024272829789e-01
-6.712448810422114720e-01
-6.714049290606084464e-01
-6.715383069206520839e-01
-6.716386238475531290e-01
-6.717061218652256027e-01
-6.717462234526287990e-01
-6.717675622587241380e-01
-6.717799125289799500e-01
-6.717923662671213547e-01
-6.718119991775515221e-01
-6.718431411021362765e-01
-6.718872466138194888e-01
-6.719432647515489743e-01
-6.720083449889682203e-01
-6.720786933042771638e-01
-6.721504044874729855e-01
-6.722201359692114853e-01
-6.722855427728372524e-01
-6.723454504354551275e-01
-6.723997924085641786e-01
-6.724493733451993860e-01
-6.724955366361086151e-01
-6.725398142409034774e-01
-6.725836229179890102e-01
-6.726280487543983000e-01
-6.726737371774217378e-01
-6.727208833735844884e-01
-6.727693016966167505e-01
-6.728185438204854485e-01
-6.728680339536348143e-01
-6.729171939203278940e-01
-6.729655391310956913e-01
-6.730127360439835948e-01
-6.730586206197846089e-01
-6.731031840805697941e-01
-6.731465363080074704e-01
-6.731888584575441703e-01
-6.732303553101611771e-01
-6.732712153085483875e-01
-6.733115829666174168e-01
-6.733515451332289237e-01
-6.733911299591918143e-01
-6.734303156459182649e-01
-6.734690452071045996e-01
-6.735072434446099932e-01
-6.735448329169327897e-01
-6.735817466151911015e-01
-6.736179361208644023e-01
-6.736533750100944795e-01
-6.736880580597234269e-01
-6.737219973317742916e-01
-6.737552164522635501e-01
-6.737877443866120419e-01
-6.738196098056415950e-01
-6.738508368059787923e-01
-6.738814423713438417e-01
-6.739114356031161712e-01
-6.739408184603843388e-01
-6.739695875620378418e-01
-6.739977365259219866e-01
-6.740252583433450351e-01
-6.740521473876908143e-01
-6.740784008018413376e-01
-6.741040191672331705e-01
-6.741290064987074393e-01
-6.741533697133113012e-01
-6.741771177777908797e-01
-6.742002607488790655e-01
-6.742228088910345862e-01
-6.742447720015564139e-01
-6.742661590080735179e-01
-6.742869778419593452e-01
-6.743072355432356835e-01
-6.743269385233338076e-01
-6.743460929024569506e-01
-6.743647048452710013e-01
-6.743827808371084531e-01
-6.744003278667706214e-01
-6.744173535059317937e-01
-6.744338658949357024e-01
-6.744498736580607501e-01
-6.744653857774872696e-01
-6.744804114549517449e-01
-6.744949599850997846e-01
-6.745090406568196029e-01
-6.745226626903612077e-01
-6.745358352103800748e-01
-6.745485672492110840e-01
-6.745608677712024992e-01
-6.745727457077520528e-01
-6.745842099934613589e-01
-6.745952695959258616e-01
-6.746059335344882779e-01
-6.746162108861708528e-01
-6.746261107795099576e-01
-6.746356423788103518e-01
-6.746448148623483965e-01
-6.746536373982331414e-01
-6.746621191212066604e-01
-6.746702691127977047e-01
-6.746780963861800373e-01
-6.746856098760621867e-01
-6.746928184330786005e-01
-6.746997308215879618e-01
-6.747063557195234207e-01
-6.747127017189563647e-01
-6.747187773262661725e-01
-6.747245909611705450e-01
-6.747301509542593667e-01
-6.747354655430440884e-01
-6.747405428667988536e-01
-6.747453909606508926e-01
-6.747500177494166751e-01
-6.747544310416581093e-01
-6.747586385243147244e-01
-6.747626477581437632e-01
-6.747664661740452319e-01
-6.747701010702336077e-01
-6.747735596101198663e-01
-6.747768488207278592e-01
-6.747799755914457576e-01
-6.747829466729429182e-01
-6.747857686761293827e-01
-6.747884480710748534e-01
-6.747909911858782639e-01
-6.747934042054988257e-01
-6.747956931706158290e-01
-6.747978639765781494e-01
-6.747999223725166251e-01
-6.748018739606734817e-01
-6.748037241959844446e-01
-6.748054783859257499e-01
-6.748071416906182840e-01
-6.748087191231673110e-01
-6.748102155502008204e-01
-6.748116356925699666e-01
-6.748129841261838457e-01
-6.748142652829488553e-01
-6.748154834517977596e-01
-6.748166427798018008e-01
-6.748177472733611904e-01
-6.748188007994819770e-01
-6.748198070871467280e-01
-6.748207697287771367e-01
-6.748216921817972169e-01
-6.748225777702976380e-01
-6.748234296867928750e-01
-6.748242509940695077e-01
-6.748250446271139014e-01
-6.748258133951097193e-01
-6.748265599834989414e-01
-6.748272869560919540e-01
-6.748279967572252680e-01
-6.748286917139539876e-01
-6.748293740382770300e-01
-6.748300458293905457e-01
-6.748307090759636528e-01
-6.748313656584357112e-01
-6.748320173513291387e-01
-6.748326658255746624e-01
-6.748333126508456736e-01
-6.748339592978963575e-01
-6.748346071408984903e-01
-6.748352574597746845e-01
-6.748359114425201977e-01
-6.748365701875125300e-01
-6.748372347057975951e-01
-6.748379059233555743e-01
-6.748385846833362400e-01
-6.748392717482625258e-01
-6.748399678021996806e-01
-6.748406734528852313e-01
-6.748413892338178677e-01
-6.748421156062978099e-01
-6.748428529614226568e-01
-6.748436016220289435e-01
-6.748443618445812975e-01
-6.748451338210048611e-01
-6.748459176804567639e-01
-6.748467134910376419e-01
-6.748475212614366558e-01
-6.748483409425120039e-01
-6.748491724288009364e-01
-6.748500155599579386e-01
-6.748508701221225259e-01
-6.748517358492096552e-01
-6.748526124241270852e-01
-6.748534994799129105e-01
-6.748543966007967132e-01
-6.748553033231785570e-01
-6.748562191365301555e-01
