-6.748576783546104130e-01
-6.748585035038651148e-01
-6.748593266229995224e-01
-6.748601471040884814e-01
-6.748609642826357558e-01
-6.748617774379485068e-01
-6.748625857934499317e-01
-6.748633885169308400e-01
-6.748641847207392797e-01
-6.748649734619104334e-01
-6.748657537422381170e-01
-6.748665245082842157e-01
-6.748672846513285029e-01
-6.748680330072598377e-01
-6.748687683564097428e-01
-6.748694894233239205e-01
-6.748701948764779246e-01
-6.748708833279342123e-01
-6.748715533329426863e-01
-6.748722033894908323e-01
-6.748728319377989004e-01
-6.748734373597696790e-01
-6.748740179783900839e-01
-6.748745720570902273e-01
-6.748750977990629618e-01
-6.748755933465419021e-01
-6.748760567800410337e-01
-6.748764861175564622e-01
-6.748768793137295274e-01
-6.748772342589729467e-01
-6.748775487785590999e-01
-6.748778206316748962e-01
-6.748780475104453336e-01
-6.748782270389287463e-01
-6.748783567720934018e-01
-6.748784341947807741e-01
-6.748784567206610463e-01
-6.748784216911917211e-01
-6.748783263745803396e-01
-6.748781679647578580e-01
-6.748779435803611282e-01
-6.748776502637244823e-01
-6.748772849798746476e-01
-6.748768446155288814e-01
-6.748763259780854451e-01
-6.748757257946110810e-01
-6.748750407108214944e-01
-6.748742672900612805e-01
-6.748734020122972854e-01
-6.748724412731355038e-01
-6.748713813828882691e-01
-6.748702185657040609e-01
-6.748689489587914592e-01
-6.748675686117471262e-01
-6.748660734860041366e-01
-6.748644594544054298e-01
-6.748627223008895060e-01
-6.748608577202719339e-01
-6.748588613180878104e-01
-6.748567286104543150e-01
-6.748544550239067297e-01
-6.748520358951635156e-01
-6.748494664707890278e-01
-6.748467419067500916e-01
-6.748438572678931990e-01
-6.748408075274198170e-01
-6.748375875664904822e-01
-6.748341921741246585e-01
-6.748306160475922022e-01
-6.748268537934846156e-01
-6.748228999296047581e-01
-6.748187488876996598e-01
-6.748143950169159799e-01
-6.748098325876643599e-01
-6.748050557953917394e-01
-6.748000587636123759e-01
-6.747948355455029024e-01
-6.747893801234732258e-01
-6.747836864064103990e-01
-6.747777482247770964e-01
-6.747715593243633903e-01
-6.747651133601706430e-01
-6.747584038924733241e-01
-6.747514243874016548e-01
-6.747441682241985816e-01
-6.747366287105467375e-01
-6.747287991059238710e-01
-6.747206726510150965e-01
-6.747122425990120798e-01
-6.747035022426624007e-01
-6.746944449297390678e-01
-6.746850640598015536e-01
-6.746753530571635293e-01
-6.746653053190603266e-01
-6.746549141438352715e-01
-6.746441726507333980e-01
-6.746330737092185448e-01
-6.746216098999083810e-01
-6.746097735293530295e-01
-6.745975567154995911e-01
-6.745849515491414428e-01
-6.745719503196058175e-01
-6.745585457727609757e-01
-6.745447313500626541e-01
-6.745305013440238140e-01
-6.745158509036771610e-01
-6.745007758378783747e-01
-6.744852721967052878e-01
-6.744693356599403833e-01
-6.744529608200149351e-01
-6.744361405034793311e-01
-6.744188653150484658e-01
-6.744011235956900441e-01
-6.743829019479812281e-01
-6.743641863921007173e-01
-6.743449640794656474e-01
-6.743252253268319230e-01
-6.743049655737507475e-01
-6.742841867524047572e-01
-6.742628975351948606e-01
-6.742411120280821235e-01
-6.742188467226800652e-01
-6.741961158928664322e-01
-6.741729260705904281e-01
-6.741492706727562068e-01
-6.741251261630676339e-01
-6.741004512005742688e-01
-6.740751899543163672e-01
-6.740492801092907715e-01
-6.740226650937127806e-01
-6.739953088603787279e-01
-6.739672103899091438e-01
-6.739384142509957654e-01
-6.739090133649282555e-01
-6.738791408288186124e-01
-6.738489493602815017e-01
-6.738185795264862721e-01
-6.737881210476232008e-01
-6.737575745097965640e-01
-6.737268230073960584e-01
-6.736956237541565917e-01
-6.736636279123120463e-01
-6.736304325190902720e-01
-6.735956617207243813e-01
-6.735590664900180657e-01
-6.735206241596158883e-01
-6.734806134327396832e-01
-6.734396390894998863e-01
-6.733985850295332032e-01
-6.733584852780304386e-01
-6.733203194309449469e-01
-6.732847593766175809e-01
-6.732519140878505670e-01
-6.732211338361198116e-01
-6.731909391683974508e-01
-6.731591292747236555e-01
-6.731230971845230115e-01
-6.730803372719638134e-01
-6.730290796373771256e-01
-6.729689357742910660e-01
-6.729014029303496125e-01
-6.728300635922778161e-01
-6.727603419081380487e-01
-6.726987451463727341e-01
-6.726516214096964763e-01
-6.726235905572387486e-01
-6.726159297965400574e-01
-6.726252882499541563e-01
-6.726431344578946980e-01
-6.726562819676390470e-01
-6.726486796399061552e-01
-6.726044045117410830e-01
-6.725114896000253806e-01
-6.723659135901904893e-01
-6.721748468593954362e-01
-6.719581653459174575e-01
-6.717473734677722463e-01
-6.715814498489155460e-01
-6.714997251993245486e-01
-6.715326404818383610e-01
-6.716919781334456108e-01
-6.719627327720610888e-01
-6.722990071080954255e-01
-6.726260360515555758e-01
-6.728495882713773080e-01
-6.728726131569601199e-01
-6.726172652618305214e-01
-6.720486467280140097e-01
-6.711951582240334169e-01
-6.701596815676544860e-01
-6.691163305167626696e-01
-6.682894391094633679e-01
-6.679147630092957533e-01
-6.681871243050895304e-01
-6.692031299100092978e-01
-6.709110818834258527e-01
-6.730817114140137392e-01
-6.753121202778994414e-01
-6.770710058371889328e-01
-6.777861328935872454e-01
-6.769658515341522298e-01
-6.743364456737140911e-01
-6.699679492978565243e-01
-6.643551532128617598e-01
-6.584207522147131897e-01
-6.534166406168621100e-01
-6.507182253578438491e-01
-6.515329321267929741e-01
-6.565716455533652240e-01
-6.657522619842408673e-01
-6.780107291082445586e-01
-6.912845351983025743e-01
-7.027099544320136726e-01
-7.090436136277827872e-01
-7.072844630791768061e-01
-6.954306142849754346e-01
-6.732501534380230801e-01
-6.428792507007287105e-01
-6.090125668471464415e-01
-5.784708705775627458e-01
-5.590608460649064693e-01
-5.578681949072161750e-01
-5.793585580867035567e-01
-6.237799720249476154e-01
-6.862899171802911980e-01
-7.569978211446887206e-01
-8.218573197209588788e-01
-8.642509158319239271e-01
-8.672885166555649450e-01
-8.171290592706293987e-01
-7.075423228849881951e-01
-5.449598156384554137e-01
-3.516578342544430802e-01
-1.639449919440309766e-01
-2.394845468336755101e-02
3.275865273205869066e-02
-1.108873828729524912e-02
-1.476937889635253631e-01
-3.449180866693301595e-01
-5.542582280485022217e-01
-7.230909938412134474e-01
-8.062899419064207818e-01
-7.740743015242388392e-01
-6.170160003779503466e-01
-3.499841730632157200e-01
-1.268532614086831725e-02
3.385431964309077446e-01
6.481239652220505132e-01
8.791930355693156063e-01
1.021355818847969221e+00
1.086298857355673775e+00
1.097093538397971191e+00
1.077995759125149666e+00
1.048239472169490316e+00
1.019922953962689283e+00
9.987628495925519045e-01
9.862787097370898648e-01
9.821906017671802047e-01
9.861870242984890345e-01
9.985733170052154550e-01
1.019637693293112601e+00
1.047894121686337776e+00
1.077688041644962125e+00
1.097003344588632467e+00
1.086683984118959279e+00
1.022506587957130675e+00
8.813356057395618226e-01
6.512877786440822714e-01
3.424575266430517351e-01
-8.580620535926244963e-03
-3.463789134244492640e-01
-6.145006097808904943e-01
-7.729801515421838021e-01
-8.066507910246540902e-01
-7.246756479943776696e-01
-5.566191717605938338e-01
-3.474600056888417221e-01
-1.497899569166164513e-01
-1.223316219234184959e-02
3.281990076524253508e-02
-2.273746914624841589e-02
-1.619143436401276892e-01
-3.492960290913104116e-01
-5.427596965043716137e-01
-7.058687262617751035e-01
-8.161564111233816643e-01
-8.670130704781653375e-01
-8.645453137559522272e-01
-8.225309189587847181e-01
-7.578441871716489198e-01
-6.871200568698436761e-01
-6.244457382400793177e-01
-5.797683040377358266e-01
-5.579932455091713983e-01
-5.589308204512234424e-01
-5.781583732502866280e-01
-6.086111340103247391e-01
-6.424805119077079407e-01
-6.729258683604872893e-01
-6.952229019531979137e-01
-7.072045050942733502e-01
-7.090768137517836633e-01
-7.028246380402413118e-01
-6.914415326035531217e-01
-6.781719559778081052e-01
-6.658871751919556159e-01
-6.566610398178382990e-01
-6.515700003169428989e-01
-6.507072083971319199e-01
-6.533697380580902880e-01
-6.583541824407128651e-01
-6.642852765174402929e-01
-6.699081915569717882e-01
-6.742954493064027277e-01
-6.769469368746269256e-01
-6.777878710798227457e-01
-6.770885361373086830e-01
-6.753387953475349370e-01
-6.731106966830634475e-01
-6.709366331377348835e-01
-6.692213931504620295e-01
-6.681964197042217224e-01
-6.679154133310868380e-01
-6.682832711388961844e-01
-6.691060102148131961e-01
-6.701480404407816893e-01
-6.711846366660491059e-01
-6.720409313191524348e-01
-6.726131441496040475e-01
-6.728720278977413649e-01
-6.728518291144619523e-01
-6.726300132102620566e-01
-6.723035317545786871e-01
-6.719667544156335826e-01
-6.716947446773871011e-01
-6.715337686251947602e-01
-6.714991878158531602e-01
-6.715795006891878138e-01
-6.717444366345103335e-01
-6.719547175659977833e-01
-6.721713158632806051e-01
-6.723626078837092734e-01
-6.725085657678872009e-01
-6.726018698774229865e-01
-6.726464220030108354e-01
-6.726541149125968566e-01
-6.726408463551021288e-01
-6.726226849987229084e-01
-6.726128647251835568e-01
-6.726199787550871667e-01
-6.726474392871046870e-01
-6.726940186135700328e-01
-6.727551279454926370e-01
-6.728244301584478393e-01
-6.728954113548034632e-01
-6.729626283755695271e-01
-6.730224737014136593e-01
-6.730734250676956298e-01
-6.731158506305938705e-01
-6.731515073139414662e-01
-6.731828958453726086e-01
-6.732126254051523651e-01
-6.732429040485224947e-01
-6.732752209799122145e-01
-6.733102357794729098e-01
-6.733478475655743090e-01
-6.733873896856032992e-01
-6.734278846198770152e-01
-6.734682976183798964e-01
-6.735077420543116311e-01
-6.735456094053833276e-01
-6.735816171594537494e-01
-6.736157848506122425e-01
-6.736483594955395837e-01
-6.736797161983276716e-01
-6.737102583087111185e-01
-6.737403358858758962e-01
-6.737701933893711637e-01
-6.737999494766575559e-01
-6.738296050951827487e-01
-6.738590716569820005e-01
-6.738882092642031196e-01
-6.739168654488044696e-01
-6.739449070590530777e-01
-6.739722409643931211e-01
-6.739988223798735190e-01
-6.740246522201118751e-01
-6.740497666128781873e-01
-6.740742224215164891e-01
-6.740980824474603894e-01
-6.741214031578771637e-01
-6.741442266209353162e-01
-6.741665771330553891e-01
-6.741884620237381665e-01
-6.742098754646503878e-01
-6.742308038324921204e-01
-6.742512312391123475e-01
-6.742711441518575155e-01
-6.742905344634638753e-01
-6.743094008201873102e-01
-6.743277483910757875e-01
-6.743455875081814099e-01
-6.743629317119723687e-01
-6.743797957140371668e-01
-6.743961936761767584e-01
-6.744121380453300674e-01
-6.744276390193635340e-01
-6.744427045818288668e-01
-6.744573409532252928e-01
-6.744715532673919434e-01
-6.744853462885612716e-01
-6.744987250242947541e-01
-6.745116951461052057e-01
-6.745242631880715711e-01
-6.745364365426834707e-01
-6.745482233057960020e-01
-6.745596320370970123e-01
-6.745706715008372711e-01
-6.745813504383544323e-01
-6.745916774045850328e-01
-6.746016606805509408e-01
-6.746113082567112285e-01
-6.746206278704404147e-01
-6.746296270754262858e-01
-6.746383133208606608e-01
-6.746466940224304931e-01
-6.746547766134244339e-01
-6.746625685710625486e-01
-6.746700774189806626e-01
-6.746773107109198531e-01
-6.746842760027377262e-01
-6.746909808200779457e-01
-6.746974326278651901e-01
-6.747036388058272882e-01
-6.747096066320508179e-01
-6.747153432746315627e-01
-6.747208557900531423e-01
-6.747261511261390954e-01
-6.747312361272413961e-01
-6.747361175396132671e-01
-6.747408020154710417e-01
-6.747452961149414952e-01
-6.747496063057022431e-01
-6.747537389606117486e-01
-6.747577003539179108e-01
-6.747614966567420103e-01
-6.747651339324872710e-01
-6.747686181326805199e-01
-6.747719550935653565e-01
-6.747751505335746192e-01
-6.747782100516536152e-01
-6.747811391263029979e-01
-6.747839431151506639e-01
-6.747866272548586064e-01
-6.747891966611925252e-01
-6.747916563291256331e-01
-6.747940111329032709e-01
-6.747962658260314717e-01
-6.747984250412008000e-01
-6.748004932901739972e-01
-6.748024749636815089e-01
-6.748043743313725251e-01
-6.748061955418676039e-01
-6.748079426229390831e-01
-6.748096194818443694e-01
-6.748112299058216523e-01
-6.748127775627382752e-01
-6.748142660018837669e-01
-6.748156986548933256e-01
-6.748170788367678918e-01
-6.748184097469810405e-01
-6.748196944706436051e-01
-6.748209359797167073e-01
-6.748221371342593145e-01
-6.748233006837018877e-01
-6.748244292681486733e-01
-6.748255254197066400e-01
-6.748265915638481660e-01
-6.748276300208108092e-01
-6.748286430070322695e-01
-6.748296326366317599e-01
-6.748306009229226854e-01
-6.748315497799681761e-01
-6.748324810241573823e-01
-6.748333963758088583e-01
-6.748342974607831612e-01
-6.748351858121026670e-01
-6.748360628715707188e-01
-6.748369299913813402e-01
-6.748377884357168455e-01
-6.748386393823347928e-01
-6.748394839241359522e-01
-6.748403230707148426e-01
-6.748411577498945046e-01
-6.748419888092378471e-01
-6.748428170175407859e-01
-6.748436430662998475e-01
-6.748444675711541274e-01
-6.748452910732941623e-01
-6.748461140408423820e-01
-6.748469368701907056e-01
-6.748477598873019456e-01
-6.748485833489661356e-01
-6.748494074440101187e-01
-6.748502322944611720e-01
-6.748510579566592282e-01
-6.748518844223201363e-01
-6.748527116195461861e-01
-6.748535394137862298e-01
-6.748543676087411791e-01
-6.748551959472135486e-01
-6.748560241119050396e-01
-6.748568517261531730e-01
