-6.748576946160591561e-01
-6.748585249841455580e-01
-6.748593538666358693e-01
-6.748601806514695767e-01
-6.748610046705955101e-01
-6.748618252003454332e-01
-6.748626414617482361e-01
-6.748634526207789586e-01
-6.748642577885476390e-01
-6.748650560214238814e-01
-6.748658463211042458e-01
-6.748666276346163562e-01
-6.748673988542630564e-01
-6.748681588175092783e-01
-6.748689063068035177e-01
-6.748696400493454650e-01
-6.748703587167913520e-01
-6.748710609248997905e-01
-6.748717452331205457e-01
-6.748724101441270218e-01
-6.748730541032958996e-01
-6.748736754981390362e-01
-6.748742726576839601e-01
-6.748748438518122894e-01
-6.748753872905579598e-01
-6.748759011233658178e-01
-6.748763834383116889e-01
-6.748768322612851422e-01
-6.748772455551349525e-01
-6.748776212187759249e-01
-6.748779570862565302e-01
-6.748782509257884588e-01
-6.748785004387428677e-01
-6.748787032586136547e-01
-6.748788569499583057e-01
-6.748789590073229760e-01
-6.748790068541572484e-01
-6.748789978417361057e-01
-6.748789292480869006e-01
-6.748787982769328675e-01
-6.748786020566495125e-01
-6.748783376392358813e-01
-6.748780019992920431e-01
-6.748775920329930234e-01
-6.748771045570557403e-01
-6.748765363076867363e-01
-6.748758839395194720e-01
-6.748751440245336353e-01
-6.748743130509829991e-01
-6.748733874223451501e-01
-6.748723634563209561e-01
-6.748712373839163003e-01
-6.748700053486295092e-01
-6.748686634057704525e-01
-6.748672075219144251e-01
-6.748656335744949164e-01
-6.748639373515049611e-01
-6.748621145512742059e-01
-6.748601607822702908e-01
-6.748580715628734739e-01
-6.748558423210738733e-01
-6.748534683940595746e-01
-6.748509450276907184e-01
-6.748482673758948724e-01
-6.748454305000600728e-01
-6.748424293685348907e-01
-6.748392588563952854e-01
-6.748359137456266810e-01
-6.748323887258765863e-01
-6.748286783958695745e-01
-6.748247772655054932e-01
-6.748206797585467598e-01
-6.748163802156764701e-01
-6.748118728975860403e-01
-6.748071519876606139e-01
-6.748022115938003829e-01
-6.747970457489751439e-01
-6.747916484102706169e-01
-6.747860134564626078e-01
-6.747801346845139214e-01
-6.747740058058001589e-01
-6.747676204432354607e-01
-6.747609721307245012e-01
-6.747540543163762505e-01
-6.747468603706378021e-01
-6.747393835998257705e-01
-6.747316172645408949e-01
-6.747235546011751683e-01
-6.747151888434343991e-01
-6.747065132396999898e-01
-6.746975210615719920e-01
-6.746882055993353999e-01
-6.746785601416493972e-01
-6.746685779395222848e-01
-6.746582521584040260e-01
-6.746475758264640632e-01
-6.746365417909799822e-01
-6.746251426971777709e-01
-6.746133710037103270e-01
-6.746012190453201107e-01
-6.745886791457373910e-01
-6.745757437729017481e-01
-6.745624057156159870e-01
-6.745486582481472482e-01
-6.745344952403897754e-01
-6.745199111694033522e-01
-6.745049009965499165e-01
-6.744894598945360142e-01
-6.744735828397184774e-01
-6.744572641232302601e-01
-6.744404968729632577e-01
-6.744232727078229850e-01
-6.744055816555231120e-01
-6.743874124462583275e-01
-6.743687532415888475e-01
-6.743495927719912464e-01
-6.743299217476478313e-01
-6.743097342940452821e-01
-6.742890290732340697e-01
-6.742678097131885595e-01
-6.742460842088797701e-01
-6.742238630963787172e-01
-6.742011564343864949e-01
-6.741779699309571328e-01
-6.741543008757840960e-01
-6.741301348072964439e-01
-6.741054439745953752e-01
-6.740801885683778139e-01
-6.740543213410653545e-01
-6.740277956120970249e-01
-6.740005758236216060e-01
-6.739726489109185703e-01
-6.739440339797889701e-01
-6.739147873731240468e-01
-6.738850003816178047e-01
-6.738547877584450951e-01
-6.738242668516923883e-01
-6.737935294083227111e-01
-6.737626105676726151e-01
-6.737314617152988516e-01
-6.736999350766320616e-01
-6.736677875902181700e-01
-6.736347092964360961e-01
-6.736003771462879541e-01
-6.735645291947485180e-01
-6.735270475453207784e-01
-6.734880325743315410e-01
-6.734478475655056862e-01
-6.734071135371776373e-01
-6.733666398632444094e-01
-6.733272874670166441e-01
-6.732897768340267985e-01
-6.732544703829079769e-01
-6.732211741737291755e-01
-6.731890131579365555e-01
-6.731564330024036868e-01
-6.731213670384083025e-01
-6.730815785520336547e-01
-6.730351491296185928e-01
-6.729810393344508590e-01
-6.729196079546798659e-01
-6.728529515222679835e-01
-6.727849274326358486e-01
-6.727207593087108917e-01
-6.726661938119492534e-01
-6.726262773381698201e-01
-6.726039334231662670e-01
-6.725986238742944767e-01
-6.726054408582523569e-01
-6.726149766554916365e-01
-6.726142335765691316e-01
-6.725886642691405459e-01
-6.725251878269429273e-01
-6.724157471551310827e-01
-6.722607147757074797e-01
-6.720712861240814018e-01
-6.718699885620000867e-01
-6.716886300643720720e-01
-6.715634276258218849e-01
-6.715276559768510456e-01
-6.716028505739268795e-01
-6.717902442079425329e-01
-6.720645449887640011e-01
-6.723722115109481701e-01
-6.726359313265318773e-01
-6.727660287811452200e-01
-6.726780980827853362e-01
-6.723144816661739132e-01
-6.716656113008651063e-01
-6.707860983456037651e-01
-6.698002142075203391e-01
-6.688923774206110284e-01
-6.682805980210460017e-01
-6.681743517511441466e-01
-6.687225247106830528e-01
-6.699610135311692138e-01
-6.717722532120794510e-01
-6.738694297112651777e-01
-6.758158154481069824e-01
-6.770844433322260603e-01
-6.771556372004479130e-01
-6.756406513334898278e-01
-6.724102183341175154e-01
-6.676990998115290843e-01
-6.621543075809146472e-01
-6.567982832604666310e-01
-6.528909726060531105e-01
-6.516960802240522321e-01
-6.541830376353083842e-01
-6.607204110228195315e-01
-6.708308396105769900e-01
-6.830769762748839513e-01
-6.951322355818176923e-01
-7.040639286732929270e-01
-7.068246807726579206e-01
-7.009116686546190689e-01
-6.851075733799116829e-01
-6.601593695843350762e-01
-6.291937823685486153e-01
-5.976479306052587814e-01
-5.725572937950532681e-01
-5.612100205587611246e-01
-5.694023723024884687e-01
-5.997130084428076158e-01
-6.502525169353468026e-01
-7.142074251060802625e-01
-7.802566316546887260e-01
-8.337479478767209073e-01
-8.585376387290062361e-01
-8.396189291981411840e-01
-7.668111777546428032e-01
-6.393598410109266883e-01
-4.700906952939135630e-01
-2.864848012489810691e-01
-1.262670957819434225e-01
-2.763383923077255763e-02
-1.744238168461549263e-02
-1.019022916553930097e-01
-2.631483383790260144e-01
-4.629588239170768227e-01
-6.523207451413589597e-01
-7.829967633724138620e-01
-8.169079970489834253e-01
-7.322472038438723185e-01
-5.282139196709122464e-01
-2.286378479405740405e-01
1.198708065425668629e-01
4.598052025635347428e-01
7.415886497962860258e-01
9.382876362191127084e-01
1.048492640760505967e+00
1.088919491415418328e+00
1.083550644866169588e+00
1.055089499383166318e+00
1.020637507928991772e+00
9.909114606063518238e-01
9.715088800333476771e-01
9.647834839094221460e-01
9.713381550073589832e-01
9.905864502426763307e-01
1.020204818398430691e+00
1.054648773531180028e+00
1.083276931076898153e+00
1.089069382461862023e+00
1.049374535001888153e+00
9.401800688410819618e-01
7.446098618543997016e-01
4.637841306564262078e-01
1.243074777276655940e-01
-2.244540960642979199e-01
-5.249684877339655387e-01
-7.303916838501317566e-01
-8.165791079458937229e-01
-7.840419317454789816e-01
-6.543570238109103210e-01
-4.654376819848202729e-01
-2.654497927765855914e-01
-1.034694106972454813e-01
-1.791903840458889535e-02
-2.694977724612887537e-02
-1.246382244745870282e-01
-2.843297736925282093e-01
-4.678935147497320091e-01
-6.375299308488023842e-01
-7.655940915235496247e-01
-8.390799490823125373e-01
-8.586000981761585660e-01
-8.342509113059015657e-01
-7.810063737324399735e-01
-7.150149307905792062e-01
-6.509594610943888471e-01
-6.002094408365865608e-01
-5.696362376957695428e-01
-5.611868847946112071e-01
-5.723298086046832989e-01
-5.972974132644500722e-01
-6.288087510037562167e-01
-6.598165154966628698e-01
-6.848592257060447386e-01
-7.007811921257006693e-01
-7.068087805862965922e-01
-7.041394534130698268e-01
-6.952648823001591483e-01
-6.832298361401808462e-01
-6.709714327001575773e-01
-6.608254581393833149e-01
-6.542406802233025065e-01
-6.517056576329508522e-01
-6.528608273729102907e-01
-6.567423431249810317e-01
-6.620883138728571593e-01
-6.676372781458371763e-01
-6.723629489990764485e-01
-6.756133770953868245e-01
-6.771489425022867437e-01
-6.770950219139916237e-01
-6.758379401572240930e-01
-6.738965376462985324e-01
-6.717983305330426091e-01
-6.699815734187066774e-01
-6.687350907867755101e-01
-6.681784667696764046e-01
-6.682774591537353759e-01
-6.688842463820036111e-01
-6.697897607514035068e-01
-6.707758140937060132e-01
-6.716573877012701477e-01
-6.723093940472083530e-01
-6.726763894559698587e-01
-6.727672510194395716e-01
-6.726391817371248916e-01
-6.723763994272472511e-01
-6.720686325168409025e-01
-6.717934228057546031e-01
-6.716046356210962909e-01
-6.715279005382240873e-01
-6.715622711289905844e-01
-6.716864059983554958e-01
-6.718671173999095636e-01
-6.720681764856831775e-01
-6.722576891351148554e-01
-6.724130001925344713e-01
-6.725227776789787226e-01
-6.725865308215900340e-01
-6.726122343002634008e-01
-6.726129294187283003e-01
-6.726031642641189245e-01
-6.725959682671341922e-01
-6.726007989742086579e-01
-6.726226188079404977e-01
-6.726620141310516443e-01
-6.727160956968982752e-01
-6.727798343143509552e-01
-6.728474841276783636e-01
-6.729138094891390365e-01
-6.729749332847378973e-01
-6.730287369654173180e-01
-6.730748420186721814e-01
-6.731142735645880837e-01
-6.731489425024103079e-01
-6.731810846409023164e-01
-6.732127709727623310e-01
-6.732455633485927571e-01
-6.732803453699903740e-01
-6.733173187189839259e-01
-6.733561266479886065e-01
-6.733960516983231726e-01
-6.734362333903864961e-01
-6.734758607456065027e-01
-6.735143098884669444e-01
-6.735512142706037153e-01
-6.735864705668186403e-01
-6.736201945347598530e-01
-6.736526470178642034e-01
-6.736841509827363739e-01
-6.737150171253369901e-01
-6.737454897614424398e-01
-6.737757181178773980e-01
-6.738057521846660958e-01
-6.738355579324325495e-01
-6.738650443694549352e-01
-6.738940945508467006e-01
-6.739225938458379694e-01
-6.739504509149489841e-01
-6.739776093134884905e-01
-6.740040498836623595e-01
-6.740297857603655407e-01
-6.740548527299669024e-01
-6.740792978622154319e-01
-6.741031689309514574e-01
-6.741265063699706239e-01
-6.741493386095778195e-01
-6.741716808067850231e-01
-6.741935363548309246e-01
-6.742149002004534930e-01
-6.742357629084868575e-01
-6.742561145419769808e-01
-6.742759476936978080e-01
-6.742952593273426887e-01
-6.743140513905647726e-01
-6.743323303961525905e-01
-6.743501063065561185e-01
-6.743673910992837861e-01
-6.743841973531579104e-01
-6.744005371052177455e-01
-6.744164211152071653e-01
-6.744318585655294518e-01
-6.744468571383042121e-01
-6.744614233576896600e-01
-6.744755630662546686e-01
-6.744892819136915074e-01
-6.745025857653205170e-01
-6.745154809762592407e-01
-6.745279745153966999e-01
-6.745400739544917812e-01
-6.745517873579915946e-01
-6.745631231177305898e-01
-6.745740897750193144e-01
-6.745846958637841118e-01
-6.745949497958630969e-01
-6.746048597965550453e-01
-6.746144338874958679e-01
-6.746236799063923817e-01
-6.746326055494233920e-01
-6.746412184219442443e-01
-6.746495260855013276e-01
-6.746575360930243681e-01
-6.746652560083093997e-01
-6.746726934096827222e-01
-6.746798558805287005e-01
-6.746867509909291183e-01
-6.746933862750955635e-01
-6.746997692087742804e-01
-6.747059071897381077e-01
-6.747118075231649525e-01
-6.747174774124448104e-01
-6.747229239549344948e-01
-6.747281541415262041e-01
-6.747331748585770894e-01
-6.747379928907836222e-01
-6.747426149238147097e-01
-6.747470475458999806e-01
-6.747512972479693394e-01
-6.747553704223058224e-01
-6.747592733599507842e-01
-6.747630122472676462e-01
-6.747665931621247282e-01
-6.747700220701340346e-01
-6.747733048212886109e-01
-6.747764471472216252e-01
-6.747794546591833198e-01
-6.747823328467162929e-01
-6.747850870769398490e-01
-6.747877225942860990e-01
-6.747902445205380406e-01
-6.747926578550149657e-01
-6.747949674747922844e-01
-6.747971781348762743e-01
-6.747992944683008920e-01
-6.748013209861531969e-01
-6.748032620775591406e-01
-6.748051220096747960e-01
-6.748069049277424236e-01
-6.748086148552580044e-01
-6.748102556942867647e-01
-6.748118312259523410e-01
-6.748133451111000269e-01
-6.748148008911256657e-01
-6.748162019889508700e-01
-6.748175517101133725e-01
-6.748188532439435283e-01
-6.748201096648003272e-01
-6.748213239333469282e-01
-6.748224988978488437e-01
-6.748236372954885542e-01
-6.748247417537009962e-01
-6.748258147915280336e-01
-6.748268588210084573e-01
-6.748278761486027344e-01
-6.748288689766617221e-01
-6.748298394049414561e-01
-6.748307894321603495e-01
-6.748317209575948050e-01
-6.748326357827079125e-01
-6.748335356127943552e-01
-6.748344220586385278e-01
-6.748352966381738760e-01
-6.748361607781345750e-01
-6.748370158157004361e-01
-6.748378630001221623e-01
-6.748387034943359453e-01
-6.748395383765557476e-01
-6.748403686418528169e-01
-6.748411952037162154e-01
-6.748420188955934762e-01
-6.748428404724109431e-01
-6.748436606120707948e-01
-6.748444799169195374e-01
-6.748452989151887405e-01
-6.748461180623954725e-01
-6.748469377427056548e-01
-6.748477582702562261e-01
-6.748485798904290123e-01
-6.748494027810795215e-01
-6.748502270537155567e-01
-6.748510527546248694e-01
-6.748518798659529638e-01
-6.748527083067288324e-01
-6.748535379338352902e-01
-6.748543685429291283e-01
-6.748551998693020915e-01
-6.748560315886872329e-01
-6.748568633180067611e-01
