-6.748576931454609573e-01
-6.748585524753868414e-01
-6.748594131638215865e-01
-6.748602745758984778e-01
-6.748611360240693857e-01
-6.748619967684897913e-01
-6.748628560173366431e-01
-6.748637129270586010e-01
-6.748645666025532286e-01
-6.748654160972791249e-01
-6.748662604132964482e-01
-6.748670985012426016e-01
-6.748679292602342006e-01
-6.748687515377104207e-01
-6.748695641292039582e-01
-6.748703657780507070e-01
-6.748711551750344873e-01
-6.748719309579697123e-01
-6.748726917112252144e-01
-6.748734359651865633e-01
-6.748741621956636516e-01
-6.748748688232366622e-01
-6.748755542125506324e-01
-6.748762166715543964e-01
-6.748768544506882350e-01
-6.748774657420193446e-01
-6.748780486783325649e-01
-6.748786013321718125e-01
-6.748791217148423227e-01
-6.748796077753727030e-01
-6.748800573994420127e-01
-6.748804684082760907e-01
-6.748808385575141289e-01
-6.748811655360482664e-01
-6.748814469648374281e-01
-6.748816803957038424e-01
-6.748818633101000275e-01
-6.748819931178636766e-01
-6.748820671559526696e-01
-6.748820826871689826e-01
-6.748820368988713847e-01
-6.748819269016884670e-01
-6.748817497282351141e-01
-6.748815023318388562e-01
-6.748811815852836515e-01
-6.748807842795749856e-01
-6.748803071227285066e-01
-6.748797467385848625e-01
-6.748790996656486296e-01
-6.748783623559541089e-01
-6.748775311739547700e-01
-6.748766023954415605e-01
-6.748755722064925244e-01
-6.748744367024670510e-01
-6.748731918870516377e-01
-6.748718336713732668e-01
-6.748703578731921615e-01
-6.748687602161869137e-01
-6.748670363293320928e-01
-6.748651817463664493e-01
-6.748631919053441619e-01
-6.748610621482560301e-01
-6.748587877207022911e-01
-6.748563637716148422e-01
-6.748537853530207631e-01
-6.748510474198708975e-01
-6.748481448299633589e-01
-6.748450723440054810e-01
-6.748418246258712783e-01
-6.748383962431019345e-01
-6.748347816676801836e-01
-6.748309752770764725e-01
-6.748269713555298255e-01
-6.748227640954813644e-01
-6.748183475990424673e-01
-6.748137158793781065e-01
-6.748088628618926776e-01
-6.748037823851689154e-01
-6.747984682016868740e-01
-6.747929139784635266e-01
-6.747871132978576769e-01
-6.747810596588635912e-01
-6.747747464792485106e-01
-6.747681670988344704e-01
-6.747613147840828551e-01
-6.747541827339191833e-01
-6.747467640864538430e-01
-6.747390519259669484e-01
-6.747310392893157704e-01
-6.747227191708231597e-01
-6.747140845248248420e-01
-6.747051282653940829e-01
-6.746958432633216596e-01
-6.746862223411487225e-01
-6.746762582678044184e-01
-6.746659437550165395e-01
-6.746552714579748811e-01
-6.746442339825489132e-01
-6.746328239005990879e-01
-6.746210337735758511e-01
-6.746088561827917607e-01
-6.745962837627783593e-01
-6.745833092323721969e-01
-6.745699254171102499e-01
-6.745561252565744903e-01
-6.745419017918492521e-01
-6.745272481313365764e-01
-6.745121573975652041e-01
-6.744966226627452377e-01
-6.744806368857331202e-01
-6.744641928666023079e-01
-6.744472832359889036e-01
-6.744299004938006936e-01
-6.744120371052867435e-01
-6.743936856521129952e-01
-6.743748390231976142e-01
-6.743554906166804308e-01
-6.743356345134047247e-01
-6.743152655767531423e-01
-6.742943794364817389e-01
-6.742729723271615461e-01
-6.742510407751259871e-01
-6.742285811593653477e-01
-6.742055892071467937e-01
-6.741820595176333253e-01
-6.741579852284581564e-01
-6.741333579431922907e-01
-6.741081680156645328e-01
-6.740824052376297448e-01
-6.740560599019428389e-01
-6.740291241230363939e-01
-6.740015932050642533e-01
-6.739734667751243746e-01
-6.739447493658969890e-01
-6.739154501578447087e-01
-6.738855816876510030e-01
-6.738551574969213753e-01
-6.738241889179469313e-01
-6.737926814397251496e-01
-6.737606313209264508e-01
-6.737280232618709785e-01
-6.736948299600046264e-01
-6.736610142106305155e-01
-6.736265338598276253e-01
-6.735913493892612403e-01
-6.735554332758157958e-01
-6.735187796278678807e-01
-6.734814120921719383e-01
-6.734433878004125740e-01
-6.734047953156482302e-01
-6.733657452289029122e-01
-6.733263532447040234e-01
-6.732867171730140265e-01
-6.732468909886846209e-01
-6.732068607002608118e-01
-6.731665277969622885e-01
-6.731257061282586163e-01
-6.730841369147302355e-01
-6.730415240706946189e-01
-6.729975882756478178e-01
-6.729521337061551423e-01
-6.729051167773248965e-01
-6.728567026192796563e-01
-6.728072933940021372e-01
-6.727575138919275055e-01
-6.727081447313838503e-01
-6.726600019233867078e-01
-6.726137727973614533e-01
-6.725698307154225342e-01
-6.725280623026361759e-01
-6.724877483051504568e-01
-6.724475398894406153e-01
-6.724055640647114140e-01
-6.723596740639764535e-01
-6.723078339097139366e-01
-6.722485941471516568e-01
-6.721815831363078253e-01
-6.721079122973359077e-01
-6.720303819058479622e-01
-6.719533832491747516e-01
-6.718824274856372014e-01
-6.718232914965310831e-01
-6.717808509898663960e-01
-6.717577597466919404e-01
-6.717532145736838656e-01
-6.717620984187000488e-01
-6.717747995534636418e-01
-6.717779474941821816e-01
-6.717561801504815522e-01
-6.716948682062888754e-01
-6.715834938791142017e-01
-6.714191491389103206e-01
-6.712094323306079247e-01
-6.709739362197919554e-01
-6.707435839828299606e-01
-6.705573141623404343e-01
-6.704560422370308137e-01
-6.704743960465466834e-01
-6.706313521243446596e-01
-6.709214699652013003e-01
-6.713087907792480991e-01
-6.717255005658546718e-01
-6.720770528627505458e-01
-6.722545651040748860e-01
-6.721539894452212005e-01
-6.716999577200275517e-01
-6.708705563773582625e-01
-6.697179377411026646e-01
-6.683790134710732023e-01
-6.670708890451199080e-01
-6.660674519921823133e-01
-6.656566443958428225e-01
-6.660821056411511121e-01
-6.674773686534818395e-01
-6.698046736121037181e-01
-6.728127289287704205e-01
-6.760276169296964843e-01
-6.787881111436961934e-01
-6.803309285495932057e-01
-6.799231326066246250e-01
-6.770284825625122460e-01
-6.714828647348136670e-01
-6.636428822184068377e-01
-6.544645411745689811e-01
-6.454703029481340115e-01
-6.385766846197178381e-01
-6.357819290368292853e-01
-6.387491790788186741e-01
-6.483547614139896220e-01
-6.642917987925524015e-01
-6.848193394511555843e-01
-7.067288796656364669e-01
-7.255746831307793299e-01
-7.361936869785461468e-01
-7.335252357888272234e-01
-7.137093281046427151e-01
-6.753589916814041194e-01
-6.207508367504394053e-01
-5.565068790821214861e-01
-4.932813335461459503e-01
-4.441593169531068974e-01
-4.219286425875772850e-01
-4.358989968425203143e-01
-4.892152798617893650e-01
-5.774641850063481074e-01
-6.888507272671978710e-01
-8.055603872694040435e-01
-9.055060228568095892e-01
-9.639067942743662076e-01
-9.551680450602704209e-01
-8.566927727288620176e-01
-6.561376309551294472e-01
-3.609024377589510890e-01
-4.208715816315477046e-03
3.592361234859297037e-01
6.685878387969451664e-01
8.741457364082036996e-01
9.462918326700959781e-01
8.755734132215489129e-01
6.712515767469854344e-01
3.627316793770062331e-01
-4.626585718710601782e-04
-3.575220104330212312e-01
-6.535875363622650758e-01
-8.551778210443227168e-01
-9.546504162997423437e-01
-9.641972763241200006e-01
-9.063543243840467278e-01
-8.067095653332468919e-01
-6.900619924811378647e-01
-5.785318292653690575e-01
-4.899835312224125050e-01
-4.362795831980225691e-01
-4.219107690099586083e-01
-4.438049227692172360e-01
-4.927045775880830591e-01
-5.558434096513368283e-01
-6.201262878157653979e-01
-6.748656712076269715e-01
-7.133957905927295062e-01
-7.333980451603646644e-01
-7.362271107347305721e-01
-7.257234144997734004e-01
-7.069402353952958240e-01
-6.850431513117763993e-01
-6.644874276134609126e-01
-6.484951914897780778e-01
-6.388223295312180916e-01
-6.357894743011316407e-01
-6.385309216194496873e-01
-6.453898615828189689e-01
-6.543698690160169029e-01
-6.635523582569758938e-01
-6.714101275141198810e-01
-6.769811942610173272e-01
-6.799030637093870233e-01
-6.803350227766239433e-01
-6.788101013722988020e-01
-6.760597846790441512e-01
-6.728474870656141471e-01
-6.698357634602375432e-01
-6.675005727133765943e-01
-6.660954726231828049e-01
-6.656602978608028298e-01
-6.660631034991477684e-01
-6.670611988659698177e-01
-6.683669372127742925e-01
-6.697061703750302186e-01
-6.708611446283475610e-01
-6.716941075021689578e-01
-6.721520559911117187e-01
-6.722561855766059358e-01
-6.720813668596932189e-01
-6.717314021598957963e-01
-6.713151636792837884e-01
-6.709273712958158109e-01
-6.706361265189054732e-01
-6.704777171577616102e-01
-6.704578911706399191e-01
-6.705579124621162679e-01
-6.707433022805974199e-01
-6.709731989479903458e-01
-6.712086349960516563e-01
-6.714185989065469817e-01
-6.715833779738233922e-01
-6.716952490566046041e-01
-6.717570120510951703e-01
-6.717791072146157560e-01
-6.717761227451002348e-01
-6.717634145598803119e-01
-6.717543750641846723e-01
-6.717586560907593540e-01
-6.717814223104173754e-01
-6.718235225342760186e-01
-6.718823395333046733e-01
-6.719530210789970148e-01
-6.720297997219413233e-01
-6.721071612287885522e-01
-6.721807019745883460e-01
-6.722476041215579290e-01
-6.723067374575304456e-01
-6.723584569084508633e-01
-6.724041995258868143e-01
-6.724459942267446699e-01
-6.724859859886277436e-01
-6.725260503660241973e-01
-6.725675416819624219e-01
-6.726111860152774735e-01
-6.726571034441568564e-01
-6.727049260730285640e-01
-6.727539701367024616e-01
-6.728034210800633019e-01
-6.728524978187719885e-01
-6.729005736368282031e-01
-6.729472435893485427e-01
-6.729923395189150170e-01
-6.730359022597075525e-01
-6.730781255248372563e-01
-6.731192873461966375e-01
-6.731596833514766898e-01
-6.731995725653163731e-01
-6.732391418735457211e-01
-6.732784907671658381e-01
-6.733176342329303399e-01
-6.733565191264642147e-01
-6.733950481924821929e-01
-6.734331059668535735e-01
-6.734705818095861884e-01
-6.735073868900008920e-01
-6.735434636852665191e-01
-6.735787881326432691e-01
-6.736133657681514508e-01
-6.736472238802613255e-01
-6.736804019047920589e-01
-6.737129420681650105e-01
-6.737448817827499381e-01
-6.737762486595351152e-01
-6.738070583672783886e-01
-6.738373150391492317e-01
-6.738670135710226328e-01
-6.738961429902364797e-01
-6.739246900834529042e-01
-6.739526426154393013e-01
-6.739799916926030310e-01
-6.740067330708146009e-01
-6.740328674299166378e-01
-6.740583998052963599e-01
-6.740833384644759896e-01
-6.741076935435973416e-01
-6.741314757266386737e-01
-6.741546951780365005e-01
-6.741773608483893065e-01
-6.741994801826707295e-01
-6.742210591858512903e-01
-6.742421027509739595e-01
-6.742626151322824724e-01
-6.742826004484850921e-01
-6.743020631225551398e-01
-6.743210081966968250e-01
-6.743394414963463923e-01
-6.743573696486612201e-01
-6.743747999843945351e-01
-6.743917403652046616e-01
-6.744081989814726397e-01
-6.744241841603594301e-01
-6.744397042129552933e-01
-6.744547673360714590e-01
-6.744693815713280749e-01
-6.744835548137789738e-01
-6.744972948556474668e-01
-6.745106094480641801e-01
-6.745235063645834694e-01
-6.745359934537256130e-01
-6.745480786726649747e-01
-6.745597700992892465e-01
-6.745710759242811161e-01
-6.745820044279794425e-01
-6.745925639483472125e-01
-6.746027628464756898e-01
-6.746126094750203306e-01
-6.746221121532141041e-01
-6.746312791501407613e-01
-6.746401186761217250e-01
-6.746486388807207968e-01
-6.746568478550798442e-01
-6.746647536361118913e-01
-6.746723642103605867e-01
-6.746796875159598583e-01
-6.746867314418650841e-01
-6.746935038242544147e-01
-6.747000124405720944e-01
-6.747062650020254626e-01
-6.747122691454808807e-01
-6.747180324256104589e-01
-6.747235623079332889e-01
-6.747288661631125617e-01
-6.747339512625771807e-01
-6.747388247753264290e-01
-6.747434937656148213e-01
-6.747479651911671983e-01
-6.747522459015997676e-01
-6.747563426367912953e-01
-6.747602620250681138e-01
-6.747640105811666400e-01
-6.747675947040235878e-01
-6.747710206745042294e-01
-6.747742946531914976e-01
-6.747774226783586071e-01
-6.747804106642042443e-01
-6.747832643993975088e-01
-6.747859895459333845e-01
-6.747885916382755367e-01
-6.747910760827294796e-01
-6.747934481569983767e-01
-6.747957130098769518e-01
-6.747978756610462092e-01
-6.747999410009518639e-01
-6.748019137907714793e-01
-6.748037986624662032e-01
-6.748056001189489672e-01
-6.748073225343667048e-01
-6.748089701545171293e-01
-6.748105470973988496e-01
-6.748120573538914924e-01
-6.748135047885566173e-01
-6.748148931405453244e-01
-6.748162260246002297e-01
-6.748175069321405983e-01
-6.748187392324169753e-01
-6.748199261737338750e-01
-6.748210708847337536e-01
-6.748221763757452640e-01
-6.748232455401927954e-01
-6.748242811560662968e-01
-6.748252858874493887e-01
-6.748262622861098681e-01
-6.748272127931348452e-01
-6.748281397406118431e-01
-6.748290453533490885e-01
-6.748299317506230022e-01
-6.748308009479517811e-01
-6.748316548588851882e-01
-6.748324952968076662e-01
-6.748333239767527747e-01
-6.748341425172205144e-01
-6.748349524420029777e-01
-6.748357551820094447e-01
-6.748365520770923665e-01
-6.748373443778656888e-01
-6.748381332475190675e-01
-6.748389197636150971e-01
-6.748397049198742170e-01
-6.748404896279347476e-01
-6.748412747190901673e-01
-6.748420609459978570e-01
-6.748428489843542044e-01
-6.748436394345349587e-01
-6.748444328232000577e-01
-6.748452296048548238e-01
-6.748460301633725233e-01
-6.748468348134714079e-01
-6.748476438021459023e-01
-6.748484573100490547e-01
-6.748492754528241377e-01
-6.748500982823819605e-01
-6.748509257881257772e-01
-6.748517578981174658e-01
-6.748525944801839760e-01
-6.748534353429642696e-01
-6.748542802368943105e-01
-6.748551288551266625e-01
-6.748559808343881361e-01
-6.748568357557720443e-01
