-6.748569919041287335e-01
-6.748579364882293374e-01
-6.748588891968281267e-01
-6.748598493298137990e-01
-6.748608161450049270e-01
-6.748617888585544122e-01
-6.748627666452648999e-01
-6.748637486388185946e-01
-6.748647339319209237e-01
-6.748657215763586015e-01
-6.748667105829710966e-01
-6.748676999215376116e-01
-6.748686885205800179e-01
-6.748696752670819698e-01
-6.748706590061257504e-01
-6.748716385404467388e-01
-6.748726126299080530e-01
-6.748735799908962552e-01
-6.748745392956396749e-01
-6.748754891714500159e-01
-6.748764281998904657e-01
-6.748773549158713081e-01
-6.748782678066752583e-01
-6.748791653109137423e-01
-6.748800458174183392e-01
-6.748809076640630567e-01
-6.748817491365278753e-01
-6.748825684670016756e-01
-6.748833638328273210e-01
-6.748841333550891219e-01
-6.748848750971494503e-01
-6.748855870631372822e-01
-6.748862671963895554e-01
-6.748869133778496732e-01
-6.748875234244277044e-01
-6.748880950873256124e-01
-6.748886260503293988e-01
-6.748891139280760454e-01
-6.748895562642956980e-01
-6.748899505300287593e-01
-6.748902941218284379e-01
-6.748905843599437571e-01
-6.748908184864895743e-01
-6.748909936636059426e-01
-6.748911069716085898e-01
-6.748911554071388430e-01
-6.748911358813146633e-01
-6.748910452178936703e-01
-6.748908801514537092e-01
-6.748906373255997293e-01
-6.748903132912064118e-01
-6.748899045047037637e-01
-6.748894073264086746e-01
-6.748888180189108743e-01
-6.748881327455089618e-01
-6.748873475686922863e-01
-6.748864584486691243e-01
-6.748854612419318277e-01
-6.748843516998550562e-01
-6.748831254673323121e-01
-6.748817780814523326e-01
-6.748803049702334356e-01
-6.748787014514401328e-01
-6.748769627315083230e-01
-6.748750839046162575e-01
-6.748730599519343620e-01
-6.748708857410765649e-01
-6.748685560257697835e-01
-6.748660654457311336e-01
-6.748634085267266602e-01
-6.748605796807565227e-01
-6.748575732063083477e-01
-6.748543832885982585e-01
-6.748510039997455134e-01
-6.748474292988432266e-01
-6.748436530319378290e-01
-6.748396689319795527e-01
-6.748354706188721686e-01
-6.748310515997972825e-01
-6.748264052700276849e-01
-6.748215249144269290e-01
-6.748164037097968970e-01
-6.748110347281364163e-01
-6.748054109407417567e-01
-6.747995252229194163e-01
-6.747933703589281684e-01
-6.747869390466538775e-01
-6.747802239014655257e-01
-6.747732174587690590e-01
-6.747659121749435274e-01
-6.747583004266518580e-01
-6.747503745089048488e-01
-6.747421266326867340e-01
-6.747335489233401429e-01
-6.747246334211445262e-01
-6.747153720855371128e-01
-6.747057568041259223e-01
-6.746957794070056469e-01
-6.746854316859735023e-01
-6.746747054171169378e-01
-6.746635923841458604e-01
-6.746520843989695093e-01
-6.746401733156375258e-01
-6.746278510340748547e-01
-6.746151094912058443e-01
-6.746019406390467710e-01
-6.745883364120145442e-01
-6.745742886886727518e-01
-6.745597892559120901e-01
-6.745448297854967912e-01
-6.745294018333347630e-01
-6.745134968701832490e-01
-6.744971063484985763e-01
-6.744802218038671304e-01
-6.744628349816004231e-01
-6.744449379708529202e-01
-6.744265233217032751e-01
-6.744075841170259489e-01
-6.743881139723862939e-01
-6.743681069448715926e-01
-6.743475573457822225e-01
-6.743264594712535809e-01
-6.743048072864072928e-01
-6.742825941186408878e-01
-6.742598124295055007e-01
-6.742364537378016109e-01
-6.742125087555583818e-01
-6.741879677719294639e-01
-6.741628212788881580e-01
-6.741370607811482119e-01
-6.741106796783313815e-01
-6.740836740598937782e-01
-6.740560432241935462e-01
-6.740277897335781310e-01
-6.739989188565753686e-01
-6.739694373303035668e-01
-6.739393514979351574e-01
-6.739086650247589905e-01
-6.738773765494081580e-01
-6.738454777525699768e-01
-6.738129523876272842e-01
-6.737797767815332239e-01
-6.737459221556476585e-01
-6.737113588306957723e-01
-6.736760619902635305e-01
-6.736400182370700929e-01
-6.736032317678932735e-01
-6.735657287169688479e-01
-6.735275581754857077e-01
-6.734887886662488388e-01
-6.734494994715830574e-01
-6.734097671464088775e-01
-6.733696486861928676e-01
-6.733291639741949552e-01
-6.732882810602265344e-01
-6.732469082595426979e-01
-6.732048967708921250e-01
-6.731620563500290144e-01
-6.731181845349416548e-01
-6.730731071810824862e-01
-6.730267250066926943e-01
-6.729790580231945762e-01
-6.729302777975139094e-01
-6.728807171297734868e-01
-6.728308484639252685e-01
-6.727812264272426956e-01
-6.727323961421055598e-01
-6.726847766857732003e-01
-6.726385370915815010e-01
-6.725934889756044477e-01
-6.725490234296690462e-01
-6.725041185698111823e-01
-6.724574369193674350e-01
-6.724075184125268834e-01
-6.723530562457161741e-01
-6.722932214933516892e-01
-6.722279820476594336e-01
-6.721583466354185132e-01
-6.720864601811950001e-01
-6.720154866169003594e-01
-6.719492415080369208e-01
-6.718915788373709397e-01
-6.718455896613032552e-01
-6.718127271516010079e-01
-6.717920217099825342e-01
-6.717795787429093890e-01
-6.717685482679068842e-01
-6.717497110824139916e-01
-6.717127381779576245e-01
-6.716480542750120630e-01
-6.715490882898375036e-01
-6.714145479638780056e-01
-6.712502443143351094e-01
-6.710699476949977260e-01
-6.708948104332780327e-01
-6.707510585853376783e-01
-6.706659352659620765e-01
-6.706622434007227795e-01
-6.707522335404234592e-01
-6.709319373879003567e-01
-6.711772727371440039e-01
-6.714432566447835482e-01
-6.716673981028544738e-01
-6.717777755724141375e-01
-6.717054685225152255e-01
-6.713999984968183066e-01
-6.708454012144396961e-01
-6.700737083724258580e-01
-6.691722077511944589e-01
-6.682811013007973200e-01
-6.675792470463981498e-01
-6.672575627166915657e-01
-6.674822006453581258e-01
-6.683523801296062938e-01
-6.698602341444410690e-01
-6.718615956774999232e-01
-6.740668072753132067e-01
-6.760590712197178664e-01
-6.773444818459316563e-01
-6.774328177916661975e-01
-6.759417386987157661e-01
-6.727098322785338702e-01
-6.678970961707605403e-01
-6.620467167107144668e-01
-6.560818215774982809e-01
-6.512175303758196421e-01
-6.487830237610875406e-01
-6.499687508456909457e-01
-6.555355502189533778e-01
-6.655389726066981426e-01
-6.791281902919934499e-01
-6.944731978638397640e-01
-7.088599235408130639e-01
-7.189760383244920838e-01
-7.213933832481508324e-01
-7.132308011146935023e-01
-6.929409836153420654e-01
-6.610967714932985961e-01
-6.209675693311176303e-01
-5.786209467978501442e-01
-5.423243179218667498e-01
-5.211947263442624489e-01
-5.233081920421919220e-01
-5.537098024543749553e-01
-6.128281830468488289e-01
-6.956385467828553049e-01
-7.916036787621972826e-01
-8.851335646221005771e-01
-9.562952283850219004e-01
-9.819689905946316077e-01
-9.384639086131034702e-01
-8.070637959264153061e-01
-5.828578315371630847e-01
-2.838677831323074829e-01
4.604337251502026163e-02
3.457863816670335710e-01
5.547509391722735828e-01
6.301000755700610911e-01
5.565372574169145103e-01
3.489905428651646213e-01
4.999900704724000167e-02
-2.799509386748119111e-01
-5.796486893894309267e-01
-8.049347575391936349e-01
-9.374661063246091386e-01
-9.819263600927149449e-01
-9.569281617755106550e-01
-8.861497519663339428e-01
-7.927444918903229221e-01
-6.966970393950171481e-01
-6.136562435470539478e-01
-5.542223519109913399e-01
-5.234838898430238530e-01
-5.210698377413595095e-01
-5.419782050599396550e-01
-5.781552126125230062e-01
-6.204836796241249841e-01
-6.606775714646643261e-01
-6.926398121121615237e-01
-7.130690030267389234e-01
-7.213644945343854475e-01
-7.190537618025103495e-01
-7.090072003907080811e-01
-6.946505376416500788e-01
-6.793002847976365999e-01
-6.656791878598657952e-01
-6.556282021605693844e-01
-6.500092808024567903e-01
-6.487764020751105587e-01
-6.511754277447245887e-01
-6.560192291859937574e-01
-6.619787039093575354e-01
-6.678362558705922547e-01
-6.726647254873822090e-01
-6.759163885374421810e-01
-6.774270916650029228e-01
-6.773550775458838658e-01
-6.760807906659844768e-01
-6.740938373583199583e-01
-6.718885886354983850e-01
-6.698830643364237503e-01
-6.683685334688909130e-01
-6.674908185977903585e-01
-6.672592104083159281e-01
-6.675755027457347390e-01
-6.682740722453249793e-01
-6.691640671074977620e-01
-6.700663245803452073e-01
-6.708401003326919243e-01
-6.713974690973468773e-01
-6.717057927473798484e-01
-6.717805526396437577e-01
-6.716719188973513388e-01
-6.714486890913698991e-01
-6.711828251506840592e-01
-6.709369781305817293e-01
-6.707563573977067817e-01
-6.706652859417676638e-01
-6.706679446262243660e-01
-6.707522389022784193e-01
-6.708954525716795958e-01
-6.710703614455011401e-01
-6.712507028090712868e-01
-6.714152506301980239e-01
-6.715501442015697764e-01
-6.716494840018892853e-01
-6.717144896370391693e-01
-6.717516836237872324e-01
-6.717706191881757105e-01
-6.717816273399165317e-01
-6.717939475023786411e-01
-6.718144606064114788e-01
-6.718470953732068596e-01
-6.718928523505451889e-01
-6.719503017413196444e-01
-6.720163661277631650e-01
-6.720871953506784013e-01
-6.721589693967993107e-01
-6.722285141607893255e-01
-6.722936717226787318e-01
-6.723534202436831642e-01
-6.724077807125535822e-01
-6.724575742329272909e-01
-6.725041035518481980e-01
-6.725488281899324461e-01
-6.725930878192513118e-01
-6.726379082159551492e-01
-6.726839027932077775e-01
-6.727312641152464190e-01
-6.727798263336779439e-01
-6.728291722062914593e-01
-6.728787570439245247e-01
-6.729280254413551043e-01
-6.729765033127018681e-01
-6.730238557634663499e-01
-6.730699090739857837e-01
-6.731146413379384130e-01
-6.731581504043434583e-01
-6.732006095316142025e-01
-6.732422208202443192e-01
-6.732831745770013754e-01
-6.733236199449866843e-01
-6.733636490751925274e-01
-6.734032943712678909e-01
-6.734425362899185696e-01
-6.734813180064235238e-01
-6.735195629558025088e-01
-6.735571916894732558e-01
-6.735941354108253565e-01
-6.736303447066132044e-01
-6.736657931301083257e-01
-6.737004762288067994e-01
-6.737344072323375732e-01
-6.737676108915111595e-01
-6.738001169204770324e-01
-6.738319542200679191e-01
-6.738631466530469183e-01
-6.738937107017480832e-01
-6.739236549479764582e-01
-6.739529810281328359e-01
-6.739816855564806364e-01
-6.740097624720113867e-01
-6.740372053255075935e-01
-6.740640091485828878e-01
-6.740901716993326076e-01
-6.741156940281136656e-01
-6.741405804290717674e-01
-6.741648379255739121e-01
-6.741884754773989075e-01
-6.742115030984788815e-01
-6.742339310451409551e-01
-6.742557691874615511e-01
-6.742770266219714204e-01
-6.742977115324121362e-01
-6.743178312639364069e-01
-6.743373925493236776e-01
-6.743564018146278594e-01
-6.743748654946911669e-01
-6.743927903027052695e-01
-6.744101834179394572e-01
-6.744270525773208291e-01
-6.744434060757240612e-01
-6.744592526939329202e-01
-6.744746015809822692e-01
-6.744894621190815620e-01
-6.745038437957460165e-01
-6.745177561008875999e-01
-6.745312084583834356e-01
-6.745442101937776380e-01
-6.745567705334771791e-01
-6.745688986267609488e-01
-6.745806035802532907e-01
-6.745918944949209628e-01
-6.746027804975620601e-01
-6.746132707615248858e-01
-6.746233745143833671e-01
-6.746331010329552624e-01
-6.746424596280521380e-01
-6.746514596225222649e-01
-6.746601103264775467e-01
-6.746684210132138926e-01
-6.746764008984669214e-01
-6.746840591245500951e-01
-6.746914047498001610e-01
-6.746984467428254195e-01
-6.747051939804179499e-01
-6.747116552476881690e-01
-6.747178392389809876e-01
-6.747237545583761875e-01
-6.747294097189637796e-01
-6.747348131405079830e-01
-6.747399731455077099e-01
-6.747448979539663050e-01
-6.747495956773572612e-01
-6.747540743123380258e-01
-6.747583417347144952e-01
-6.747624056940417780e-01
-6.747662738090948187e-01
-6.747699535642829316e-01
-6.747734523069470747e-01
-6.747767772453859836e-01
-6.747799354474086631e-01
-6.747829338392014042e-01
-6.747857792043401304e-01
-6.747884781828145107e-01
-6.747910372700047787e-01
-6.747934628155959347e-01
-6.747957610224710745e-01
-6.747979379456384708e-01
-6.747999994912686761e-01
-6.748019514159093735e-01
-6.748037993259258238e-01
-6.748055486772008837e-01
-6.748072047750981461e-01
-6.748087727746815423e-01
-6.748102576811626507e-01
-6.748116643505408518e-01
-6.748129974904070183e-01
-6.748142616608802102e-01
-6.748154612756466220e-01
-6.748166006030966724e-01
-6.748176837675426976e-01
-6.748187147505209094e-01
-6.748196973921821717e-01
-6.748206353927734824e-01
-6.748215323142133792e-01
-6.748223915817680441e-01
-6.748232164858236626e-01
-6.748240101837523763e-01
-6.748247757018647208e-01
-6.748255159374447754e-01
-6.748262336608529255e-01
-6.748269315176891325e-01
-6.748276120310081616e-01
-6.748282776035772201e-01
-6.748289305201714550e-01
-6.748295729498996476e-01
-6.748302069485567767e-01
-6.748308344609957876e-01
-6.748314573235203451e-01
-6.748320772662914635e-01
-6.748326959157422422e-01
-6.748333147970020374e-01
-6.748339353363215221e-01
-6.748345588634974135e-01
-6.748351866142875410e-01
-6.748358197328131469e-01
-6.748364592739494183e-01
-6.748371062056864877e-01
-6.748377614114714484e-01
-6.748384256925161750e-01
-6.748390997700707272e-01
-6.748397842876607822e-01
-6.748404798132819904e-01
-6.748411868415516990e-01
-6.748419057958099376e-01
-6.748426370301716659e-01
-6.748433808315268401e-01
-6.748441374214781963e-01
-6.748449069582276305e-01
-6.748456895383934118e-01
-6.748464851987659996e-01
-6.748472939179982477e-01
-6.748481156182231100e-01
-6.748489501666019574e-01
-6.748497973767972891e-01
-6.748506570103717239e-01
-6.748515287781092775e-01
-6.748524123412591447e-01
-6.748533073126976589e-01
-6.748542132580125363e-01
-6.748551296964994117e-01
-6.748560561020791049e-01
