-6.748571713450138843e-01
-6.748579438252672036e-01
-6.748587081962226231e-01
-6.748594638921480149e-01
-6.748602102852684359e-01
-6.748609466861239525e-01
-6.748616723438757292e-01
-6.748623864465668198e-01
-6.748630881213291133e-01
-6.748637764345419843e-01
-6.748644503919426496e-01
-6.748651089386870083e-01
-6.748657509593602999e-01
-6.748663752779429092e-01
-6.748669806577267671e-01
-6.748675658011848988e-01
-6.748681293497987843e-01
-6.748686698838376463e-01
-6.748691859220962153e-01
-6.748696759215935259e-01
-6.748701382772243074e-01
-6.748705713213786206e-01
-6.748709733235204178e-01
-6.748713424897337942e-01
-6.748716769622332690e-01
-6.748719748188457546e-01
-6.748722340724584434e-01
-6.748724526704422688e-01
-6.748726284940458342e-01
-6.748727593577653616e-01
-6.748728430086924357e-01
-6.748728771258410974e-01
-6.748728593194595060e-01
-6.748727871303240589e-01
-6.748726580290259625e-01
-6.748724694152500314e-01
-6.748722186170516002e-01
-6.748719028901345451e-01
-6.748715194171363008e-01
-6.748710653069197596e-01
-6.748705375938763851e-01
-6.748699332372408710e-01
-6.748692491204163479e-01
-6.748684820503123571e-01
-6.748676287566919285e-01
-6.748666858915316480e-01
-6.748656500283976012e-01
-6.748645176618380814e-01
-6.748632852068090493e-01
-6.748619489981364516e-01
-6.748605052900326084e-01
-6.748589502556811004e-01
-6.748572799869030359e-01
-6.748554904939114696e-01
-6.748535777051594131e-01
-6.748515374672726663e-01
-6.748493655450595874e-01
-6.748470576215689354e-01
-6.748446092981766897e-01
-6.748420160946698720e-01
-6.748392734493182665e-01
-6.748363767189224927e-01
-6.748333211788654085e-01
-6.748301020231974867e-01
-6.748267143648323252e-01
-6.748231532359277862e-01
-6.748194135885390299e-01
-6.748154902956239320e-01
-6.748113781524418542e-01
-6.748070718783407695e-01
-6.748025661188634672e-01
-6.747978554480317248e-01
-6.747929343706162708e-01
-6.747877973241637184e-01
-6.747824386805594266e-01
-6.747768527469667488e-01
-6.747710337661023683e-01
-6.747649759159619620e-01
-6.747586733093031697e-01
-6.747521199933680380e-01
-6.747453099504583385e-01
-6.747382371000082424e-01
-6.747308953026958100e-01
-6.747232783668992706e-01
-6.747153800573973959e-01
-6.747071941057276590e-01
-6.746987142210975064e-01
-6.746899341003124162e-01
-6.746808474349507145e-01
-6.746714479141152632e-01
-6.746617292215735251e-01
-6.746516850270010135e-01
-6.746413089722876899e-01
-6.746305946552935140e-01
-6.746195356147612898e-01
-6.746081253210310935e-01
-6.745963571773875289e-01
-6.745842245360560430e-01
-6.745717207309094299e-01
-6.745588391259357275e-01
-6.745455731747787009e-01
-6.745319164828080805e-01
-6.745178628600076998e-01
-6.745034063514011580e-01
-6.744885412326174778e-01
-6.744732619620665837e-01
-6.744575630881421979e-01
-6.744414391193109815e-01
-6.744248843755518141e-01
-6.744078928494310343e-01
-6.743904581117043939e-01
-6.743725732973030462e-01
-6.743542312009376261e-01
-6.743354244964389066e-01
-6.743161460710981325e-01
-6.742963894382894008e-01
-6.742761491631603654e-01
-6.742554212132285674e-01
-6.742342031351467035e-01
-6.742124939667507588e-01
-6.741902938237475107e-01
-6.741676031532951585e-01
-6.741444217175176501e-01
-6.741207474487038720e-01
-6.740965753896067669e-01
-6.740718969790299164e-01
-6.740466999468048837e-01
-6.740209690293273992e-01
-6.739946876012187227e-01
-6.739678401466089319e-01
-6.739404152854823193e-01
-6.739124088611708752e-01
-6.738838264300516245e-01
-6.738546844236180666e-01
-6.738250093208061342e-01
-6.737948344023495517e-01
-6.737641940585110678e-01
-6.737331161498100185e-01
-6.737016135006227424e-01
-6.736696761262793709e-01
-6.736372661228313685e-01
-6.736043171540486707e-01
-6.735707400522624733e-01
-6.735364351706806252e-01
-6.735013108366681989e-01
-6.734653057159845080e-01
-6.734284113682680317e-01
-6.733906900931442285e-01
-6.733522827002026423e-01
-6.733134014057370331e-01
-6.732743048561188326e-01
-6.732352552825152658e-01
-6.731964617135796081e-01
-6.731580174305856756e-01
-6.731198436108302152e-01
-6.730816533923726919e-01
-6.730429504540119678e-01
-6.730030729285797486e-01
-6.729612868168841633e-01
-6.729169234736076532e-01
-6.728695444025981631e-01
-6.728191054846296426e-01
-6.727660843728927587e-01
-6.727115318042916625e-01
-6.726570122926567308e-01
-6.726044134084098181e-01
-6.725556253415928554e-01
-6.725121214188591878e-01
-6.724745013100573710e-01
-6.724420856314214934e-01
-6.724126663658416270e-01
-6.723825151089242169e-01
-6.723467256357241739e-01
-6.722999172386510125e-01
-6.722372542153730590e-01
-6.721556539537810737e-01
-6.720549758293767884e-01
-6.719389240267059638e-01
-6.718153788697092121e-01
-6.716959097935957246e-01
-6.715943276772836645e-01
-6.715243019677509251e-01
-6.714962810616263988e-01
-6.715141795228133370e-01
-6.715724870309929262e-01
-6.716545594187622870e-01
-6.717328231370627289e-01
-6.717714272256115615e-01
-6.717315038039324282e-01
-6.715786769818857804e-01
-6.712918586406778632e-01
-6.708717937354902183e-01
-6.703474018338712037e-01
-6.697778482054662641e-01
-6.692485884497415549e-01
-6.688604292814228636e-01
-6.687119049696145234e-01
-6.688768368820924293e-01
-6.693805588658332528e-01
-6.701796065633688348e-01
-6.711503157592626501e-01
-6.720914401798276927e-01
-6.727443946117744877e-01
-6.728320405425715078e-01
-6.721132480663968289e-01
-6.704462080357725950e-01
-6.678493121145296918e-01
-6.645453217720270755e-01
-6.609736714056769769e-01
-6.577582156969927762e-01
-6.556241724996076936e-01
-6.552680672902041481e-01
-6.571964937757047709e-01
-6.615607310030178212e-01
-6.680217058744474246e-01
-6.756813106617015618e-01
-6.831111174697647170e-01
-6.884989021152519983e-01
-6.899180970319055417e-01
-6.857050937963027337e-01
-6.749026705908971469e-01
-6.576945655100431276e-01
-6.357224849058924487e-01
-6.121584973531470908e-01
-5.914246369644835521e-01
-5.785217927594523690e-01
-5.780414305495734650e-01
-5.930468469999977676e-01
-6.240732106266231316e-01
-6.684736729058683435e-01
-7.202424809302619968e-01
-7.703337477947809209e-01
-8.074488994711552792e-01
-8.193378922721130664e-01
-7.947935274870807643e-01
-7.265111453366677186e-01
-6.145757310375098426e-01
-4.694899158638120573e-01
-3.128900764169052495e-01
-1.743579803713479204e-01
-8.443620857045762429e-02
-6.608888292993955749e-02
-1.277751712634281611e-01
-2.605846864056737822e-01
-4.403514965844191331e-01
-6.338530994022387732e-01
-8.063601884950047927e-01
-9.271474144847101639e-01
-9.714116021133633039e-01
-9.204202942977548485e-01
-7.636290384000125053e-01
-5.046274337944095523e-01
-1.676974525735653310e-01
2.021741940896124856e-01
5.500714856434242295e-01
8.275507920056373035e-01
1.003476611112831263e+00
1.063762168699147193e+00
1.004894648319884176e+00
8.302971810805070962e-01
5.538896307429866939e-01
2.065810073305215100e-01
-1.633505340843370290e-01
-5.009726437638394314e-01
-7.610999115096795942e-01
-9.191858649228337175e-01
-9.714281933757117349e-01
-9.282424501139810991e-01
-8.082770520641819889e-01
-6.362531286874137937e-01
-4.428173628903608883e-01
-2.626670163210865216e-01
-1.290839208210608491e-01
-6.639204577471165269e-02
-8.372116315645905527e-02
-1.728301823112973756e-01
-3.109086512744114184e-01
-4.674619723888335243e-01
-6.128484724168964393e-01
-7.253012988381257742e-01
-7.941713349977588265e-01
-8.192541744332472176e-01
-8.077799120989621606e-01
-7.709234352833806980e-01
-7.209339479589352839e-01
-6.691304045166138748e-01
-6.245929021083881372e-01
-5.933692997102247846e-01
-5.781502809362726314e-01
-5.784396344231607090e-01
-5.912022942764226796e-01
-6.118608003152677943e-01
-6.354138444286369092e-01
-6.574274435597020627e-01
-6.747108359465429084e-01
-6.856019734218412598e-01
-6.898992486046101602e-01
-6.885470079168264368e-01
-6.832018986810818317e-01
-6.757891189427519540e-01
-6.681239978196400475e-01
-6.616410233018296116e-01
-6.572457015590184026e-01
-6.552843646978112613e-01
-6.556116971308212360e-01
-6.577250587739018606e-01
-6.609296348581719105e-01
-6.644998749027655194e-01
-6.678100596493066199e-01
-6.704180232309728815e-01
-6.720980700169456590e-01
-6.728292162188840297e-01
-6.727513791134014376e-01
-6.721046524726019822e-01
-6.711659703119106091e-01
-6.701943884831657039e-01
-6.693920669702411175e-01
-6.688837743578577300e-01
-6.687140430204674413e-01
-6.688584007365128148e-01
-6.692435838343911980e-01
-6.697712870430124754e-01
-6.703406399826918882e-01
-6.708659079057756047e-01
-6.712875269034004333e-01
-6.715761535535896831e-01
-6.717306708378043556e-01
-6.717718973082476008e-01
-6.717340637009266979e-01
-6.716560132093923885e-01
-6.715736693457095008e-01
-6.715147412163118279e-01
-6.714960345316877133e-01
-6.715232141504903218e-01
-6.715924886879623967e-01
-6.716934879786290447e-01
-6.718125728864858814e-01
-6.719359206727399947e-01
-6.720519194086528314e-01
-6.721526297219714285e-01
-6.722342855040699394e-01
-6.722969736488817460e-01
-6.723437384195397604e-01
-6.723793955260518596e-01
-6.724093232532052378e-01
-6.724384394040395785e-01
-6.724704928384516167e-01
-6.725077154398232393e-01
-6.725508090563702135e-01
-6.725991915859965697e-01
-6.726514004894218468e-01
-6.727055492678137849e-01
-6.727597479003005754e-01
-6.728124250605851397e-01
-6.728625209572015597e-01
-6.729095486664365966e-01
-6.729535444319462156e-01
-6.729949412852485047e-01
-6.730344051998216059e-01
-6.730726701202275342e-01
-6.731103998970847657e-01
-6.731480940784770883e-01
-6.731860431692952007e-01
-6.732243293390650640e-01
-6.732628618557955358e-01
-6.733014331906647110e-01
-6.733397815482705662e-01
-6.733776478267501364e-01
-6.734148187525179630e-01
-6.734511521879317231e-01
-6.734865845415112240e-01
-6.735211232337063869e-01
-6.735548289906883035e-01
-6.735877933300654652e-01
-6.736201161538102333e-01
-6.736518871939513042e-01
-6.736831735312148739e-01
-6.737140138655036692e-01
-6.737444189227261848e-01
-6.737743764947787817e-01
-6.738038591824332402e-01
-6.738328329083710377e-01
-6.738612645906056908e-01
-6.738891278844928445e-01
-6.739164064816750566e-01
-6.739430949845466312e-01
-6.739691977777299003e-01
-6.739947265556847089e-01
-6.740196972367606953e-01
-6.740441269257639867e-01
-6.740680314235948378e-01
-6.740914235735592230e-01
-6.741143125253123980e-01
-6.741367038241060650e-01
-6.741586001158567099e-01
-6.741800022041275486e-01
-6.742009101978094776e-01
-6.742213245342876249e-01
-6.742412467342553395e-01
-6.742606798231819409e-01
-6.742796284256921124e-01
-6.742980985926317894e-01
-6.743160974514775807e-01
-6.743336327791539242e-01
-6.743507125861157858e-01
-6.743673447777731589e-01
-6.743835369308203154e-01
-6.743992961938837238e-01
-6.744146292987855951e-01
-6.744295426533414295e-01
-6.744440424797397693e-01
-6.744581349633388401e-01
-6.744718263832408800e-01
-6.744851232058162172e-01
-6.744980321330296125e-01
-6.745105601069477652e-01
-6.745227142788832175e-01
-6.745345019556037158e-01
-6.745459305359954305e-01
-6.745570074500385482e-01
-6.745677401087971647e-01
-6.745781358702438446e-01
-6.745882020219571285e-01
-6.745979457786722699e-01
-6.746073742906568693e-01
-6.746164946580437416e-01
-6.746253139464127857e-01
-6.746338391998490946e-01
-6.746420774490364813e-01
-6.746500357133876635e-01
-6.746577209974864431e-01
-6.746651402830246003e-01
-6.746723005179310340e-01
-6.746792086044864911e-01
-6.746858713879958502e-01
-6.746922956471375077e-01
-6.746984880866069290e-01
-6.747044553321520644e-01
-6.747102039277000918e-01
-6.747157403340301451e-01
-6.747210709283292251e-01
-6.747262020040142305e-01
-6.747311397703246172e-01
-6.747358903513752670e-01
-6.747404597845483298e-01
-6.747448540182743315e-01
-6.747490789093592012e-01
-6.747531402200892536e-01
-6.747570436153410567e-01
-6.747607946599050166e-01
-6.747643988161581285e-01
-6.747678614421614984e-01
-6.747711877901841904e-01
-6.747743830056133207e-01
-6.747774521261691305e-01
-6.747804000813379943e-01
-6.747832316919404327e-01
-6.747859516697639615e-01
-6.747885646172268048e-01
-6.747910750270498248e-01
-6.747934872819401075e-01
-6.747958056543087446e-01
-6.747980343060441255e-01
-6.748001772883700511e-01
-6.748022385418127600e-01
-6.748042218962858607e-01
-6.748061310713038274e-01
-6.748079696763130686e-01
-6.748097412111410121e-01
-6.748114490665423348e-01
-6.748130965248301250e-01
-6.748146867605769872e-01
-6.748162228413765451e-01
-6.748177077286545700e-01
-6.748191442785257399e-01
-6.748205352426913661e-01
-6.748218832693771985e-01
-6.748231909043124199e-01
-6.748244605917500527e-01
-6.748256946755268881e-01
-6.748268954001604980e-01
-6.748280649119831054e-01
-6.748292052603072078e-01
-6.748303183986179565e-01
-6.748314061857895174e-01
-6.748324703873208597e-01
-6.748335126765826475e-01
-6.748345346360737906e-01
-6.748355377586863213e-01
-6.748365234489676068e-01
-6.748374930243831171e-01
-6.748384477165776385e-01
-6.748393886726257174e-01
-6.748403169562756654e-01
-6.748412335491805747e-01
-6.748421393521167877e-01
-6.748430351861840482e-01
-6.748439217939883328e-01
-6.748447998408004800e-01
-6.748456699156929472e-01
-6.748465325326495901e-01
-6.748473881316453538e-01
-6.748482370796954344e-01
-6.748490796718723539e-01
-6.748499161322851769e-01
-6.748507466150257539e-01
-6.748515712050725535e-01
-6.748523899191575248e-01
-6.748532027065905492e-01
-6.748540094500398157e-01
-6.748548099662718958e-01
-6.748556040068426354e-01
-6.748563912587463021e-01
