-6.748573625475337012e-01
-6.748582743754669711e-01
-6.748591919956522522e-01
-6.748601147326794836e-01
-6.748610418648559595e-01
-6.748619726246070094e-01
-6.748629061987931888e-01
-6.748638417289494207e-01
-6.748647783114419818e-01
-6.748657149975501035e-01
-6.748666507934633074e-01
-6.748675846602028017e-01
-6.748685155134647173e-01
-6.748694422233838530e-01
-6.748703636142244777e-01
-6.748712784639931961e-01
-6.748721855039775397e-01
-6.748730834182148364e-01
-6.748739708428865836e-01
-6.748748463656437657e-01
-6.748757085248657805e-01
-6.748765558088499761e-01
-6.748773866549365730e-01
-6.748781994485725244e-01
-6.748789925223115382e-01
-6.748797641547578108e-01
-6.748805125694512519e-01
-6.748812359336997524e-01
-6.748819323573577167e-01
-6.748825998915570779e-01
-6.748832365273903511e-01
-6.748838401945528309e-01
-6.748844087599406016e-01
-6.748849400262124654e-01
-6.748854317303204509e-01
-6.748858815420031299e-01
-6.748862870622573951e-01
-6.748866458217842590e-01
-6.748869552794183324e-01
-6.748872128205386511e-01
-6.748874157554723974e-01
-6.748875613178866306e-01
-6.748876466631744675e-01
-6.748876688668331569e-01
-6.748876249228413782e-01
-6.748875117420329861e-01
-6.748873261504744203e-01
-6.748870648878526612e-01
-6.748867246058823932e-01
-6.748863018667449198e-01
-6.748857931415710443e-01
-6.748851948089771291e-01
-6.748845031536655492e-01
-6.748837143650894266e-01
-6.748828245361743194e-01
-6.748818296620929802e-01
-6.748807256390753073e-01
-6.748795082632402798e-01
-6.748781732294431013e-01
-6.748767161301445494e-01
-6.748751324543109664e-01
-6.748734175863871920e-01
-6.748715668053753003e-01
-6.748695752840701001e-01
-6.748674380884867041e-01
-6.748651501775103645e-01
-6.748627064027615807e-01
-6.748601015086518329e-01
-6.748573301325828666e-01
-6.748543868052235828e-01
-6.748512659508064671e-01
-6.748479618873974850e-01
-6.748444688271283409e-01
-6.748407808764265159e-01
-6.748368920362967094e-01
-6.748327962027396154e-01
-6.748284871673929652e-01
-6.748239586184623384e-01
-6.748192041419751597e-01
-6.748142172233603242e-01
-6.748089912493363540e-01
-6.748035195100954287e-01
-6.747977952017994996e-01
-6.747918114294475522e-01
-6.747855612102066081e-01
-6.747790374772839606e-01
-6.747722330843535232e-01
-6.747651408103877424e-01
-6.747577533645353620e-01
-6.747500633904793821e-01
-6.747420634695679986e-01
-6.747337461220651589e-01
-6.747251038061652384e-01
-6.747161289150007679e-01
-6.747068137726811576e-01
-6.746971506312696709e-01
-6.746871316712862443e-01
-6.746767490085177066e-01
-6.746659947093631704e-01
-6.746548608155031879e-01
-6.746433393764180719e-01
-6.746314224855566311e-01
-6.746191023133891740e-01
-6.746063711289492781e-01
-6.745932213015798373e-01
-6.745796452770622675e-01
-6.745656355272113824e-01
-6.745511844788439904e-01
-6.745362844355659027e-01
-6.745209275121958337e-01
-6.745051056048304572e-01
-6.744888104176279819e-01
-6.744720335593483718e-01
-6.744547667087820164e-01
-6.744370018303629255e-01
-6.744187314030268832e-01
-6.743999486113246844e-01
-6.743806474428085673e-01
-6.743608226434767428e-01
-6.743404695051192776e-01
-6.743195834928922272e-01
-6.742981597629456036e-01
-6.742761926597292677e-01
-6.742536753104121372e-01
-6.742305994397767011e-01
-6.742069555063124886e-01
-6.741827332078719204e-01
-6.741579223291490619e-01
-6.741325138166180952e-01
-6.741065008879739695e-01
-6.740798799331858548e-01
-6.740526509607628336e-01
-6.740248173958472977e-01
-6.739963851446026943e-01
-6.739673609870150406e-01
-6.739377505203224539e-01
-6.739075560130284304e-01
-6.738767746096413491e-01
-6.738453973220818183e-01
-6.738134091442138374e-01
-6.737807904413057880e-01
-6.737475195275253181e-01
-6.737135760988562927e-01
-6.736789449889510895e-01
-6.736436196072852489e-01
-6.736076044294465603e-01
-6.735709160377308935e-01
-6.735335824274132355e-01
-6.734956405494695320e-01
-6.734571322967719542e-01
-6.734180993118618064e-01
-6.733785770823326189e-01
-6.733385888133660568e-01
-6.732981395774101374e-01
-6.732572113037247341e-01
-6.732157593345823310e-01
-6.731737115388581882e-01
-6.731309712592643546e-01
-6.730874255158584285e-01
-6.730429596775611145e-01
-6.729974790289298126e-01
-6.729509361727142869e-01
-6.729033610730548176e-01
-6.728548880689972922e-01
-6.728057719608355747e-01
-6.727563841001954481e-01
-6.727071801742385837e-01
-6.726586347725567183e-01
-6.726111441197849539e-01
-6.725649070925588946e-01
-6.725198044868514469e-01
-6.724753052809377962e-01
-6.724304335870826543e-01
-6.723838282807693689e-01
-6.723339167929980320e-01
-6.722792045898555724e-01
-6.722186539834217323e-01
-6.721520942438649060e-01
-6.720805760807739837e-01
-6.720065656252393049e-01
-6.719338743894690547e-01
-6.718672487096170043e-01
-6.718115971397845554e-01
-6.717709133177596215e-01
-6.717470439652630798e-01
-6.717385391107819625e-01
-6.717398818390327708e-01
-6.717414046061795929e-01
-6.717301396522877832e-01
-6.716917138742859450e-01
-6.716131908239323378e-01
-6.714865101677885972e-01
-6.713119226027172148e-01
-6.711006248188010614e-01
-6.708757288218224479e-01
-6.706708087387861505e-01
-6.705255878376092937e-01
-6.704788507774365192e-01
-6.705593323472444078e-01
-6.707760333620530480e-01
-6.711099952471791807e-01
-6.715098586196721620e-01
-6.718933864122957900e-01
-6.721564518657144882e-01
-6.721897677293444673e-01
-6.719019705280416810e-01
-6.712458036534373340e-01
-6.702424167528941990e-01
-6.689976584876844434e-01
-6.677041517898496537e-01
-6.666242860481026433e-01
-6.660521895004758441e-01
-6.662570381241189610e-01
-6.674150579383087978e-01
-6.695422596082105660e-01
-6.724431284694810662e-01
-6.756911481100901229e-01
-6.786545320959918026e-01
-6.805747399708856893e-01
-6.806965372403034342e-01
-6.784371190030908938e-01
-6.735691950835178687e-01
-6.663808872645934356e-01
-6.577672093560910094e-01
-6.492084707246079667e-01
-6.426045796662287479e-01
-6.399621971507760687e-01
-6.429694462526822640e-01
-6.525299027796465090e-01
-6.683512285892120319e-01
-6.886857455532927608e-01
-7.103017647597916762e-01
-7.287362230486993386e-01
-7.388533249535588210e-01
-7.357111936609346259e-01
-7.156988619500488369e-01
-6.778160791319683964e-01
-6.248163477581641922e-01
-5.637748462988867448e-01
-5.056098907999069247e-01
-4.633094967403565412e-01
-4.490814756858970136e-01
-4.711416532334254392e-01
-5.310887835951960678e-01
-6.226270223193249853e-01
-7.318549614404233905e-01
-8.387147142541206968e-01
-9.189071844714521431e-01
-9.460152369964791585e-01
-8.946379102538276618e-01
-7.460471483995447795e-01
-4.966690674238546932e-01
-1.660017668492387855e-01
2.027847439444082633e-01
5.538244122116642298e-01
8.361888456011177251e-01
1.016175392552639556e+00
1.078025113839526261e+00
1.017688632948469563e+00
8.391082125265080238e-01
5.578544618670164823e-01
2.073883184487558540e-01
-1.615222946757350342e-01
-4.929646657029001511e-01
-7.435239284828800699e-01
-8.933906817770750353e-01
-9.458922502971406354e-01
-9.196220109066424175e-01
-8.399360192314485607e-01
-7.332586470898520004e-01
-6.239272767459949076e-01
-5.320645268357701019e-01
-4.716606422182478831e-01
-4.491138223323669632e-01
-4.629220898761762792e-01
-5.049402521432974078e-01
-5.629913846814642575e-01
-6.240771334918492341e-01
-6.772378515655721465e-01
-7.153426488056944255e-01
-7.355839976735176755e-01
-7.389205682188143554e-01
-7.289385612164894779e-01
-7.105714348109096745e-01
-6.889598261885908626e-01
-6.685808081153763460e-01
-6.526849765407797266e-01
-6.430397811569636968e-01
-6.399547626481442153e-01
-6.425385401436208843e-01
-6.491090388950735424e-01
-6.576597132652645117e-01
-6.662861473229121367e-01
-6.735008243110202075e-01
-6.784008183624584687e-01
-6.806910232631511182e-01
-6.805937051303508900e-01
-6.786890016093191091e-01
-6.757317025628979401e-01
-6.724816363246223228e-01
-6.695729481504828495e-01
-6.674349100055843031e-01
-6.662656186632759381e-01
-6.660510755181244802e-01
-6.666162974281035769e-01
-6.676925652962377722e-01
-6.689855441148913062e-01
-6.702321783760697427e-01
-6.712389486597807320e-01
-6.718990867295299152e-01
-6.721906563165253035e-01
-6.721603532001843018e-01
-6.718992379152141092e-01
-6.715165358456712807e-01
-6.711165033248592815e-01
-6.707816323049180518e-01
-6.705635937379577083e-01
-6.704816537782817276e-01
-6.705270691025277952e-01
-6.706712838785502395e-01
-6.708756031644741435e-01
-6.711003089927423115e-01
-6.713117646735972111e-01
-6.714867514114905012e-01
-6.716139474176183732e-01
-6.716929824670179183e-01
-6.717318214469976123e-01
-6.717433405845082417e-01
-6.717418912170924905e-01
-6.717404539288879262e-01
-6.717487345848949243e-01
-6.717723020739971851e-01
-6.718126599663365450e-01
-6.718680067432646341e-01
-6.719343790237446434e-01
-6.720068810541948157e-01
-6.720807630833067758e-01
-6.721521980037710176e-01
-6.722186974199313436e-01
-6.722791873136497731e-01
-6.723338186829148633e-01
-6.723836159779774668e-01
-6.724300679878554288e-01
-6.724747483256610092e-01
-6.725190240599596692e-01
-6.725638794965456135e-01
-6.726098542031919703e-01
-6.726570742541035930e-01
-6.727053449490258963e-01
-6.727542713360507021e-01
-6.728033776388816500e-01
-6.728522053662073787e-01
-6.729003797054098346e-01
-6.729476425818967655e-01
-6.729938571444982198e-01
-6.730389919328207959e-01
-6.730830938269886099e-01
-6.731262577652319390e-01
-6.731685990099420813e-01
-6.732102312590261262e-01
-6.732512517339447333e-01
-6.732917328503618126e-01
-6.733317192565199116e-01
-6.733712287875988078e-01
-6.734102560186295827e-01
-6.734487773852584347e-01
-6.734867571163576372e-01
-6.735241534018001630e-01
-6.735609242962772303e-01
-6.735970328812884711e-01
-6.736324512359754824e-01
-6.736671628548109858e-01
-6.737011633164888824e-01
-6.737344592379219677e-01
-6.737670657962092635e-01
-6.737990033139967805e-01
-6.738302935300661822e-01
-6.738609561880604115e-01
-6.738910064707037684e-01
-6.739204536104064225e-01
-6.739493007647300304e-01
-6.739775460087965575e-01
-6.740051841130251242e-01
-6.740322086746971531e-01
-6.740586141662162634e-01
-6.740843975411963118e-01
-6.741095591753829552e-01
-6.741341030781305976e-01
-6.741580364571495565e-01
-6.741813688272038085e-01
-6.742041109071652549e-01
-6.742262735473611990e-01
-6.742478668803052466e-01
-6.742688998101797893e-01
-6.742893798703014641e-01
-6.743093134017691392e-01
-6.743287059538582984e-01
-6.743475627835592290e-01
-6.743658893369901541e-01
-6.743836916227065048e-01
-6.744009764263944051e-01
-6.744177513577928051e-01
-6.744340247552584877e-01
-6.744498054956684641e-01
-6.744651027654263720e-01
-6.744799258436232625e-01
-6.744942839345742236e-01
-6.745081860688236786e-01
-6.745216410738805735e-01
-6.745346576019473073e-01
-6.745472441937426789e-01
-6.745594093554470039e-01
-6.745711616288528889e-01
-6.745825096411270927e-01
-6.745934621280833543e-01
-6.746040279317394583e-01
-6.746142159778723002e-01
-6.746240352418174657e-01
-6.746334947109359215e-01
-6.746426033505811271e-01
-6.746513700778423717e-01
-6.746598037446082108e-01
-6.746679131292296905e-01
-6.746757069345716840e-01
-6.746831937896765607e-01
-6.746903822524301653e-01
-6.746972808112972064e-01
-6.747038978850574686e-01
-6.747102418202944873e-01
-6.747163208869796369e-01
-6.747221432728127688e-01
-6.747277170770269450e-01
-6.747330503042463512e-01
-6.747381508587646515e-01
-6.747430265394042115e-01
-6.747476850349528599e-01
-6.747521339201024704e-01
-6.747563806517917762e-01
-6.747604325658955737e-01
-6.747642968742364467e-01
-6.747679806619324427e-01
-6.747714908851012439e-01
-6.747748343689167205e-01
-6.747780178059838985e-01
-6.747810477549770480e-01
-6.747839306394517456e-01
-6.747866727467549675e-01
-6.747892802269704893e-01
-6.747917590918727226e-01
-6.747941152138990928e-01
-6.747963543251814800e-01
-6.747984820167002296e-01
-6.748005037376217929e-01
-6.748024247948699594e-01
-6.748042503529613212e-01
-6.748059854341015296e-01
-6.748076349185251344e-01
-6.748092035450334869e-01
-6.748106959116909609e-01
-6.748121164766350821e-01
-6.748134695589713683e-01
-6.748147593397287869e-01
-6.748159898628808273e-01
-6.748171650364311880e-01
-6.748182886335829522e-01
-6.748193642939984693e-01
-6.748203955251655950e-01
-6.748213857038711794e-01
-6.748223380777789160e-01
-6.748232557671051124e-01
-6.748241417663803920e-01
-6.748249989462825615e-01
-6.748258300555318723e-01
-6.748266377228316903e-01
-6.748274244588579052e-01
-6.748281926582784251e-01
-6.748289446018074234e-01
-6.748296824582903364e-01
-6.748304082868162856e-01
-6.748311240388554788e-01
-6.748318315604158180e-01
-6.748325325942210462e-01
-6.748332287818969988e-01
-6.748339216661666251e-01
-6.748346126930448996e-01
-6.748353032140328445e-01
-6.748359944883042250e-01
-6.748366876848784779e-01
-6.748373838847795403e-01
-6.748380840831733618e-01
-6.748387891914823244e-01
-6.748395000394717957e-01
-6.748402173773059287e-01
-6.748409418775680457e-01
-6.748416741372449401e-01
-6.748424146796667689e-01
-6.748431639564050899e-01
-6.748439223491223826e-01
-6.748446901713710533e-01
-6.748454676703397048e-01
-6.748462550285463379e-01
-6.748470523654720443e-01
-6.748478597391351919e-01
-6.748486771476037704e-01
-6.748495045304402362e-01
-6.748503417700850715e-01
-6.748511886931656267e-01
-6.748520450717407915e-01
-6.748529106244701703e-01
-6.748537850177118713e-01
-6.748546678665441334e-01
-6.748555587357132346e-01
-6.748564571405040180e-01
