-6.748575074389902007e-01
-6.748583061557296148e-01
-6.748590999273085256e-01
-6.748598881668796956e-01
-6.748606702281909620e-01
-6.748614454059520540e-01
-6.748622129361460109e-01
-6.748629719962843110e-01
-6.748637217056074888e-01
-6.748644611252303527e-01
-6.748651892582306910e-01
-6.748659050496833567e-01
-6.748666073866422810e-01
-6.748672950980650898e-01
-6.748679669546880922e-01
-6.748686216688468686e-01
-6.748692578942465659e-01
-6.748698742256810101e-01
-6.748704691987061910e-01
-6.748710412892633403e-01
-6.748715889132572698e-01
-6.748721104260902992e-01
-6.748726041221563277e-01
-6.748730682342903853e-01
-6.748735009331828794e-01
-6.748739003267547609e-01
-6.748742644594986073e-01
-6.748745913117853990e-01
-6.748748787991399878e-01
-6.748751247714839252e-01
-6.748753270123568626e-01
-6.748754832381071989e-01
-6.748755910970664074e-01
-6.748756481687017139e-01
-6.748756519627558959e-01
-6.748755999183772003e-01
-6.748754894032419349e-01
-6.748753177126758374e-01
-6.748750820687750007e-01
-6.748747796195310178e-01
-6.748744074379603441e-01
-6.748739625212416549e-01
-6.748734417898589744e-01
-6.748728420867541322e-01
-6.748721601764846589e-01
-6.748713927443983351e-01
-6.748705363958180659e-01
-6.748695876552526229e-01
-6.748685429656362533e-01
-6.748673986876106978e-01
-6.748661510988577250e-01
-6.748647963934991667e-01
-6.748633306815702282e-01
-6.748617499885710691e-01
-6.748600502551002078e-01
-6.748582273365621997e-01
-6.748562770029371549e-01
-6.748541949386004379e-01
-6.748519767421662374e-01
-6.748496179263531181e-01
-6.748471139178489064e-01
-6.748444600571968932e-01
-6.748416515987102349e-01
-6.748386837104597413e-01
-6.748355514743871186e-01
-6.748322498866050623e-01
-6.748287738579448192e-01
-6.748251182147998462e-01
-6.748212777002855489e-01
-6.748172469756995584e-01
-6.748130206222145988e-01
-6.748085931427020290e-01
-6.748039589635305147e-01
-6.747991124361889526e-01
-6.747940478385912044e-01
-6.747887593759716029e-01
-6.747832411813722286e-01
-6.747774873158429720e-01
-6.747714917686008507e-01
-6.747652484575078491e-01
-6.747587512303075963e-01
-6.747519938670536455e-01
-6.747449700840757458e-01
-6.747376735396367620e-01
-6.747300978411368000e-01
-6.747222365533930288e-01
-6.747140832071627514e-01
-6.747056313068107158e-01
-6.746968743359058607e-01
-6.746878057596376044e-01
-6.746784190233316991e-01
-6.746687075469990358e-01
-6.746586647167337469e-01
-6.746482838747434041e-01
-6.746375583106781759e-01
-6.746264812574948033e-01
-6.746150458951417628e-01
-6.746032453646996219e-01
-6.745910727941761831e-01
-6.745785213350332654e-01
-6.745655842059385954e-01
-6.745522547376063827e-01
-6.745385264105094869e-01
-6.745243928762917340e-01
-6.745098479544640035e-01
-6.744948855987890068e-01
-6.744794998326667512e-01
-6.744636846594057600e-01
-6.744474339605791569e-01
-6.744307414023514857e-01
-6.744136003740922591e-01
-6.743960039840605214e-01
-6.743779451321642027e-01
-6.743594166691713188e-01
-6.743404116357961664e-01
-6.743209235556483216e-01
-6.743009467362711673e-01
-6.742804765166365843e-01
-6.742595093921859295e-01
-6.742380429540247855e-01
-6.742160755999500044e-01
-6.741936060118109975e-01
-6.741706324430754016e-01
-6.741471519154589309e-01
-6.741231594737867594e-01
-6.740986476814493367e-01
-6.740736065423250656e-01
-6.740480239989772304e-01
-6.740218870769753012e-01
-6.739951836253090800e-01
-6.739679044570681121e-01
-6.739400455466963979e-01
-6.739116098220481188e-01
-6.738826080361440818e-01
-6.738530582465545038e-01
-6.738229835899718356e-01
-6.737924083166293432e-01
-6.737613524191796710e-01
-6.737298256009405240e-01
-6.736978217015231474e-01
-6.736653149405733565e-01
-6.736322593594639141e-01
-6.735985925634290217e-01
-6.735642442626651460e-01
-6.735291492125052848e-01
-6.734932630665418918e-01
-6.734565785630490797e-01
-6.734191386016940006e-01
-6.733810423941138934e-01
-6.733424412203703469e-01
-6.733035215381718563e-01
-6.732644752719240122e-01
-6.732254598627823716e-01
-6.731865536912318149e-01
-6.731477152104382577e-01
-6.731087558611631438e-01
-6.730693368939808519e-01
-6.730289980775875369e-01
-6.729872217215414620e-01
-6.729435287515665998e-01
-6.728975955588106794e-01
-6.728493723533238713e-01
-6.727991775456135803e-01
-6.727477401630121978e-01
-6.726961651562628486e-01
-6.726458056770110439e-01
-6.725980419285375600e-01
-6.725539865237384340e-01
-6.725141584320395438e-01
-6.724781872583671660e-01
-6.724446217098274392e-01
-6.724109157257556202e-01
-6.723736491677295701e-01
-6.723290059015734066e-01
-6.722734826987055712e-01
-6.722047437879384857e-01
-6.721224781286792016e-01
-6.720290724543519501e-01
-6.719298966839883924e-01
-6.718330214315033633e-01
-6.717482570312549583e-01
-6.716855185851342558e-01
-6.716526704881125021e-01
-6.716531642134502267e-01
-6.716839230858712151e-01
-6.717340106023093060e-01
-6.717846094279975588e-01
-6.718107110029980511e-01
-6.717846631143069569e-01
-6.716813618593207025e-01
-6.714844505659604001e-01
-6.711924743368472557e-01
-6.708236284797820526e-01
-6.704176327328922325e-01
-6.700334482887634335e-01
-6.697420806971251528e-01
-6.696145658732252093e-01
-6.697063260220817993e-01
-6.700402328206215286e-01
-6.705916888721524804e-01
-6.712795730097480540e-01
-6.719667556456903057e-01
-6.724729225485812645e-01
-6.726006183074170197e-01
-6.721728569133974540e-01
-6.710776422220573467e-01
-6.693117769301883957e-01
-6.670140750598027024e-01
-6.644773090749365174e-01
-6.621296642041973879e-01
-6.604805917994671649e-01
-6.600326059316673488e-01
-6.611688071992987137e-01
-6.640340637690819170e-01
-6.684338237115333703e-01
-6.737767636840034102e-01
-6.790850068305090970e-01
-6.830884821897441617e-01
-6.844086142644795201e-01
-6.818211952348959271e-01
-6.745689911751773238e-01
-6.626722400648771272e-01
-6.471637352451726777e-01
-6.301635050562385265e-01
-6.147182389112809675e-01
-6.043713067680830386e-01
-6.024971070666538253e-01
-6.115087956725484553e-01
-6.321013652610787403e-01
-6.626985358101633583e-01
-6.992300492683506397e-01
-7.353016767509973350e-01
-7.627758828146856684e-01
-7.727857775242035210e-01
-7.572360855200674923e-01
-7.108084733365769292e-01
-6.332636804181613899e-01
-5.314031158595489135e-01
-4.196531804873159799e-01
-3.183102556719790699e-01
-2.493014700162049235e-01
-2.305360226281987779e-01
-2.707467421943008934e-01
-3.666309338192358935e-01
-5.032166533600674896e-01
-6.570999869024004569e-01
-8.009716805603699363e-01
-9.074155951688708255e-01
-9.509951087905501588e-01
-9.097442990824473608e-01
-7.686082140202380453e-01
-5.261902805196736477e-01
-2.020794609853798773e-01
1.618457300971532509e-01
5.108881685849854248e-01
7.938709865702949786e-01
9.755115516821608601e-01
1.038245716303036525e+00
9.772223324102720099e-01
7.971504012111672033e-01
5.153770742889441925e-01
1.669269552512067101e-01
-1.971797861459774481e-01
-5.221785311895917880e-01
-7.659231332958124083e-01
-9.085019245347175643e-01
-9.510643459951108047e-01
-9.085272770086189054e-01
-8.027895429244447101e-01
-6.592490488614074495e-01
-5.053039203723795891e-01
-3.682879622012885101e-01
-2.716935999599829898e-01
-2.306413856540119045e-01
-2.486103498210034402e-01
-3.170249344394415747e-01
-4.180721498223050059e-01
-5.298391088014897665e-01
-6.319695596296559525e-01
-7.099339274370991548e-01
-7.568214914234460133e-01
-7.727834771426185245e-01
-7.630829112878442233e-01
-7.357914878312259432e-01
-6.997776338487626813e-01
-6.631981840640733816e-01
-6.324779005637688467e-01
-6.117228220917182435e-01
-6.025444187217328107e-01
-6.042769378360877131e-01
-6.145265367919547916e-01
-6.299264722597242017e-01
-6.469301641750954124e-01
-6.624796859749264577e-01
-6.744396173971363151e-01
-6.817614189479537234e-01
-6.844116688389583203e-01
-6.831386589781555108e-01
-6.791623841238834114e-01
-6.738615011232553798e-01
-6.685094362861991879e-01
-6.640893998592340974e-01
-6.611987107048618029e-01
-6.600374408251098446e-01
-6.604649460894814750e-01
-6.621006213361075865e-01
-6.644426727165366753e-01
-6.669808645872951081e-01
-6.692851969356085062e-01
-6.710606001649737085e-01
-6.721659879595185405e-01
-6.726026955900128446e-01
-6.724814921074722118e-01
-6.719788346687027847e-01
-6.712922775760040706e-01
-6.706027008747540430e-01
-6.700480638019375990e-01
-6.697103794430452339e-01
-6.696150329198040652e-01
-6.697397250177240524e-01
-6.700293416010723035e-01
-6.704128978299178643e-01
-6.708192322270132291e-01
-6.711890950131322864e-01
-6.714824254941158532e-01
-6.716807059872118568e-01
-6.717851390391913480e-01
-6.718119264972570726e-01
-6.717861192700891326e-01
-6.717354041071709192e-01
-6.716848854764940757e-01
-6.716535072193976497e-01
-6.716523339391017311e-01
-6.716845493886676177e-01
-6.717467743865692675e-01
-6.718311774993618313e-01
-6.719278406117198399e-01
-6.720269232582760655e-01
-6.721203091239309479e-01
-6.722025786155194638e-01
-6.722713009558075603e-01
-6.723267551570191181e-01
-6.723712597674622593e-01
-6.724083151356133881e-01
-6.724417459787703777e-01
-6.724749882540304036e-01
-6.725106065599717464e-01
-6.725500695070109058e-01
-6.725937607873181401e-01
-6.726411692781621987e-01
-6.726911846368177628e-01
-6.727424242487349826e-01
-6.727935293871416533e-01
-6.728433880856597993e-01
-6.728912644338430615e-01
-6.729368344475368247e-01
-6.729801443163312413e-01
-6.730215161753322350e-01
-6.730614294883640047e-01
-6.731004036654804068e-01
-6.731389013452295789e-01
-6.731772637625823563e-01
-6.732156815668415284e-01
-6.732541977146112577e-01
-6.732927344653089063e-01
-6.733311343226825452e-01
-6.733692047981114648e-01
-6.734067585965849423e-01
-6.734436435584809644e-01
-6.734797597349921894e-01
-6.735150637476128299e-01
-6.735495626804455238e-01
-6.735833009835262564e-01
-6.736163442229449183e-01
-6.736487631434309176e-01
-6.736806206439832634e-01
-6.737119631683885501e-01
-6.737428169193515615e-01
-6.737731883997084559e-01
-6.738030681747039230e-01
-6.738324364684831203e-01
-6.738612692257682779e-01
-6.738895435130386469e-01
-6.739172415085510348e-01
-6.739443527433746084e-01
-6.739708746280942409e-01
-6.739968115789350955e-01
-6.740221732179295655e-01
-6.740469721652159185e-01
-6.740712218879580941e-01
-6.740949349515487077e-01
-6.741181218699936473e-01
-6.741407906056487986e-01
-6.741629466479314159e-01
-6.741845935202541718e-01
-6.742057335282563013e-01
-6.742263685660636607e-01
-6.742465008307687580e-01
-6.742661333459856188e-01
-6.742852702506252349e-01
-6.743039168586312249e-01
-6.743220795323446870e-01
-6.743397654332539126e-01
-6.743569822193329344e-01
-6.743737377507724728e-01
-6.743900398499297344e-01
-6.744058961414659548e-01
-6.744213139791356282e-01
-6.744363004497186953e-01
-6.744508624339760061e-01
-6.744650066997530669e-01
-6.744787400029002011e-01
-6.744920691761178144e-01
-6.745050011925719513e-01
-6.745175431984533621e-01
-6.745297025152175996e-01
-6.745414866171381973e-01
-6.745529030926145087e-01
-6.745639595983995429e-01
-6.745746638149577867e-01
-6.745850234090596809e-01
-6.745950460070984089e-01
-6.746047391800371607e-01
-6.746141104387712861e-01
-6.746231672372771104e-01
-6.746319169802664772e-01
-6.746403670321247104e-01
-6.746485247244790040e-01
-6.746563973606301001e-01
-6.746639922160354574e-01
-6.746713165349242924e-01
-6.746783775237498171e-01
-6.746851823425964456e-01
-6.746917380957503374e-01
-6.746980518225215162e-01
-6.747041304891484570e-01
-6.747099809822612038e-01
-6.747156101040375775e-01
-6.747210245689101438e-01
-6.747262310014765507e-01
-6.747312359351855804e-01
-6.747360458113680348e-01
-6.747406669782506361e-01
-6.747451056897113553e-01
-6.747493681036557112e-01
-6.747534602800142611e-01
-6.747573881784488803e-01
-6.747611576559100488e-01
-6.747647744642035761e-01
-6.747682442477103137e-01
-6.747715725413656607e-01
-6.747747647689704698e-01
-6.747778262418463457e-01
-6.747807621578174597e-01
-6.747835776004729169e-01
-6.747862775386478384e-01
-6.747888668260638712e-01
-6.747913502010759457e-01
-6.747937322864865362e-01
-6.747960175894102131e-01
-6.747982105011771647e-01
-6.748003152972860130e-01
-6.748023361374224649e-01
-6.748042770655561240e-01
-6.748061420101393315e-01
-6.748079347844090359e-01
-6.748096590868064570e-01
-6.748113185015097715e-01
-6.748129164990736006e-01
-6.748144564371696408e-01
-6.748159415614085610e-01
-6.748173750062425036e-01
-6.748187597959274253e-01
-6.748200988455406168e-01
-6.748213949620485153e-01
-6.748226508454140404e-01
-6.748238690897442327e-01
-6.748250521844807448e-01
-6.748262025156216426e-01
-6.748273223669820631e-01
-6.748284139214886235e-01
-6.748294792625054717e-01
-6.748305203751893133e-01
-6.748315391478674208e-01
-6.748325373734360699e-01
-6.748335167507769627e-01
-6.748344788861807553e-01
-6.748354252947786902e-01
-6.748363574019751177e-01
-6.748372765448806820e-01
-6.748381839737372934e-01
-6.748390808533363261e-01
-6.748399682644236064e-01
-6.748408472050926310e-01
-6.748417185921611328e-01
-6.748425832625258858e-01
-6.748434419744971935e-01
-6.748442954091100621e-01
-6.748451441714091725e-01
-6.748459887917016564e-01
-6.748468297267823379e-01
-6.748476673611184529e-01
-6.748485020080045027e-01
-6.748493339106756972e-01
-6.748501632433795416e-01
-6.748509901124074561e-01
-6.748518145570799875e-01
-6.748526365506859470e-01
-6.748534560013773609e-01
-6.748542727530133511e-01
-6.748550865859537229e-01
-6.748558972178048121e-01
-6.748567043041098223e-01
