-6.748573510452460233e-01
-6.748582640602132088e-01
-6.748591829575550927e-01
-6.748601070609568930e-01
-6.748610356479719519e-01
-6.748619679504230806e-01
-6.748629031547167534e-01
-6.748638404020845805e-01
-6.748647787887390725e-01
-6.748657173659537989e-01
-6.748666551400598346e-01
-6.748675910723660465e-01
-6.748685240789998874e-01
-6.748694530306739159e-01
-6.748703767523703823e-01
-6.748712940229532053e-01
-6.748722035747050096e-01
-6.748731040927914426e-01
-6.748739942146529946e-01
-6.748748725293288730e-01
-6.748757375767101552e-01
-6.748765878467279933e-01
-6.748774217784743179e-01
-6.748782377592624782e-01
-6.748790341236233781e-01
-6.748798091522457687e-01
-6.748805610708543679e-01
-6.748812880490374644e-01
-6.748819881990208991e-01
-6.748826595743943058e-01
-6.748833001687876143e-01
-6.748839079145078079e-01
-6.748844806811308272e-01
-6.748850162740596126e-01
-6.748855124330458422e-01
-6.748859668306809168e-01
-6.748863770708610765e-01
-6.748867406872274266e-01
-6.748870551415866448e-01
-6.748873178223147029e-01
-6.748875260427502631e-01
-6.748876770395757507e-01
-6.748877679711950961e-01
-6.748877959161052598e-01
-6.748877578712645375e-01
-6.748876507504625311e-01
-6.748874713826940042e-01
-6.748872165105422871e-01
-6.748868827885807775e-01
-6.748864667818035290e-01
-6.748859649640930325e-01
-6.748853737167416211e-01
-6.748846893270324943e-01
-6.748839079868844681e-01
-6.748830257915597874e-01
-6.748820387384310004e-01
-6.748809427257912441e-01
-6.748797335516918405e-01
-6.748784069128026530e-01
-6.748769584032870972e-01
-6.748753835137044632e-01
-6.748736776299650852e-01
-6.748718360323769927e-01
-6.748698538948312287e-01
-6.748677262841782376e-01
-6.748654481598245214e-01
-6.748630143735717679e-01
-6.748604196696809110e-01
-6.748576586851111614e-01
-6.748547259498696160e-01
-6.748516158873927306e-01
-6.748483228148861590e-01
-6.748448409435828799e-01
-6.748411643789236081e-01
-6.748372871207130030e-01
-6.748332030633477086e-01
-6.748289059962423453e-01
-6.748243896045831303e-01
-6.748196474705026038e-01
-6.748146730747327515e-01
-6.748094597987410737e-01
-6.748040009272945339e-01
-6.747982896513934348e-01
-6.747923190714970598e-01
-6.747860822010008919e-01
-6.747795719699318795e-01
-6.747727812288336624e-01
-6.747657027527597107e-01
-6.747583292451960757e-01
-6.747506533416084418e-01
-6.747426676122106892e-01
-6.747343645635351939e-01
-6.747257366385389643e-01
-6.747167762153608583e-01
-6.747074756053975664e-01
-6.746978270520509469e-01
-6.746878227321132515e-01
-6.746774547620456586e-01
-6.746667152111494037e-01
-6.746555961226248233e-01
-6.746440895417608052e-01
-6.746321875481917640e-01
-6.746198822867646161e-01
-6.746071659897705519e-01
-6.745940309828500903e-01
-6.745804696684329915e-01
-6.745664744844424021e-01
-6.745520378419057606e-01
-6.745371520521714626e-01
-6.745218092610415495e-01
-6.745060014113436475e-01
-6.744897202553293836e-01
-6.744729574323781174e-01
-6.744557046155811308e-01
-6.744379537141369507e-01
-6.744196971000739893e-01
-6.744009278119509343e-01
-6.743816396797627233e-01
-6.743618273187057532e-01
-6.743414859572086639e-01
-6.743206110962006727e-01
-6.742991980377109895e-01
-6.742772413636946016e-01
-6.742547344801140818e-01
-6.742316693559143870e-01
-6.742080365729922198e-01
-6.741838257579149118e-01
-6.741590263923544768e-01
-6.741336289083287303e-01
-6.741076258845173363e-01
-6.740810130931713662e-01
-6.740537901246861363e-01
-6.740259603537025468e-01
-6.739975301103751093e-01
-6.739685070724206195e-01
-6.739388980723828304e-01
-6.739087066836839668e-01
-6.738779310675833134e-01
-6.738465625951527427e-01
-6.738145856821927682e-01
-6.737819790909196360e-01
-6.737487186855588561e-01
-6.737147813274514396e-01
-6.736801493204696012e-01
-6.736448146315672236e-01
-6.736087820619338640e-01
-6.735720706519395806e-01
-6.735347128540469797e-01
-6.734967513555925045e-01
-6.734582338091543718e-01
-6.734192060592641971e-01
-6.733797046834756328e-01
-6.733397497688492495e-01
-6.732993388365059451e-01
-6.732584427540073690e-01
-6.732170043959302408e-01
-6.731749407660523321e-01
-6.731321492696403785e-01
-6.730885187443191864e-01
-6.730439455849863695e-01
-6.729983546705547992e-01
-6.729517236980583350e-01
-6.729041079564013206e-01
-6.728556607293418867e-01
-6.728066428424832601e-01
-6.727574140073188103e-01
-6.727083993077841440e-01
-6.726600270630387346e-01
-6.726126396762281967e-01
-6.725663866338132957e-01
-6.725211174682484971e-01
-6.724763003574292242e-01
-6.724309966343147149e-01
-6.723839202054076036e-01
-6.723336016363801182e-01
-6.722786586608385795e-01
-6.722181493097356686e-01
-6.721519543829604926e-01
-6.720811086063501749e-01
-6.720079822306526118e-01
-6.719362150289767133e-01
-6.718703290000612727e-01
-6.718149971421942812e-01
-6.717740202275072070e-01
-6.717491514779662110e-01
-6.717389936213561397e-01
-6.717382524070640848e-01
-6.717376426225779573e-01
-6.717246883294678561e-01
-6.716855295317980534e-01
-6.716076488290770863e-01
-6.714831880655277585e-01
-6.713122792326752242e-01
-6.711056229055172295e-01
-6.708854738760028358e-01
-6.706842925624164620e-01
-6.705406243412641576e-01
-6.704922709715911422e-01
-6.705674634904875697e-01
-6.707754281917158723e-01
-6.710983098509655242e-01
-6.714867150064204315e-01
-6.718610138088589867e-01
-6.721198944029652678e-01
-6.721564869277547594e-01
-6.718807631640496547e-01
-6.712450933884916981e-01
-6.702681433491279872e-01
-6.690511509116437994e-01
-6.677804902971750112e-01
-6.667116894000743033e-01
-6.661328708612052063e-01
-6.663097432142969234e-01
-6.674191520286456569e-01
-6.694828236740306693e-01
-6.723161451997281546e-01
-6.755075993925341304e-01
-6.784421701981389052e-01
-6.803764841770908456e-01
-6.805649034913976436e-01
-6.784248014405077631e-01
-6.737168398315954709e-01
-6.667041190602253087e-01
-6.582458705515342734e-01
-6.497814721944313865e-01
-6.431733748049043298e-01
-6.404044628711469400e-01
-6.431622454864330818e-01
-6.523790007510927857e-01
-6.678211666474134223e-01
-6.878243997875407301e-01
-7.092535346443922251e-01
-7.277391804609428805e-01
-7.382168804986246613e-01
-7.357720304144889090e-01
-7.167553308270963042e-01
-6.800471768097364755e-01
-6.282017413129946659e-01
-5.680436708811962276e-01
-5.102496662451309062e-01
-4.676541115370274615e-01
-4.524693907933227677e-01
-4.731050210782453691e-01
-5.315177771841964605e-01
-6.218603643421637406e-01
-7.306740796429367357e-01
-8.382501807773293789e-01
-9.204793378145936789e-01
-9.509113873584132959e-01
-9.037976479704703525e-01
-7.596515234005427608e-01
-5.137662671875908860e-01
-1.844787687611170734e-01
1.856133324957921216e-01
5.401585100640234893e-01
8.268201342650731700e-01
1.010231287078183993e+00
1.073393955938006794e+00
1.011812445462999976e+00
8.298608044639816939e-01
5.443354430516289533e-01
1.903544917388158286e-01
-1.799007614734901561e-01
-5.100157793943040918e-01
-7.571299183238536790e-01
-9.025839080395310354e-01
-9.508355816328890597e-01
-9.212398005668559486e-01
-8.395050831131356528e-01
-7.320938262744636216e-01
-6.231585273565160010e-01
-5.324770301570539432e-01
-4.735999670942638295e-01
-4.524780686556055809e-01
-4.672502037779713846e-01
-5.095746557167192270e-01
-5.672664342961026840e-01
-6.274777949780016018e-01
-6.794889348952168895e-01
-7.164191765222186481e-01
-7.356611632329168593e-01
-7.382944074376412980e-01
-7.279450850248276872e-01
-7.095208210346923838e-01
-6.880919302112780134e-01
-6.680422994905941270e-01
-6.525259508981083867e-01
-6.432265001617135658e-01
-6.403939336115112013e-01
-6.431073238393714142e-01
-6.496845018603643052e-01
-6.581422664339886541e-01
-6.666135525918310822e-01
-6.736519545860494285e-01
-6.783906930952159353e-01
-6.805601074978713250e-01
-6.803948844390715900e-01
-6.784752292564928400e-01
-6.755464254849059547e-01
-6.723530825918180298e-01
-6.695124248777503118e-01
-6.674385330118591808e-01
-6.663184232624994596e-01
-6.661322557765753105e-01
-6.667043739880667008e-01
-6.677695408020541956e-01
-6.690394902139883415e-01
-6.702581129536304694e-01
-6.712382177093281221e-01
-6.718777019336724665e-01
-6.721571353065847187e-01
-6.721235781413923416e-01
-6.718667262924729044e-01
-6.714933505318088081e-01
-6.711048593512207727e-01
-6.707811169233073301e-01
-6.705718228986943252e-01
-6.704951478181494506e-01
-6.705421384516483396e-01
-6.706847598044829439e-01
-6.708853130717772340e-01
-6.711052644712849347e-01
-6.713120899448448142e-01
-6.714834212672872171e-01
-6.716084236189893142e-01
-6.716868370241372288e-01
-6.717264188065993347e-01
-6.717396248756321020e-01
-6.717402959737438506e-01
-6.717409257983744109e-01
-6.717508434305455856e-01
-6.717753995859513383e-01
-6.718160474863671405e-01
-6.718710790195870919e-01
-6.719367215544496119e-01
-6.720083116570269022e-01
-6.720813206076939883e-01
-6.721520905514172251e-01
-6.722182278213584272e-01
-6.722786746403172087e-01
-6.723335318335783573e-01
-6.723837300491630753e-01
-6.724306476970507429e-01
-6.724757566421967203e-01
-6.725203495479850080e-01
-6.725653733469690865e-01
-6.726113676583537204e-01
-6.726584887716187122e-01
-6.727065903440125894e-01
-6.727553304780271581e-01
-6.728042793017398049e-01
-6.728530089720500262e-01
-6.729011566798267507e-01
-6.729484588552266944e-01
-6.729947602377498450e-01
-6.730400044532929282e-01
-6.730842135014333261e-01
-6.731274627319572268e-01
-6.731698562207002468e-01
-6.732115055931957581e-01
-6.732525137386327074e-01
-6.732929637191235051e-01
-6.733329125229070566e-01
-6.733723890201356310e-01
-6.734113953957101550e-01
-6.734499113150670402e-01
-6.734879000444142783e-01
-6.735253156815851350e-01
-6.735621105923557117e-01
-6.735982421454217439e-01
-6.736336779435646571e-01
-6.736683989745763101e-01
-6.737024004306394476e-01
-6.737356903142164288e-01
-6.737682862910078230e-01
-6.738002114986689772e-01
-6.738314901275007651e-01
-6.738621435419595018e-01
-6.738921875291828956e-01
-6.739216309894785484e-01
-6.739504760850362208e-01
-6.739787195980407875e-01
-6.740063550653818680e-01
-6.740333751798657236e-01
-6.740597739779176090e-01
-6.740855484502358275e-01
-6.741106993792073121e-01
-6.741352313846344924e-01
-6.741591523110435080e-01
-6.741824721900817607e-01
-6.742052020493077835e-01
-6.742273528174076436e-01
-6.742489345102125053e-01
-6.742699557928212295e-01
-6.742904239225475660e-01
-6.743103450035388136e-01
-6.743297244380855870e-01
-6.743485674455079737e-01
-6.743668795334984978e-01
-6.743846668404549494e-01
-6.744019363098850972e-01
-6.744186956990576576e-01
-6.744349534558026216e-01
-6.744507185154107187e-01
-6.744660000733129213e-01
-6.744808073810725224e-01
-6.744951495975347600e-01
-6.745090357086100941e-01
-6.745224745124903665e-01
-6.745354746550650260e-01
-6.745480446942631048e-01
-6.745601931717600808e-01
-6.745719286746103549e-01
-6.745832598759310406e-01
-6.745941955508212295e-01
-6.746047445696592426e-01
-6.746149158748505625e-01
-6.746247184487069726e-01
-6.746341612797581710e-01
-6.746432533330193326e-01
-6.746520035273557703e-01
-6.746604207207649306e-01
-6.746685137026228185e-01
-6.746762911908967819e-01
-6.746837618320672414e-01
-6.746909342017655131e-01
-6.746978168047480517e-01
-6.747044180735122243e-01
-6.747107463654363757e-01
-6.747168099586987600e-01
-6.747226170474046603e-01
-6.747281757363409183e-01
-6.747334940356679578e-01
-6.747385798557476999e-01
-6.747434410021911910e-01
-6.747480851711559202e-01
-6.747525199449293520e-01
-6.747567527878364224e-01
-6.747607910425403865e-01
-6.747646419268015228e-01
-6.747683125307420982e-01
-6.747718098146201493e-01
-6.747751406070550129e-01
-6.747783116036187856e-01
-6.747813293656582667e-01
-6.747842003192380256e-01
-6.747869307540957928e-01
-6.747895268225666543e-01
-6.747919945384672769e-01
-6.747943397759801343e-01
-6.747965682686115629e-01
-6.747986856083019180e-01
-6.748006972447548879e-01
-6.748026084850351491e-01
-6.748044244934499059e-01
-6.748061502916996579e-01
-6.748077907592646696e-01
-6.748093506339776226e-01
-6.748108345127384888e-01
-6.748122468523231055e-01
-6.748135919702709096e-01
-6.748148740458309591e-01
-6.748160971209739012e-01
-6.748172651014801016e-01
-6.748183817581162591e-01
-6.748194507279123844e-01
-6.748204755155455814e-01
-6.748214594948336309e-01
-6.748224059103314909e-01
-6.748233178790207232e-01
-6.748241983920842957e-01
-6.748250503167437797e-01
-6.748258763981617170e-01
-6.748266792613882847e-01
-6.748274614133547011e-01
-6.748282252449031571e-01
-6.748289730328498326e-01
-6.748297069420818861e-01
-6.748304290276798678e-01
-6.748311412370665563e-01
-6.748318454121772225e-01
-6.748325432916422173e-01
-6.748332365129848798e-01
-6.748339266148233317e-01
-6.748346150390741593e-01
-6.748353031331520979e-01
-6.748359921521632776e-01
-6.748366832610864785e-01
-6.748373775369396199e-01
-6.748380759709253773e-01
-6.748387794705531517e-01
-6.748394888617321730e-01
-6.748402048908360706e-01
-6.748409282267270326e-01
-6.748416594627477672e-01
-6.748423991186669468e-01
-6.748431476425826858e-01
-6.748439054127757242e-01
-6.748446727395165379e-01
-6.748454498668151613e-01
-6.748462369741186073e-01
-6.748470341779502224e-01
-6.748478415334865366e-01
-6.748486590360733839e-01
-6.748494866226784072e-01
-6.748503241732725089e-01
-6.748511715121477961e-01
-6.748520284091596988e-01
-6.748528945809021407e-01
-6.748537696918065487e-01
-6.748546533551665894e-01
-6.748555451340878530e-01
-6.748564445423583802e-01
