-6.748576454998739260e-01
-6.748585181340930328e-01
-6.748593933357530661e-01
-6.748602704596120549e-01
-6.748611488093236854e-01
-6.748620276378255456e-01
-6.748629061476565383e-01
-6.748637834912032396e-01
-6.748646587708730937e-01
-6.748655310391992179e-01
-6.748663992988725990e-01
-6.748672625027053451e-01
-6.748681195535211064e-01
-6.748689693039775506e-01
-6.748698105563182281e-01
-6.748706420620547153e-01
-6.748714625215812557e-01
-6.748722705837242319e-01
-6.748730648452271330e-01
-6.748738438501774572e-01
-6.748746060893704435e-01
-6.748753499996230643e-01
-6.748760739630259575e-01
-6.748767763061499503e-01
-6.748774552991927411e-01
-6.748781091550742905e-01
-6.748787360284789205e-01
-6.748793340148405706e-01
-6.748799011492785382e-01
-6.748804354054849242e-01
-6.748809346945705556e-01
-6.748813968638736061e-01
-6.748818196957440119e-01
-6.748822009063087934e-01
-6.748825381442207227e-01
-6.748828289894028831e-01
-6.748830709517787962e-01
-6.748832614699882271e-01
-6.748833979100828939e-01
-6.748834775641922024e-01
-6.748834976491516757e-01
-6.748834553051020757e-01
-6.748833475940535509e-01
-6.748831714984402375e-01
-6.748829239196801888e-01
-6.748826016767710545e-01
-6.748822015049471545e-01
-6.748817200544167116e-01
-6.748811538891900108e-01
-6.748804994859916029e-01
-6.748797532332326821e-01
-6.748789114300112191e-01
-6.748779702850916662e-01
-6.748769259158294842e-01
-6.748757743470195081e-01
-6.748745115096695946e-01
-6.748731332397369664e-01
-6.748716352769016380e-01
-6.748700132634645188e-01
-6.748682627434793302e-01
-6.748663791621957175e-01
-6.748643578658624076e-01
-6.748621941018745352e-01
-6.748598830191768760e-01
-6.748574196687798787e-01
-6.748547990041952049e-01
-6.748520158816092573e-01
-6.748490650596541407e-01
-6.748459411987364209e-01
-6.748426388600238246e-01
-6.748391525043248018e-01
-6.748354764912217751e-01
-6.748316050788761844e-01
-6.748275324248828033e-01
-6.748232525884131361e-01
-6.748187595336525568e-01
-6.748140471342259916e-01
-6.748091091780225037e-01
-6.748039393716057655e-01
-6.747985313433378929e-01
-6.747928786444957749e-01
-6.747869747480452762e-01
-6.747808130453175623e-01
-6.747743868414852741e-01
-6.747676893513552265e-01
-6.747607136973671205e-01
-6.747534529116667734e-01
-6.747458999436100058e-01
-6.747380476730410193e-01
-6.747298889283102064e-01
-6.747214165065077429e-01
-6.747126231921378725e-01
-6.747035017698694848e-01
-6.746940450273665180e-01
-6.746842457457291609e-01
-6.746740966776806347e-01
-6.746635905169382497e-01
-6.746527198655453139e-01
-6.746414772084839973e-01
-6.746298549057241356e-01
-6.746178452103180900e-01
-6.746054403169553515e-01
-6.745926324388459294e-01
-6.745794139029561709e-01
-6.745657772460796897e-01
-6.745517152889987100e-01
-6.745372211650694227e-01
-6.745222882843373569e-01
-6.745069102252004845e-01
-6.744910805616440852e-01
-6.744747926525688220e-01
-6.744580394368607790e-01
-6.744408132889463392e-01
-6.744231059902451308e-01
-6.744049088591441699e-01
-6.743862130552870093e-01
-6.743670100358084563e-01
-6.743472920977953144e-01
-6.743270529017932891e-01
-6.743062878461526521e-01
-6.742849941613169307e-01
-6.742631706235804323e-01
-6.742408168505156230e-01
-6.742179322291187438e-01
-6.741945146288752522e-01
-6.741705591450399826e-01
-6.741460571786168643e-01
-6.741209961661110972e-01
-6.740953602079446938e-01
-6.740691317053528753e-01
-6.740422939133355884e-01
-6.740148340809890559e-01
-6.739867466247153605e-01
-6.739580356181126275e-01
-6.739287158383959753e-01
-6.738988117244242293e-01
-6.738683538931224959e-01
-6.738373733122190457e-01
-6.738058937811319815e-01
-6.737739239342871445e-01
-6.737414504305532237e-01
-6.737084341989347802e-01
-6.736748114615822569e-01
-6.736405006840548992e-01
-6.736054156161570550e-01
-6.735694832827648915e-01
-6.735326643574305328e-01
-6.734949720784889626e-01
-6.734564850701320049e-01
-6.734173494216399991e-01
-6.733777663888513842e-01
-6.733379641916962255e-01
-6.732981554530043100e-01
-6.732584854689640519e-01
-6.732189800908668920e-01
-6.731795047235685781e-01
-6.731397469453117566e-01
-6.730992337798916703e-01
-6.730573902765771832e-01
-6.730136388573908501e-01
-6.729675296090642522e-01
-6.729188817554384583e-01
-6.728679079656307849e-01
-6.728152882821927250e-01
-6.727621615435296354e-01
-6.727100108420089875e-01
-6.726604362150911953e-01
-6.726148311413355785e-01
-6.725740063087117804e-01
-6.725378295322618216e-01
-6.725049683773023368e-01
-6.724728255498713114e-01
-6.724377412197021231e-01
-6.723954987094419300e-01
-6.723421122159547458e-01
-6.722748043754314118e-01
-6.721930096740786897e-01
-6.720991830985389992e-01
-6.719991697495659722e-01
-6.719019161129835549e-01
-6.718183866698871354e-01
-6.717596893917482381e-01
-6.717345957134235324e-01
-6.717468358061690070e-01
-6.717927174829859682e-01
-6.718597099997454247e-01
-6.719266085921055121e-01
-6.719657219974959350e-01
-6.719471983602056664e-01
-6.718451527568745085e-01
-6.716447466936042998e-01
-6.713488943691934274e-01
-6.709829523898075410e-01
-6.705957109105387115e-01
-6.702553406992866059e-01
-6.700397002058093854e-01
-6.700215206062258844e-01
-6.702503140391810055e-01
-6.707341447068944085e-01
-6.714253570799505466e-01
-6.722146597996216943e-01
-6.729373732131453956e-01
-6.733940470325889827e-01
-6.733851020464513004e-01
-6.727559084730748706e-01
-6.714452608452684546e-01
-6.695272329613825013e-01
-6.672347487308402103e-01
-6.649537721180344141e-01
-6.631804736703561520e-01
-6.624401918585989257e-01
-6.631757435726136629e-01
-6.656220036641037341e-01
-6.696914226837954454e-01
-6.748990875329397010e-01
-6.803545958146147710e-01
-6.848410334894100560e-01
-6.869891618957286727e-01
-6.855381650535521398e-01
-6.796534878574780336e-01
-6.692486263452490647e-01
-6.552352057528778584e-01
-6.396129125705146690e-01
-6.253199115435694733e-01
-6.158047454605865001e-01
-6.143502717806759161e-01
-6.232600479529665227e-01
-6.430773966101949179e-01
-6.720210534662282020e-01
-7.057840848463274863e-01
-7.377779807782761656e-01
-7.598509931742953860e-01
-7.634934642538814265e-01
-7.415350557483304517e-01
-6.902485752463135560e-01
-6.115103174591307589e-01
-5.142708817668182331e-01
-4.143452347167074223e-01
-3.318257001697562103e-01
-2.863518565976533869e-01
-2.915666339604052193e-01
-3.506388497917461988e-01
-4.544147515613981558e-01
-5.827679024971796906e-01
-7.084676445238879960e-01
-8.019932429071113811e-01
-8.359096196915734023e-01
-7.887367038337288472e-01
-6.493800917276725260e-01
-4.223639454213505839e-01
-1.312324715779913664e-01
1.844616472593048340e-01
4.803856696725084530e-01
7.221304697618978752e-01
8.944995138467519702e-01
1.000968581171973293e+00
1.055474044894084695e+00
1.071894044372552424e+00
1.055899363130661683e+00
1.001946429717265774e+00
8.962138506574314212e-01
7.247018000052977138e-01
4.837477063451696147e-01
1.883004546304952176e-01
-1.274224807088917000e-01
-4.191203820231019783e-01
-6.471011205907976072e-01
-7.875917232767958298e-01
-8.358494694316097595e-01
-8.028104649998452080e-01
-7.098567773444320883e-01
-5.843735444355363517e-01
-4.558804897110904086e-01
-3.516654230204779297e-01
-2.919688325381363803e-01
-2.860932052438119322e-01
-3.310155598016088496e-01
-4.131976726032355884e-01
-5.130394218647685856e-01
-6.104214336258300122e-01
-6.894552939636491296e-01
-7.411006657229440853e-01
-7.634014423417432305e-01
-7.600293676666051157e-01
-7.381267187472471125e-01
-7.061988116186376230e-01
-6.724107857282418665e-01
-6.433760663566443494e-01
-6.234320208057646528e-01
-6.143901340008374179e-01
-6.157320865573167046e-01
-6.251706064561708409e-01
-6.394290479533000227e-01
-6.550558940373693018e-01
-6.691034180345551974e-01
-6.795591589179922343e-01
-6.854987046180869292e-01
-6.869981276467951314e-01
-6.848851895087432196e-01
-6.804178265180874652e-01
-6.749658374231402025e-01
-6.697492106586420135e-01
-6.656628291110852080e-01
-6.631964158852122759e-01
-6.624417726718668797e-01
-6.631671207059396389e-01
-6.649313118686999147e-01
-6.672092834076870371e-01
-6.695040162682731610e-01
-6.714279780629764938e-01
-6.727463937522326631e-01
-6.733834408286942796e-01
-6.733989564921244453e-01
-6.729467311510037852e-01
-6.722260577993149910e-01
-6.714365785158354916e-01
-6.707435033176631922e-01
-6.702568262725873138e-01
-6.700249185887650061e-01
-6.700403176607058198e-01
-6.702539190295061511e-01
-6.705931765431855096e-01
-6.709802107383476821e-01
-6.713466732226823774e-01
-6.716435060385599343e-01
-6.718450624841877383e-01
-6.719481727933320769e-01
-6.719674923568789149e-01
-6.719288118203293747e-01
-6.718619742020884855e-01
-6.717947292734616216e-01
-6.717483814661228125e-01
-6.717355747016067191e-01
-6.717601041582065280e-01
-6.718183161801940528e-01
-6.719014817727892996e-01
-6.719985017797375226e-01
-6.720983934103225144e-01
-6.721921746301086076e-01
-6.722739581626516747e-01
-6.723412494096802083e-01
-6.723945832604105721e-01
-6.724367186078120673e-01
-6.724716350959553113e-01
-6.725035534517913582e-01
-6.725361443742274847e-01
-6.725720191250935676e-01
-6.726125239176327097e-01
-6.726578021443939681e-01
-6.727070504582645105e-01
-6.727588785768245927e-01
-6.728116860214778949e-01
-6.728639866080119436e-01
-6.729146369186478349e-01
-6.729629519385967873e-01
-6.730087144984322478e-01
-6.730521019057744692e-01
-6.730935618891936700e-01
-6.731336711170737841e-01
-6.731730047092994162e-01
-6.732120365854599164e-01
-6.732510805441170865e-01
-6.732902726701269769e-01
-6.733295884532992659e-01
-6.733688836088875806e-01
-6.734079461019333301e-01
-6.734465478648963277e-01
-6.734844874150499594e-01
-6.735216181615352182e-01
-6.735578608341723506e-01
-6.735932015374351822e-01
-6.736276790453770147e-01
-6.736613659692630707e-01
-6.736943484270924154e-01
-6.737267080543175579e-01
-6.737585089288461448e-01
-6.737897905619807393e-01
-6.738205668058407927e-01
-6.738508295412413140e-01
-6.738805554364347694e-01
-6.739097139137747439e-01
-6.739382746627596843e-01
-6.739662134825146200e-01
-6.739935157955707634e-01
-6.740201777268171046e-01
-6.740462050925918325e-01
-6.740716109381998944e-01
-6.740964123800493590e-01
-6.741206274676726506e-01
-6.741442726219595283e-01
-6.741673609820114654e-01
-6.741899017576158393e-01
-6.742119004818473149e-01
-6.742333599181369319e-01
-6.742542813104056565e-01
-6.742746656698052066e-01
-6.742945148514685183e-01
-6.743138322669399720e-01
-6.743326231789031899e-01
-6.743508946139711302e-01
-6.743686549926912743e-01
-6.743859136071534977e-01
-6.744026800766921292e-01
-6.744189638877030601e-01
-6.744347740844109929e-01
-6.744501191340444013e-01
-6.744650069514536161e-01
-6.744794450409989928e-01
-6.744934407003453369e-01
-6.745070012311402685e-01
-6.745201341124592576e-01
-6.745328471099635292e-01
-6.745451483123160452e-01
-6.745570461025399700e-01
-6.745685490831186959e-01
-6.745796659785782134e-01
-6.745904055384793763e-01
-6.746007764585767452e-01
-6.746107873303397451e-01
-6.746204466211231932e-01
-6.746297626806596615e-01
-6.746387437652512364e-01
-6.746473980694419614e-01
-6.746557337557620437e-01
-6.746637589756558917e-01
-6.746714818780886747e-01
-6.746789106056531038e-01
-6.746860532806385757e-01
-6.746929179850830183e-01
-6.746995127392187985e-01
-6.747058454821304174e-01
-6.747119240571806120e-01
-6.747177562032783404e-01
-6.747233495516384849e-01
-6.747287116266816875e-01
-6.747338498491848302e-01
-6.747387715397774599e-01
-6.747434839212586022e-01
-6.747479941188134767e-01
-6.747523091578987442e-01
-6.747564359601252448e-01
-6.747603813378704185e-01
-6.747641519885017036e-01
-6.747677544890279266e-01
-6.747711952917841982e-01
-6.747744807214509644e-01
-6.747776169734039931e-01
-6.747806101131562651e-01
-6.747834660765100745e-01
-6.747861906699966772e-01
-6.747887895712489925e-01
-6.747912683290597791e-01
-6.747936323630400191e-01
-6.747958869629088197e-01
-6.747980372875607147e-01
-6.748000883640951075e-01
-6.748020450869970377e-01
-6.748039122176219262e-01
-6.748056943840639033e-01
-6.748073960814245931e-01
-6.748090216724426105e-01
-6.748105753883897329e-01
-6.748120613301373805e-01
-6.748134834693003681e-01
-6.748148456493816560e-01
-6.748161515868882354e-01
-6.748174048724051577e-01
-6.748186089716580183e-01
-6.748197672265959790e-01
-6.748208828565425144e-01
-6.748219589594420809e-01
-6.748229985132311315e-01
-6.748240043773384711e-01
-6.748249792943035175e-01
-6.748259258914883763e-01
-6.748268466828649670e-01
-6.748277440708420061e-01
-6.748286203481124179e-01
-6.748294776995085176e-01
-6.748303182038510872e-01
-6.748311438357976755e-01
-6.748319564676922289e-01
-6.748327578714234942e-01
-6.748335497202978539e-01
-6.748343335909285923e-01
-6.748351109651452573e-01
-6.748358832319142353e-01
-6.748366516892667644e-01
-6.748374175462256153e-01
-6.748381819247197821e-01
-6.748389458614799663e-01
-6.748397103099078587e-01
-6.748404761419148912e-01
-6.748412441497273484e-01
-6.748420150476551749e-01
-6.748427894738281418e-01
-6.748435679918930452e-01
-6.748443510926745992e-01
-6.748451391957958068e-01
-6.748459326512598055e-01
-6.748467317409836408e-01
-6.748475366802871855e-01
-6.748483476193279929e-01
-6.748491646444848557e-01
-6.748499877796795277e-01
-6.748508169876449303e-01
-6.748516521711233063e-01
-6.748524931740104149e-01
-6.748533397824310054e-01
-6.748541917257505629e-01
-6.748550486775207746e-01
-6.748559102563610468e-01
-6.748567760267707438e-01
