-6.748576728647026624e-01
-6.748585388129563212e-01
-6.748594067285916820e-01
-6.748602759715722765e-01
-6.748611458499614857e-01
-6.748620156203078979e-01
-6.748628844879639432e-01
-6.748637516073335840e-01
-6.748646160820481743e-01
-6.748654769650755947e-01
-6.748663332587548913e-01
-6.748671839147659668e-01
-6.748680278340256633e-01
-6.748688638665194528e-01
-6.748696908110624060e-01
-6.748705074149973226e-01
-6.748713123738252495e-01
-6.748721043307714940e-01
-6.748728818762931292e-01
-6.748736435475215512e-01
-6.748743878276504127e-01
-6.748751131452656038e-01
-6.748758178736151692e-01
-6.748765003298310416e-01
-6.748771587740926003e-01
-6.748777914087411567e-01
-6.748783963773429262e-01
-6.748789717637048158e-01
-6.748795155908446919e-01
-6.748800258199241231e-01
-6.748805003491386012e-01
-6.748809370125763429e-01
-6.748813335790477819e-01
-6.748816877508865275e-01
-6.748819971627320058e-01
-6.748822593802855652e-01
-6.748824718990524829e-01
-6.748826321430615449e-01
-6.748827374635710807e-01
-6.748827851377564579e-01
-6.748827723673873624e-01
-6.748826962774937543e-01
-6.748825539150288266e-01
-6.748823422475376255e-01
-6.748820581618349967e-01
-6.748816984627074023e-01
-6.748812598716394939e-01
-6.748807390255765482e-01
-6.748801324757227604e-01
-6.748794366863735128e-01
-6.748786480337884974e-01
-6.748777628050940391e-01
-6.748767771972163931e-01
-6.748756873158439085e-01
-6.748744891744259400e-01
-6.748731786932106180e-01
-6.748717516983372411e-01
-6.748702039210012771e-01
-6.748685309967037416e-01
-6.748667284646012732e-01
-6.748647917669627905e-01
-6.748627162487361719e-01
-6.748604971572205180e-01
-6.748581296418297848e-01
-6.748556087539394621e-01
-6.748529294468059714e-01
-6.748500865755584499e-01
-6.748470748972771327e-01
-6.748438890711795368e-01
-6.748405236589516409e-01
-6.748369731252612524e-01
-6.748332318384773210e-01
-6.748292940716152932e-01
-6.748251540034830853e-01
-6.748208057199868160e-01
-6.748162432155229151e-01
-6.748114603943704548e-01
-6.748064510720199749e-01
-6.748012089764020560e-01
-6.747957277490570505e-01
-6.747900009463545512e-01
-6.747840220409665468e-01
-6.747777844238377343e-01
-6.747712814069166676e-01
-6.747645062268398108e-01
-6.747574520496316675e-01
-6.747501119762797650e-01
-6.747424790488079083e-01
-6.747345462562506224e-01
-6.747263065397958171e-01
-6.747177527963488242e-01
-6.747088778799670283e-01
-6.746996746010065493e-01
-6.746901357233742180e-01
-6.746802539609587646e-01
-6.746700219749085514e-01
-6.746594323738550614e-01
-6.746484777191995574e-01
-6.746371505371246968e-01
-6.746254433379739179e-01
-6.746133486421267422e-01
-6.746008590097166691e-01
-6.745879670698012864e-01
-6.745746655433518812e-01
-6.745609472541027607e-01
-6.745468051222788253e-01
-6.745322321386703068e-01
-6.745172213203282086e-01
-6.745017656538635498e-01
-6.744858580371293488e-01
-6.744694912338591308e-01
-6.744526578574612241e-01
-6.744353503985928144e-01
-6.744175613057173946e-01
-6.743992831186719217e-01
-6.743805086432648199e-01
-6.743612311419598937e-01
-6.743414445044142447e-01
-6.743211433550810874e-01
-6.743003230561767092e-01
-6.742789795750855353e-01
-6.742571092062595861e-01
-6.742347081672197540e-01
-6.742117721223743754e-01
-6.741882957207880889e-01
-6.741642722570528878e-01
-6.741396935701143844e-01
-6.741145502768168818e-01
-6.740888323919944636e-01
-6.740625303170094673e-01
-6.740356360917584277e-01
-6.740081447153807304e-01
-6.739800552671424416e-01
-6.739513715222267276e-01
-6.739221017765277821e-01
-6.738922576824943889e-01
-6.738618520557541069e-01
-6.738308958258538706e-01
-6.737993945439574306e-01
-6.737673450810147679e-01
-6.737347332980212489e-01
-6.737015334915346099e-01
-6.736677102702929298e-01
-6.736332231844043283e-01
-6.735980339243226034e-01
-6.735621152919121224e-01
-6.735254605211695722e-01
-6.734880910245621966e-01
-6.734500604081420372e-01
-6.734114527652484972e-01
-6.733723739074747305e-01
-6.733329353254399186e-01
-6.732932321891730298e-01
-6.732533183836559854e-01
-6.732131831139114286e-01
-6.731727346285488744e-01
-6.731317967247597567e-01
-6.730901226182713915e-01
-6.730474283667536861e-01
-6.730034444510701874e-01
-6.729579797670069974e-01
-6.729109878738402939e-01
-6.728626218228527245e-01
-6.728132622748042024e-01
-6.727635048295367293e-01
-6.727140971147548276e-01
-6.726658242315766145e-01
-6.726193519121456132e-01
-6.725750486894933600e-01
-6.725328192819136630e-01
-6.724919885844130585e-01
-6.724512764769944306e-01
-6.724088960268892468e-01
-6.723627907094216205e-01
-6.723110008828023787e-01
-6.722521188932252256e-01
-6.721857608923047511e-01
-6.721129583529154017e-01
-6.720363606523764854e-01
-6.719601484999114804e-01
-6.718895905885814424e-01
-6.718302328215530750e-01
-6.717867857308100765e-01
-6.717618605043695901e-01
-6.717547815479113504e-01
-6.717607548108327498e-01
-6.717706773731312309e-01
-6.717718203444689173e-01
-6.717494977917304322e-01
-6.716896552808824250e-01
-6.715820933709673035e-01
-6.714238192691713847e-01
-6.712218405836475332e-01
-6.709946304746182699e-01
-6.707715506367023517e-01
-6.705897479948628170e-01
-6.704884445461806175e-01
-6.705010810010969546e-01
-6.706463758429063171e-01
-6.709199084087932308e-01
-6.712881937554457945e-01
-6.716872583976370992e-01
-6.720273513954763134e-01
-6.722045954867836848e-01
-6.721191391356706735e-01
-6.716978473772875491e-01
-6.709179993734970537e-01
-6.698271629913687963e-01
-6.685537659687978973e-01
-6.673032450022113871e-01
-6.663362856903501941e-01
-6.659285969409762806e-01
-6.663155952302383112e-01
-6.676296592067131330e-01
-6.698413512875490694e-01
-6.727182379261491540e-01
-6.758149120705291280e-01
-6.785051235921328860e-01
-6.800615207381847105e-01
-6.797806316088408352e-01
-6.771408146278469209e-01
-6.719698273081451401e-01
-6.645881331652889745e-01
-6.558871664083415487e-01
-6.473027206399499800e-01
-6.406562925347776272e-01
-6.378625388994204615e-01
-6.405347323962629069e-01
-6.495528148222025067e-01
-6.646792814938594640e-01
-6.843096619961461791e-01
-7.054283315873760563e-01
-7.238165794682973608e-01
-7.345393716581075649e-01
-7.327209143507583677e-01
-7.145885616975445886e-01
-6.786877228476103641e-01
-6.270305899749157863e-01
-5.657810481449022655e-01
-5.050150731296210171e-01
-4.572628834763046712e-01
-4.349539955546166681e-01
-4.473730485757840269e-01
-4.980139234331223408e-01
-5.831095570404419837e-01
-6.916408182581030850e-01
-8.065045069217210427e-01
-9.061098689383196847e-01
-9.658818629705302472e-01
-9.601089727510757621e-01
-8.657138546656033551e-01
-6.694806171397051919e-01
-3.776719338481238641e-01
-2.252925094126925765e-02
3.414923504669534204e-01
6.528158887160294688e-01
8.603922709182749706e-01
9.333788242903751087e-01
8.618372693001790097e-01
6.555048044578257738e-01
3.450064635953455916e-01
-1.878312290085510164e-02
-3.743128044917434227e-01
-6.669669696794533476e-01
-8.642400845942078691e-01
-9.596279501738012030e-01
-9.661985500370375846e-01
-9.069715070331880735e-01
-8.076542680540043095e-01
-6.928421564492698304e-01
-5.841608196422246602e-01
-4.987645223141715101e-01
-4.477398509423448081e-01
-4.349299899670562852e-01
-4.569115025679490460e-01
-5.044494878051292153e-01
-5.651340424407224061e-01
-6.264241711166144144e-01
-6.782109427876269470e-01
-7.142878194776978162e-01
-7.326019034861058765e-01
-7.345765491240928702e-01
-7.239654968580917505e-01
-7.056374644251207640e-01
-6.845300316574736144e-01
-6.648712954471770464e-01
-6.496902556971791975e-01
-6.406060145690775087e-01
-6.378695210384222047e-01
-6.406111833455778726e-01
-6.472238665737573005e-01
-6.557946339005337189e-01
-6.644999167154168607e-01
-6.718992487218674592e-01
-6.770953250089325470e-01
-6.797619020444727322e-01
-6.800664903851849630e-01
-6.785275873491412035e-01
-6.758472500392437299e-01
-6.727529723323514288e-01
-6.698723246570948975e-01
-6.676527353548172838e-01
-6.663288789629143727e-01
-6.659322424739130275e-01
-6.663320132093426551e-01
-6.672937069014235334e-01
-6.685418996830367888e-01
-6.698156407698615533e-01
-6.709088452101650280e-01
-6.716922474988853420e-01
-6.721174337808331067e-01
-6.722064120687616384e-01
-6.720318248195135125e-01
-6.716932824816745917e-01
-6.712946555472907306e-01
-6.709258710155984184e-01
-6.706511915348776220e-01
-6.705044317429585954e-01
-6.704903195157949636e-01
-6.705903757789202224e-01
-6.707713072791690045e-01
-6.709939438252483512e-01
-6.712211074713900771e-01
-6.714233462447120049e-01
-6.715820654895946484e-01
-6.716901317846275532e-01
-6.717504293837828211e-01
-6.717730803931682981e-01
-6.717720988153130790e-01
-6.717621654321259683e-01
-6.717560322183413479e-01
-6.717628433080773398e-01
-6.717874412623897618e-01
-6.718305478554372767e-01
-6.718895886364205650e-01
-6.719598763791295726e-01
-6.720358741521679224e-01
-6.721123095499513811e-01
-6.721849888341775436e-01
-6.722512444359756145e-01
-6.723100256139066255e-01
-6.723616992324773500e-01
-6.724076604921588318e-01
-6.724498621190547754e-01
-6.724903591352252574e-01
-6.725309413965692151e-01
-6.725728948732383472e-01
-6.726169017955333507e-01
-6.726630643457145453e-01
-6.727110195322419939e-01
-6.727601051438313329e-01
-6.728095373969683601e-01
-6.728585680007799219e-01
-6.729065992146310293e-01
-6.729532473994460640e-01
-6.729983563299620775e-01
-6.730419696145388819e-01
-6.730842762331605833e-01
-6.731255444608371663e-01
-6.731660578667562067e-01
-6.732060635833319040e-01
-6.732457386476201622e-01
-6.732851758682227850e-01
-6.733243870790677210e-01
-6.733633192321958338e-01
-6.734018776850649868e-01
-6.734399511353706957e-01
-6.734774336575010123e-01
-6.735142408249061852e-01
-6.735503185849105456e-01
-6.735856450709450938e-01
-6.736202266757368440e-01
-6.736540903645464873e-01
-6.736872743813542286e-01
-6.737198192744220382e-01
-6.737517606706646678e-01
-6.737831246060076440e-01
-6.738139256043472747e-01
-6.738441671921063802e-01
-6.738738441984724048e-01
-6.739029460410550509e-01
-6.739314602153700928e-01
-6.739593753523520636e-01
-6.739866834273369189e-01
-6.740133809429491585e-01
-6.740394691222738599e-01
-6.740649533072885502e-01
-6.740898418467528019e-01
-6.741141447783970397e-01
-6.741378725746285383e-01
-6.741610351479565555e-01
-6.741836412229151865e-01
-6.742056980943335054e-01
-6.742272117215633020e-01
-6.742481870627921037e-01
-6.742686285349256403e-01
-6.742885404897113188e-01
-6.743079276194016147e-01
-6.743267952374893959e-01
-6.743451494141174951e-01
-6.743629969754504350e-01
-6.743803453974798190e-01
-6.743972026357797356e-01
-6.744135769340354747e-01
-6.744294766478039493e-01
-6.744449101087774956e-01
-6.744598855418774130e-01
-6.744744110354554678e-01
-6.744884945556079980e-01
-6.745021439900902305e-01
-6.745153672056143357e-01
-6.745281721038730582e-01
-6.745405666653692123e-01
-6.745525589749185036e-01
-6.745641572274149178e-01
-6.745753697162972795e-01
-6.745862048096559205e-01
-6.745966709199365807e-01
-6.746067764729246630e-01
-6.746165298804607247e-01
-6.746259395196108066e-01
-6.746350137192232976e-01
-6.746437607532754788e-01
-6.746521888393730570e-01
-6.746603061402772772e-01
-6.746681207663532964e-01
-6.746756407772321884e-01
-6.746828741816037756e-01
-6.746898289347065258e-01
-6.746965129336613964e-01
-6.747029340112022933e-01
-6.747090999285422219e-01
-6.747150183681264179e-01
-6.747206969268867427e-01
-6.747261431103817042e-01
-6.747313643279806428e-01
-6.747363678890367922e-01
-6.747411609998614779e-01
-6.747457507612363292e-01
-6.747501441662120403e-01
-6.747543480979938391e-01
-6.747583693277916517e-01
-6.747622145125952153e-01
-6.747658901929084463e-01
-6.747694027905057901e-01
-6.747727586063038130e-01
-6.747759638184180897e-01
-6.747790244804575677e-01
-6.747819465200748379e-01
-6.747847357377694255e-01
-6.747873978059103495e-01
-6.747899382679447555e-01
-6.747923625377573176e-01
-6.747946758991560934e-01
-6.747968835054699577e-01
-6.747989903792589450e-01
-6.748010014121436084e-01
-6.748029213647657176e-01
-6.748047548668961726e-01
-6.748065064176871353e-01
-6.748081803860761507e-01
-6.748097810113306005e-01
-6.748113124037181665e-01
-6.748127785452912031e-01
-6.748141832907632587e-01
-6.748155303684740813e-01
-6.748168233814231254e-01
-6.748180658083774430e-01
-6.748192610050465223e-01
-6.748204122053297338e-01
-6.748215225226367187e-01
-6.748225949512798305e-01
-6.748236323679437376e-01
-6.748246375332209723e-01
-6.748256130932156482e-01
-6.748265615812015783e-01
-6.748274854193274663e-01
-6.748283869203590690e-01
-6.748292682894538874e-01
-6.748301316259586180e-01
-6.748309789252222579e-01
-6.748318120804285281e-01
-6.748326328844391764e-01
-6.748334430316476062e-01
-6.748342441198417196e-01
-6.748350376520743099e-01
-6.748358250385346757e-01
-6.748366075984214563e-01
-6.748373865618094714e-01
-6.748381630715077906e-01
-6.748389381849033697e-01
-6.748397128757824825e-01
-6.748404880361307256e-01
-6.748412644779062664e-01
-6.748420429347791183e-01
-6.748428240638392195e-01
-6.748436084472679841e-01
-6.748443965939723288e-01
-6.748451889411782867e-01
-6.748459858559806568e-01
-6.748467876368490215e-01
-6.748475945150848032e-01
-6.748484066562300265e-01
-6.748492241614231224e-01
-6.748500470686995545e-01
-6.748508753542356020e-01
-6.748517089335318575e-01
-6.748525476625401032e-01
-6.748533913387226857e-01
-6.748542397020543815e-01
-6.748550924359545400e-01
-6.748559491681559441e-01
-6.748568094715066135e-01
