-6.748576784230793102e-01
-6.748585035723352332e-01
-6.748593266914715283e-01
-6.748601471725613754e-01
-6.748609643511065403e-01
-6.748617775064116309e-01
-6.748625858618982898e-01
-6.748633885853567715e-01
-6.748641847891391210e-01
-6.748649735302875152e-01
-6.748657538106020981e-01
-6.748665245766510834e-01
-6.748672847197195734e-01
-6.748680330756985368e-01
-6.748687684249152774e-01
-6.748694894919067266e-01
-6.748701949451342275e-01
-6.748708833966443610e-01
-6.748715534016719308e-01
-6.748722034581935425e-01
-6.748728320064267816e-01
-6.748734374282812087e-01
-6.748740180467611705e-01
-6.748745721253248675e-01
-6.748750978671971268e-01
-6.748755934146436486e-01
-6.748760568482028432e-01
-6.748764861858823627e-01
-6.748768793823147760e-01
-6.748772343278830466e-01
-6.748775488478110374e-01
-6.748778207012232633e-01
-6.748780475801776646e-01
-6.748782271086744000e-01
-6.748783568416472090e-01
-6.748784342639351230e-01
-6.748784567892475161e-01
-6.748784217591238255e-01
-6.748783264418882766e-01
-6.748781680316076059e-01
-6.748779436470538906e-01
-6.748776503306674890e-01
-6.748772850475317497e-01
-6.748768446843449453e-01
-6.748763260483989779e-01
-6.748757258665664116e-01
-6.748750407842950549e-01
-6.748742673646193069e-01
-6.748734020871983708e-01
-6.748724413473886630e-01
-6.748713814553692902e-01
-6.748702186353333632e-01
-6.748689490247513634e-01
-6.748675686737166668e-01
-6.748660735443752223e-01
-6.748644595104318356e-01
-6.748627223567181810e-01
-6.748608577788105523e-01
-6.748588613826738136e-01
-6.748567286843207835e-01
-6.748544551094776134e-01
-6.748520359932604906e-01
-6.748494665798888681e-01
-6.748467420224724123e-01
-6.748438573829254050e-01
-6.748408076320711046e-01
-6.748375876499942416e-01
-6.748341922266835047e-01
-6.748306160629831130e-01
-6.748268537718329352e-01
-6.748228998797313194e-01
-6.748187488283159396e-01
-6.748143949759292104e-01
-6.748098325990256052e-01
-6.748050558933014198e-01
-6.748000589744754807e-01
-6.747948358787405621e-01
-6.747893805630019726e-01
-6.747836869051430098e-01
-6.747777487046363598e-01
-6.747715596838890217e-01
-6.747651134906834658e-01
-6.747584037019913605e-01
-6.747514238292576794e-01
-6.747441673249958694e-01
-6.747366275902454413e-01
-6.747287979821660064e-01
-6.747206718208252907e-01
-6.747122423941789293e-01
-6.747035029603551948e-01
-6.746944467467259621e-01
-6.746850669458002159e-01
-6.746753567087196979e-01
-6.746653091379229972e-01
-6.746549172812189576e-01
-6.746441741299190609e-01
-6.746330726236442477e-01
-6.746216056637971414e-01
-6.746097661364729436e-01
-6.745975469438033612e-01
-6.745849410406593583e-01
-6.745719414715908302e-01
-6.745585414013268721e-01
-6.745447341315666812e-01
-6.745305130975978170e-01
-6.745158718407089360e-01
-6.745008039564128755e-01
-6.744853030237466518e-01
-6.744693625266353632e-01
-6.744529757833720440e-01
-6.744361359033997916e-01
-6.744188357905193110e-01
-6.744010682074265128e-01
-6.743828259077636611e-01
-6.743641018291570699e-01
-6.743448893255660215e-01
-6.743251824022028496e-01
-6.743049759046070291e-01
-6.742842656087068010e-01
-6.742630481640341511e-01
-6.742413208595610108e-01
-6.742190812108113107e-01
-6.741963264052330818e-01
-6.741730526847886651e-01
-6.741492547823189074e-01
-6.741249255519838890e-01
-6.741000559346252974e-01
-6.740746353690278969e-01
-6.740486526970426162e-01
-6.740220975179445073e-01
-6.739949618363457740e-01
-6.739672417369513280e-01
-6.739389387325738223e-01
-6.739100603952844493e-01
-6.738806199176639034e-01
-6.738506343761363482e-01
-6.738201216809115435e-01
-6.737890964775518077e-01
-6.737575655733718527e-01
-6.737255237391589491e-01
-6.736929509134602645e-01
-6.736598118439111049e-01
-6.736260589846827518e-01
-6.735916390102730800e-01
-6.735565026292941182e-01
-6.735206165686046242e-01
-6.734839757833498419e-01
-6.734466133089714868e-01
-6.734086048993304097e-01
-6.733700658615598966e-01
-6.733311384086676510e-01
-6.732919694027309498e-01
-6.732526804119255415e-01
-6.732133342588598746e-01
-6.731739042671598394e-01
-6.731342537082320998e-01
-6.730941330060223882e-01
-6.730532006864075045e-01
-6.730110707079626220e-01
-6.729673838717503687e-01
-6.729218950722387627e-01
-6.728745622089635781e-01
-6.728256179202786180e-01
-6.727756033297478400e-01
-6.727253449561969578e-01
-6.726758625948380255e-01
-6.726282073024801855e-01
-6.725832435623447791e-01
-6.725414061040927427e-01
-6.725024765820449835e-01
-6.724654346572228603e-01
-6.724284383258939402e-01
-6.723889767913517890e-01
-6.723442147203924080e-01
-6.722915107794035228e-01
-6.722290502514955968e-01
-6.721564885092409236e-01
-6.720754685445016197e-01
-6.719898618173225646e-01
-6.719055963720057534e-01
-6.718299849505979804e-01
-6.717705483800945343e-01
-6.717334379886301665e-01
-6.717216793426745713e-01
-6.717335653539738827e-01
-6.717615929227335192e-01
-6.717923375524240681e-01
-6.718075750804533008e-01
-6.717867817095877214e-01
-6.717108835775338349e-01
-6.715668166413270024e-01
-6.713521485847976367e-01
-6.710787744061160742e-01
-6.707746000328894675e-01
-6.704822392489231397e-01
-6.702541081217100460e-01
-6.701439042524091061e-01
-6.701952452366579660e-01
-6.704290917010563566e-01
-6.708323262097187767e-01
-6.713503077897036153e-01
-6.718861932332916842e-01
-6.723091838785141272e-01
-6.724725818499536212e-01
-6.722406993923379925e-01
-6.715214672013176678e-01
-6.702993784942441469e-01
-6.686616574859979290e-01
-6.668098075954230763e-01
-6.650495093903605603e-01
-6.637545491494285521e-01
-6.633050330074243828e-01
-6.640060178717570594e-01
-6.659987829497434619e-01
-6.691818777244895600e-01
-6.731614804249019812e-01
-6.772495885474487665e-01
-6.805238440620692275e-01
-6.819545362994811066e-01
-6.805928488345243110e-01
-6.758001171685414921e-01
-6.674817328145651318e-01
-6.562740852140597214e-01
-6.436239608251842492e-01
-6.317044829031539521e-01
-6.231359864944363558e-01
-6.205237883739371796e-01
-6.258774371222747268e-01
-6.400198011885779303e-01
-6.621119434847575480e-01
-6.894048184583927430e-01
-7.172918558915700737e-01
-7.397002560474480459e-01
-7.498424503597793667e-01
-7.413458366690138801e-01
-7.097424880860100371e-01
-6.541654691248811604e-01
-5.788467507720952421e-01
-4.937560309245725976e-01
-4.137027727494255180e-01
-3.556445761301463837e-01
-3.347061126158533684e-01
-3.600903131470498675e-01
-4.322295459905486359e-01
-5.420742625064984832e-01
-6.725514617956535046e-01
-8.013119718584199580e-01
-9.034540519977333206e-01
-9.534737408869177200e-01
-9.271633856277570196e-01
-8.054582345554468503e-01
-5.816097333357935772e-01
-2.696376321267294207e-01
9.219081970836277840e-02
4.487316445281522848e-01
7.442038910764580129e-01
9.368995739681754698e-01
1.004042678133519884e+00
9.388086917399457443e-01
7.478173111365461478e-01
4.535806896772736629e-01
9.754002906114520033e-02
-2.646382984839797392e-01
-5.776684138231162891e-01
-8.029513979791833567e-01
-9.261159727015472187e-01
-9.536659858964132708e-01
-9.045487708250617986e-01
-8.029381334755774091e-01
-6.743442614582005890e-01
-5.437008827866376404e-01
-4.334212944875492357e-01
-3.606796147701916144e-01
-3.346525149616086936e-01
-3.550347344911765068e-01
-4.127201823170336126e-01
-4.926288564012289983e-01
-5.777906567569099927e-01
-6.533393316964579700e-01
-7.092277685726047221e-01
-7.411495344290253140e-01
-7.499154812969375250e-01
-7.399612464279275992e-01
-7.176491787653465071e-01
-6.897736317133209560e-01
-6.624256096898211155e-01
-6.402360488873929389e-01
-6.259797641888146247e-01
-6.205187121000079742e-01
-6.230471012375727868e-01
-6.315647381797480087e-01
-6.434678175336695505e-01
-6.561310528498471850e-01
-6.673722617517980904e-01
-6.757341188913092989e-01
-6.805704916949946170e-01
-6.819685835237395688e-01
-6.805626994675777475e-01
-6.773003245415604168e-01
-6.732123368235953809e-01
-6.692239524018849250e-01
-6.660268385834623439e-01
-6.640184856717927797e-01
-6.633034008189945263e-01
-6.637423776532987985e-01
-6.650313279024264723e-01
-6.667901061658497719e-01
-6.686441268510046054e-01
-6.702864709546202393e-01
-6.715142772610246391e-01
-6.722391065237049990e-01
-6.724755658011214443e-01
-6.723152153464655445e-01
-6.718936143724190124e-01
-6.713576405136294500e-01
-6.708384741987708511e-01
-6.704334284994994952e-01
-6.701976018310921157e-01
-6.701444830442229161e-01
-6.702533559072432201e-01
-6.704807106713397413e-01
-6.707728368092255034e-01
-6.710772167033821622e-01
-6.713510854130924077e-01
-6.715663738250352566e-01
-6.717110418926480753e-01
-6.717874145760945881e-01
-6.718084946124061041e-01
-6.717933392185022612e-01
-6.717624917804499995e-01
-6.717342200062682567e-01
-6.717220027705687047e-01
-6.717333967865573019e-01
-6.717701534338581526e-01
-6.718292772252649758e-01
-6.719046313441653373e-01
-6.719886954107699983e-01
-6.720741464607001836e-01
-6.721550398170457186e-01
-6.722274851968522702e-01
-6.722898221095907623e-01
-6.723423814347277983e-01
-6.723869691189763298e-01
-6.724262228386913565e-01
-6.724629786784078744e-01
-6.724997513712409614e-01
-6.725383886202286332e-01
-6.725799168765149716e-01
-6.726245599248328322e-01
-6.726718870830594721e-01
-6.727210361946605044e-01
-6.727709568251186711e-01
-6.728206283739085469e-01
-6.728692225220643808e-01
-6.729161958368657936e-01
-6.729613133141426617e-01
-6.730046149897792596e-01
-6.730463444368804948e-01
-6.730868599522048523e-01
-6.731265472860153976e-01
-6.731657481253666697e-01
-6.732047126048733565e-01
-6.732435781831560551e-01
-6.732823722784579967e-01
-6.733210326981623473e-01
-6.733594383156258356e-01
-6.733974424939919157e-01
-6.734349030438353534e-01
-6.734717045257709866e-01
-6.735077709610235441e-01
-6.735430690636049489e-01
-6.735776036618348339e-01
-6.736114078908684855e-01
-6.736445310083585269e-01
-6.736770264171909606e-01
-6.737089418426982501e-01
-6.737403127988469409e-01
-6.737711596653054302e-01
-6.738014880204360457e-01
-6.738312914153118394e-01
-6.738605555569430194e-01
-6.738892628745010160e-01
-6.739173966176134067e-01
-6.739449439120265284e-01
-6.739718975054823646e-01
-6.739982562170174774e-01
-6.740240243156910838e-01
-6.740492101803022829e-01
-6.740738246293793701e-01
-6.740978792748730797e-01
-6.741213851666260082e-01
-6.741443518840485316e-01
-6.741667871205362372e-01
-6.741886967135574116e-01
-6.742100850101675480e-01
-6.742309554275891514e-01
-6.742513110687771150e-01
-6.742711552763672733e-01
-6.742904920458278051e-01
-6.743093262604921145e-01
-6.743276637494443060e-01
-6.743455111984582029e-01
-6.743628759615701851e-01
-6.743797658263126493e-01
-6.743961887809832856e-01
-6.744121528207498439e-01
-6.744276658143774084e-01
-6.744427354382540596e-01
-6.744573691716749808e-01
-6.744715743386022755e-01
-6.744853581768646134e-01
-6.744987279156422488e-01
-6.745116908451902482e-01
-6.745242543677789637e-01
-6.745364260245331200e-01
-6.745482134980987921e-01
-6.745596245951164249e-01
-6.745706672149258676e-01
-6.745813493117450710e-01
-6.745916788569957800e-01
-6.746016638069062266e-01
-6.746113120784874573e-01
-6.746206315349009275e-01
-6.746296299794831697e-01
-6.746383151564474545e-01
-6.746466947556736260e-01
-6.746547764189413376e-01
-6.746625677453591541e-01
-6.746700762944307650e-01
-6.746773095859719405e-01
-6.746842750968281566e-01
-6.746909802549110324e-01
-6.746974324314256588e-01
-6.747036389322981220e-01
-6.747096069897364767e-01
-6.747153437546584698e-01
-6.747208562904372098e-01
-6.747261515681278743e-01
-6.747312364630843051e-01
-6.747361177526967069e-01
-6.747408021148870727e-01
-6.747452961269804206e-01
-6.747496062646322068e-01
-6.747537389005781039e-01
-6.747577003030811316e-01
-6.747614966340641507e-01
-6.747651339469905585e-01
-6.747686181846161979e-01
-6.747719551767570323e-01
-6.747751506382014819e-01
-6.747782101668790000e-01
-6.747811392423438415e-01
-6.747839432246021119e-01
-6.747866273532650006e-01
-6.747891967469819008e-01
-6.747916564031022357e-01
-6.747940111974983779e-01
-6.747962658845034767e-01
-6.747984250969206732e-01
-6.748004933460813870e-01
-6.748024750219490109e-01
-6.748043743932703453e-01
-6.748061956077938683e-01
-6.748079426925689406e-01
-6.748096195543508147e-01
-6.748112299801123370e-01
-6.748127776376769971e-01
-6.748142660764701040e-01
-6.748156987283807640e-01
-6.748170789087223342e-01
-6.748184098172813616e-01
-6.748196945394387969e-01
-6.748209360473508278e-01
-6.748221372011821151e-01
-6.748233007503799952e-01
-6.748244293349904277e-01
-6.748255254870112463e-01
-6.748265916317796043e-01
-6.748276300893957247e-01
-6.748286430761827326e-01
-6.748296327061784616e-01
-6.748306009926589022e-01
-6.748315498496882947e-01
-6.748324810936915386e-01
-6.748333964450453637e-01
-6.748342975296767188e-01
-6.748351858806715953e-01
-6.748360629398817423e-01
-6.748369300595310483e-01
-6.748377885038101542e-01
-6.748386394504655161e-01
-6.748394839923713695e-01
-6.748403231390908141e-01
-6.748411578184144721e-01
-6.748419888778774967e-01
-6.748428170862571518e-01
-6.748436431350433029e-01
-6.748444676398774877e-01
-6.748452911419616784e-01
-6.748461141094331817e-01
-6.748469369387012362e-01
-6.748477599557429762e-01
-6.748485834173574283e-01
-6.748494075123754321e-01
-6.748502323628224886e-01
-6.748510580250334234e-01
-6.748518844907166470e-01
-6.748527116879673438e-01
-6.748535394822291478e-01
-6.748543676771984190e-01
-6.748551960156792262e-01
-6.748560241803737147e-01
-6.748568517946217371e-01
