-6.748573275143281425e-01
-6.748582429093363810e-01
-6.748591643661210338e-01
-6.748600912065575441e-01
-6.748610227066911271e-01
-6.748619580971372267e-01
-6.748628965633970411e-01
-6.748638372460974422e-01
-6.748647792411459623e-01
-6.748657215998096204e-01
-6.748666633287107031e-01
-6.748676033897421656e-01
-6.748685406999087588e-01
-6.748694741310854450e-01
-6.748704025097015391e-01
-6.748713246163488000e-01
-6.748722391853135827e-01
-6.748731449040330510e-01
-6.748740404124859982e-01
-6.748749243025058409e-01
-6.748757951170297753e-01
-6.748766513492777674e-01
-6.748774914418687043e-01
-6.748783137858710424e-01
-6.748791167197926155e-01
-6.748798985285118235e-01
-6.748806574421482019e-01
-6.748813916348808117e-01
-6.748820992237113403e-01
-6.748827782671767972e-01
-6.748834267640173579e-01
-6.748840426517977997e-01
-6.748846238054909685e-01
-6.748851680360220540e-01
-6.748856730887781152e-01
-6.748861366420916275e-01
-6.748865563056907213e-01
-6.748869296191282174e-01
-6.748872540501906769e-01
-6.748875269932866905e-01
-6.748877457678224001e-01
-6.748879076165652524e-01
-6.748880097040015347e-01
-6.748880491146865834e-01
-6.748880228515969915e-01
-6.748879278344853683e-01
-6.748877608982429832e-01
-6.748875187912747320e-01
-6.748871981738933101e-01
-6.748867956167369231e-01
-6.748863075992231897e-01
-6.748857305080457891e-01
-6.748850606357235105e-01
-6.748842941792073669e-01
-6.748834272385525468e-01
-6.748824558156508724e-01
-6.748813758130186580e-01
-6.748801830326300877e-01
-6.748788731747888958e-01
-6.748774418370201422e-01
-6.748758845129919637e-01
-6.748741965914757390e-01
-6.748723733553697590e-01
-6.748704099808280343e-01
-6.748683015365481985e-01
-6.748660429832635810e-01
-6.748636291734796400e-01
-6.748610548514700769e-01
-6.748583146535132027e-01
-6.748554031083057181e-01
-6.748523146374769688e-01
-6.748490435560928757e-01
-6.748455840730613886e-01
-6.748419302913790663e-01
-6.748380762082188955e-01
-6.748340157149381735e-01
-6.748297425971463426e-01
-6.748252505350407215e-01
-6.748205331042143040e-01
-6.748155837771274701e-01
-6.748103959253506368e-01
-6.748049628225768481e-01
-6.747992776482805155e-01
-6.747933334917962656e-01
-6.747871233565239102e-01
-6.747806401639502294e-01
-6.747738767572289964e-01
-6.747668259041518235e-01
-6.747594802994442142e-01
-6.747518325664301209e-01
-6.747438752581891297e-01
-6.747356008583819120e-01
-6.747270017819682053e-01
-6.747180703761183063e-01
-6.747087989217479542e-01
-6.746991796363083216e-01
-6.746892046786716612e-01
-6.746788661571093693e-01
-6.746681561413060413e-01
-6.746570666789608595e-01
-6.746455898166757725e-01
-6.746337176235506217e-01
-6.746214422143570477e-01
-6.746087557677242774e-01
-6.745956505339296694e-01
-6.745821188272547175e-01
-6.745681529998435177e-01
-6.745537453977720199e-01
-6.745388883052606532e-01
-6.745235738887104260e-01
-6.745077941570761793e-01
-6.744915409572879161e-01
-6.744748060212991669e-01
-6.744575810739263932e-01
-6.744398579979713482e-01
-6.744216290368819644e-01
-6.744028869985164709e-01
-6.743836254108398487e-01
-6.743638385763177645e-01
-6.743435214803134015e-01
-6.743226695317123820e-01
-6.743012781497754737e-01
-6.742793422544641757e-01
-6.742568557592182321e-01
-6.742338111941698076e-01
-6.742101995929300484e-01
-6.741860107493069521e-01
-6.741612338894880097e-01
-6.741358587163831517e-01
-6.741098766806965514e-01
-6.740832822398055146e-01
-6.740560738059527823e-01
-6.740282540827460256e-01
-6.739998295580592602e-01
-6.739708090625674552e-01
-6.739412014991357225e-01
-6.739110130648070518e-01
-6.738802444773654976e-01
-6.738488888319799086e-01
-6.738169307077631620e-01
-6.737843469964769350e-01
-6.737511096424123602e-01
-6.737171901026755005e-01
-6.736825649289814866e-01
-6.736472215216344761e-01
-6.736111629000673950e-01
-6.735744103387435455e-01
-6.735370029610223686e-01
-6.734989938461968251e-01
-6.734604428159263190e-01
-6.734214067170232187e-01
-6.733819285829772960e-01
-6.733420274229906521e-01
-6.733016904785829038e-01
-6.732608695832517087e-01
-6.732194827979044449e-01
-6.731774218565614865e-01
-6.731345652442544125e-01
-6.730907960293277537e-01
-6.730460229329138233e-01
-6.730002025378853947e-01
-6.729533599846476699e-01
-6.729056049469113177e-01
-6.728571391665716384e-01
-6.728082515072060232e-01
-6.727592966496243054e-01
-6.727106545908776436e-01
-6.726626704116152045e-01
-6.726155775765995104e-01
-6.725694132074767628e-01
-6.725239396705845474e-01
-6.724785922090408263e-01
-6.724324754490660361e-01
-6.723844304180429665e-01
-6.723331864662592805e-01
-6.722775983011464174e-01
-6.722169478554835820e-01
-6.721512665469475678e-01
-6.720816103759030824e-01
-6.720102046535991747e-01
-6.719403739703854184e-01
-6.718761923060727614e-01
-6.718218309744422578e-01
-6.717806465235490743e-01
-6.717541287420947249e-01
-6.717409061677966919e-01
-6.717360636460507628e-01
-6.717310424445677164e-01
-6.717143499214708324e-01
-6.716731927649780554e-01
-6.715959688150130447e-01
-6.714753279582125201e-01
-6.713112808798387121e-01
-6.711136484092740107e-01
-6.709030633272271560e-01
-6.707098148397278026e-01
-6.705700970300576547e-01
-6.705196846172202241e-01
-6.705856640199520102e-01
-6.707774976754395935e-01
-6.710792571121704242e-01
-6.714451685356310762e-01
-6.718005283792485294e-01
-6.720494668935719229e-01
-6.720899465884500046e-01
-6.718348651443135644e-01
-6.712363929771941740e-01
-6.703090323520219940e-01
-6.691457448272588593e-01
-6.679212938430452162e-01
-6.668780576460143772e-01
-6.662921527408680600e-01
-6.664216077138388483e-01
-6.674429779119050998e-01
-6.693872734963904891e-01
-6.720892937836128178e-01
-6.751654216273816900e-01
-6.780329737480225161e-01
-6.799791149888440023e-01
-6.802793169622238789e-01
-6.783548880717952256e-01
-6.739471600021887943e-01
-6.672742453084749004e-01
-6.591279468279584997e-01
-6.508677190884648578e-01
-6.442798362320089067e-01
-6.412947980596158670e-01
-6.435909974884440610e-01
-6.521485645144480259e-01
-6.668422409671217466e-01
-6.861674466556690888e-01
-7.071791028948863911e-01
-7.256970453822053635e-01
-7.368064368706928047e-01
-7.356589346698817478e-01
-7.185442260748844401e-01
-6.841216607325614207e-01
-6.345626967015544073e-01
-5.761996224142440504e-01
-5.192217981668392213e-01
-4.761369694841965927e-01
-4.591353588482540160e-01
-4.769796561483033437e-01
-5.323170955101460544e-01
-6.201900865735745505e-01
-7.280403526236829403e-01
-8.368934249474145881e-01
-9.230723896562083031e-01
-9.601271030578665266e-01
-9.216855422341113657e-01
-7.867987521799918449e-01
-5.484850650598276367e-01
-2.226440983511563110e-01
1.494658939411919185e-01
5.106820876073043802e-01
8.058630347070613320e-01
9.961859284620790955e-01
1.062019334857613240e+00
9.979049468783894872e-01
8.091467340381629514e-01
5.151464618716036226e-01
1.544656446514507953e-01
-2.178951268930448548e-01
-5.446728772904302351e-01
-7.843084884464436302e-01
-9.205592118622791808e-01
-9.601557109035236959e-01
-9.239235594191892442e-01
-8.382060810692687491e-01
-7.294771805708905044e-01
-6.214676512309029732e-01
-5.332298575974653287e-01
-4.774191896145187908e-01
-4.590969885283482377e-01
-4.757072609296081889e-01
-5.185476922518801324e-01
-5.754475868686932394e-01
-6.338799462010077379e-01
-6.836097406076732108e-01
-7.182493924517957540e-01
-7.355772940303816343e-01
-7.368979828996468084e-01
-7.259024252501767860e-01
-7.074348165479967809e-01
-6.864173869059683186e-01
-6.670449923653244406e-01
-6.522806284170474811e-01
-6.436464646673600853e-01
-6.412822527668775585e-01
-6.442175176820874594e-01
-6.507781002705202988e-01
-6.590328169947162751e-01
-6.671910886378578098e-01
-6.738871961763671647e-01
-6.783227171104166953e-01
-6.802738057597648158e-01
-6.799950258401032954e-01
-6.780628472254703887e-01
-6.752013310040595462e-01
-6.721242263763378411e-01
-6.694160248248345324e-01
-6.674625484427166855e-01
-6.664311652589446355e-01
-6.662926687802512848e-01
-6.668717465397846489e-01
-6.679109834540398749e-01
-6.691342893771661249e-01
-6.702988485560160692e-01
-6.712291649152614115e-01
-6.718314282448397678e-01
-6.720903316553945572e-01
-6.720530644975161172e-01
-6.718063233163099612e-01
-6.714519929473021786e-01
-6.710860176396767907e-01
-6.707833443977797572e-01
-6.705900842370223769e-01
-6.705225200514316475e-01
-6.705714962412965274e-01
-6.707101416948187955e-01
-6.709027862598788694e-01
-6.711132340160218535e-01
-6.713111101345208276e-01
-6.714756456462425138e-01
-6.715968685622357714e-01
-6.716746329368475932e-01
-6.717161908558088035e-01
-6.717330934509843088e-01
-6.717381288078744239e-01
-6.717428205738918967e-01
-6.717557804422091827e-01
-6.717819832956878345e-01
-6.718228541367756712e-01
-6.718769418124307391e-01
-6.719409097441679801e-01
-6.720105886827426600e-01
-6.720818928581588914e-01
-6.721514777745288827e-01
-6.722170959727785666e-01
-6.722776718660865569e-01
-6.723331600571681443e-01
-6.723842713695995510e-01
-6.724321500747519886e-01
-6.724780704078555660e-01
-6.725231974424499271e-01
-6.725684331610300992e-01
-6.726143479046368112e-01
-6.726611829943655030e-01
-6.727089028810825377e-01
-6.727572738488671877e-01
-6.728059493291280724e-01
-6.728545472655159676e-01
-6.729027109192681211e-01
-6.729501497503992402e-01
-6.729966608841466691e-01
-6.730421340345170700e-01
-6.730865438290390967e-01
-6.731299336509588560e-01
-6.731723947827514820e-01
-6.732140440958568339e-01
-6.732550029495877331e-01
-6.732953793844297374e-01
-6.733352551012092846e-01
-6.733746780754380490e-01
-6.734136609624241654e-01
-6.734521847472089151e-01
-6.734902064671421940e-01
-6.735276693815720472e-01
-6.735645137634106439e-01
-6.736006865784320841e-01
-6.736361486802724396e-01
-6.736708787080407657e-01
-6.737048735175493741e-01
-6.737381455831902288e-01
-6.737707182677217244e-01
-6.738026201015727690e-01
-6.738338792205104122e-01
-6.738645189083103393e-01
-6.738945548448203038e-01
-6.739239942549033469e-01
-6.739528367756276728e-01
-6.739810765758033062e-01
-6.740087051128713647e-01
-6.740357139041168733e-01
-6.740620968001493907e-01
-6.740878514367172336e-01
-6.741129797561586923e-01
-6.741374876855011911e-01
-6.741613841999399837e-01
-6.741846800707205212e-01
-6.742073865953519540e-01
-6.742295145497837483e-01
-6.742510735095667007e-01
-6.742720715852632551e-01
-6.742925155284078542e-01
-6.743124111029631385e-01
-6.743317635897677631e-01
-6.743505782959150485e-01
-6.743688609694851177e-01
-6.743866180614889183e-01
-6.744038568201019546e-01
-6.744205852382165745e-01
-6.744368118985719640e-01
-6.744525457695838000e-01
-6.744677960012339657e-01
-6.744825717578039059e-01
-6.744968821076224863e-01
-6.745107359736963737e-01
-6.745241421363193934e-01
-6.745371092711720529e-01
-6.745496460041809916e-01
-6.745617609664938952e-01
-6.745734628377276776e-01
-6.745847603714012486e-01
-6.745956624017312997e-01
-6.746061778347914872e-01
-6.746163156290838625e-01
-6.746260847709684150e-01
-6.746354942495814688e-01
-6.746445530344389319e-01
-6.746532700573480978e-01
-6.746616541989526317e-01
-6.746697142793732782e-01
-6.746774590519803994e-01
-6.746848971992887023e-01
-6.746920373301018570e-01
-6.746988879772778391e-01
-6.747054575956707989e-01
-6.747117545599552457e-01
-6.747177871621176104e-01
-6.747235636084483179e-01
-6.747290920159200178e-01
-6.747343804079247720e-01
-6.747394367094228240e-01
-6.747442687416776996e-01
-6.747488842168398726e-01
-6.747532907326699858e-01
-6.747574957677083818e-01
-6.747615066771125436e-01
-6.747653306892894554e-01
-6.747689749033273232e-01
-6.747724462871207418e-01
-6.747757516760095609e-01
-6.747788977717242842e-01
-6.747818911414318332e-01
-6.747847382167474484e-01
-6.747874452926267974e-01
-6.747900185261408446e-01
-6.747924639351922105e-01
-6.747947873972647281e-01
-6.747969946483101111e-01
-6.747990912818571108e-01
-6.748010827484044460e-01
-6.748029743551166026e-01
-6.748047712658082897e-01
-6.748064785011875788e-01
-6.748081009392966623e-01
-6.748096433161100416e-01
-6.748111102262424055e-01
-6.748125061237437716e-01
-6.748138353229635733e-01
-6.748151019994896860e-01
-6.748163101911689443e-01
-6.748174637992127023e-01
-6.748185665894095298e-01
-6.748196221934402717e-01
-6.748206341103035744e-01
-6.748216057078423313e-01
-6.748225402243659410e-01
-6.748234407703611604e-01
-6.748243103302754564e-01
-6.748251517643709674e-01
-6.748259678106353077e-01
-6.748267610867439981e-01
-6.748275340920700804e-01
-6.748282892097358099e-01
-6.748290287086985417e-01
-6.748297547458711465e-01
-6.748304693682687372e-01
-6.748311745151757135e-01
-6.748318720203352328e-01
-6.748325636141505601e-01
-6.748332509258958556e-01
-6.748339354859345107e-01
-6.748346187279357089e-01
-6.748353019910919848e-01
-6.748359865223265697e-01
-6.748366734784934096e-01
-6.748373639285560888e-01
-6.748380588557506554e-01
-6.748387591597223567e-01
-6.748394656586333973e-01
-6.748401790912390563e-01
-6.748409001189262790e-01
-6.748416293277152977e-01
-6.748423672302195087e-01
-6.748431142675584971e-01
-6.748438708112216577e-01
-6.748446371648858522e-01
-6.748454135661761111e-01
-6.748462001883720474e-01
-6.748469971420556490e-01
-6.748478044766973438e-01
-6.748486221821813347e-01
-6.748494501902628784e-01
-6.748502883759589510e-01
-6.748511365588706346e-01
-6.748519945044340052e-01
-6.748528619250976357e-01
-6.748537384814276008e-01
-6.748546237831359873e-01
-6.748555173900347981e-01
-6.748564188129118069e-01
