-6.748575983220751473e-01
-6.748584799771765175e-01
-6.748593649857542731e-01
-6.748602526955693737e-01
-6.748611424043658991e-01
-6.748620333602628474e-01
-6.748629247620724358e-01
-6.748638157595436837e-01
-6.748647054535314993e-01
-6.748655928960958228e-01
-6.748664770905252741e-01
-6.748673569912877479e-01
-6.748682315039113977e-01
-6.748690994847938995e-01
-6.748699597409389961e-01
-6.748708110296270934e-01
-6.748716520580158029e-01
-6.748724814826708718e-01
-6.748732979090347195e-01
-6.748740998908290267e-01
-6.748748859293925983e-01
-6.748756544729617168e-01
-6.748764039158894334e-01
-6.748771325978091262e-01
-6.748778388027429909e-01
-6.748785207581602386e-01
-6.748791766339813369e-01
-6.748798045415342894e-01
-6.748804025324649514e-01
-6.748809685976002726e-01
-6.748815006657695736e-01
-6.748819966025852990e-01
-6.748824542091860224e-01
-6.748828712209467007e-01
-6.748832453061609504e-01
-6.748835740647031178e-01
-6.748838550266678116e-01
-6.748840856509983333e-01
-6.748842633241036726e-01
-6.748843853584675090e-01
-6.748844489912491085e-01
-6.748844513828723413e-01
-6.748843896156093702e-01
-6.748842606921512388e-01
-6.748840615341746840e-01
-6.748837889809058410e-01
-6.748834397876954938e-01
-6.748830106246118676e-01
-6.748824980750686153e-01
-6.748818986344999882e-01
-6.748812087091002887e-01
-6.748804246146282715e-01
-6.748795425752805999e-01
-6.748785587226261429e-01
-6.748774690945896770e-01
-6.748762696344658973e-01
-6.748749561899505256e-01
-6.748735245121743054e-01
-6.748719702547448795e-01
-6.748702889728086518e-01
-6.748684761221616091e-01
-6.748665270584524034e-01
-6.748644370365308731e-01
-6.748622012099840806e-01
-6.748598146308989465e-01
-6.748572722498623611e-01
-6.748545689161921102e-01
-6.748516993783449935e-01
-6.748486582844405168e-01
-6.748454401828152260e-01
-6.748420395225339652e-01
-6.748384506537983274e-01
-6.748346678282413080e-01
-6.748306851991396904e-01
-6.748264968216363124e-01
-6.748220966531038867e-01
-6.748174785538073595e-01
-6.748126362880194629e-01
-6.748075635257021476e-01
-6.748022538448088525e-01
-6.747967007341804102e-01
-6.747908975969193479e-01
-6.747848377540561771e-01
-6.747785144482824071e-01
-6.747719208475218000e-01
-6.747650500481497948e-01
-6.747578950777475271e-01
-6.747504488973745662e-01
-6.747427044034454147e-01
-6.747346544293788551e-01
-6.747262917472544030e-01
-6.747176090697308837e-01
-6.747085990524934740e-01
-6.746992542974767915e-01
-6.746895673571069452e-01
-6.746795307397869257e-01
-6.746691369168582586e-01
-6.746583783312277705e-01
-6.746472474077636061e-01
-6.746357365653606886e-01
-6.746238382302568448e-01
-6.746115448497276290e-01
-6.745988489047699543e-01
-6.745857429199063615e-01
-6.745722194680078276e-01
-6.745582711681800125e-01
-6.745438906755265585e-01
-6.745290706630373556e-01
-6.745138037978997136e-01
-6.744980827169447801e-01
-6.744819000082293847e-01
-6.744652482072837074e-01
-6.744481198165988012e-01
-6.744305073548784168e-01
-6.744124034380943877e-01
-6.743938008876307899e-01
-6.743746928525898854e-01
-6.743550729250893383e-01
-6.743349352211871484e-01
-6.743142743980872211e-01
-6.742930855826400061e-01
-6.742713641979601880e-01
-6.742491056941655181e-01
-6.742263052137383861e-01
-6.742029572478915878e-01
-6.741790553619240178e-01
-6.741545920783480472e-01
-6.741295590003498761e-01
-6.741039472306735725e-01
-6.740777480915863817e-01
-6.740509540844221714e-01
-6.740235599520334464e-01
-6.739955636390028149e-01
-6.739669669006477237e-01
-6.739377753106855495e-01
-6.739079974728759970e-01
-6.738776433594988458e-01
-6.738467218721168051e-01
-6.738152379259860769e-01
-6.737831895625475687e-01
-6.737505657478728427e-01
-6.737173455685594448e-01
-6.736834994471804228e-01
-6.736489927425678426e-01
-6.736137916816503646e-01
-6.735778710329457519e-01
-6.735412223606307425e-01
-6.735038612092103527e-01
-6.734658312962638060e-01
-6.734272038614492750e-01
-6.733880708230471912e-01
-6.733485313491351931e-01
-6.733086727851069764e-01
-6.732685484127272080e-01
-6.732281559698680695e-01
-6.731874218898034057e-01
-6.731461964693346012e-01
-6.731042643556645055e-01
-6.730613727103247346e-01
-6.730172762454211810e-01
-6.729717943862775220e-01
-6.729248717248255129e-01
-6.728766295405846920e-01
-6.728273944325158240e-01
-6.727776909004100636e-01
-6.727281886228902996e-01
-6.726796022796523999e-01
-6.726325514644958536e-01
-6.725873991957390663e-01
-6.725440977412531218e-01
-6.725020774906838028e-01
-6.724602159489090347e-01
-6.724169176097490874e-01
-6.723703205874090871e-01
-6.723186231123687850e-01
-6.722604949267623198e-01
-6.721955097485708963e-01
-6.721245113356442147e-01
-6.720498139539683446e-01
-6.719751443360553189e-01
-6.719052605128231770e-01
-6.718452336379560075e-01
-6.717994477700284239e-01
-6.717704499877382718e-01
-6.717578549573921531e-01
-6.717575569533005275e-01
-6.717615110454251415e-01
-6.717582999898562557e-01
-6.717345981102501584e-01
-6.716774830102679728e-01
-6.715773484124729631e-01
-6.714309682058341444e-01
-6.712440949958338177e-01
-6.710328931075266734e-01
-6.708235493667932259e-01
-6.706496038757463474e-01
-6.705469006985360636e-01
-6.705465439732973820e-01
-6.706667900142539995e-01
-6.709053090760533911e-01
-6.712335908563015208e-01
-6.715953266035694647e-01
-6.719102861956004480e-01
-6.720844811630898308e-01
-6.720262970262970148e-01
-6.716669081599492275e-01
-6.709818617566140064e-01
-6.700095193944656247e-01
-6.688614107246138030e-01
-6.677198137574067438e-01
-6.668192680348471457e-01
-6.664112921228463327e-01
-6.667150714982738036e-01
-6.678607515778280934e-01
-6.698354198773218693e-01
-6.724440304428783710e-01
-6.752976955504474965e-01
-6.778395295521469910e-01
-6.794135036616262280e-01
-6.793747583553554348e-01
-6.772309473822339942e-01
-6.727942402818435363e-01
-6.663141062062535314e-01
-6.585545661839675713e-01
-6.507798289942519077e-01
-6.446225214768017686e-01
-6.418301916178541511e-01
-6.439152084938903897e-01
-6.517629002883631451e-01
-6.652731674390670591e-01
-6.831150930565350610e-01
-7.026623484947639442e-01
-7.201567708028996373e-01
-7.311276831741736482e-01
-7.310772307028532424e-01
-7.164137304783664284e-01
-6.855500615321695745e-01
-6.399667512904902988e-01
-5.848995797494724869e-01
-5.292428235665199709e-01
-4.843768836661553889e-01
-4.619665225435219402e-01
-4.712062942816929723e-01
-5.162773740341749518e-01
-5.947415044186024069e-01
-6.972219034325626286e-01
-8.081771067740607384e-01
-9.071783540501896503e-01
-9.702323665384062767e-01
-9.715220184932047420e-01
-8.870303270303815379e-01
-7.016297317256369181e-01
-4.189149157696860915e-01
-6.864785845364441974e-02
2.955973864552533525e-01
6.107550623827290304e-01
8.226638407036861445e-01
8.975333219277570329e-01
8.242321078022079028e-01
6.136542644451015160e-01
2.993478418230096083e-01
-6.470209579308222603e-02
-4.154329600984590920e-01
-6.990774098965921723e-01
-8.855843698418620624e-01
-9.711076771361544235e-01
-9.706281692031643038e-01
-9.081109883468557742e-01
-8.093762698668459654e-01
-6.984449954381706238e-01
-5.957881530726418795e-01
-5.170044154560659022e-01
-4.715415823532588813e-01
-4.619142204422619913e-01
-4.840087173647634744e-01
-5.286756092997321188e-01
-5.842650817774538430e-01
-6.393827262509803599e-01
-6.851001049292921863e-01
-7.161392901249824527e-01
-7.309804797375164531e-01
-7.311811782655189829e-01
-7.203155533245538811e-01
-7.028754177589900953e-01
-6.833346871167316205e-01
-6.654612971254362241e-01
-6.518950506142001666e-01
-6.439813301972242554e-01
-6.418333034828263006e-01
-6.445754983197105048e-01
-6.507011814589135357e-01
-6.584641109215113586e-01
-6.662293192483251802e-01
-6.727278133118830272e-01
-6.771897225059998471e-01
-6.793599091681098434e-01
-6.794216296173378744e-01
-6.778642537780789068e-01
-6.753313790568727937e-01
-6.724792979919002045e-01
-6.698662988263470730e-01
-6.678833312957238588e-01
-6.667276844231705413e-01
-6.664142907543668670e-01
-6.668145202138238137e-01
-6.677100588900604095e-01
-6.688496131272864131e-01
-6.699983269116996931e-01
-6.709732368927672219e-01
-6.716619550476291556e-01
-6.720252692756928381e-01
-6.720869286431442324e-01
-6.719152851992157283e-01
-6.716017367260436188e-01
-6.712402903934528986e-01
-6.709113751116859703e-01
-6.706716059284254516e-01
-6.705498327476925313e-01
-6.705486948652216173e-01
-6.706501709615909634e-01
-6.708232948914728544e-01
-6.710322620877045008e-01
-6.712434885819825725e-01
-6.714306859334960853e-01
-6.715775600029548764e-01
-6.716782278894563030e-01
-6.717358066208721779e-01
-6.717598280032891500e-01
-6.717631792839807714e-01
-6.717591874625739035e-01
-6.717592992978930200e-01
-6.717716062752416839e-01
-6.718002661700013256e-01
-6.718457119221693530e-01
-6.719054325882642953e-01
-6.719750651935059160e-01
-6.720495443316230055e-01
-6.721241047252410894e-01
-6.721950034096900728e-01
-6.722599055427563863e-01
-6.723179468062754349e-01
-6.723695363459105678e-01
-6.724159927972143125e-01
-6.724591125276080383e-01
-6.725007577440036410e-01
-6.725425286409143499e-01
-6.725855549688433133e-01
-6.726304143168703176e-01
-6.726771615539409721e-01
-6.727254388756287451e-01
-6.727746294618529577e-01
-6.728240189796528270e-01
-6.728729360972514062e-01
-6.729208533406001447e-01
-6.729674405753212074e-01
-6.730125731184956051e-01
-6.730563036284357148e-01
-6.730988108809475845e-01
-6.731403393859917150e-01
-6.731811421049717081e-01
-6.732214351663741159e-01
-6.732613693967018920e-01
-6.733010195371558204e-01
-6.733403888378706181e-01
-6.733794246688428187e-01
-6.734180399456798360e-01
-6.734561354003366640e-01
-6.734936187442140954e-01
-6.735304182192444200e-01
-6.735664895667256014e-01
-6.736018167839038506e-01
-6.736364080025759593e-01
-6.736702883363374639e-01
-6.737034916219910574e-01
-6.737360527140163757e-01
-6.737680015050888649e-01
-6.737993592747107963e-01
-6.738301374293530488e-01
-6.738603382755077309e-01
-6.738899572063219434e-01
-6.739189855895049153e-01
-6.739474136951892902e-01
-6.739752331544044406e-01
-6.740024386416946234e-01
-6.740290286820858068e-01
-6.740550056566357862e-01
-6.740803751999722149e-01
-6.741051452402221367e-01
-6.741293249316981928e-01
-6.741529236875202225e-01
-6.741759504509765577e-01
-6.741984132689264886e-01
-6.742203191627889058e-01
-6.742416742425321186e-01
-6.742624839809653325e-01
-6.742827535589480670e-01
-6.743024882026686928e-01
-6.743216934557442199e-01
-6.743403753549030988e-01
-6.743585405028020840e-01
-6.743761960509686570e-01
-6.743933496179715936e-01
-6.744100091724329893e-01
-6.744261829086213300e-01
-6.744418791361427301e-01
-6.744571061969513170e-01
-6.744718724145418731e-01
-6.744861860733345482e-01
-6.745000554216543653e-01
-6.745134886896001492e-01
-6.745264941131159375e-01
-6.745390799571245877e-01
-6.745512545329147569e-01
-6.745630262074376882e-01
-6.745744034042711057e-01
-6.745853945974920052e-01
-6.745960083004682861e-01
-6.746062530517543676e-01
-6.746161374000054778e-01
-6.746256698893395853e-01
-6.746348590460253813e-01
-6.746437133669063169e-01
-6.746522413096319726e-01
-6.746604512845655321e-01
-6.746683516481469800e-01
-6.746759506974723264e-01
-6.746832566658437225e-01
-6.746902777190667555e-01
-6.746970219522530066e-01
-6.747034973868828445e-01
-6.747097119678892030e-01
-6.747156735605420730e-01
-6.747213899469732823e-01
-6.747268688222566313e-01
-6.747321177900601485e-01
-6.747371443579702754e-01
-6.747419559326826022e-01
-6.747465598152718735e-01
-6.747509631967699706e-01
-6.747551731542372755e-01
-6.747591966474457692e-01
-6.747630405162043932e-01
-6.747667114782794906e-01
-6.747702161278031907e-01
-6.747735609340146379e-01
-6.747767522401875162e-01
-6.747797962626059798e-01
-6.747826990895025023e-01
-6.747854666799181222e-01
-6.747881048625040679e-01
-6.747906193343101711e-01
-6.747930156596481099e-01
-6.747952992690989804e-01
-6.747974754587451329e-01
-6.747995493896654651e-01
-6.748015260877106014e-01
-6.748034104435477465e-01
-6.748052072129385737e-01
-6.748069210172029653e-01
-6.748085563438218637e-01
-6.748101175471306057e-01
-6.748116088490793141e-01
-6.748130343400401410e-01
-6.748143979796611402e-01
-6.748157035977763174e-01
-6.748169548953902863e-01
-6.748181554457512998e-01
-6.748193086955248665e-01
-6.748204179660772795e-01
-6.748214864548672809e-01
-6.748225172369354263e-01
-6.748235132664857083e-01
-6.748244773785367912e-01
-6.748254122906340857e-01
-6.748263206046051232e-01
-6.748272048083527874e-01
-6.748280672776744149e-01
-6.748289102781084292e-01
-6.748297359668045114e-01
-6.748305463944183069e-01
-6.748313435070278921e-01
-6.748321291480753326e-01
-6.748329050603242285e-01
-6.748336728878365776e-01
-6.748344341779566324e-01
-6.748351903833030851e-01
-6.748359428637575874e-01
-6.748366928884478311e-01
-6.748374416377165286e-01
-6.748381902050756276e-01
-6.748389395991382100e-01
-6.748396907455299631e-01
-6.748404444887704523e-01
-6.748412015941286368e-01
-6.748419627494433026e-01
-6.748427285669124087e-01
-6.748434995848431317e-01
-6.748442762693623864e-01
-6.748450590160839369e-01
-6.748458481517292107e-01
-6.748466439356997082e-01
-6.748474465615943441e-01
-6.748482561586760520e-01
-6.748490727932823230e-01
-6.748498964701740155e-01
-6.748507271338261004e-01
-6.748515646696562342e-01
-6.748524089051887165e-01
-6.748532596111552762e-01
-6.748541165025281341e-01
-6.748549792394858970e-01
-6.748558474283088415e-01
-6.748567206222070292e-01
