-6.748573661919503586e-01
-6.748581521254666260e-01
-6.748589316068229760e-01
-6.748597040594372931e-01
-6.748604688460142498e-01
-6.748612252689093483e-01
-6.748619725704361194e-01
-6.748627099331240276e-01
-6.748634364799225294e-01
-6.748641512743533966e-01
-6.748648533206087485e-01
-6.748655415635984589e-01
-6.748662148889472689e-01
-6.748668721229384992e-01
-6.748675120324089116e-01
-6.748681333245957203e-01
-6.748687346469303128e-01
-6.748693145867908916e-01
-6.748698716712052681e-01
-6.748704043665089136e-01
-6.748709110779617104e-01
-6.748713901493222922e-01
-6.748718398623833048e-01
-6.748722584364692523e-01
-6.748726440278962624e-01
-6.748729947293985454e-01
-6.748733085695222123e-01
-6.748735835119873405e-01
-6.748738174550219515e-01
-6.748740082306663446e-01
-6.748741536040574474e-01
-6.748742512726847442e-01
-6.748742988656304398e-01
-6.748742939427928578e-01
-6.748742339940964063e-01
-6.748741164386946600e-01
-6.748739386241693339e-01
-6.748736978257278141e-01
-6.748733912454039086e-01
-6.748730160112628162e-01
-6.748725691766164214e-01
-6.748720477192455824e-01
-6.748714485406324126e-01
-6.748707684651995553e-01
-6.748700042395622267e-01
-6.748691525317924711e-01
-6.748682099306968496e-01
-6.748671729451183321e-01
-6.748660380032677208e-01
-6.748648014520961524e-01
-6.748634595567218897e-01
-6.748620084999216173e-01
-6.748604443816975662e-01
-6.748587632189305685e-01
-6.748569609451160467e-01
-6.748550334101751647e-01
-6.748529763803384762e-01
-6.748507855380739828e-01
-6.748484564820460552e-01
-6.748459847270830148e-01
-6.748433657041452705e-01
-6.748405947602971189e-01
-6.748376671586970854e-01
-6.748345780786551007e-01
-6.748313226158005884e-01
-6.748278957824412894e-01
-6.748242925081729959e-01
-6.748205076408025915e-01
-6.748165359476138159e-01
-6.748123721169616562e-01
-6.748080107601287514e-01
-6.748034464133316757e-01
-6.747986735397093483e-01
-6.747936865311198185e-01
-6.747884797095673459e-01
-6.747830473281503094e-01
-6.747773835715121793e-01
-6.747714825559033569e-01
-6.747653383291193352e-01
-6.747589448707176363e-01
-6.747522960930002478e-01
-6.747453858432893581e-01
-6.747382079079062844e-01
-6.747307560180790809e-01
-6.747230238576643613e-01
-6.747150050721890668e-01
-6.747066932782898041e-01
-6.746980820722990879e-01
-6.746891650365574034e-01
-6.746799357421072729e-01
-6.746703877468457344e-01
-6.746605145889460475e-01
-6.746503097763767443e-01
-6.746397667744779003e-01
-6.746288789946457420e-01
-6.746176397879071196e-01
-6.746060424472964945e-01
-6.745940802222886168e-01
-6.745817463469242492e-01
-6.745690340808118135e-01
-6.745559367591458244e-01
-6.745424478447255012e-01
-6.745285609723818965e-01
-6.745142699749321347e-01
-6.744995688804878986e-01
-6.744844518741079931e-01
-6.744689132224649386e-01
-6.744529471679326926e-01
-6.744365478072297249e-01
-6.744197089778597443e-01
-6.744024241811004128e-01
-6.743846865711869976e-01
-6.743664890349988505e-01
-6.743478243742121458e-01
-6.743286855830860071e-01
-6.743090661919528550e-01
-6.742889606228017474e-01
-6.742683644841402923e-01
-6.742472747231779140e-01
-6.742256895594217481e-01
-6.742036081483760990e-01
-6.741810299674925178e-01
-6.741579539751149097e-01
-6.741343776586466996e-01
-6.741102961483030898e-01
-6.740857016127062007e-01
-6.740605831572110684e-01
-6.740349274033866633e-01
-6.740087198333042373e-01
-6.739819468399802505e-01
-6.739545982521321088e-01
-6.739266699258908977e-01
-6.738981658561694621e-01
-6.738690991976398204e-01
-6.738394916372755228e-01
-6.738093707509414942e-01
-6.737787653061919624e-01
-6.737476989125821270e-01
-6.737161829064238772e-01
-6.736842097966355691e-01
-6.736517488814608434e-01
-6.736187456622000358e-01
-6.735851263443496384e-01
-6.735508079946638249e-01
-6.735157138548507616e-01
-6.734797920275830130e-01
-6.734430344638475674e-01
-6.734054921744506705e-01
-6.733672821693407196e-01
-6.733285820678894806e-01
-6.732896097872915764e-01
-6.732505881964817585e-01
-6.732116978853970313e-01
-6.731730247667581102e-01
-6.731345124098874200e-01
-6.730959309875242935e-01
-6.730568746959060267e-01
-6.730167968794301681e-01
-6.729750866352933736e-01
-6.729311827254613743e-01
-6.728847111667198844e-01
-6.728356235187744616e-01
-6.727843057288590556e-01
-6.727316246576666714e-01
-6.726788830550651799e-01
-6.726276649188196455e-01
-6.725795716960459858e-01
-6.725358738504785272e-01
-6.724971283228008412e-01
-6.724628352414413479e-01
-6.724312209272385044e-01
-6.723992330023722541e-01
-6.723628130055557817e-01
-6.723174709815932237e-01
-6.722591277824163658e-01
-6.721851217358725261e-01
-6.720952088863227925e-01
-6.719923354676902161e-01
-6.718829438849119873e-01
-6.717766031962678630e-01
-6.716848397415586813e-01
-6.716191812445291287e-01
-6.715886042161290925e-01
-6.715967626977903393e-01
-6.716395384943456559e-01
-6.717035457228905937e-01
-6.717662047779595635e-01
-6.717978435969010897e-01
-6.717659797769903740e-01
-6.716415072812816911e-01
-6.714060112021735804e-01
-6.710589504754457257e-01
-6.706230925726190950e-01
-6.701464746590896082e-01
-6.696994044894702958e-01
-6.693656571214722240e-01
-6.692280504026861809e-01
-6.693498774062535128e-01
-6.697550250921332493e-01
-6.704107306951495593e-01
-6.712175122568369012e-01
-6.720105876104730536e-01
-6.725758967212721595e-01
-6.726816413731436795e-01
-6.721232061690455284e-01
-6.707757768877300464e-01
-6.686454957688481304e-01
-6.659073760355387339e-01
-6.629173799429279867e-01
-6.601879466234800153e-01
-6.583213659013765762e-01
-6.579034984905195449e-01
-6.593702027925806286e-01
-6.628683240700596890e-01
-6.681398028495960650e-01
-6.744594430799135676e-01
-6.806533527445668419e-01
-6.852163474008116095e-01
-6.865333746578556884e-01
-6.831923854465303814e-01
-6.743535090776532348e-01
-6.601124482405279492e-01
-6.417696410125172113e-01
-6.219026010514397962e-01
-6.041528353419037822e-01
-5.926917242221945159e-01
-5.914156994020586255e-01
-6.030123362636421458e-01
-6.280966005712664835e-01
-6.646121152698314383e-01
-7.076285976208025463e-01
-7.495824769642327468e-01
-7.809613795844997375e-01
-7.914619564992819711e-01
-7.717182714860167936e-01
-7.156685977119022768e-01
-6.233295100112550280e-01
-5.031585098858625260e-01
-3.726543796857039736e-01
-2.559947653406624002e-01
-1.786649420919204090e-01
-1.606117092023475190e-01
-2.103471770064156976e-01
-3.221020315691686120e-01
-4.769528943944147392e-01
-6.473135832105042509e-01
-8.027132165416541731e-01
-9.143010413263761293e-01
-9.568918689275051070e-01
-9.099629181676808232e-01
-7.606052740547413205e-01
-5.099310372109885359e-01
-1.799424085967379072e-01
1.859491773520032809e-01
5.331306119616312511e-01
8.121119042012149292e-01
9.900018782947151985e-01
1.051187029619221391e+00
9.915578042241487422e-01
8.151106750443283255e-01
5.372694122460898170e-01
1.906833742617624339e-01
-1.753206618901664848e-01
-5.060913687596929611e-01
-7.579869372216788692e-01
-9.087118416307164992e-01
-9.569222422138143891e-01
-9.153913117512255671e-01
-8.045652007609364054e-01
-6.495696235296612997e-01
-4.792093452717185453e-01
-3.239537133706366090e-01
-2.114634345318976982e-01
-1.608139544353332229e-01
-1.779700652000384686e-01
-2.546046185797484762e-01
-3.708934515934754761e-01
-5.013814605486399678e-01
-6.218321694544871603e-01
-7.146324908585990343e-01
-7.711995721229295553e-01
-7.914145334893877282e-01
-7.812742884796373133e-01
-7.501161796577899832e-01
-7.082431110301942168e-01
-6.651867049944300003e-01
-6.285425691089162603e-01
-6.032797562817481252e-01
-5.914940432724209440e-01
-5.926044685551826730e-01
-6.039471674544429902e-01
-6.216365444427077724e-01
-6.414994928933980267e-01
-6.598830626273787248e-01
-6.741928604830967897e-01
-6.831105303627665881e-01
-6.865249027927082803e-01
-6.852649330018556473e-01
-6.807370303859365812e-01
-6.745555323487616439e-01
-6.682287872473293699e-01
-6.629363358661943817e-01
-6.594100462168609456e-01
-6.579143639288433931e-01
-6.583075511572723526e-01
-6.601569986553150748e-01
-6.628780901047014451e-01
-6.658680040290894109e-01
-6.686124810010888320e-01
-6.707530531950436359e-01
-6.721121016580582364e-01
-6.726812453567289074e-01
-6.725837219808185052e-01
-6.720233466358499497e-01
-6.712318502951470922e-01
-6.704238028941578165e-01
-6.697648570699386017e-01
-6.693554981509837187e-01
-6.692294264935926273e-01
-6.693634837997659570e-01
-6.696948207747432935e-01
-6.701407676658168722e-01
-6.706174435779228560e-01
-6.710542564709681690e-01
-6.714027952150911638e-01
-6.716399125976341145e-01
-6.717658299977441461e-01
-6.717987433643294315e-01
-6.717676548340403286e-01
-6.717050495263933163e-01
-6.716406842246361864e-01
-6.715972723008259981e-01
-6.715883486106382083e-01
-6.716181667376731612e-01
-6.716831744522439029e-01
-6.717744537056126175e-01
-6.718804917028919910e-01
-6.719897407838538728e-01
-6.720925861523038281e-01
-6.721825285843414655e-01
-6.722565661689385852e-01
-6.723148975956125817e-01
-6.723601550749688238e-01
-6.723964055645138549e-01
-6.724281422711292366e-01
-6.724594382805324511e-01
-6.724933668593988667e-01
-6.725317238039927314e-01
-6.725750282173179606e-01
-6.726227368144751528e-01
-6.726735860904526909e-01
-6.727259751490560769e-01
-6.727783154695299306e-01
-6.728292966188306190e-01
-6.728780429250994510e-01
-6.729241602737259242e-01
-6.729676908436208471e-01
-6.730090049101626892e-01
-6.730486626152291096e-01
-6.730872759680276429e-01
-6.731253942330809314e-01
-6.731634265223489511e-01
-6.732016059280027109e-01
-6.732399915371173327e-01
-6.732784991565162747e-01
-6.733169488921564305e-01
-6.733551176632497359e-01
-6.733927866857278843e-01
-6.734297771325807869e-01
-6.734659707518969585e-01
-6.735013155027337328e-01
-6.735358187716086187e-01
-6.735695322191710410e-01
-6.736025327650775330e-01
-6.736349038126409061e-01
-6.736667198141230717e-01
-6.736980359898456783e-01
-6.737288837232828786e-01
-6.737592710777633442e-01
-6.737891871491927809e-01
-6.738186086253575846e-01
-6.738475069330253087e-01
-6.738758546343843747e-01
-6.739036301740266577e-01
-6.739308205654495065e-01
-6.739574220485700096e-01
-6.739834390832488697e-01
-6.740088822377399147e-01
-6.740337655854630183e-01
-6.740581041620783420e-01
-6.740819118950340805e-01
-6.741052002414938960e-01
-6.741279775960179466e-01
-6.741502493855240363e-01
-6.741720186728843434e-01
-6.741932870469817818e-01
-6.742140555811239055e-01
-6.742343256815001018e-01
-6.742540997077846043e-01
-6.742733813140200372e-01
-6.742921755171262799e-01
-6.743104885444117791e-01
-6.743283275365072882e-01
-6.743457001884154423e-01
-6.743626144022804025e-01
-6.743790780061558188e-01
-6.743950985691626876e-01
-6.744106833200612661e-01
-6.744258391572487410e-01
-6.744405727256633787e-01
-6.744548905306575470e-01
-6.744687990597637572e-01
-6.744823048888547445e-01
-6.744954147573899439e-01
-6.745081356062683220e-01
-6.745204745796359314e-01
-6.745324389977548352e-01
-6.745440363112285009e-01
-6.745552740475888598e-01
-6.745661597599480475e-01
-6.745767009847900564e-01
-6.745869052127924093e-01
-6.745967798734788801e-01
-6.746063323320262706e-01
-6.746155698949286572e-01
-6.746244998205540577e-01
-6.746331293307710197e-01
-6.746414656205800275e-01
-6.746495158637809686e-01
-6.746572872138603127e-01
-6.746647868003013970e-01
-6.746720217212767157e-01
-6.746789990340723575e-01
-6.746857257446901013e-01
-6.746922087978869387e-01
-6.746984550685691806e-01
-6.747044713550403028e-01
-6.747102643742008965e-01
-6.747158407584803452e-01
-6.747212070540663520e-01
-6.747263697199162857e-01
-6.747313351270528559e-01
-6.747361095577500967e-01
-6.747406992043464280e-01
-6.747451101675773222e-01
-6.747493484544540010e-01
-6.747534199758015161e-01
-6.747573305436348479e-01
-6.747610858685513247e-01
-6.747646915573018989e-01
-6.747681531106592967e-01
-6.747714759216425495e-01
-6.747746652741141160e-01
-6.747777263417171767e-01
-6.747806641870978117e-01
-6.747834837613384540e-01
-6.747861899035442201e-01
-6.747887873405159498e-01
-6.747912806864816426e-01
-6.747936744428600919e-01
-6.747959729980617105e-01
-6.747981806273304350e-01
-6.748003014926522436e-01
-6.748023396427432763e-01
-6.748042990131386532e-01
-6.748061834263945347e-01
-6.748079965924053125e-01
-6.748097421088393721e-01
-6.748114234616793272e-01
-6.748130440258638396e-01
-6.748146070660153706e-01
-6.748161157372380980e-01
-6.748175730859826693e-01
-6.748189820509612469e-01
-6.748203454641111820e-01
-6.748216660516024312e-01
-6.748229464348839413e-01
-6.748241891317714458e-01
-6.748253965575721214e-01
-6.748265710262464356e-01
-6.748277147516061891e-01
-6.748288298485490833e-01
-6.748299183343183794e-01
-6.748309821297916455e-01
-6.748320230607900427e-01
-6.748330428594045971e-01
-6.748340431653346849e-01
-6.748350255272331788e-01
-6.748359914040585883e-01
-6.748369421664240919e-01
-6.748378790979440156e-01
-6.748388033965739830e-01
-6.748397161759437379e-01
-6.748406184666755347e-01
-6.748415112176904262e-01
-6.748423952974972329e-01
-6.748432714954626377e-01
-6.748441405230583001e-01
-6.748450030150845436e-01
-6.748458595308675090e-01
-6.748467105554267764e-01
-6.748475565006110122e-01
-6.748483977062008643e-01
-6.748492344409738886e-01
-6.748500669037333921e-01
-6.748508952242981973e-01
-6.748517194644469974e-01
-6.748525396188245207e-01
-6.748533556158007318e-01
-6.748541673182841816e-01
-6.748549745244898368e-01
-6.748557769686589491e-01
-6.748565743217279644e-01
