-6.748575307458883898e-01
-6.748584226962742738e-01
-6.748593188647599161e-01
-6.748602185911575235e-01
-6.748611211665206389e-01
-6.748620258335379374e-01
-6.748629317868509725e-01
-6.748638381732989799e-01
-6.748647440920821916e-01
-6.748656485948553163e-01
-6.748665506857431939e-01
-6.748674493212802883e-01
-6.748683434102782375e-01
-6.748692318136199075e-01
-6.748701133439810596e-01
-6.748709867654795191e-01
-6.748718507932534028e-01
-6.748727040929733967e-01
-6.748735452802845369e-01
-6.748743729201840402e-01
-6.748751855263338539e-01
-6.748759815603082579e-01
-6.748767594307835127e-01
-6.748775174926653353e-01
-6.748782540461589763e-01
-6.748789673357860064e-01
-6.748796555493464799e-01
-6.748803168168299171e-01
-6.748809492092796569e-01
-6.748815507376113576e-01
-6.748821193513876437e-01
-6.748826529375564487e-01
-6.748831493191466135e-01
-6.748836062539323999e-01
-6.748840214330650289e-01
-6.748843924796773530e-01
-6.748847169474635477e-01
-6.748849923192368205e-01
-6.748852160054746863e-01
-6.748853853428501415e-01
-6.748854975927583988e-01
-6.748855499398344060e-01
-6.748855394904713645e-01
-6.748854632713380264e-01
-6.748853182278955476e-01
-6.748851012229188928e-01
-6.748848090350184625e-01
-6.748844383571773742e-01
-6.748839857953000676e-01
-6.748834478667912196e-01
-6.748828209991749594e-01
-6.748821015287638225e-01
-6.748812856993963161e-01
-6.748803696612474257e-01
-6.748793494697126194e-01
-6.748782210843626839e-01
-6.748769803679577350e-01
-6.748756230854989768e-01
-6.748741449033005546e-01
-6.748725413880700685e-01
-6.748708080059949710e-01
-6.748689401218510575e-01
-6.748669329981631382e-01
-6.748647817944776195e-01
-6.748624815668009536e-01
-6.748600272672782285e-01
-6.748574137441526455e-01
-6.748546357420296404e-01
-6.748516879024226700e-01
-6.748485647645104946e-01
-6.748452607659997105e-01
-6.748417702439541976e-01
-6.748380874354622527e-01
-6.748342064780392668e-01
-6.748301214097423006e-01
-6.748258261690647242e-01
-6.748213145947763447e-01
-6.748165804259793621e-01
-6.748116173026940112e-01
-6.748064187672918601e-01
-6.748009782670086887e-01
-6.747952891576305401e-01
-6.747893447082339291e-01
-6.747831381066463630e-01
-6.747766624650860523e-01
-6.747699108253265576e-01
-6.747628761627181282e-01
-6.747555513885510337e-01
-6.747479293505199704e-01
-6.747400028314596288e-01
-6.747317645469580460e-01
-6.747232071428753697e-01
-6.747143231940632147e-01
-6.747051052056534104e-01
-6.746955456180708799e-01
-6.746856368164545481e-01
-6.746753711444603008e-01
-6.746647409215936753e-01
-6.746537384624041733e-01
-6.746423560952503617e-01
-6.746305861780158564e-01
-6.746184211082977278e-01
-6.746058533261655166e-01
-6.745928753086110063e-01
-6.745794795561653734e-01
-6.745656585736338196e-01
-6.745514048482992298e-01
-6.745367108300578396e-01
-6.745215689185437569e-01
-6.745059714622352320e-01
-6.744899107737221122e-01
-6.744733791637171905e-01
-6.744563689940606954e-01
-6.744388727470481681e-01
-6.744208831050970687e-01
-6.744023930314229087e-01
-6.743833958394671590e-01
-6.743638852369410186e-01
-6.743438553301839278e-01
-6.743233005768664023e-01
-6.743022156804515665e-01
-6.742805954285273629e-01
-6.742584344887819769e-01
-6.742357271898439253e-01
-6.742124673273487412e-01
-6.741886480454063468e-01
-6.741642618466183734e-01
-6.741393007764370227e-01
-6.741137568074802022e-01
-6.740876224158266483e-01
-6.740608912967378519e-01
-6.740335591175735663e-01
-6.740056241603012976e-01
-6.739770876770341257e-01
-6.739479537821887467e-01
-6.739182287448981512e-01
-6.738879196305667119e-01
-6.738570323676666973e-01
-6.738255694708412680e-01
-6.737935278083166946e-01
-6.737608969253043867e-01
-6.737276584855745876e-01
-6.736937873339590155e-01
-6.736592544892041623e-01
-6.736240320480333388e-01
-6.735880995467868892e-01
-6.735514508499987896e-01
-6.735141002099246377e-01
-6.734760858808508388e-01
-6.734374696900402579e-01
-6.733983313501192836e-01
-6.733587570775364517e-01
-6.733188232108349158e-01
-6.732785768590724418e-01
-6.732380169208771470e-01
-6.731970797961682740e-01
-6.731556344414882931e-01
-6.731134908166688247e-01
-6.730704240767080293e-01
-6.730262141141047927e-01
-6.729806965360046744e-01
-6.729338174097418968e-01
-6.728856808911779508e-01
-6.728365770411806057e-01
-6.727869775726481594e-01
-6.727374905485954404e-01
-6.726887713190595752e-01
-6.726413957733466953e-01
-6.725957121271596284e-01
-6.725516971406371169e-01
-6.725088496027925578e-01
-6.724661557645956744e-01
-6.724221562083851911e-01
-6.723751304134886198e-01
-6.723233944857944788e-01
-6.722656814277347959e-01
-6.722015460398816922e-01
-6.721317136674737069e-01
-6.720582798586444140e-01
-6.719846724679595651e-01
-6.719153128390998875e-01
-6.718549591510628582e-01
-6.718077790783077985e-01
-6.717762718989819248e-01
-6.717602288570496682e-01
-6.717559687357201881e-01
-6.717560966979608805e-01
-6.717499951172384298e-01
-6.717251589238161236e-01
-6.716693388272896303e-01
-6.715732700646291908e-01
-6.714335712219573482e-01
-6.712552366985243824e-01
-6.710530620706033345e-01
-6.708513754369901383e-01
-6.706816280525306206e-01
-6.705777287704826062e-01
-6.705694615322486118e-01
-6.706748403335492936e-01
-6.708927371034169029e-01
-6.711974508506559634e-01
-6.715369578756181790e-01
-6.718363039272949866e-01
-6.720069293601061977e-01
-6.719616850246917794e-01
-6.716340077485197790e-01
-6.709983717325161967e-01
-6.700879831188526481e-01
-6.690050549255717183e-01
-6.679192005632327289e-01
-6.670507450876600464e-01
-6.666381230807835179e-01
-6.668917956110892442e-01
-6.679407690453852409e-01
-6.697810989573061979e-01
-6.722379003842493539e-01
-6.749526679697510634e-01
-6.774057173679990385e-01
-6.789791975115961886e-01
-6.790595711264909573e-01
-6.771701286060934910e-01
-6.731147394587942978e-01
-6.671050649461145454e-01
-6.598372543919167610e-01
-6.524840100118486363e-01
-6.465769949758759516e-01
-6.437740458969283264e-01
-6.455328600614471668e-01
-6.527409087846052227e-01
-6.653714602874172268e-01
-6.822411650010604678e-01
-7.009350978056340109e-01
-7.179465576267239912e-01
-7.290596835957864341e-01
-7.299854094099922364e-01
-7.172343529872744483e-01
-6.891514071710664879e-01
-6.469309961141085363e-01
-5.953031569336603157e-01
-5.425100507332357713e-01
-4.992856622391780852e-01
-4.768481906862197528e-01
-4.843124786068227494e-01
-5.262175446006152058e-01
-6.008616026828895729e-01
-6.998144266567269955e-01
-8.084783374616452134e-01
-9.071844581339222335e-01
-9.724004959633057998e-01
-9.783830222123304221e-01
-9.006690395820045048e-01
-7.230149566625231339e-01
-4.472893617762305207e-01
-1.014799472413027009e-01
2.616928440605977291e-01
5.784398793442747655e-01
7.926615944388040180e-01
8.686094474995725845e-01
7.943371571040248602e-01
5.815233690983530046e-01
2.656536517303035860e-01
-9.735057323627978321e-02
-4.436855246956239451e-01
-7.204112090655544476e-01
-8.992302142856730685e-01
-9.780133489910148858e-01
-9.728572164499478259e-01
-9.081768233312448313e-01
-8.097237754836017487e-01
-7.010636744819462862e-01
-6.019132635305123324e-01
-5.269323548743189978e-01
-4.846254572530577787e-01
-4.767716488161769517e-01
-4.988982305151626329e-01
-5.419327106328131194e-01
-5.946686960062295135e-01
-6.463556446867144700e-01
-6.887158021842928468e-01
-7.169766517642611747e-01
-7.299049153364082221e-01
-7.291268629074825203e-01
-7.181152253187318424e-01
-7.011538364077327667e-01
-6.824624855747006835e-01
-6.655581712477893763e-01
-6.528696118472004928e-01
-6.455947147293173982e-01
-6.437731587678551248e-01
-6.465270477001279215e-01
-6.524039576596697421e-01
-6.597469960708148840e-01
-6.670218622569299427e-01
-6.730508743091275781e-01
-6.771319477880454185e-01
-6.790477645386733263e-01
-6.789899653973752169e-01
-6.774324126550135272e-01
-6.749875273908659823e-01
-6.722735631059093553e-01
-6.698117192646181328e-01
-6.679626372686503499e-01
-6.669034757626692844e-01
-6.666401887853147246e-01
-6.670452422142483240e-01
-6.679089830972445574e-01
-6.689931315231050224e-01
-6.700769813065010627e-01
-6.709901839702663295e-01
-6.716296386760597370e-01
-6.719612807935951837e-01
-6.720099434996414933e-01
-6.718417415797847125e-01
-6.715436403202149629e-01
-6.712042519334334711e-01
-6.708987586225548805e-01
-6.706795107723144689e-01
-6.705725585909478870e-01
-6.705793386411023072e-01
-6.706820620592620630e-01
-6.708510672936331964e-01
-6.710524672028348458e-01
-6.712547500725269956e-01
-6.714334734287141782e-01
-6.715737045230765201e-01
-6.716703170994613448e-01
-6.717265870558074559e-01
-6.717517119299430961e-01
-6.717579149282687512e-01
-6.717577114442333519e-01
-6.717617559805901806e-01
-6.717774946149553950e-01
-6.718086622236105754e-01
-6.718555139130185649e-01
-6.719155831058815087e-01
-6.719847185659825195e-01
-6.720581630350639379e-01
-6.721314838127238067e-01
-6.722012340421602561e-01
-6.722652964494459926e-01
-6.723229255404202798e-01
-6.723745510160329397e-01
-6.724214306115213757e-01
-6.724652453463505486e-01
-6.725077182623463434e-01
-6.725503149845892814e-01
-6.725940571859874151e-01
-6.726394538900933862e-01
-6.726865346411912139e-01
-6.727349552035312152e-01
-6.727841411218051793e-01
-6.728334362135398594e-01
-6.728822299356600478e-01
-6.729300472196583227e-01
-6.729765945270039795e-01
-6.730217647068681419e-01
-6.730656095612721490e-01
-6.731082923576492405e-01
-6.731500330131993115e-01
-6.731910568977511611e-01
-6.732315549959946299e-01
-6.732716594159517953e-01
-6.733114346941801998e-01
-6.733508825773816264e-01
-6.733899562428924401e-01
-6.734285792973910834e-01
-6.734666652084984051e-01
-6.735041337993322719e-01
-6.735409227469972837e-01
-6.735769933685369359e-01
-6.736123311158457305e-01
-6.736469419902745281e-01
-6.736808464786716577e-01
-6.737140726361293686e-01
-6.737466496829496165e-01
-6.737786030576632390e-01
-6.738099513884825420e-01
-6.738407054075348235e-01
-6.738708684999301646e-01
-6.739004383832770673e-01
-6.739294093517892437e-01
-6.739577745688334343e-01
-6.739855280157163175e-01
-6.740126658625247291e-01
-6.740391871832304149e-01
-6.740650940659124180e-01
-6.740903912553244393e-01
-6.741150855057530533e-01
-6.741391848224362882e-01
-6.741626977406154353e-01
-6.741856327454361919e-01
-6.742079978856607703e-01
-6.742298005890366985e-01
-6.742510476532308505e-01
-6.742717453658721993e-01
-6.742918996999345271e-01
-6.743115165338152694e-01
-6.743306018555147441e-01
-6.743491619236993140e-01
-6.743672033720439218e-01
-6.743847332550212403e-01
-6.744017590419927322e-01
-6.744182885718034148e-01
-6.744343299822803672e-01
-6.744498916287918755e-01
-6.744649820040369281e-01
-6.744796096682627029e-01
-6.744937831957545926e-01
-6.745075111401562795e-01
-6.745208020183054431e-01
-6.745336643100001695e-01
-6.745461064695628117e-01
-6.745581369442777975e-01
-6.745697641947351331e-01
-6.745809967126931150e-01
-6.745918430331443449e-01
-6.746023117386557022e-01
-6.746124114554920004e-01
-6.746221508423622115e-01
-6.746315385736412207e-01
-6.746405833195128210e-01
-6.746492937256141076e-01
-6.746576783944671085e-01
-6.746657458703650967e-01
-6.746735046285919912e-01
-6.746809630690199233e-01
-6.746881295134387058e-01
-6.746950122054780064e-01
-6.747016193117792993e-01
-6.747079589231135266e-01
-6.747140390544285049e-01
-6.747198676431994668e-01
-6.747254525459059904e-01
-6.747308015328609132e-01
-6.747359222819019342e-01
-6.747408223716081510e-01
-6.747455092746993399e-01
-6.747499903521636533e-01
-6.747542728484567931e-01
-6.747583638879001144e-01
-6.747622704721922826e-01
-6.747659994788082205e-01
-6.747695576599674894e-01
-6.747729516418623508e-01
-6.747761879238747262e-01
-6.747792728776071947e-01
-6.747822127456645225e-01
-6.747850136402043786e-01
-6.747876815413643703e-01
-6.747902222956850826e-01
-6.747926416146782236e-01
-6.747949450736450139e-01
-6.747971381108163191e-01
-6.747992260268399489e-01
-6.748012139845940283e-01
-6.748031070092836980e-01
-6.748049099887516444e-01
-6.748066276739427272e-01
-6.748082646794670847e-01
-6.748098254842290755e-01
-6.748113144321035151e-01
-6.748127357326650921e-01
-6.748140934619790698e-01
-6.748153915634749200e-01
-6.748166338489205440e-01
-6.748178239995077377e-01
-6.748189655670567833e-01
-6.748200619753347285e-01
-6.748211165214833551e-01
-6.748221323775384084e-01
-6.748231125920312046e-01
-6.748240600916561860e-01
-6.748249776829959856e-01
-6.748258680542928989e-01
-6.748267337772637653e-01
-6.748275773089510432e-01
-6.748284009936131866e-01
-6.748292070646475516e-01
-6.748299976465460537e-01
-6.748307747568788040e-01
-6.748315403083042785e-01
-6.748322961105969187e-01
-6.748330438726930502e-01
-6.748337852047419094e-01
-6.748345216201638852e-01
-6.748352545377102052e-01
-6.748359852835129624e-01
-6.748367150931285918e-01
-6.748374451135701335e-01
-6.748381764053211773e-01
-6.748389099443296013e-01
-6.748396466239804381e-01
-6.748403872570378770e-01
-6.748411325775608427e-01
-6.748418832427812708e-01
-6.748426398349449684e-01
-6.748434028631135062e-01
-6.748441727649220345e-01
-6.748449499082922465e-01
-6.748457345930966023e-01
-6.748465270527675974e-01
-6.748473274558577373e-01
-6.748481359075417796e-01
-6.748489524510614679e-01
-6.748497770691086473e-01
-6.748506096851480951e-01
-6.748514501646737385e-01
-6.748522983164021438e-01
-6.748531538933962848e-01
-6.748540165941216973e-01
-6.748548860634312474e-01
-6.748557618934787339e-01
-6.748566436245614364e-01
