-6.748571867509327582e-01
-6.748579601815200002e-01
-6.748587256223083086e-01
-6.748594825067985026e-01
-6.748602302065391800e-01
-6.748609680314872072e-01
-6.748616952303149175e-01
-6.748624109906672386e-01
-6.748631144393704151e-01
-6.748638046425919912e-01
-6.748644806059467260e-01
-6.748651412745576561e-01
-6.748657855330680855e-01
-6.748664122056025061e-01
-6.748670200556839971e-01
-6.748676077861015532e-01
-6.748681740387350025e-01
-6.748687173943314077e-01
-6.748692363722417209e-01
-6.748697294301144733e-01
-6.748701949635477204e-01
-6.748706313057033501e-01
-6.748710367268826449e-01
-6.748714094340726444e-01
-6.748717475704474333e-01
-6.748720492148503336e-01
-6.748723123812361280e-01
-6.748725350180890814e-01
-6.748727150078146497e-01
-6.748728501661037660e-01
-6.748729382412772537e-01
-6.748729769136067036e-01
-6.748729637946206950e-01
-6.748728964263958074e-01
-6.748727722808354201e-01
-6.748725887589450689e-01
-6.748723431901031411e-01
-6.748720328313332351e-01
-6.748716548665835147e-01
-6.748712064060132798e-01
-6.748706844852877529e-01
-6.748700860648866318e-01
-6.748694080294236342e-01
-6.748686471869760339e-01
-6.748678002684278532e-01
-6.748668639268196046e-01
-6.748658347367199051e-01
-6.748647091936107456e-01
-6.748634837133076214e-01
-6.748621546314140796e-01
-6.748607182028346640e-01
-6.748591706013499225e-01
-6.748575079192781212e-01
-6.748557261672217811e-01
-6.748538212739061404e-01
-6.748517890861059909e-01
-6.748496253686430135e-01
-6.748473258044345169e-01
-6.748448859945708200e-01
-6.748423014583931900e-01
-6.748395676335555704e-01
-6.748366798760718765e-01
-6.748336334603617370e-01
-6.748304235793375350e-01
-6.748270453445981421e-01
-6.748234937868082817e-01
-6.748197638563488976e-01
-6.748158504243169098e-01
-6.748117482839112169e-01
-6.748074521522041680e-01
-6.748029566722254513e-01
-6.747982564152257279e-01
-6.747933458829239450e-01
-6.747882195095182833e-01
-6.747828716632430224e-01
-6.747772966473138956e-01
-6.747714887002218553e-01
-6.747654419954904892e-01
-6.747591506411967366e-01
-6.747526086797339673e-01
-6.747458100884147214e-01
-6.747387487815517115e-01
-6.747314186145528803e-01
-6.747238133903245005e-01
-6.747159268678875055e-01
-6.747077527726269564e-01
-6.746992848070892945e-01
-6.746905166608131443e-01
-6.746814420174537252e-01
-6.746720545575470851e-01
-6.746623479557493086e-01
-6.746523158722687041e-01
-6.746419519394344366e-01
-6.746312497457478408e-01
-6.746202028210742663e-01
-6.746088046275530159e-01
-6.745970485609855682e-01
-6.745849279666691345e-01
-6.745724361717108097e-01
-6.745595665328936175e-01
-6.745463124954768075e-01
-6.745326676545106981e-01
-6.745186258071220742e-01
-6.745041809826640700e-01
-6.744893274384988757e-01
-6.744740596129811250e-01
-6.744583720340666666e-01
-6.744422591912705434e-01
-6.744257153891770606e-01
-6.744087346103919689e-01
-6.743913104223638877e-01
-6.743734359634711018e-01
-6.743551040372519623e-01
-6.743363073287648168e-01
-6.743170387345128747e-01
-6.742972917697651614e-01
-6.742770609889549016e-01
-6.742563423321794591e-01
-6.742351333003258063e-01
-6.742134328690521095e-01
-6.741912410816613965e-01
-6.741685583130574422e-01
-6.741453842668412300e-01
-6.741217168453070840e-01
-6.740975511028919342e-01
-6.740728785399042744e-01
-6.740476869973420770e-01
-6.740219613614967242e-01
-6.739956851730686260e-01
-6.739688430657214679e-01
-6.739414237536418550e-01
-6.739134230809147308e-01
-6.738848464824032103e-01
-6.738557101355457934e-01
-6.738260401489694074e-01
-6.737958693643105734e-01
-6.737652317418164616e-01
-6.737341548216254639e-01
-6.737026513255527371e-01
-6.736707114786585349e-01
-6.736382979549083716e-01
-6.736053453574822880e-01
-6.735717657327751073e-01
-6.735374607503935573e-01
-6.735023399105476427e-01
-6.734663426206194403e-01
-6.734294604720062472e-01
-6.733917548811069187e-01
-6.733533647958662716e-01
-6.733144997287364708e-01
-6.732754151477698956e-01
-6.732363702212148526e-01
-6.731975717810871895e-01
-6.731591125747767856e-01
-6.731209155895871987e-01
-6.730826984983153682e-01
-6.730439721441845435e-01
-6.730040837586247493e-01
-6.729623090487992787e-01
-6.729179878256360547e-01
-6.728706866571505518e-01
-6.728203610563697756e-01
-6.727674814217693422e-01
-6.727130839805245399e-01
-6.726587126176571951e-01
-6.726062310090362706e-01
-6.725575066553003412e-01
-6.725139970000143519e-01
-6.724762984815689792e-01
-6.724437460141438061e-01
-6.724141659484025313e-01
-6.723838832461805914e-01
-6.723480584948611227e-01
-6.723013810634619336e-01
-6.722390746050358468e-01
-6.721580892697192056e-01
-6.720582757655941819e-01
-6.719432779700377223e-01
-6.718208623496293441e-01
-6.717024402891444979e-01
-6.716016424369202209e-01
-6.715319695143707746e-01
-6.715037541934245624e-01
-6.715208908616285832e-01
-6.715779791294834711e-01
-6.716586314173796923e-01
-6.717356668596354830e-01
-6.717737196763476915e-01
-6.717344225222503518e-01
-6.715838113812128141e-01
-6.713010050592129740e-01
-6.708866437378696590e-01
-6.703691597798540069e-01
-6.698068408152023645e-01
-6.692839500868775771e-01
-6.688999553600295522e-01
-6.687521564820164688e-01
-6.689135482708844505e-01
-6.694093501188910222e-01
-6.701969341918463385e-01
-6.711545265584369924e-01
-6.720837299780774154e-01
-6.727294364360774104e-01
-6.728180467548040555e-01
-6.721112802241941964e-01
-6.704686526474539221e-01
-6.679075978610727882e-01
-6.646471488239105163e-01
-6.611202232827798619e-01
-6.579419782036625142e-01
-6.558280334744689410e-01
-6.554662667288082556e-01
-6.573577220450356196e-01
-6.616532686982953271e-01
-6.680200418638410076e-01
-6.755732600092484441e-01
-6.829041604946696209e-01
-6.882243077409446741e-01
-6.896313799530179312e-01
-6.854815211544345033e-01
-6.748270061240536632e-01
-6.578452145012648744e-01
-6.361517886457456195e-01
-6.128728807696783853e-01
-5.923699001194169256e-01
-5.795790404989503708e-01
-5.790372835443459154e-01
-5.937779867624251029e-01
-6.243413801766946047e-01
-6.681248165852804455e-01
-7.192039616572000194e-01
-7.686461167175168141e-01
-8.052910653417971742e-01
-8.170430752642138250e-01
-7.928459473791430456e-01
-7.255035776358979005e-01
-6.151074253979793571e-01
-4.720064246130178387e-01
-3.175096974799423988e-01
-1.807637704084538166e-01
-9.189940530360443671e-02
-7.362962237844902780e-02
-1.344063554461582821e-01
-2.655594488703402756e-01
-4.433353608404337343e-01
-6.349608643955866327e-01
-8.060482521062423134e-01
-9.260224280208380065e-01
-9.700504197569798093e-01
-9.192633670107575039e-01
-7.629463137213042812e-01
-5.045209833998828275e-01
-1.681183455069474031e-01
2.013866222794772065e-01
5.491177719863982176e-01
8.265887082262578511e-01
1.002570712874907288e+00
1.062889609883928888e+00
1.003997384042556451e+00
8.293509643855259128e-01
5.529562341994112007e-01
2.058144498602731687e-01
-1.637534196747249815e-01
-5.008536531458133156e-01
-7.604106366257584737e-01
-9.180269891253600711e-01
-9.700668701260362070e-01
-9.271157241853636988e-01
-8.079588363612431046e-01
-6.373488053756602989e-01
-4.457845350336602230e-01
-2.676239658006575040e-01
-1.357007024382507199e-01
-7.392574224937896454e-02
-9.118672544191931684e-02
-1.792472546829276814e-01
-3.155456355470694918e-01
-4.699977870109017242e-01
-6.133974624078335491e-01
-7.243064234797521594e-01
-7.922309517409140689e-01
-8.169614831271246880e-01
-8.056202448224223378e-01
-7.692313260849978906e-01
-7.198895778038127968e-01
-6.687754658154086984e-01
-6.248557162436887413e-01
-5.940965184949785760e-01
-5.791440323328049811e-01
-5.794966287039071684e-01
-5.921488589283482318e-01
-6.125775260938516320e-01
-6.358459341238037466e-01
-6.575807738926694457e-01
-6.746373418403164290e-01
-6.853798353719434688e-01
-6.896131802234036767e-01
-6.882723642937782493e-01
-6.829943716926581976e-01
-6.756801951259953087e-01
-6.681213734761355383e-01
-6.617326956859569398e-01
-6.574062872139356806e-01
-6.554822086761110667e-01
-6.558154937418229080e-01
-6.579090033929163583e-01
-6.610765398179658803e-01
-6.646021388717131551e-01
-6.678687844467210422e-01
-6.704408450525587426e-01
-6.720963777433207609e-01
-6.728153816423250166e-01
-6.727364707557357271e-01
-6.720969052558195544e-01
-6.711700882838211868e-01
-6.702116001340153728e-01
-6.694207478734576222e-01
-6.689204022471726407e-01
-6.687542498895273635e-01
-6.688979239848263925e-01
-6.692789799319353028e-01
-6.698003418139392151e-01
-6.703624758122026517e-01
-6.708808396021619380e-01
-6.712967488688202922e-01
-6.715813504976724246e-01
-6.717336357429886107e-01
-6.717742194869057437e-01
-6.717369231459749956e-01
-6.716600909904822947e-01
-6.715791619802129464e-01
-6.715214523027032145e-01
-6.715035102082472784e-01
-6.715308893901409393e-01
-6.715998173133610472e-01
-6.717000383434690303e-01
-6.718180811647528339e-01
-6.719403027293859854e-01
-6.720552489894585646e-01
-6.721550945771493923e-01
-6.722361340643691063e-01
-6.722984635064341852e-01
-6.723450949170497459e-01
-6.723807850992554735e-01
-6.724108425891353047e-01
-6.724401185586140750e-01
-6.724723085374314513e-01
-6.725096099555045726e-01
-6.725527101929494878e-01
-6.726010301673246428e-01
-6.726531230097481107e-01
-6.727071247301438239e-01
-6.727611690752056672e-01
-6.728137052832947607e-01
-6.728636880690582744e-01
-6.729106378091636032e-01
-6.729545911931504865e-01
-6.729959762802451007e-01
-6.730354506758965405e-01
-6.730737386892687857e-01
-6.731114951177233907e-01
-6.731492123618888490e-01
-6.731871763828074506e-01
-6.732254675108663156e-01
-6.732639955070111037e-01
-6.733025549949492872e-01
-6.733408872025541392e-01
-6.733787361766486734e-01
-6.734158913307998207e-01
-6.734522123855530840e-01
-6.734876366404927150e-01
-6.735221714999846121e-01
-6.735558769679491631e-01
-6.735888434081986897e-01
-6.736211694217913992e-01
-6.736529435365520291e-01
-6.736842318972930954e-01
-6.737150726236241782e-01
-6.737454762248784590e-01
-6.737754305861410886e-01
-6.738049086187006820e-01
-6.738338766666732704e-01
-6.738623020811206343e-01
-6.738901588847927560e-01
-6.739174310235588328e-01
-6.739441132240333587e-01
-6.739702098744279057e-01
-6.739957325799685872e-01
-6.740206971141371461e-01
-6.740451204193222967e-01
-6.740690181487994925e-01
-6.740924030355294194e-01
-6.741152841672524154e-01
-6.741376670763024048e-01
-6.741595544370307946e-01
-6.741809471101077866e-01
-6.742018452757825298e-01
-6.742222494436884705e-01
-6.742421611973409279e-01
-6.742615836093308612e-01
-6.742805213335819614e-01
-6.742989804338108684e-01
-6.743169680377981701e-01
-6.743344919153010375e-01
-6.743515600673143373e-01
-6.743681803918711859e-01
-6.743843604633857902e-01
-6.744001074347606428e-01
-6.744154280486620578e-01
-6.744303287292179316e-01
-6.744448157186107018e-01
-6.744588952238648183e-01
-6.744725735455721072e-01
-6.744858571699963168e-01
-6.744987528165440338e-01
-6.745112674419979637e-01
-6.745234082098759965e-01
-6.745351824371944582e-01
-6.745465975318510887e-01
-6.745576609323259420e-01
-6.745683800582814582e-01
-6.745787622767930314e-01
-6.745888148852372534e-01
-6.745985451088227780e-01
-6.746079601087943134e-01
-6.746170669964965949e-01
-6.746258728486647094e-01
-6.746343847202135313e-01
-6.746426096521310756e-01
-6.746505546734954395e-01
-6.746582267978841196e-01
-6.746656330153495418e-01
-6.746727802816370190e-01
-6.746796755064098372e-01
-6.746863255420257888e-01
-6.746927371739769308e-01
-6.746989171135873153e-01
-6.747048719930704985e-01
-6.747106083626533968e-01
-6.747161326892188171e-01
-6.747214513558211779e-01
-6.747265706614680170e-01
-6.747314968206766794e-01
-6.747362359625013184e-01
-6.747407941289184086e-01
-6.747451772726077435e-01
-6.747493912542944505e-01
-6.747534418398695166e-01
-6.747573346975254127e-01
-6.747610753950969986e-01
-6.747646693977545906e-01
-6.747681220661102541e-01
-6.747714386547500887e-01
-6.747746243111466535e-01
-6.747776840748751503e-01
-6.747806228770443226e-01
-6.747834455398641351e-01
-6.747861567762829527e-01
-6.747887611896510318e-01
-6.747912632733986671e-01
-6.747936674107291033e-01
-6.747959778743419790e-01
-6.747981988262197195e-01
-6.748003343174943103e-01
-6.748023882884235380e-01
-6.748043645684845826e-01
-6.748062668765929528e-01
-6.748080988214454345e-01
-6.748098639019720624e-01
-6.748115655078921193e-01
-6.748132069203479633e-01
-6.748147913126156805e-01
-6.748163217508724721e-01
-6.748178011950145549e-01
-6.748192324995211377e-01
-6.748206184143603625e-01
-6.748219615859352150e-01
-6.748232645580704014e-01
-6.748245297730400827e-01
-6.748257595726336877e-01
-6.748269561992622512e-01
-6.748281217970978352e-01
-6.748292584132455918e-01
-6.748303679989439141e-01
-6.748314524107881240e-01
-6.748325134119705915e-01
-6.748335526735352863e-01
-6.748345717756403239e-01
-6.748355722088277275e-01
-6.748365553752941892e-01
-6.748375225901578345e-01
-6.748384750827248757e-01
-6.748394139977476058e-01
-6.748403403966733993e-01
-6.748412552588797242e-01
-6.748421594828989400e-01
-6.748430538876225571e-01
-6.748439392134879533e-01
-6.748448161236436649e-01
-6.748456852050882526e-01
-6.748465469697844110e-01
-6.748474018557448773e-01
-6.748482502280840345e-01
-6.748490923800360974e-01
-6.748499285339425446e-01
-6.748507588421966963e-01
-6.748515833881536530e-01
-6.748524021869989342e-01
-6.748532151865752615e-01
-6.748540222681652656e-01
-6.748548232472338926e-01
-6.748556178741207390e-01
-6.748564058346898653e-01
