-6.748572656544029602e-01
-6.748581870344899647e-01
-6.748591149199023587e-01
-6.748600486279748845e-01
-6.748609874309737799e-01
-6.748619305564972359e-01
-6.748628771877928090e-01
-6.748638264639930107e-01
-6.748647774802705168e-01
-6.748657292879093328e-01
-6.748666808942977990e-01
-6.748676312628381080e-01
-6.748685793127799926e-01
-6.748695239189710371e-01
-6.748704639115304937e-01
-6.748713980754470487e-01
-6.748723251500985398e-01
-6.748732438286977331e-01
-6.748741527576652688e-01
-6.748750505359303320e-01
-6.748759357141614901e-01
-6.748768067939291404e-01
-6.748776622268018999e-01
-6.748785004133774912e-01
-6.748793197022524559e-01
-6.748801183889302502e-01
-6.748808947146719417e-01
-6.748816468652893974e-01
-6.748823729698840701e-01
-6.748830710995366022e-01
-6.748837392659462475e-01
-6.748843754200244405e-01
-6.748849774504468435e-01
-6.748855431821663142e-01
-6.748860703748922329e-01
-6.748865567215367456e-01
-6.748869998466342501e-01
-6.748873973047389008e-01
-6.748877465787974650e-01
-6.748880450785081919e-01
-6.748882901386609179e-01
-6.748884790174678461e-01
-6.748886088948814477e-01
-6.748886768709041473e-01
-6.748886799638931233e-01
-6.748886151088691054e-01
-6.748884791558279472e-01
-6.748882688680680753e-01
-6.748879809205394764e-01
-6.748876118982208849e-01
-6.748871582945397130e-01
-6.748866165098360570e-01
-6.748859828498793290e-01
-6.748852535244355133e-01
-6.748844246458906015e-01
-6.748834922279233206e-01
-6.748824521842246016e-01
-6.748813003272514655e-01
-6.748800323670234302e-01
-6.748786439099545564e-01
-6.748771304577286800e-01
-6.748754874062372622e-01
-6.748737100445972859e-01
-6.748717935542812851e-01
-6.748697330083895940e-01
-6.748675233711000088e-01
-6.748651594973192891e-01
-6.748626361325519296e-01
-6.748599479129789858e-01
-6.748570893657214187e-01
-6.748540549092406637e-01
-6.748508388538110303e-01
-6.748474354019849963e-01
-6.748438386489929997e-01
-6.748400425830242133e-01
-6.748360410853991853e-01
-6.748318279306870782e-01
-6.748273967868848588e-01
-6.748227412158580574e-01
-6.748178546742483741e-01
-6.748127305150861677e-01
-6.748073619902882347e-01
-6.748017422541195964e-01
-6.747958643675607826e-01
-6.747897213033314801e-01
-6.747833059511680887e-01
-6.747766111227821995e-01
-6.747696295559169055e-01
-6.747623539169480544e-01
-6.747547768017175818e-01
-6.747468907346003686e-01
-6.747386881662608138e-01
-6.747301614710078388e-01
-6.747213029450482846e-01
-6.747121048071638150e-01
-6.747025592032837027e-01
-6.746926582160522878e-01
-6.746823938797926745e-01
-6.746717582002748070e-01
-6.746607431775911712e-01
-6.746493408293812166e-01
-6.746375432108659975e-01
-6.746253424279141653e-01
-6.746127306397893264e-01
-6.745997000494685647e-01
-6.745862428814085598e-01
-6.745723513491874712e-01
-6.745580176182003340e-01
-6.745432337710899340e-01
-6.745279917852688989e-01
-6.745122835321932797e-01
-6.744961008065127883e-01
-6.744794353896391703e-01
-6.744622791466893252e-01
-6.744446241486971028e-01
-6.744264628043634691e-01
-6.744077879788353824e-01
-6.743885930726613021e-01
-6.743688720339418019e-01
-6.743486192821473990e-01
-6.743278295338571704e-01
-6.743064975384224224e-01
-6.742846177534326246e-01
-6.742621840125202493e-01
-6.742391892567610734e-01
-6.742156254102334989e-01
-6.741914834749213048e-01
-6.741667538963495021e-01
-6.741414272082961734e-01
-6.741154949059821044e-01
-6.740889504303386737e-01
-6.740617900839539489e-01
-6.740340136576755681e-01
-6.740056245416800040e-01
-6.739766291388717967e-01
-6.739470354972325605e-01
-6.739168512259035015e-01
-6.738860809389356499e-01
-6.738547236497282045e-01
-6.738227706776871440e-01
-6.737902046831643066e-01
-6.737570003801706120e-01
-6.737231272680406224e-01
-6.736885543785048336e-01
-6.736532565909576498e-01
-6.736172215962470400e-01
-6.735804561841298721e-01
-6.735429902995156981e-01
-6.735048773565842639e-01
-6.734661896835922867e-01
-6.734270087042713016e-01
-6.733874104808772465e-01
-6.733474484077593969e-01
-6.733071359434477099e-01
-6.732664330536223263e-01
-6.732252402583737139e-01
-6.731834036401904697e-01
-6.731407327869950441e-01
-6.730970314822611877e-01
-6.730521382534077057e-01
-6.730059710632022574e-01
-6.729585680207004206e-01
-6.729101145971690956e-01
-6.728609480075020688e-01
-6.728115315373585092e-01
-6.727623957515024289e-01
-6.727140494215890776e-01
-6.726668699533091544e-01
-6.726209899715236418e-01
-6.725762021517874834e-01
-6.725319068885969864e-01
-6.724871256532328756e-01
-6.724405960722459330e-01
-6.723909527674576392e-01
-6.723369817500851608e-01
-6.722779176707837090e-01
-6.722137355463316810e-01
-6.721453755101718386e-01
-6.720748346837580600e-01
-6.720050679340063837e-01
-6.719396611750586557e-01
-6.718822768395600331e-01
-6.718359180967733435e-01
-6.718021100130290302e-01
-6.717801428764264005e-01
-6.717665541482084057e-01
-6.717550295558423201e-01
-6.717368714160891763e-01
-6.717021087983504612e-01
-6.716412122099265636e-01
-6.715472366255663683e-01
-6.714180717878375226e-01
-6.712583566695887738e-01
-6.710805491576461446e-01
-6.709046644003372473e-01
-6.707563290248622634e-01
-6.706630497577749095e-01
-6.706489461041020839e-01
-6.707286022949741078e-01
-6.709010824452984467e-01
-6.711454358156504485e-01
-6.714191039466279598e-01
-6.716604511966665081e-01
-6.717961329340726984e-01
-6.717532022720493767e-01
-6.714748135678916263e-01
-6.709372570537860403e-01
-6.701650683230013783e-01
-6.692403592180486971e-01
-6.683025779539282230e-01
-6.675358320934789980e-01
-6.671427668679776879e-01
-6.673066429949340295e-01
-6.681463212335938540e-01
-6.696717490798727024e-01
-6.717495766595840134e-01
-6.740890802348503685e-01
-6.762572145140582913e-01
-6.777281852711916077e-01
-6.779675262651303491e-01
-6.765436152941713965e-01
-6.732515254607391864e-01
-6.682262608481780441e-01
-6.620167163228314333e-01
-6.555907782310933518e-01
-6.502484915405515320e-01
-6.474354067985249594e-01
-6.484704397304470458e-01
-6.542267770897809420e-01
-6.648234695065230460e-01
-6.793933432929171179e-01
-6.959879735907990028e-01
-7.116662569593206200e-01
-7.227958307508957070e-01
-7.255790688003075362e-01
-7.167910829412079687e-01
-6.946702443000819516e-01
-6.598194408890587503e-01
-6.158720248131539510e-01
-5.696068443254873603e-01
-5.302447580335724053e-01
-5.078714159089802171e-01
-5.112518374278923750e-01
-5.455753143010649842e-01
-6.107318126425317351e-01
-7.005129855278952045e-01
-8.027393679158454365e-01
-8.999652644625533160e-01
-9.704128101665270290e-01
-9.893565856049240104e-01
-9.321274781016350985e-01
-7.803302161236647105e-01
-5.313744610659250078e-01
-2.075312704952754217e-01
1.427129801697502864e-01
4.556478250749804171e-01
6.711213809241506345e-01
7.483396152951664604e-01
6.730977058999985108e-01
4.592334470781790356e-01
1.472197366769176508e-01
-2.029604585061244026e-01
-5.275159720672035757e-01
-7.776624669907082898e-01
-9.307677351895176088e-01
-9.891450938267178916e-01
-9.710482462916729673e-01
-9.011119082324972052e-01
-8.040854263557523085e-01
-7.017966373437142247e-01
-6.117556075274274141e-01
-5.462177243143120364e-01
-5.114736974163792693e-01
-5.077115511999974462e-01
-5.298022365766417163e-01
-5.690128880389140331e-01
-6.152589117555665732e-01
-6.592946225877617250e-01
-6.943012834066896177e-01
-7.166026012823496494e-01
-7.255590902406000575e-01
-7.229072174002200146e-01
-7.118592976952027307e-01
-6.962115356436343605e-01
-6.796033233678078211e-01
-6.649881396086315677e-01
-6.543290715269717284e-01
-6.485075038992559326e-01
-6.474159757646660296e-01
-6.501888918280019913e-01
-6.555104701771105047e-01
-6.619342462341755162e-01
-6.681562689432931634e-01
-6.732031252087578022e-01
-6.765201236449065458e-01
-6.779672691398315187e-01
-6.777459703151342829e-01
-6.762860482496027004e-01
-6.741217752498167570e-01
-6.717800054245628427e-01
-6.696956211509873524e-01
-6.681614684615253541e-01
-6.673128810157130664e-01
-6.671414549003594763e-01
-6.675292755552414414e-01
-6.682934122469269544e-01
-6.692310246480711600e-01
-6.701574447750776597e-01
-6.709324828829311693e-01
-6.714732749768386189e-01
-6.717546529672948630e-01
-6.717998911451932287e-01
-6.716656210531546378e-01
-6.714247774592323470e-01
-6.711508461848335605e-01
-6.709056951925806977e-01
-6.707321447127279068e-01
-6.706513858145486395e-01
-6.706645389741613394e-01
-6.707571325934829076e-01
-6.709050877345088537e-01
-6.710808779875614416e-01
-6.712588154264773621e-01
-6.714188025408626137e-01
-6.715482965856529596e-01
-6.716425853064248441e-01
-6.717037257641828019e-01
-6.717386329610861573e-01
-6.717568281944322761e-01
-6.717682916681809724e-01
-6.717817419301445048e-01
-6.718035196186489255e-01
-6.718371138047066760e-01
-6.718832569004948851e-01
-6.719404402687945144e-01
-6.720056699576549830e-01
-6.720752858462833990e-01
-6.721456986279187307e-01
-6.722139460559555246e-01
-6.722780215262431636e-01
-6.723369750833828595e-01
-6.723908229859306696e-01
-6.724403239430316592e-01
-6.724866878836301964e-01
-6.725312787386340529e-01
-6.725753596971797421e-01
-6.726199117530620164e-01
-6.726655378827729459e-01
-6.727124489449444189e-01
-6.727605153802592719e-01
-6.728093619357468080e-01
-6.728584808597872780e-01
-6.729073414758491856e-01
-6.729554794385951277e-01
-6.730025558313840195e-01
-6.730483831958439245e-01
-6.730929214902128255e-01
-6.731362511425483808e-01
-6.731785325057380032e-01
-6.732199612195964855e-01
-6.732607276153368403e-01
-6.733009859049177148e-01
-6.733408360792131342e-01
-6.733803187383489153e-01
-6.734194209090940131e-01
-6.734580895117524557e-01
-6.734962485902263873e-01
-6.735338166291297002e-01
-6.735707210581541871e-01
-6.736069081387513480e-01
-6.736423475915609416e-01
-6.736770323448710851e-01
-6.737109745221918633e-01
-6.737441991761453641e-01
-6.737767373247857128e-01
-6.738086196200474554e-01
-6.738398715747800916e-01
-6.738705108025728752e-01
-6.739005462797723611e-01
-6.739299792924018373e-01
-6.739588055201366501e-01
-6.739870176408927493e-01
-6.740146078926734230e-01
-6.740415701670455784e-01
-6.740679013876226255e-01
-6.740936021065205841e-01
-6.741186764006427135e-01
-6.741431312492592864e-01
-6.741669756191287499e-01
-6.741902194787776637e-01
-6.742128729222146566e-01
-6.742349455203976438e-01
-6.742564459518449738e-01
-6.742773819045904116e-01
-6.742977601983795033e-01
-6.743175870519634296e-01
-6.743368684147914571e-01
-6.743556102916101747e-01
-6.743738190071595362e-01
-6.743915013808430281e-01
-6.744086648031769604e-01
-6.744253172236387428e-01
-6.744414670713816395e-01
-6.744571231357996410e-01
-6.744722944338271686e-01
-6.744869900865523293e-01
-6.745012192209395296e-01
-6.745149909048419046e-01
-6.745283141164108986e-01
-6.745411977434112583e-01
-6.745536506043475766e-01
-6.745656814817504454e-01
-6.745772991582711375e-01
-6.745885124478815387e-01
-6.745993302169764894e-01
-6.746097613929213921e-01
-6.746198149601428939e-01
-6.746294999458529729e-01
-6.746388253987362082e-01
-6.746478003643935351e-01
-6.746564338610760991e-01
-6.746647348584842163e-01
-6.746727122613533911e-01
-6.746803748984250282e-01
-6.746877315164262479e-01
-6.746947907779664577e-01
-6.747015612618805225e-01
-6.747080514645025229e-01
-6.747142698005588191e-01
-6.747202246027712569e-01
-6.747259241197127722e-01
-6.747313765118999607e-01
-6.747365898464467993e-01
-6.747415720908184200e-01
-6.747463311062877889e-01
-6.747508746416545078e-01
-6.747552103276456270e-01
-6.747593456722469352e-01
-6.747632880570297864e-01
-6.747670447343967481e-01
-6.747706228255638816e-01
-6.747740293190567229e-01
-6.747772710694960319e-01
-6.747803547964917881e-01
-6.747832870835189789e-01
-6.747860743767232217e-01
-6.747887229836484480e-01
-6.747912390719386089e-01
-6.747936286680736861e-01
-6.747958976562214994e-01
-6.747980517772693698e-01
-6.748000966280832680e-01
-6.748020376610263105e-01
-6.748038801837367151e-01
-6.748056293591558896e-01
-6.748072902057796751e-01
-6.748088675981022133e-01
-6.748103662672182423e-01
-6.748117908015522914e-01
-6.748131456476983425e-01
-6.748144351113481987e-01
-6.748156633583070052e-01
-6.748168344155890397e-01
-6.748179521726036523e-01
-6.748190203824285804e-01
-6.748200426631798532e-01
-6.748210224994810602e-01
-6.748219632440273230e-01
-6.748228681192487421e-01
-6.748237402190584433e-01
-6.748245825106867768e-01
-6.748253978365841288e-01
-6.748261889163889027e-01
-6.748269583489483470e-01
-6.748277086143845693e-01
-6.748284420762001856e-01
-6.748291609834161653e-01
-6.748298674727368773e-01
-6.748305635707420036e-01
-6.748312511960977700e-01
-6.748319321617860522e-01
-6.748326081773485807e-01
-6.748332808511424696e-01
-6.748339516925990766e-01
-6.748346221144858603e-01
-6.748352934351639076e-01
-6.748359668808404654e-01
-6.748366435878057068e-01
-6.748373246046517338e-01
-6.748380108944707079e-01
-6.748387033370257804e-01
-6.748394027308944887e-01
-6.748401097955770700e-01
-6.748408251735662500e-01
-6.748415494323796171e-01
-6.748422830665482541e-01
-6.748430264995585182e-01
-6.748437800857469693e-01
-6.748445441121408983e-01
-6.748453188002454528e-01
-6.748461043077731425e-01
-6.748469007303153910e-01
-6.748477081029491398e-01
-6.748485264017799468e-01
-6.748493555454185833e-01
-6.748501953963905731e-01
-6.748510457624734560e-01
-6.748519063979598887e-01
-6.748527770048540209e-01
-6.748536572339832729e-01
-6.748545466860425002e-01
-6.748554449125550025e-01
-6.748563514167570387e-01
