-6.748576048556563789e-01
-6.748584853764645342e-01
-6.748593691533765204e-01
-6.748602555350340371e-01
-6.748611438199249024e-01
-6.748620332567759617e-01
-6.748629230448681682e-01
-6.748638123342795003e-01
-6.748647002260552696e-01
-6.748655857723064866e-01
-6.748664679762336194e-01
-6.748673457920820740e-01
-6.748682181250243994e-01
-6.748690838309732154e-01
-6.748699417163224190e-01
-6.748707905376194471e-01
-6.748716290011672614e-01
-6.748724557625581655e-01
-6.748732694261416754e-01
-6.748740685444247767e-01
-6.748748516174125633e-01
-6.748756170918859265e-01
-6.748763633606287282e-01
-6.748770887615929137e-01
-6.748777915770177716e-01
-6.748784700324971242e-01
-6.748791222959976688e-01
-6.748797464768261367e-01
-6.748803406245467151e-01
-6.748809027278480643e-01
-6.748814307133619295e-01
-6.748819224444356779e-01
-6.748823757198668671e-01
-6.748827882726051719e-01
-6.748831577684302196e-01
-6.748834818046168804e-01
-6.748837579085950056e-01
-6.748839835366042816e-01
-6.748841560723488620e-01
-6.748842728256478907e-01
-6.748843310310674859e-01
-6.748843278465321838e-01
-6.748842603519046301e-01
-6.748841255475306333e-01
-6.748839203527566832e-01
-6.748836416044333708e-01
-6.748832860554297985e-01
-6.748828503731926221e-01
-6.748823311383753687e-01
-6.748817248435707850e-01
-6.748810278921530958e-01
-6.748802365972286221e-01
-6.748793471806674438e-01
-6.748783557721727000e-01
-6.748772584083341242e-01
-6.748760510316171857e-01
-6.748747294892558646e-01
-6.748732895320468383e-01
-6.748717268130883795e-01
-6.748700368865423460e-01
-6.748682152065318407e-01
-6.748662571263024379e-01
-6.748641578977476740e-01
-6.748619126713696348e-01
-6.748595164966532112e-01
-6.748569643227685377e-01
-6.748542509994264194e-01
-6.748513712776581519e-01
-6.748483198102954717e-01
-6.748450911519684459e-01
-6.748416797585625737e-01
-6.748380799862218060e-01
-6.748342860901644924e-01
-6.748302922237071622e-01
-6.748260924379801962e-01
-6.748216806827797010e-01
-6.748170508088497943e-01
-6.748121965716283865e-01
-6.748071116361645805e-01
-6.748017895825847434e-01
-6.747962239112468286e-01
-6.747904080466490262e-01
-6.747843353393138122e-01
-6.747779990652684745e-01
-6.747713924233270655e-01
-6.747645085310586266e-01
-6.747573404209304959e-01
-6.747498810384695567e-01
-6.747421232442427641e-01
-6.747340598209355944e-01
-6.747256834857866536e-01
-6.747169869073329496e-01
-6.747079627240396560e-01
-6.746986035613211641e-01
-6.746889020430495432e-01
-6.746788507941962054e-01
-6.746684424328287522e-01
-6.746576695521866451e-01
-6.746465246965233087e-01
-6.746350003371757165e-01
-6.746230888571286277e-01
-6.746107825523981472e-01
-6.745980736563685909e-01
-6.745849543887864064e-01
-6.745714170249033081e-01
-6.745574539734964237e-01
-6.745430578467780380e-01
-6.745282215023749028e-01
-6.745129380391824414e-01
-6.744972007358993604e-01
-6.744810029330853274e-01
-6.744643378750605489e-01
-6.744471985437675565e-01
-6.744295775288365880e-01
-6.744114669822701691e-01
-6.743928586988894303e-01
-6.743737443434549839e-01
-6.743541158134785940e-01
-6.743339656879363542e-01
-6.743132876742335968e-01
-6.742920769388892621e-01
-6.742703302016599398e-01
-6.742480454961072844e-01
-6.742252215547185346e-01
-6.742018568593540762e-01
-6.741779484953825952e-01
-6.741534910403949032e-01
-6.741284757810962480e-01
-6.741028905602512999e-01
-6.740767204910339538e-01
-6.740499496330563112e-01
-6.740225635146990246e-01
-6.739945521420304120e-01
-6.739659129053363618e-01
-6.739366526407011282e-01
-6.739067880859970217e-01
-6.738763441322869197e-01
-6.738453496265102149e-01
-6.738138310001660081e-01
-6.737818046043887454e-01
-6.737492692042826858e-01
-6.737162004782590863e-01
-6.736825494360716426e-01
-6.736482463027593237e-01
-6.736132105769260248e-01
-6.735773667232389794e-01
-6.735406634768458245e-01
-6.735030933015909715e-01
-6.734647075018121987e-01
-6.734256221921912644e-01
-6.733860110605172089e-01
-6.733460827350342681e-01
-6.733060434831249497e-01
-6.732660495467278627e-01
-6.732261570331573575e-01
-6.731862801175207967e-01
-6.731461695153120317e-01
-6.731054220214972572e-01
-6.730635279832933859e-01
-6.730199569814051541e-01
-6.729742734628842982e-01
-6.729262649533205298e-01
-6.728760576391477066e-01
-6.728241896540219091e-01
-6.727716132744424593e-01
-6.727196047551926572e-01
-6.726695749553958104e-01
-6.726227940170778075e-01
-6.725800663636987142e-01
-6.725414139520099477e-01
-6.725058408744141181e-01
-6.724712558361964909e-01
-6.724346165332862890e-01
-6.723923296027782825e-01
-6.723408930239277437e-01
-6.722777100484069734e-01
-6.722019444112300457e-01
-6.721152383796377139e-01
-6.720220921743644826e-01
-6.719297181827939003e-01
-6.718472443766521085e-01
-6.717842488646587062e-01
-6.717487516702206340e-01
-6.717449494851212011e-01
-6.717711232345532357e-01
-6.718182397745783296e-01
-6.718697714907027052e-01
-6.719031434187402452e-01
-6.718929768314674256e-01
-6.718159461744072081e-01
-6.716566473423412065e-01
-6.714134629203293292e-01
-6.711030993255063803e-01
-6.707623644554528974e-01
-6.704459414339120071e-01
-6.702194437181193676e-01
-6.701478934943937427e-01
-6.702808505363226921e-01
-6.706365498367753419e-01
-6.711883365077483399e-01
-6.718571463949675193e-01
-6.725135347916521011e-01
-6.729916591529466752e-01
-6.731156699703403357e-01
-6.727363242242088148e-01
-6.717726642259861380e-01
-6.702508456357101352e-01
-6.683303530300355177e-01
-6.663076749889093042e-01
-6.645896715616245176e-01
-6.636336235220867685e-01
-6.638579273888959298e-01
-6.655354424680361980e-01
-6.686888329551106125e-01
-6.730119315434935912e-01
-6.778416417327259857e-01
-6.822004816067246402e-01
-6.849206673253708244e-01
-6.848471921678122021e-01
-6.811003024002540984e-01
-6.733580981704629931e-01
-6.621003181050152397e-01
-6.487404952898100374e-01
-6.355745739868274846e-01
-6.254985152889410704e-01
-6.214974858155205562e-01
-6.259746955797221846e-01
-6.400470787992748045e-01
-6.629640461658108386e-01
-6.917926511434890902e-01
-7.214671327703164883e-01
-7.452502535477835144e-01
-7.556243342462755086e-01
-7.456175209815618654e-01
-7.105228359811373018e-01
-6.498060591871083203e-01
-5.687058896656377316e-01
-4.787510998513311300e-01
-3.964494962914848486e-01
-3.399552585862897769e-01
-3.244258784991677080e-01
-3.575079180250953503e-01
-4.364811928806520691e-01
-5.479934988499666204e-01
-6.703101257972398086e-01
-7.770435277813485531e-01
-8.410382323518756920e-01
-8.378572660762207969e-01
-7.495903915385252470e-01
-5.699552022476227497e-01
-3.097327072937925418e-01
1.401883986170802607e-03
3.209073156823256667e-01
6.066225211614353352e-01
8.301300646867851851e-01
9.819418967241626550e-01
1.066848937369530237e+00
1.093936318419876930e+00
1.067454173896468239e+00
9.832407577428291523e-01
8.322228921451196859e-01
6.095033667769700347e-01
3.243684065595004440e-01
5.029960255130561629e-03
-3.064443539858706655e-01
-5.674374679976514901e-01
-7.480797084719414958e-01
-8.373755714041096754e-01
-8.414422258058583681e-01
-7.780878331087985877e-01
-6.716958116675321167e-01
-5.494065916666787119e-01
-4.376347628541354950e-01
-3.581890806898463953e-01
-3.245346474988787255e-01
-3.395191396096679526e-01
-3.956060602179613528e-01
-4.777033920483198526e-01
-5.676659178148283358e-01
-6.489452609393212557e-01
-7.099434028224946847e-01
-7.453478137481153176e-01
-7.556321788376529902e-01
-7.454644212361637434e-01
-7.217992424340822222e-01
-6.921554898172153081e-01
-6.632850421866232082e-01
-6.402767433771409111e-01
-6.260900478387225743e-01
-6.215006824228446192e-01
-6.254114521772344837e-01
-6.354309167610826536e-01
-6.485770385021419893e-01
-6.619495114754561094e-01
-6.732430219374170299e-01
-6.810325647211662448e-01
-6.848274673904087839e-01
-6.849411098464790459e-01
-6.822480877823221546e-01
-6.779017172999052265e-01
-6.730710373777831768e-01
-6.687368336577473871e-01
-6.655665184145472812e-01
-6.638706090655037695e-01
-6.636300554512519767e-01
-6.645744019288030158e-01
-6.662862903135646775e-01
-6.683082388435866994e-01
-6.702322703372161072e-01
-6.717602788434481331e-01
-6.727310714874566999e-01
-6.731170213786960010e-01
-6.729980578970725658e-01
-6.725229148625652131e-01
-6.718674165704499046e-01
-6.711977517710933094e-01
-6.706439319177797120e-01
-6.702856554045480975e-01
-6.701501512455806386e-01
-6.702196126652574248e-01
-6.704447231763308590e-01
-6.707605220949760527e-01
-6.711013099555470651e-01
-6.714122216167849322e-01
-6.716562264007801542e-01
-6.718164026484415574e-01
-6.718941947709000662e-01
-6.719048947252891368e-01
-6.718717803190178417e-01
-6.718202387635660022e-01
-6.717728943114866791e-01
-6.717463464584568777e-01
-6.717497055466855604e-01
-6.717847593800343464e-01
-6.718473625267815663e-01
-6.719295247283362249e-01
-6.720216764547577437e-01
-6.721146806403657248e-01
-6.722013035325121733e-01
-6.722770173062918575e-01
-6.723401514784529409e-01
-6.723915179762733896e-01
-6.724336960356595005e-01
-6.724701782887529955e-01
-6.725045566268109676e-01
-6.725398784103486793e-01
-6.725782443772411190e-01
-6.726206618329660936e-01
-6.726671198779088368e-01
-6.727168229838156321e-01
-6.727685066065675068e-01
-6.728207618083442698e-01
-6.728723108925330765e-01
-6.729221976150981943e-01
-6.729698784786094512e-01
-6.730152217115226154e-01
-6.730584349861457039e-01
-6.730999505190000676e-01
-6.731402971513613664e-01
-6.731799846339322491e-01
-6.732194175701167183e-01
-6.732588473981172550e-01
-6.732983622713858418e-01
-6.733379080876632505e-01
-6.733773299508204468e-01
-6.734164221411075291e-01
-6.734549758268474351e-01
-6.734928165534400657e-01
-6.735298271395714353e-01
-6.735659551865544881e-01
-6.736012073333250694e-01
-6.736356342870799541e-01
-6.736693114137348726e-01
-6.737023193984456038e-01
-6.737347284593733221e-01
-6.737665881687966429e-01
-6.737979234522645244e-01
-6.738287360805804704e-01
-6.738590101199725124e-01
-6.738887194283429416e-01
-6.739178353444945646e-01
-6.739463331047066408e-01
-6.739741960919860553e-01
-6.740014176308717353e-01
-6.740280005635911342e-01
-6.740539552031643566e-01
-6.740792964252128039e-01
-6.741040406453476797e-01
-6.741282032769697619e-01
-6.741517970349256705e-01
-6.741748312048235769e-01
-6.741973117861707054e-01
-6.742192422724215817e-01
-6.742406247648750073e-01
-6.742614611246933176e-01
-6.742817539297764062e-01
-6.743015070961032587e-01
-6.743207261214553272e-01
-6.743394179929061982e-01
-6.743575908553071097e-01
-6.743752535617439925e-01
-6.743924152214020307e-01
-6.744090848333240684e-01
-6.744252710564587749e-01
-6.744409821272713268e-01
-6.744562259040010055e-01
-6.744710099962032412e-01
-6.744853419308440845e-01
-6.744992293103796444e-01
-6.745126799304581589e-01
-6.745257018407992966e-01
-6.745383033483860480e-01
-6.745504929742454081e-01
-6.745622793821233198e-01
-6.745736712990042516e-01
-6.745846774445514171e-01
-6.745953064807973520e-01
-6.746055669865922422e-01
-6.746154674550970398e-01
-6.746250163081244366e-01
-6.746342219189676026e-01
-6.746430926354212154e-01
-6.746516367965097460e-01
-6.746598627392421665e-01
-6.746677787946869786e-01
-6.746753932751636817e-01
-6.746827144559329748e-01
-6.746897505553014485e-01
-6.746965097166357506e-01
-6.747029999947231627e-01
-6.747092293475114300e-01
-6.747152056329572822e-01
-6.747209366097071115e-01
-6.747264299398004761e-01
-6.747316931915556815e-01
-6.747367338411455195e-01
-6.747415592719970823e-01
-6.747461767718070380e-01
-6.747505935275636135e-01
-6.747548166193549912e-01
-6.747588530139013718e-01
-6.747627095586697932e-01
-6.747663929771919866e-01
-6.747699098658790362e-01
-6.747732666922956479e-01
-6.747764697946013746e-01
-6.747795253817099326e-01
-6.747824395336982084e-01
-6.747852182020583900e-01
-6.747878672095393160e-01
-6.747903922494838946e-01
-6.747927988847308711e-01
-6.747950925462560257e-01
-6.747972785317845057e-01
-6.747993620045941165e-01
-6.748013479926846525e-01
-6.748032413884081926e-01
-6.748050469485706859e-01
-6.748067692949399898e-01
-6.748084129150572208e-01
-6.748099821632284057e-01
-6.748114812615796376e-01
-6.748129143011026843e-01
-6.748142852426426419e-01
-6.748155979178351860e-01
-6.748168560300190633e-01
-6.748180631551758957e-01
-6.748192227429484769e-01
-6.748203381177809712e-01
-6.748214124802017766e-01
-6.748224489082608191e-01
-6.748234503591056255e-01
-6.748244196706660869e-01
-6.748253595634223778e-01
-6.748262726422195046e-01
-6.748271613981055017e-01
-6.748280282101782879e-01
-6.748288753474318558e-01
-6.748297049706059036e-01
-6.748305191340451259e-01
-6.748313197875756009e-01
-6.748321087784049377e-01
-6.748328878530537311e-01
-6.748336586593092212e-01
-6.748344227482064861e-01
-6.748351815760197381e-01
-6.748359365062589488e-01
-6.748366888116599238e-01
-6.748374396761591676e-01
-6.748381901968476537e-01
-6.748389413858988384e-01
-6.748396941724698062e-01
-6.748404494045714408e-01
-6.748412078509086198e-01
-6.748419702026895450e-01
-6.748427370754030985e-01
-6.748435090105626699e-01
-6.748442864774101269e-01
-6.748450698745827037e-01
-6.748458595317292641e-01
-6.748466557110816000e-01
-6.748474586089737715e-01
-6.748482683573039376e-01
-6.748490850249394546e-01
-6.748499086190635765e-01
-6.748507390864608713e-01
-6.748515763147404645e-01
-6.748524201334962225e-01
-6.748532703154039858e-01
-6.748541265772491915e-01
-6.748549885808934334e-01
-6.748558559341661933e-01
-6.748567281916946214e-01
