-6.748570045536603779e-01
-6.748577676191366281e-01
-6.748585213710820430e-01
-6.748592652513835111e-01
-6.748599986389848260e-01
-6.748607208502412913e-01
-6.748614311392250320e-01
-6.748621286979841205e-01
-6.748628126567541852e-01
-6.748634820841221682e-01
-6.748641359871416778e-01
-6.748647733114059299e-01
-6.748653929410683983e-01
-6.748659936988228303e-01
-6.748665743458353017e-01
-6.748671335816321948e-01
-6.748676700439455445e-01
-6.748681823085163067e-01
-6.748686688888548835e-01
-6.748691282359634558e-01
-6.748695587380199035e-01
-6.748699587200225336e-01
-6.748703264434028348e-01
-6.748706601056062571e-01
-6.748709578396360209e-01
-6.748712177135725021e-01
-6.748714377300627509e-01
-6.748716158257841435e-01
-6.748717498708823870e-01
-6.748718376683889852e-01
-6.748718769536135031e-01
-6.748718653935195100e-01
-6.748718005860832037e-01
-6.748716800596397114e-01
-6.748715012722211748e-01
-6.748712616108875073e-01
-6.748709583910580401e-01
-6.748705888558466093e-01
-6.748701501754051923e-01
-6.748696394462766479e-01
-6.748690536907634430e-01
-6.748683898563070382e-01
-6.748676448148808182e-01
-6.748668153623954558e-01
-6.748658982181137134e-01
-6.748648900240784565e-01
-6.748637873445492152e-01
-6.748625866654590633e-01
-6.748612843938968098e-01
-6.748598768576298257e-01
-6.748583603046799384e-01
-6.748567309029744887e-01
-6.748549847400800994e-01
-6.748531178230373628e-01
-6.748511260782948940e-01
-6.748490053517366416e-01
-6.748467514087853614e-01
-6.748443599345615995e-01
-6.748418265340553335e-01
-6.748391467322858439e-01
-6.748363159744269479e-01
-6.748333296258909320e-01
-6.748301829723939438e-01
-6.748268712200449215e-01
-6.748233894955396606e-01
-6.748197328465528333e-01
-6.748158962424366525e-01
-6.748118745753064474e-01
-6.748076626615766571e-01
-6.748032552439292564e-01
-6.747986469936374521e-01
-6.747938325130793391e-01
-6.747888063382135870e-01
-6.747835629407424873e-01
-6.747780967297126731e-01
-6.747724020523597765e-01
-6.747664731941499516e-01
-6.747603043781633669e-01
-6.747538897641698341e-01
-6.747472234479628961e-01
-6.747402994616693572e-01
-6.747331117757744412e-01
-6.747256543034926279e-01
-6.747179209078218998e-01
-6.747099054111576066e-01
-6.747016016067769462e-01
-6.746930032709046454e-01
-6.746841041735810451e-01
-6.746748980862963263e-01
-6.746653787844754113e-01
-6.746555400434657290e-01
-6.746453756277409619e-01
-6.746348792744560896e-01
-6.746240446741246233e-01
-6.746128654527013824e-01
-6.746013351604056574e-01
-6.745894472727975710e-01
-6.745771952086545564e-01
-6.745645723669378979e-01
-6.745515721816527366e-01
-6.745381881891484577e-01
-6.745244140980015679e-01
-6.745102438480576890e-01
-6.744956716434862276e-01
-6.744806919457845273e-01
-6.744652994171627114e-01
-6.744494888127483545e-01
-6.744332548308347164e-01
-6.744165919424802702e-01
-6.743994942328779274e-01
-6.743819552942967865e-01
-6.743639682113246048e-01
-6.743455256713578594e-01
-6.743266202158899603e-01
-6.743072446219805505e-01
-6.742873923713895712e-01
-6.742670581325355128e-01
-6.742462381545970551e-01
-6.742249304614381655e-01
-6.742031347425140320e-01
-6.741808518728870103e-01
-6.741580830551197057e-01
-6.741348286566454240e-01
-6.741110869056948784e-01
-6.740868526899427282e-01
-6.740621167543503489e-01
-6.740368655978650203e-01
-6.740110823069271895e-01
-6.739847484307579517e-01
-6.739578468065167138e-01
-6.739303650052951289e-01
-6.739022988323151164e-01
-6.738736551287091148e-01
-6.738444530445858449e-01
-6.738147230340477689e-01
-6.737845030932536616e-01
-6.737538322211916730e-01
-6.737227416864426388e-01
-6.736912453436215698e-01
-6.736593308326507268e-01
-6.736269538612075225e-01
-6.735940377667405388e-01
-6.735604800665173642e-01
-6.735261666911606104e-01
-6.734909931208674649e-01
-6.734548898865155842e-01
-6.734178481603656508e-01
-6.733799398308788486e-01
-6.733413259504140713e-01
-6.733022481267886272e-01
-6.732629995135379630e-01
-6.732238755100735661e-01
-6.731851087719699089e-01
-6.731467979824088399e-01
-6.731088440928520988e-01
-6.730709102871047511e-01
-6.730324216757329614e-01
-6.729926168880779880e-01
-6.729506560428937245e-01
-6.729057785594539931e-01
-6.728574913213075659e-01
-6.728057550798842712e-01
-6.727511275580788652e-01
-6.726948185336056873e-01
-6.726386178558322326e-01
-6.725846733349304385e-01
-6.725351213712380538e-01
-6.724916063976652536e-01
-6.724547606060851113e-01
-6.724237459084856372e-01
-6.723959774549821411e-01
-6.723671444975952705e-01
-6.723316143758414354e-01
-6.722832474409894399e-01
-6.722165690323067544e-01
-6.721281498447521097e-01
-6.720179549782034911e-01
-6.718903557616778821e-01
-6.717544792685771204e-01
-6.716236169120061161e-01
-6.715135354782362231e-01
-6.714397275369639040e-01
-6.714138823726786276e-01
-6.714401148349899984e-01
-6.715117050283638811e-01
-6.716092171391248034e-01
-6.717008259739861709e-01
-6.717454475052591079e-01
-6.716988377071695382e-01
-6.715222254170506444e-01
-6.711923584998077397e-01
-6.707111901748672445e-01
-6.701129677145190033e-01
-6.694663716427310396e-01
-6.688697277040457356e-01
-6.684382463719091838e-01
-6.682836965368327276e-01
-6.684887163217383410e-01
-6.690797968089972070e-01
-6.700044441925355754e-01
-6.711187155453434139e-01
-6.721908868453581043e-01
-6.729252500273548154e-01
-6.730069451803423197e-01
-6.721645334509004366e-01
-6.702421752553630041e-01
-6.672685626936318837e-01
-6.635062588889019120e-01
-6.594641700796062267e-01
-6.558588302263760328e-01
-6.535177417883845097e-01
-6.532297086331882996e-01
-6.555608804409241985e-01
-6.606678255998529314e-01
-6.681468993033952142e-01
-6.769601869096703028e-01
-6.854721095564165756e-01
-6.916187269283047279e-01
-6.932151454828097137e-01
-6.883845811709705664e-01
-6.760628786669660162e-01
-6.564935674064383830e-01
-6.315878666555224674e-01
-6.050011907912640208e-01
-5.818001607065118597e-01
-5.676793425638958501e-01
-5.678209550002482064e-01
-5.856230127505274163e-01
-6.215874355298578458e-01
-6.726208725274852585e-01
-7.318745674229524267e-01
-7.891119310801730791e-01
-8.315494837355226210e-01
-8.452347828478450342e-01
-8.172323882405478912e-01
-7.389158760709317875e-01
-6.101501650681016020e-01
-4.430265904933500254e-01
-2.627813890357769133e-01
-1.038858020158542755e-01
-1.569233998639631231e-03
1.827508207301792309e-02
-5.303825189633490367e-02
-2.040460587818626048e-01
-4.060486653317089134e-01
-6.207998373707642736e-01
-8.097090667180387724e-01
-9.403390961476190135e-01
-9.882011611166900966e-01
-9.360297575912883694e-01
-7.750278251713469402e-01
-5.103969577586020545e-01
-1.678311028524411552e-01
2.065573954928340838e-01
5.572644175187995152e-01
8.359613320055074848e-01
1.012140629860100560e+00
1.072390567835474151e+00
1.013483396099314593e+00
8.385690067184622398e-01
5.609039156523021319e-01
2.107775462972061586e-01
-1.636467712688021436e-01
-5.068584863309592015e-01
-7.725631536322551396e-01
-9.348201342649888890e-01
-9.882295974460676424e-01
-9.414668533489864988e-01
-8.117089526672729427e-01
-6.233446595889032826e-01
-4.087057353541983518e-01
-2.063264831689989587e-01
-5.450243969205800787e-02
1.790085051301046337e-02
-8.207373083900349571e-04
-1.022277597030804702e-01
-2.606058440339004689e-01
-4.407870801374499381e-01
-6.082372084391716172e-01
-7.375734308257240190e-01
-8.165385559333010468e-01
-8.451338594058611653e-01
-8.319043085680527527e-01
-7.897516651957914302e-01
-7.326286997880773200e-01
-6.733411514959903865e-01
-6.221619973911266532e-01
-5.859848072313073031e-01
-5.679501042989569815e-01
-5.675985434686610098e-01
-5.815635591050499764e-01
-6.046790839919417015e-01
-6.312508476690320558e-01
-6.561996465690692615e-01
-6.758498233179905945e-01
-6.882679126685766757e-01
-6.931907368128528146e-01
-6.916682115172759771e-01
-6.855693144030119424e-01
-6.770772224922769755e-01
-6.682590500537907152e-01
-6.607568141740924883e-01
-6.556163984481095941e-01
-6.532493501379501577e-01
-6.535056687464301239e-01
-6.558236337987763953e-01
-6.594164447158704645e-01
-6.634563636558802324e-01
-6.672249193769230757e-01
-6.702102822341651223e-01
-6.721467040891822009e-01
-6.730026468906995518e-01
-6.729318440010345626e-01
-6.722045485137593257e-01
-6.711353395269554767e-01
-6.700203877355868087e-01
-6.690923767513371478e-01
-6.684964341706318702e-01
-6.682862160533364904e-01
-6.684361829529915644e-01
-6.688643267355864896e-01
-6.694591544375471104e-01
-6.701054116734819210e-01
-6.707044891577697010e-01
-6.711872854564487900e-01
-6.715190970082626221e-01
-6.716975634814246199e-01
-6.717456359764937268e-01
-6.717019167855200479e-01
-6.716106112492624680e-01
-6.715128716449628721e-01
-6.714406625770925618e-01
-6.714135909493673671e-01
-6.714385436471241864e-01
-6.715115417510694185e-01
-6.716209852018988347e-01
-6.717514196643795676e-01
-6.718870708097537392e-01
-6.720146055897092685e-01
-6.721248359315363796e-01
-6.722133247580247550e-01
-6.722800485540836313e-01
-6.723283936468235078e-01
-6.723638108335491248e-01
-6.723924346570127053e-01
-6.724199080148431928e-01
-6.724505620287191121e-01
-6.724870063367290873e-01
-6.725301030653157985e-01
-6.725792394418808051e-01
-6.726327836133164650e-01
-6.726886043470271526e-01
-6.727445523872821465e-01
-6.727988315527199115e-01
-6.728502230037698428e-01
-6.728981593542592288e-01
-6.729426713384829561e-01
-6.729842458722050669e-01
-6.730236401647778921e-01
-6.730616934819384500e-01
-6.730991688169093434e-01
-6.731366441442792059e-01
-6.731744599827136355e-01
-6.732127189429447656e-01
-6.732513252013490046e-01
-6.732900479429561047e-01
-6.733285925179531839e-01
-6.733666655613027574e-01
-6.734040245576903283e-01
-6.734405071769975493e-01
-6.734760402009264402e-01
-6.735106313341620021e-01
-6.735443492987629455e-01
-6.735772983144474590e-01
-6.736095925800918982e-01
-6.736413350542514999e-01
-6.736726031011196492e-01
-6.737034418113158063e-01
-6.737338643257816395e-01
-6.737638574703120886e-01
-6.737933905115504052e-01
-6.738224248332875810e-01
-6.738509226929397800e-01
-6.738788538039037768e-01
-6.739061991488501935e-01
-6.739329520337715707e-01
-6.739591168538405785e-01
-6.739847063159832841e-01
-6.740097379474638828e-01
-6.740342306449566001e-01
-6.740582018345139259e-01
-6.740816655761161513e-01
-6.741046317092513895e-01
-6.741271059382436537e-01
-6.741490906217595391e-01
-6.741705859677951107e-01
-6.741915913373393021e-01
-6.742121064112663875e-01
-6.742321320555708652e-01
-6.742516708094132838e-01
-6.742707270015422250e-01
-6.742893065617541204e-01
-6.743074166296277872e-01
-6.743250650728039863e-01
-6.743422600158931468e-01
-6.743590094555590442e-01
-6.743753210050863478e-01
-6.743912017798084912e-01
-6.744066584084159599e-01
-6.744216971375434078e-01
-6.744363239890032169e-01
-6.744505449297502064e-01
-6.744643660218913039e-01
-6.744777935311052630e-01
-6.744908339839207345e-01
-6.745034941751465452e-01
-6.745157811348475585e-01
-6.745277020688559277e-01
-6.745392642880020384e-01
-6.745504751395819953e-01
-6.745613419510543274e-01
-6.745718719915776429e-01
-6.745820724526900847e-01
-6.745919504459444438e-01
-6.746015130129890958e-01
-6.746107671425749519e-01
-6.746197197891280473e-01
-6.746283778885400206e-01
-6.746367483683566313e-01
-6.746448381511582770e-01
-6.746526541513957476e-01
-6.746602032669996030e-01
-6.746674923676795332e-01
-6.746745282819659462e-01
-6.746813177847985621e-01
-6.746878675869726338e-01
-6.746941843271694328e-01
-6.747002745667038948e-01
-6.747061447866693484e-01
-6.747118013868554920e-01
-6.747172506856835561e-01
-6.747224989204447798e-01
-6.747275522472629961e-01
-6.747324167404139539e-01
-6.747370983908534958e-01
-6.747416031040033291e-01
-6.747459366969748018e-01
-6.747501048954962499e-01
-6.747541133308132544e-01
-6.747579675368013952e-01
-6.747616729474609221e-01
-6.747652348948769419e-01
-6.747686586076613313e-01
-6.747719492098199767e-01
-6.747751117199578541e-01
-6.747781510507175895e-01
-6.747810720083551317e-01
-6.747838792923696039e-01
-6.747865774951420370e-01
-6.747891711015614469e-01
-6.747916644886422510e-01
-6.747940619251580063e-01
-6.747963675713207765e-01
-6.747985854785447657e-01
-6.748007195893154231e-01
-6.748027737371836698e-01
-6.748047516468986817e-01
-6.748066569346639065e-01
-6.748084931085198690e-01
-6.748102635688227879e-01
-6.748119716088163411e-01
-6.748136204152689333e-01
-6.748152130691688066e-01
-6.748167525464661143e-01
-6.748182417188578475e-01
-6.748196833546113993e-01
-6.748210801194265418e-01
-6.748224345773389254e-01
-6.748237491916657671e-01
-6.748250263259879533e-01
-6.748262682451793282e-01
-6.748274771164681773e-01
-6.748286550105360160e-01
-6.748298039026442430e-01
-6.748309256737868855e-01
-6.748320221118621065e-01
-6.748330949128568124e-01
-6.748341456820426965e-01
-6.748351759351794987e-01
-6.748361870997183765e-01
-6.748371805160087167e-01
-6.748381574384959558e-01
-6.748391190369211756e-01
-6.748400663975081537e-01
-6.748410005241443077e-01
-6.748419223395468736e-01
-6.748428326864163163e-01
-6.748437323285723100e-01
-6.748446219520690681e-01
-6.748455021662869147e-01
-6.748463735050034273e-01
-6.748472364274321622e-01
-6.748480913192375086e-01
-6.748489384935135726e-01
-6.748497781917331961e-01
-6.748506105846616698e-01
-6.748514357732304791e-01
-6.748522537893792972e-01
-6.748530645968527919e-01
-6.748538680919606847e-01
-6.748546641042951766e-01
-6.748554523974045205e-01
-6.748562326694236280e-01
