-6.748574360840525754e-01
-6.748582278823089808e-01
-6.748590139278559663e-01
-6.748597936393971874e-01
-6.748605663755166129e-01
-6.748613314350458969e-01
-6.748620880573731329e-01
-6.748628354227003134e-01
-6.748635726522437261e-01
-6.748642988083842775e-01
-6.748650128947606408e-01
-6.748657138563125546e-01
-6.748664005792678333e-01
-6.748670718910791955e-01
-6.748677265603103548e-01
-6.748683632964689316e-01
-6.748689807497909587e-01
-6.748695775109787576e-01
-6.748701521108891876e-01
-6.748707030201759327e-01
-6.748712286488894874e-01
-6.748717273460311805e-01
-6.748721973990714496e-01
-6.748726370334228175e-01
-6.748730444118810068e-01
-6.748734176340275281e-01
-6.748737547355985189e-01
-6.748740536878223839e-01
-6.748743123967242408e-01
-6.748745287024061623e-01
-6.748747003782983311e-01
-6.748748251303888779e-01
-6.748749005964308489e-01
-6.748749243451351854e-01
-6.748748938753479365e-01
-6.748748066152193692e-01
-6.748746599213678588e-01
-6.748744510780442241e-01
-6.748741772962930652e-01
-6.748738357131234267e-01
-6.748734233906829028e-01
-6.748729373154410682e-01
-6.748723743973812361e-01
-6.748717314691990987e-01
-6.748710052855126929e-01
-6.748701925220839115e-01
-6.748692897750562247e-01
-6.748682935602141608e-01
-6.748672003122716534e-01
-6.748660063842040202e-01
-6.748647080466320114e-01
-6.748633014872704727e-01
-6.748617828104553906e-01
-6.748601480367484307e-01
-6.748583931026250760e-01
-6.748565138602399260e-01
-6.748545060772573878e-01
-6.748523654367278857e-01
-6.748500875369936036e-01
-6.748476678916077720e-01
-6.748451019292581732e-01
-6.748423849936959762e-01
-6.748395123436966569e-01
-6.748364791530843121e-01
-6.748332805108789856e-01
-6.748299114216308459e-01
-6.748263668060053844e-01
-6.748226415016720381e-01
-6.748187302645214380e-01
-6.748146277701985163e-01
-6.748103286158775305e-01
-6.748058273221767545e-01
-6.748011183350518527e-01
-6.747961960275060678e-01
-6.747910547009532412e-01
-6.747856885861416298e-01
-6.747800918436286377e-01
-6.747742585639192603e-01
-6.747681827675254818e-01
-6.747618584053276525e-01
-6.747552793597001441e-01
-6.747484394468716840e-01
-6.747413324209056151e-01
-6.747339519794774976e-01
-6.747262917713281460e-01
-6.747183454049016094e-01
-6.747101064573054474e-01
-6.747015684824125836e-01
-6.746927250168021084e-01
-6.746835695823126811e-01
-6.746740956843948478e-01
-6.746642968061319356e-01
-6.746541663987499771e-01
-6.746436978704754006e-01
-6.746328845765905413e-01
-6.746217198141738480e-01
-6.746101968251211334e-01
-6.745983088103758574e-01
-6.745860489567961915e-01
-6.745734104758038807e-01
-6.745603866501508339e-01
-6.745469708822627863e-01
-6.745331567352876867e-01
-6.745189379568414800e-01
-6.745043084761649377e-01
-6.744892623683697019e-01
-6.744737937847233855e-01
-6.744578968550557496e-01
-6.744415655763823514e-01
-6.744247937092437972e-01
-6.744075747082587391e-01
-6.743899017141136154e-01
-6.743717676292116936e-01
-6.743531652877656768e-01
-6.743340877137929956e-01
-6.743145284391995897e-01
-6.742944818323881595e-01
-6.742739433702210627e-01
-6.742529097778319214e-01
-6.742313789664415857e-01
-6.742093497220434939e-01
-6.741868211379035136e-01
-6.741637918378072802e-01
-6.741402590973420983e-01
-6.741162180259511194e-01
-6.740916610093038441e-01
-6.740665776159366906e-01
-6.740409551330924787e-01
-6.740147798094475728e-01
-6.739880387512392490e-01
-6.739607222584746982e-01
-6.739328262256658597e-01
-6.739043541017962768e-01
-6.738753178454472970e-01
-6.738457373579650467e-01
-6.738156380524025213e-01
-6.737850465196421057e-01
-6.737539846585359760e-01
-6.737224630862614916e-01
-6.736904750532635155e-01
-6.736579923518311031e-01
-6.736249647264299645e-01
-6.735913239878318359e-01
-6.735569933693854594e-01
-6.735219016784900203e-01
-6.734860006072553862e-01
-6.734492823719904209e-01
-6.734117939121172514e-01
-6.733736434795798420e-01
-6.733349958425908222e-01
-6.732960536687853104e-01
-6.732570249381784055e-01
-6.732180792528000834e-01
-6.731792992189697955e-01
-6.731406360431211322e-01
-6.731018803472790246e-01
-6.730626592308693867e-01
-6.730224682141479065e-01
-6.729807416838633483e-01
-6.729369581235408182e-01
-6.728907676496505008e-01
-6.728421206782952968e-01
-6.727913698417785637e-01
-6.727393146381495104e-01
-6.726871615479868005e-01
-6.726363825718586487e-01
-6.725884722091967083e-01
-6.725446251546871590e-01
-6.725053811276284765e-01
-6.724703045518104494e-01
-6.724377797371607901e-01
-6.724050014065486858e-01
-6.723682218704198910e-01
-6.723232785578309167e-01
-6.722663714094713194e-01
-6.721949956431845230e-01
-6.721088726472229657e-01
-6.720106743672878968e-01
-6.719063196076077160e-01
-6.718046471692142863e-01
-6.717163481182164553e-01
-6.716521661712483438e-01
-6.716205382938632562e-01
-6.716250222708110007e-01
-6.716620093577860828e-01
-6.717193080343297762e-01
-6.717761712054676204e-01
-6.718051965995824881e-01
-6.717762509554352501e-01
-6.716621722848159504e-01
-6.714455414015687573e-01
-6.711253642417908116e-01
-6.707221727711784043e-01
-6.702799442935568619e-01
-6.698634516065173905e-01
-6.695502423757068167e-01
-6.694173888052152854e-01
-6.695243437427236266e-01
-6.698944928668472132e-01
-6.704990426901668021e-01
-6.712474447553705703e-01
-6.719883746972812322e-01
-6.725241980060172597e-01
-6.726398348622253387e-01
-6.721441224507854750e-01
-6.709184894539035326e-01
-6.689645309505516391e-01
-6.664396281920690335e-01
-6.636689576407610591e-01
-6.611239011552071387e-01
-6.593614947257475656e-01
-6.589269473229699692e-01
-6.602303309557862043e-01
-6.634173849486050267e-01
-6.682607677300008708e-01
-6.741002042235713088e-01
-6.798569667796109384e-01
-6.841401535276069312e-01
-6.854498659805616789e-01
-6.824658381910311267e-01
-6.743890765161870693e-01
-6.612793716109365283e-01
-6.443076372493058424e-01
-6.258291639503207326e-01
-6.091959961421137271e-01
-5.982735458915264815e-01
-5.967035658844543899e-01
-6.070390465783352951e-01
-6.299320527896946631e-01
-6.635567207819694779e-01
-7.033968859655885808e-01
-7.424534841149691422e-01
-7.718811924167866545e-01
-7.820798702363623844e-01
-7.643148439970522956e-01
-7.129063958621154606e-01
-6.277671289515083242e-01
-5.165591269267080232e-01
-3.952795987679108558e-01
-2.861961801078535816e-01
-2.130358266594978012e-01
-1.947301051488742885e-01
-2.398819630792982660e-01
-3.439142340209080384e-01
-4.898261350208587550e-01
-6.520693846588423437e-01
-8.017093887099068228e-01
-9.105836180599271579e-01
-9.533758846436380940e-01
-9.088717837238060593e-01
-7.631650293088307890e-01
-5.162315287326214586e-01
-1.889937952244543640e-01
1.758305162610007411e-01
5.236214366867879555e-01
8.041832433662924329e-01
9.836035314475146674e-01
1.045428683918026458e+00
9.852285451990504539e-01
8.073076400974010802e-01
5.279179038096815102e-01
1.807225044577592254e-01
-1.842437294958264582e-01
-5.123101950047915798e-01
-7.605124736554403908e-01
-9.076212924977534735e-01
-9.534214843318341570e-01
-9.116819440406570552e-01
-8.035444364792891925e-01
-6.542751555268098151e-01
-4.920037173540496855e-01
-3.456754589473992056e-01
-2.409197647490897431e-01
-1.948878490323695811e-01
-2.123433827881036629e-01
-2.848554188118628261e-01
-3.936026580379234363e-01
-5.148809086270272894e-01
-6.263633758045735744e-01
-7.119439826739938360e-01
-7.638429649448853498e-01
-7.820520927232635922e-01
-7.721905671082597289e-01
-7.429665991104645872e-01
-7.039806275136123448e-01
-6.640971424340368356e-01
-6.303465198494693222e-01
-6.072823358311871811e-01
-5.967679573443727126e-01
-5.981831769701696500e-01
-6.089967327485864557e-01
-6.255762791768466613e-01
-6.440540225812572128e-01
-6.610665881628484675e-01
-6.742424957578493361e-01
-6.823939038329805973e-01
-6.854465836864341854e-01
-6.841894927314442487e-01
-6.799378851675540458e-01
-6.741912893260214590e-01
-6.683438483431314303e-01
-6.634797943429144862e-01
-6.602657734785897237e-01
-6.589351312503415325e-01
-6.593468473666731500e-01
-6.610937683519561014e-01
-6.636317000185179005e-01
-6.664029639897234292e-01
-6.689343599439366850e-01
-6.708982958190030654e-01
-6.721349286912465804e-01
-6.726405874607062074e-01
-6.725324180506877525e-01
-6.720009008704838083e-01
-6.712611215410159149e-01
-6.705112505656011246e-01
-6.699034675350019619e-01
-6.695292785885946785e-01
-6.694183521454108998e-01
-6.695479650268740812e-01
-6.698590498478809163e-01
-6.702746398537567929e-01
-6.707170582912618251e-01
-6.711212440556548753e-01
-6.714428578364048938e-01
-6.716610106848335260e-01
-6.717764046597843874e-01
-6.718062671011822973e-01
-6.717776783434680210e-01
-6.717207890876716325e-01
-6.716630926095162879e-01
-6.716254682466926695e-01
-6.716202489401871256e-01
-6.716511676605770864e-01
-6.717147562059435639e-01
-6.718026250063929838e-01
-6.719040369790026945e-01
-6.720082750549508654e-01
-6.721064537059269206e-01
-6.721925994617349298e-01
-6.722639890244390681e-01
-6.723208610870478052e-01
-6.723656962376582946e-01
-6.724022866531379483e-01
-6.724348009544078852e-01
-6.724670025537724527e-01
-6.725017171506380009e-01
-6.725405808974294075e-01
-6.725840462680513498e-01
-6.726315847161401518e-01
-6.726820063295384511e-01
-6.727338156071123176e-01
-6.727855352453698812e-01
-6.728359510599858373e-01
-6.728842553373303170e-01
-6.729300882655468996e-01
-6.729734942968005340e-01
-6.730148206502674091e-01
-6.730545885339328516e-01
-6.730933651070710733e-01
-6.731316575369508115e-01
-6.731698418037177500e-01
-6.732081301128507445e-01
-6.732465733853019163e-01
-6.732850902250795411e-01
-6.733235113233521085e-01
-6.733616282431482691e-01
-6.733992373753774352e-01
-6.734361728197746366e-01
-6.734723252645242741e-01
-6.735076469740460814e-01
-6.735421453018555216e-01
-6.735758685069239693e-01
-6.736088880599898632e-01
-6.736412812353212987e-01
-6.736731168462208874e-01
-6.737044457845787759e-01
-6.737352968284184840e-01
-6.737656771874231953e-01
-6.737955765844921840e-01
-6.738249733589797286e-01
-6.738538410926080413e-01
-6.738821545227176024e-01
-6.739098939169323454e-01
-6.739370475354428125e-01
-6.739636122159573528e-01
-6.739895924233131330e-01
-6.740149982831592501e-01
-6.740398431675982405e-01
-6.740641413423540396e-01
-6.740879060548318202e-01
-6.741111482791427578e-01
-6.741338761729764872e-01
-6.741560951687628478e-01
-6.741778085333048898e-01
-6.741990181904532475e-01
-6.742197256056192689e-01
-6.742399325679343525e-01
-6.742596417617179316e-01
-6.742788570798106118e-01
-6.742975836858097205e-01
-6.743158278727005017e-01
-6.743335967883162807e-01
-6.743508981037672489e-01
-6.743677396925578105e-01
-6.743841293703363160e-01
-6.744000747232584692e-01
-6.744155830314940703e-01
-6.744306612769332965e-01
-6.744453162126395895e-01
-6.744595544665801246e-01
-6.744733826529443199e-01
-6.744868074694210236e-01
-6.744998357662895794e-01
-6.745124745812685063e-01
-6.745247311412492230e-01
-6.745366128373249115e-01
-6.745481271825004566e-01
-6.745592817621572923e-01
-6.745700841861905772e-01
-6.745805420493712345e-01
-6.745906629035710589e-01
-6.746004542426840001e-01
-6.746099234987745774e-01
-6.746190780464927927e-01
-6.746279252121399894e-01
-6.746364722838849026e-01
-6.746447265202891730e-01
-6.746526951552914708e-01
-6.746603853988493160e-01
-6.746678044333832558e-01
-6.746749594068575107e-01
-6.746818574237196664e-01
-6.746885055350211324e-01
-6.746949107288803260e-01
-6.747010799221608845e-01
-6.747070199538430790e-01
-6.747127375802053351e-01
-6.747182394716345621e-01
-6.747235322106830413e-01
-6.747286222908996933e-01
-6.747335161159774275e-01
-6.747382199988390949e-01
-6.747427401604132458e-01
-6.747470827279862249e-01
-6.747512537331398219e-01
-6.747552591093799457e-01
-6.747591046896047606e-01
-6.747627962035908089e-01
-6.747663392756344525e-01
-6.747697394224795309e-01
-6.747730020515784188e-01
-6.747761324597149057e-01
-6.747791358319544797e-01
-6.747820172408823813e-01
-6.747847816460545989e-01
-6.747874338936046268e-01
-6.747899787159507001e-01
-6.747924207315626477e-01
-6.747947644447744864e-01
-6.747970142456313214e-01
-6.747991744097856515e-01
-6.748012490984554024e-01
-6.748032423584646722e-01
-6.748051581223815099e-01
-6.748070002087682706e-01
-6.748087723225434376e-01
-6.748104780554606830e-01
-6.748121208866949550e-01
-6.748137041835285954e-01
-6.748152312021221677e-01
-6.748167050883603357e-01
-6.748181288787608034e-01
-6.748195055014366561e-01
-6.748208377771073296e-01
-6.748221284201507686e-01
-6.748233800396981064e-01
-6.748245951407665366e-01
-6.748257761254307097e-01
-6.748269252940294338e-01
-6.748280448464092363e-01
-6.748291368831977888e-01
-6.748302034071088640e-01
-6.748312463242723824e-01
-6.748322674455842218e-01
-6.748332684880719023e-01
-6.748342510762750379e-01
-6.748352167436284521e-01
-6.748361669338521773e-01
-6.748371030023376793e-01
-6.748380262175308619e-01
-6.748389377623084107e-01
-6.748398387353439221e-01
-6.748407301524601554e-01
-6.748416129479677394e-01
-6.748424879759855610e-01
-6.748433560117382823e-01
-6.748442177528345409e-01
-6.748450738205171717e-01
-6.748459247608880052e-01
-6.748467710460994695e-01
-6.748476130755155511e-01
-6.748484511768367833e-01
-6.748492856071874879e-01
-6.748501165541659352e-01
-6.748509441368503170e-01
-6.748517684067646405e-01
-6.748525893487998806e-01
-6.748534068820871701e-01
-6.748542208608272475e-01
-6.748550310750702774e-01
-6.748558372514467107e-01
-6.748566390538477400e-01
