-6.748576820289283740e-01
-6.748585082183971018e-01
-6.748593324870791887e-01
-6.748601542262242514e-01
-6.748609727706269545e-01
-6.748617873989998239e-01
-6.748625973342872175e-01
-6.748634017439154587e-01
-6.748641997399816850e-01
-6.748649903793858540e-01
-6.748657726638975785e-01
-6.748665455401665625e-01
-6.748673078996709762e-01
-6.748680585786092090e-01
-6.748687963577298943e-01
-6.748695199621015384e-01
-6.748702280608269710e-01
-6.748709192666981771e-01
-6.748715921357948400e-01
-6.748722451670295941e-01
-6.748728768016414303e-01
-6.748734854226413615e-01
-6.748740693542101265e-01
-6.748746268610528176e-01
-6.748751561477150940e-01
-6.748756553578559858e-01
-6.748761225734853930e-01
-6.748765558141608389e-01
-6.748769530361484748e-01
-6.748773121315428947e-01
-6.748776309273544216e-01
-6.748779071845546484e-01
-6.748781385970963331e-01
-6.748783227909018745e-01
-6.748784573228343575e-01
-6.748785396796501690e-01
-6.748785672769495037e-01
-6.748785374581265373e-01
-6.748784474933262612e-01
-6.748782945784118636e-01
-6.748780758339429919e-01
-6.748777883041632286e-01
-6.748774289559902329e-01
-6.748769946780082130e-01
-6.748764822794562912e-01
-6.748758884892044341e-01
-6.748752099547243866e-01
-6.748744432410591632e-01
-6.748735848298004214e-01
-6.748726311180924808e-01
-6.748715784176835264e-01
-6.748704229540503086e-01
-6.748691608656145480e-01
-6.748677882030734709e-01
-6.748663009288541348e-01
-6.748646949166938747e-01
-6.748629659513301071e-01
-6.748611097282829485e-01
-6.748591218536832415e-01
-6.748569978441097961e-01
-6.748547331263851090e-01
-6.748523230372924786e-01
-6.748497628231926448e-01
-6.748470476395450612e-01
-6.748441725503744326e-01
-6.748411325277691164e-01
-6.748379224515465014e-01
-6.748345371092400180e-01
-6.748309711965916335e-01
-6.748272193187103696e-01
-6.748232759919978729e-01
-6.748191356468439261e-01
-6.748147926309495670e-01
-6.748102412129658445e-01
-6.748054755859717035e-01
-6.748004898702022469e-01
-6.747952781144125334e-01
-6.747898342953673190e-01
-6.747841523152365850e-01
-6.747782259971133456e-01
-6.747720490794310022e-01
-6.747656152106754623e-01
-6.747589179462596398e-01
-6.747519507496829716e-01
-6.747447069998949720e-01
-6.747371800060439906e-01
-6.747293630294900479e-01
-6.747212493111867104e-01
-6.747128321005524398e-01
-6.747041046802068065e-01
-6.746950603799000135e-01
-6.746856925731993249e-01
-6.746759946524073515e-01
-6.746659599809174956e-01
-6.746555818275108418e-01
-6.746448532932362019e-01
-6.746337672472435543e-01
-6.746223162916862304e-01
-6.746104927759324354e-01
-6.745982888754467055e-01
-6.745856967402503734e-01
-6.745727087024430135e-01
-6.745593175139287245e-01
-6.745455165678092557e-01
-6.745313000445273266e-01
-6.745166629217912435e-01
-6.745016007997457486e-01
-6.744861095217996594e-01
-6.744701846155312097e-01
-6.744538206313943629e-01
-6.744370105094108503e-01
-6.744197451421524159e-01
-6.744020133115182780e-01
-6.743838021447461362e-01
-6.743650981555712187e-01
-6.743458888131655948e-01
-6.743261644304431313e-01
-6.743059200130847586e-01
-6.742851565992606933e-01
-6.742638815887146420e-01
-6.742421076435018978e-01
-6.742198499588674121e-01
-6.741971220415012844e-01
-6.741739305495263457e-01
-6.741502701653236951e-01
-6.741261197840224817e-01
-6.741014413944376171e-01
-6.740761828105095166e-01
-6.740502848325148344e-01
-6.740236925061304785e-01
-6.739963690238625071e-01
-6.739683096893525072e-01
-6.739395525207907411e-01
-6.739101818051019821e-01
-6.738803214803823494e-01
-6.738501167436142802e-01
-6.738197046785081579e-01
-6.737891776567579427e-01
-6.737585462281846516e-01
-6.737277104491274926e-01
-6.736964493241678342e-01
-6.736644366049459043e-01
-6.736312872848487787e-01
-6.735966329462329538e-01
-6.735602164763108135e-01
-6.735219889987336117e-01
-6.734821860453429343e-01
-6.734413580112931230e-01
-6.734003334564895304e-01
-6.733601036517617988e-01
-6.733216324325833613e-01
-6.732856148535510954e-01
-6.732522277247281473e-01
-6.732209301214557851e-01
-6.731903773524968715e-01
-6.731585034435458859e-01
-6.731228028523068563e-01
-6.730808030363916172e-01
-6.730306707405400157e-01
-6.729718454157068708e-01
-6.729055548272125931e-01
-6.728350532624676195e-01
-6.727654424051269233e-01
-6.727029942982007960e-01
-6.726539922093626167e-01
-6.726232261773925636e-01
-6.726124034662593898e-01
-6.726188309395472187e-01
-6.726347653576327801e-01
-6.726477826433904239e-01
-6.726423748116793222e-01
-6.726027495749954399e-01
-6.725165122593054212e-01
-6.723786054729459227e-01
-6.721946392465144582e-01
-6.719826391397130116e-01
-6.717723373610550164e-01
-6.716014677084785056e-01
-6.715090870400491907e-01
-6.715266632428554816e-01
-6.716684133059179773e-01
-6.719229736727443392e-01
-6.722487554813636468e-01
-6.725751261502512790e-01
-6.728107853729582422e-01
-6.728593954098058827e-01
-6.726408378266166554e-01
-6.721146835956750554e-01
-6.713009653658993381e-01
-6.702925656654803444e-01
-6.692538876901330536e-01
-6.684022175466780569e-01
-6.679713110135702125e-01
-6.681608701604907496e-01
-6.690799602450381300e-01
-6.706960292294898984e-01
-6.728029653103912988e-01
-6.750207375148510325e-01
-6.768352502749882538e-01
-6.776802926755343126e-01
-6.770545702180778003e-01
-6.746569137916511583e-01
-6.705135083245971073e-01
-6.650646424749270258e-01
-6.591778846603868480e-01
-6.540624741103135964e-01
-6.510773068711264155e-01
-6.514502952307352768e-01
-6.559543818783826197e-01
-6.646069325226093838e-01
-6.764672544407051014e-01
-6.895985768375920699e-01
-7.012386589459934649e-01
-7.081932080488746450e-01
-7.074323586805703057e-01
-6.968300861020080283e-01
-6.759331774634790291e-01
-6.465818443413263727e-01
-6.131527251830609648e-01
-5.822052020272878714e-01
-5.614278879913996434e-01
-5.579977352333668206e-01
-5.766994566549223933e-01
-6.182883813615579482e-01
-6.785324176318174860e-01
-7.481535286859077871e-01
-8.136303673152550653e-01
-8.587062691194227160e-01
-8.665912065252627805e-01
-8.231294162041801199e-01
-7.211775632652499546e-01
-5.655919476940390878e-01
-3.766795409350462975e-01
-1.890431829474557568e-01
-4.414092697101185819e-02
2.164569237477034433e-02
-1.111250521275656579e-02
-1.375428215445907709e-01
-3.283083856815673940e-01
-5.367461619417611685e-01
-7.106621344689905140e-01
-8.040392874519138866e-01
-7.852258684264202815e-01
-6.421526214578309188e-01
-3.865026068639950130e-01
-5.502650324072797666e-02
2.973501736958767405e-01
6.140661179697217698e-01
8.554303028571689227e-01
1.007882056273481819e+00
1.080870815187697120e+00
1.096579104347527478e+00
1.079442092909399076e+00
1.049464177509488838e+00
1.019708719484071047e+00
9.967983895042287212e-01
9.829627276411556647e-01
9.783683681944705945e-01
9.828569737023721276e-01
9.965851957052862531e-01
1.019398852020001023e+00
1.049105353778727601e+00
1.079146084604896805e+00
1.096539123756494760e+00
1.081352822142846337e+00
1.009173346064650367e+00
8.577371516411740338e-01
6.173813798775625861e-01
3.013605647818680122e-01
-5.090986120004852011e-02
-3.829691895190822093e-01
-6.397669613030756430e-01
-7.842826641816508237e-01
-8.045376157382194693e-01
-7.123427559424241329e-01
-5.391418060343095009e-01
-3.308163757152709494e-01
-1.395459282793239109e-01
-1.213032819533243351e-02
2.183275172734083780e-02
-4.283739532159893532e-02
-1.869740128897528775e-01
-3.743367231922358762e-01
-5.634554362191345200e-01
-7.195902253420635164e-01
-8.222438314351809829e-01
-8.663879006061596666e-01
-8.590495974400275125e-01
-8.143273957479081337e-01
-7.489996719800550151e-01
-6.793434177043204958e-01
-6.189228431275379805e-01
-5.770734951461594653e-01
-5.580901194724983139e-01
-5.612739766668821684e-01
-5.818806404495928675e-01
-6.127511269421137552e-01
-6.461924583401850164e-01
-6.756239458950177301e-01
-6.966390148596574017e-01
-7.073671415177369415e-01
-7.082369215710714316e-01
-7.013586170424609412e-01
-6.897557852312941051e-01
-6.766246904208178536e-01
-6.647356205836254528e-01
-6.560368029804803935e-01
-6.514811128902310289e-01
-6.510617843121989656e-01
-6.540132814951974405e-01
-6.591111849197599515e-01
-6.649963403069638623e-01
-6.704563530550416983e-01
-6.746188327289412978e-01
-6.770382763462469144e-01
-6.776839467093368485e-01
-6.768538071371893450e-01
-6.750475710995333944e-01
-6.728314147873355466e-01
-6.707206091269990456e-01
-6.690970940472334982e-01
-6.681691205192737959e-01
-6.679711732499348242e-01
-6.683956065720825235e-01
-6.692434767781970661e-01
-6.702811296862841717e-01
-6.712908482275160571e-01
-6.721074610649341308e-01
-6.726371952112201180e-01
-6.728591954981884005e-01
-6.728132723413512428e-01
-6.725791981718720614e-01
-6.722532410398620595e-01
-6.719268601655998818e-01
-6.716709964305888070e-01
-6.715276069548115068e-01
-6.715084024661038820e-01
-6.715994325176352087e-01
-6.717693834839970624e-01
-6.719792365934971201e-01
-6.721911985350856877e-01
-6.723754126668761710e-01
-6.725137016468045736e-01
-6.726003106526509123e-01
-6.726401846561216313e-01
-6.726456519356104335e-01
-6.726324863898007766e-01
-6.726162181786646821e-01
-6.726093207662701134e-01
-6.726195985712193348e-01
-6.726498035762279448e-01
-6.726982745602125835e-01
-6.727602490409249070e-01
-6.728294518977988581e-01
-6.728996027430547144e-01
-6.729655803829207583e-01
-6.730241060356946248e-01
-6.730739281390144546e-01
-6.731155883785633343e-01
-6.731509084174011059e-01
-6.731823569225927617e-01
-6.732124421902753175e-01
-6.732432375164066896e-01
-6.732760970562290392e-01
-6.733115710855374081e-01
-6.733494903254051422e-01
-6.733891644615915828e-01
-6.734296313821064306e-01
-6.734698989102702038e-01
-6.735091357383450328e-01
-6.735467878305055889e-01
-6.735826160195295120e-01
-6.736166662445018938e-01
-6.736491937857597145e-01
-6.736805664445375541e-01
-6.737111696903533842e-01
-6.737413310117223997e-01
-6.737712730484713974e-01
-6.738010974349958326e-01
-6.738307950791467826e-01
-6.738602746672092136e-01
-6.738893997250744450e-01
-6.739180252680493366e-01
-6.739460272910066108e-01
-6.739733213076912755e-01
-6.739998691097245365e-01
-6.740256753227873432e-01
-6.740507768688689394e-01
-6.740752290210204611e-01
-6.740990914818019153e-01
-6.741224170780776292e-01
-6.741452445426333595e-01
-6.741675957280378606e-01
-6.741894766832349228e-01
-6.742108814398602989e-01
-6.742317971319857772e-01
-6.742522091634205461e-01
-6.742721054463444164e-01
-6.742914791512233386e-01
-6.743103298257316913e-01
-6.743286630806507587e-01
-6.743464892586616966e-01
-6.743638215872774788e-01
-6.743806742870912529e-01
-6.743970609958807039e-01
-6.744129937190352919e-01
-6.744284823654761452e-01
-6.744435348044190981e-01
-6.744581572981744877e-01
-6.744723551335229939e-01
-6.744861332829725775e-01
-6.744994969650583982e-01
-6.745124520252515632e-01
-6.745250051124328516e-01
-6.745371636700621121e-01
-6.745489357903402539e-01
-6.745603299923027540e-01
-6.745713549828704636e-01
-6.745820194476198628e-01
-6.745923319003668261e-01
-6.746023006023117441e-01
-6.746119335460054600e-01
-6.746212384888788938e-01
-6.746302230161254077e-01
-6.746388946127860331e-01
-6.746472607286021494e-01
-6.746553288249167446e-01
-6.746631063990297106e-01
-6.746706009867424747e-01
-6.746778201475764902e-01
-6.746847714390926676e-01
-6.746914623869835204e-01
-6.746979004565990534e-01
-6.747040930298131567e-01
-6.747100473891541883e-01
-6.747157707093581758e-01
-6.747212700551691311e-01
-6.747265523834807821e-01
-6.747316245477000818e-01
-6.747364933024470046e-01
-6.747411653071963000e-01
-6.747456471280681711e-01
-6.747499452375401718e-01
-6.747540660123095835e-01
-6.747580157297976555e-01
-6.747618005639228755e-01
-6.747654265807365714e-01
-6.747688997343981310e-01
-6.747722258638041426e-01
-6.747754106900233362e-01
-6.747784598145347701e-01
-6.747813787181686784e-01
-6.747841727605886630e-01
-6.747868471801379275e-01
-6.747894070938834643e-01
-6.747918574977297412e-01
-6.747942032665158463e-01
-6.747964491540502374e-01
-6.747985997930827651e-01
-6.748006596952298430e-01
-6.748026332508989533e-01
-6.748045247292515647e-01
-6.748063382782566455e-01
-6.748080779248668559e-01
-6.748097475753448427e-01
-6.748113510157517370e-01
-6.748128919125965242e-01
-6.748143738136338499e-01
-6.748158001487937208e-01
-6.748171742312197852e-01
-6.748184992583874386e-01
-6.748197783132877658e-01
-6.748210143656508953e-01
-6.748222102732044370e-01
-6.748233687829566785e-01
-6.748244925325060928e-01
-6.748255840513754933e-01
-6.748266457623804948e-01
-6.748276799830328354e-01
-6.748286889269853317e-01
-6.748296747055150258e-01
-6.748306393290477434e-01
-6.748315847087201780e-01
-6.748325126579659550e-01
-6.748334248941262326e-01
-6.748343230400734027e-01
-6.748352086258371241e-01
-6.748360830902312424e-01
-6.748369477824698315e-01
-6.748378039637725756e-01
-6.748386528089556080e-01
-6.748394954080053632e-01
-6.748403327676342212e-01
-6.748411658128199431e-01
-6.748419953883235678e-01
-6.748428222601877691e-01
-6.748436471172091222e-01
-6.748444705723869452e-01
-6.748452931643379449e-01
-6.748461153586795547e-01
-6.748469375493754141e-01
-6.748477600600382154e-01
-6.748485831451896955e-01
-6.748494069914761084e-01
-6.748502317188326272e-01
-6.748510573816003388e-01
-6.748518839695912819e-01
-6.748527114091044110e-01
-6.748535395638844969e-01
-6.748543682360320650e-01
-6.748551971668549365e-01
-6.748560260376675890e-01
-6.748568544705298988e-01
