-6.748576505383023783e-01
-6.748585220534716322e-01
-6.748593960366936484e-01
-6.748602718435970926e-01
-6.748611487785705076e-01
-6.748620260951524452e-01
-6.748629029963493231e-01
-6.748637786348801182e-01
-6.748646521133531140e-01
-6.748655224843691514e-01
-6.748663887505559345e-01
-6.748672498645309492e-01
-6.748681047287948820e-01
-6.748689521955545390e-01
-6.748697910664752664e-01
-6.748706200923646481e-01
-6.748714379727891455e-01
-6.748722433556272327e-01
-6.748730348365573617e-01
-6.748738109584875300e-01
-6.748745702109255618e-01
-6.748753110292927682e-01
-6.748760317941866482e-01
-6.748767308305875234e-01
-6.748774064070079959e-01
-6.748780567345930015e-01
-6.748786799661630198e-01
-6.748792741952024388e-01
-6.748798374547981815e-01
-6.748803677165319259e-01
-6.748808628893304684e-01
-6.748813208182838919e-01
-6.748817392834359774e-01
-6.748821159985616269e-01
-6.748824486099268549e-01
-6.748827346950398987e-01
-6.748829717613886725e-01
-6.748831572451636784e-01
-6.748832885099528278e-01
-6.748833628454068423e-01
-6.748833774658692386e-01
-6.748833295089710083e-01
-6.748832160342000952e-01
-6.748830340214618806e-01
-6.748827803696525462e-01
-6.748824518952777352e-01
-6.748820453311320522e-01
-6.748815573250626088e-01
-6.748809844388203860e-01
-6.748803231469884256e-01
-6.748795698359590922e-01
-6.748787208029247697e-01
-6.748777722548383595e-01
-6.748767203073126053e-01
-6.748755609834410363e-01
-6.748742902125516308e-01
-6.748729038289458249e-01
-6.748713975706948087e-01
-6.748697670785910319e-01
-6.748680078953497308e-01
-6.748661154651398597e-01
-6.748640851334669621e-01
-6.748619121473788951e-01
-6.748595916558887131e-01
-6.748571187104529523e-01
-6.748544882653189081e-01
-6.748516951775639372e-01
-6.748487342067125416e-01
-6.748456000139295696e-01
-6.748422871609252027e-01
-6.748387901088490626e-01
-6.748351032175513575e-01
-6.748312207456312883e-01
-6.748271368516209900e-01
-6.748228455964874195e-01
-6.748183409473713645e-01
-6.748136167821813247e-01
-6.748086668943666933e-01
-6.748034849970230287e-01
-6.747980647254659958e-01
-6.747923996376335998e-01
-6.747864832121180934e-01
-6.747803088442519970e-01
-6.747738698413386915e-01
-6.747671594186926969e-01
-6.747601706984465153e-01
-6.747528967129310384e-01
-6.747453304137885910e-01
-6.747374646868340431e-01
-6.747292923712202573e-01
-6.747208062799870953e-01
-6.747119992179314574e-01
-6.747028639923506876e-01
-6.746933934128771515e-01
-6.746835802784371117e-01
-6.746734173522341838e-01
-6.746628973290644815e-01
-6.746520128025449425e-01
-6.746407562420743131e-01
-6.746291199896871094e-01
-6.746170962847840569e-01
-6.746046773199301239e-01
-6.745918553239109716e-01
-6.745786226602789037e-01
-6.745649719223705265e-01
-6.745508960013200106e-01
-6.745363881037537146e-01
-6.745214417019135267e-01
-6.745060504109970934e-01
-6.744902078051940864e-01
-6.744739072023808735e-01
-6.744571414636710838e-01
-6.744399028633955018e-01
-6.744221830834903342e-01
-6.744039733711074680e-01
-6.743852648694982355e-01
-6.743660490932070761e-01
-6.743463184758005102e-01
-6.743260668810662217e-01
-6.743052899470727279e-01
-6.742839851359938574e-01
-6.742621513970578073e-01
-6.742397884154877064e-01
-6.742168955099107075e-01
-6.741934703400630502e-01
-6.741695076753636551e-01
-6.741449985299499126e-01
-6.741199299695181946e-01
-6.740942858252219061e-01
-6.740680484072230083e-01
-6.740412011081522436e-01
-6.740137315541645524e-01
-6.739856347423692773e-01
-6.739569154506129811e-01
-6.739275891704935573e-01
-6.738976809367187570e-01
-6.738672217211846283e-01
-6.738362425107332632e-01
-6.738047667372342175e-01
-6.737728022844186038e-01
-6.737403347380603869e-01
-6.737073237463632180e-01
-6.736737042040873424e-01
-6.736393934002466999e-01
-6.736043042801176384e-01
-6.735683636639598904e-01
-6.735315328299740223e-01
-6.734938265838423810e-01
-6.734553261263639401e-01
-6.734161810119563274e-01
-6.733765965041349499e-01
-6.733368047663483846e-01
-6.732970214459652603e-01
-6.732573929272673841e-01
-6.732179432065713565e-01
-6.731785321517199661e-01
-6.731388379579831271e-01
-6.730983751254245862e-01
-6.730565548044675772e-01
-6.730127869584072720e-01
-6.729666142232851866e-01
-6.729178570805716131e-01
-6.728667410932116510e-01
-6.728139719345105352e-01
-6.727607251079632533e-01
-6.727085262958319989e-01
-6.726590156037506318e-01
-6.726136132435626136e-01
-6.725731320559662496e-01
-6.725374084732808067e-01
-6.725050415445057439e-01
-6.724733328049147252e-01
-6.724385027064423426e-01
-6.723962196405397496e-01
-6.723424173418035554e-01
-6.722743030880420356e-01
-6.721913853770303815e-01
-6.720962924922675441e-01
-6.719951308472205120e-01
-6.718971601600346455e-01
-6.718136505176283135e-01
-6.717559323599637811e-01
-6.717328384525640406e-01
-6.717479365258857138e-01
-6.717971200735773918e-01
-6.718672148729412097e-01
-6.719362259845201857e-01
-6.719756650813091259e-01
-6.719550574444214108e-01
-6.718482622174724028e-01
-6.716407160513492292e-01
-6.713362301245763275e-01
-6.709616562910355464e-01
-6.705677131456282414e-01
-6.702246227079222685e-01
-6.700119887239740502e-01
-6.700034949641944237e-01
-6.702483589983988521e-01
-6.707527903001776481e-01
-6.714656572772310650e-01
-6.722728508238894340e-01
-6.730041957045971301e-01
-6.734550915264981841e-01
-6.734224274665994159e-01
-6.727509815889031186e-01
-6.713829797983666969e-01
-6.694004621008589062e-01
-6.670484664214986203e-01
-6.647277075385907841e-01
-6.629490861815611202e-01
-6.622491133225825166e-01
-6.630743890788443062e-01
-6.656529005951200562e-01
-6.698777629382738352e-01
-6.752328681472864469e-01
-6.807882744229264427e-01
-6.852857266066678665e-01
-6.873219419892326876e-01
-6.856198636505231869e-01
-6.793564784049949123e-01
-6.684913221309496389e-01
-6.540167707813639986e-01
-6.380388358687075767e-01
-6.236080851760018584e-01
-6.142639432800561794e-01
-6.133288625789630188e-01
-6.230710317059806602e-01
-6.439135442980703505e-01
-6.738780679324144485e-01
-7.084090092270044492e-01
-7.406560853244790188e-01
-7.622406507619263749e-01
-7.645176383178134971e-01
-7.403371746793586672e-01
-6.862099694836825137e-01
-6.044959272713763543e-01
-5.048246663659083922e-01
-4.037278458860930619e-01
-3.218152851639525247e-01
-2.788208164242753084e-01
-2.879531372724809524e-01
-3.514870168160501573e-01
-4.591366036754554458e-01
-5.896978020396942410e-01
-7.151689216679101291e-01
-8.056986512830067726e-01
-8.339999192905559466e-01
-7.792634043793419396e-01
-6.316703159201785267e-01
-3.975739615135845950e-01
-1.024534162074643012e-01
2.129167136245589675e-01
5.043590721966213497e-01
7.389310369001179657e-01
9.034691553511725592e-01
1.003242125736969026e+00
1.053350214996712220e+00
1.068236474897451771e+00
1.053729006881554353e+00
1.004128618242464022e+00
9.050542169171147400e-01
7.413516559750839008e-01
5.075756514707733258e-01
2.166454686839621724e-01
-9.869675372477464126e-02
-3.943239766251647738e-01
-6.293395446480573030e-01
-7.780440581972822844e-01
-8.338650579726142320e-01
-8.064579475548494525e-01
-7.165278408786823761e-01
-5.913051874757329074e-01
-4.606330165783474317e-01
-3.525633469941736320e-01
-2.884099683323411711e-01
-2.786071532446102172e-01
-3.210298101877240295e-01
-4.025805202938815275e-01
-5.035718433753891832e-01
-6.033718865770353323e-01
-6.853773268745810832e-01
-7.398676569570615813e-01
-7.644003062375449575e-01
-7.624058700935745225e-01
-7.410033624265074392e-01
-7.088315047478130904e-01
-6.742811978040357257e-01
-6.442273459480658548e-01
-6.232564370025032163e-01
-6.133780597591250716e-01
-6.141954555972403140e-01
-6.234580226313430895e-01
-6.378505054442270561e-01
-6.538310087561426398e-01
-6.683394109617372125e-01
-6.792565530589964595e-01
-6.855766995552051712e-01
-6.873292924177363261e-01
-6.853300777892256113e-01
-6.808529466564560151e-01
-6.753016513790941477e-01
-6.699375910681245605e-01
-6.656953578751456657e-01
-6.630960755684816021e-01
-6.622510688842123683e-01
-6.629355811595606385e-01
-6.647047493315111355e-01
-6.670223463714918255e-01
-6.693765894173629993e-01
-6.713651420103445844e-01
-6.727410614967961333e-01
-6.734205174814388295e-01
-6.734598903959119198e-01
-6.730135518659390303e-01
-6.722843249773506891e-01
-6.714770044889531997e-01
-6.707622990382130501e-01
-6.702550226626075025e-01
-6.700070246565231757e-01
-6.700127003894637001e-01
-6.702232455388064114e-01
-6.705651692885828963e-01
-6.709588560230194121e-01
-6.713339145205126091e-01
-6.716393640706023183e-01
-6.718480642911635048e-01
-6.719559455864041464e-01
-6.719773817997067855e-01
-6.719384112875020909e-01
-6.718694919609468075e-01
-6.717991647620324969e-01
-6.717495216023195992e-01
-6.717338505904243418e-01
-6.717563646849409320e-01
-6.718135776570125506e-01
-6.718967042819121716e-01
-6.719944269385845770e-01
-6.720954593945760447e-01
-6.721905065392589362e-01
-6.722734182778551393e-01
-6.723415242289073612e-01
-6.723952825876899908e-01
-6.724374654020744968e-01
-6.724721314749355638e-01
-6.725036161766018150e-01
-6.725357104970397515e-01
-6.725711279738441073e-01
-6.726112845879551605e-01
-6.726563561781201406e-01
-6.727055379077712116e-01
-6.727574129587341467e-01
-6.728103405798746550e-01
-6.728627915384035596e-01
-6.729135852136921558e-01
-6.729620104962649174e-01
-6.730078370305496716e-01
-6.730512407771708228e-01
-6.730926770017948702e-01
-6.731327350287626965e-01
-6.731720041074352734e-01
-6.732109708777768153e-01
-6.732499586413152048e-01
-6.732891090503791975e-01
-6.733283994039475084e-01
-6.733676842371357774e-01
-6.734067483874679461e-01
-6.734453597603216046e-01
-6.734833128198153274e-01
-6.735204575072766264e-01
-6.735567120085292903e-01
-6.735920609133114745e-01
-6.736265424460918805e-01
-6.736602294654008283e-01
-6.736932089151088654e-01
-6.737255636054809704e-01
-6.737573589214846947e-01
-6.737886356247604347e-01
-6.738194086095218305e-01
-6.738496704838541351e-01
-6.738793982725559406e-01
-6.739085613812090259e-01
-6.739371291574584033e-01
-6.739650768236206124e-01
-6.739923891072508999e-01
-6.740190614439787176e-01
-6.740450990770417983e-01
-6.740705146741975406e-01
-6.740953252069720181e-01
-6.741195488046943796e-01
-6.741432021454607515e-01
-6.741662987292170728e-01
-6.741888481466433714e-01
-6.742108562552732165e-01
-6.742323260309025512e-01
-6.742532587909553232e-01
-6.742736554847461594e-01
-6.742935177992549489e-01
-6.743128489168539463e-01
-6.743316538603626453e-01
-6.743499394505255706e-01
-6.743677139670525289e-01
-6.743849866395381643e-01
-6.744017670988762259e-01
-6.744180648988499227e-01
-6.744338891806500591e-01
-6.744492485103734669e-01
-6.744641508803530527e-01
-6.744786038360985891e-01
-6.744926146750783724e-01
-6.745061906616148795e-01
-6.745193392113001396e-01
-6.745320680144671899e-01
-6.745443850867528512e-01
-6.745562987516126041e-01
-6.745678175718551328e-01
-6.745789502535107784e-01
-6.745897055456604452e-01
-6.746000921554512475e-01
-6.746101186903168401e-01
-6.746197936313927945e-01
-6.746291253350654715e-01
-6.746381220546957547e-01
-6.746467919723202478e-01
-6.746551432304264129e-01
-6.746631839561163524e-01
-6.746709222732526490e-01
-6.746783663016349131e-01
-6.746855241451418239e-01
-6.746924038726335171e-01
-6.746990134961028396e-01
-6.747053609501797444e-01
-6.747114540759581169e-01
-6.747173006106215176e-01
-6.747229081828686192e-01
-6.747282843129862595e-01
-6.747334364157445696e-01
-6.747383718041458645e-01
-6.747430976923440848e-01
-6.747476211966237924e-01
-6.747519493340157215e-01
-6.747560890187415117e-01
-6.747600470571405440e-01
-6.747638301419446316e-01
-6.747674448467632091e-01
-6.747708976214586984e-01
-6.747741947888022951e-01
-6.747773425424908877e-01
-6.747803469463455883e-01
-6.747832139343347135e-01
-6.747859493110067719e-01
-6.747885587519448780e-01
-6.747910478039688131e-01
-6.747934218849476196e-01
-6.747956862832279468e-01
-6.747978461567888386e-01
-6.747999065323078138e-01
-6.748018723043252010e-01
-6.748037482346652682e-01
-6.748055389522249481e-01
-6.748072489531574680e-01
-6.748088826014274622e-01
-6.748104441296552958e-01
-6.748119376401630065e-01
-6.748133671061149474e-01
-6.748147363726826331e-01
-6.748160491581860487e-01
-6.748173090551937703e-01
-6.748185195316039886e-01
-6.748196839317365248e-01
-6.748208054774734732e-01
-6.748218872694931036e-01
-6.748229322886147852e-01
-6.748239433972723633e-01
-6.748249233411053316e-01
-6.748258747506526989e-01
-6.748268001431224627e-01
-6.748277019242104879e-01
-6.748285823899450309e-01
-6.748294437285383696e-01
-6.748302880222378786e-01
-6.748311172491716636e-01
-6.748319332851967500e-01
-6.748327379057503794e-01
-6.748335327877124090e-01
-6.748343195112870285e-01
-6.748350995618962456e-01
-6.748358743320923558e-01
-6.748366451234736330e-01
-6.748374131486021277e-01
-6.748381795329091437e-01
-6.748389453165887231e-01
-6.748397114564586019e-01
-6.748404788277962973e-01
-6.748412482261400003e-01
-6.748420203690518315e-01
-6.748427958978509000e-01
-6.748435753793031733e-01
-6.748443593072762647e-01
-6.748451481043556965e-01
-6.748459421234177524e-01
-6.748467416491609194e-01
-6.748475468995878135e-01
-6.748483580274361460e-01
-6.748491751215592860e-01
-6.748499982082452053e-01
-6.748508272524791352e-01
-6.748516621591441611e-01
-6.748525027741567595e-01
-6.748533488855428253e-01
-6.748542002244470872e-01
-6.748550564660769080e-01
-6.748559172305809151e-01
-6.748567820838584641e-01
