-6.748575307166718718e-01
-6.748584226670556463e-01
-6.748593188355406225e-01
-6.748602185619392291e-01
-6.748611211373031216e-01
-6.748620258043191988e-01
-6.748629317576293474e-01
-6.748638381440719147e-01
-6.748647440628491312e-01
-6.748656485656164827e-01
-6.748665506565001415e-01
-6.748674492920372359e-01
-6.748683433810405141e-01
-6.748692317843928423e-01
-6.748701133147666509e-01
-6.748709867362759907e-01
-6.748718507640544262e-01
-6.748727040637674257e-01
-6.748735452510575827e-01
-6.748743728909228912e-01
-6.748751854970287400e-01
-6.748759815309587351e-01
-6.748767594014000171e-01
-6.748775174632694052e-01
-6.748782540167804767e-01
-6.748789673064554684e-01
-6.748796555200865521e-01
-6.748803167876453735e-01
-6.748809491801512905e-01
-6.748815507084940934e-01
-6.748821193222178660e-01
-6.748826529082641024e-01
-6.748831492896745221e-01
-6.748836062242546951e-01
-6.748840214032056917e-01
-6.748843924497159863e-01
-6.748847169175277161e-01
-6.748849922894782916e-01
-6.748852159760311276e-01
-6.748853853138022663e-01
-6.748854975640870002e-01
-6.748855499113997070e-01
-6.748855394620196790e-01
-6.748854632425427269e-01
-6.748853181984313387e-01
-6.748851011925562915e-01
-6.748848090037171676e-01
-6.748844383251488832e-01
-6.748839857630162253e-01
-6.748834478349201582e-01
-6.748828209684409885e-01
-6.748821014997539169e-01
-6.748812856723533926e-01
-6.748803696359044757e-01
-6.748793494452290931e-01
-6.748782210594063136e-01
-6.748769803409508938e-01
-6.748756230549998181e-01
-6.748741448684519861e-01
-6.748725413490018754e-01
-6.748708079640556301e-01
-6.748689400795538917e-01
-6.748669329587887455e-01
-6.748647817613485644e-01
-6.748624815423506229e-01
-6.748600272521165788e-01
-6.748574137363961833e-01
-6.748546357371519866e-01
-6.748516878938093377e-01
-6.748485647447524105e-01
-6.748452607287556138e-01
-6.748417701860167650e-01
-6.748380873585021478e-01
-6.748342063894587906e-01
-6.748301213221551409e-01
-6.748258260981827572e-01
-6.748213145558645820e-01
-6.748165804294792292e-01
-6.748116173500062764e-01
-6.748064188479222514e-01
-6.748009783582356036e-01
-6.747952892274544645e-01
-6.747893447216752882e-01
-6.747831380345601371e-01
-6.747766622937495518e-01
-6.747699105643834017e-01
-6.747628758488755096e-01
-6.747555510828785463e-01
-6.747479291283831060e-01
-6.747400027658426724e-01
-6.747317646879277264e-01
-6.747232074977052019e-01
-6.747143237135592164e-01
-6.747051057820264708e-01
-6.746955460980207375e-01
-6.746856370300330363e-01
-6.746753709462138815e-01
-6.746647402362806467e-01
-6.746537373243166602e-01
-6.746423546689367390e-01
-6.746305847498994535e-01
-6.746184200435744183e-01
-6.746058529930418768e-01
-6.745928759811201658e-01
-6.745794813154289971e-01
-6.745656612331735191e-01
-6.745514079295498178e-01
-6.745367136080943071e-01
-6.745215705450515742e-01
-6.745059711544727499e-01
-6.744899080379972434e-01
-6.744733740044291936e-01
-6.744563620499096634e-01
-6.744388652991242239e-01
-6.744208769198006825e-01
-6.744023900338579347e-01
-6.743833976555676513e-01
-6.743638926868291694e-01
-6.743438679902798993e-01
-6.743233165425861486e-01
-6.743022316457406573e-01
-6.742806071489375608e-01
-6.742584376147249259e-01
-6.742357183582465829e-01
-6.742124453031920206e-01
-6.741886146346287578e-01
-6.741642222835874110e-01
-6.741392633413654245e-01
-6.741137315577132583e-01
-6.740876191082167956e-01
-6.740609168051442390e-01
-6.740336148617963596e-01
-6.740057042029777845e-01
-6.739771781580519150e-01
-6.739480342078453257e-01
-6.739182753241705903e-01
-6.738879103876075360e-01
-6.738569532361700087e-01
-6.738254201068950566e-01
-6.737933255763725038e-01
-6.737606775392354086e-01
-6.737274722022560391e-01
-6.736936904040684571e-01
-6.736592966761232315e-01
-6.736242422378933004e-01
-6.735884725182754718e-01
-6.735519388449766609e-01
-6.735146127712891007e-01
-6.734765003378486714e-01
-6.734376526890413217e-01
-6.733981691923246471e-01
-6.733581898045396530e-01
-6.733178750206483265e-01
-6.732773742508221249e-01
-6.732367865760351400e-01
-6.731961209590204831e-01
-6.731552653831142097e-01
-6.731139752476174021e-01
-6.730718899797175636e-01
-6.730285828703177486e-01
-6.729836427553885780e-01
-6.729367781247258540e-01
-6.728879259566450388e-01
-6.728373409457057974e-01
-6.727856378877240529e-01
-6.727337626327944964e-01
-6.726828762713761289e-01
-6.726341529012515030e-01
-6.725885116913472572e-01
-6.725463256512851373e-01
-6.725071678629974681e-01
-6.724696656568649455e-01
-6.724315294864738890e-01
-6.723898029316336400e-01
-6.723413431073290702e-01
-6.722834903568573051e-01
-6.722148301415888927e-01
-6.721358997275393987e-01
-6.720496608372439340e-01
-6.719615596796419954e-01
-6.718790369957020614e-01
-6.718104356156380241e-01
-6.717633749514517749e-01
-6.717428038836507076e-01
-6.717490791621544277e-01
-6.717765130560978681e-01
-6.718128583621982841e-01
-6.718401246322672771e-01
-6.718369348041435263e-01
-6.717823457457791081e-01
-6.716607040911818371e-01
-6.714667494468057329e-01
-6.712098889012033665e-01
-6.709164355933291413e-01
-6.706287062490402517e-01
-6.704002545082886622e-01
-6.702871746930995078e-01
-6.703362755618054170e-01
-6.705718587109975592e-01
-6.709836501613472004e-01
-6.715189106650868434e-01
-6.720816934271363063e-01
-6.725414951650230400e-01
-6.727521305330171897e-01
-6.725796559135260866e-01
-6.719358269147107654e-01
-6.708112894359259393e-01
-6.693009944189673988e-01
-6.676137730967680595e-01
-6.660591428962132632e-01
-6.650075368834087453e-01
-6.648251391175726832e-01
-6.657906832435027678e-01
-6.680077255753701371e-01
-6.713305545385314099e-01
-6.753236882809247055e-01
-6.792729817520075652e-01
-6.822604961621078212e-01
-6.833057514929559151e-01
-6.815632860710976182e-01
-6.765513197295276449e-01
-6.683703366773768861e-01
-6.578570345676634235e-01
-6.466142044417257928e-01
-6.368676597884832535e-01
-6.311315667048803535e-01
-6.317103441588823864e-01
-6.401163146977397744e-01
-6.565196136200054378e-01
-6.793560861290652841e-01
-7.051981527811232997e-01
-7.289562663936601794e-01
-7.444450349059006378e-01
-7.453276238853067115e-01
-7.264239716643874356e-01
-6.852820131525945158e-01
-6.237256834010912465e-01
-5.488517158272265828e-01
-4.728203569004654216e-01
-4.109911296189038277e-01
-3.785450687091855837e-01
-3.864477746391605240e-01
-4.380173037407905645e-01
-5.272088843347795262e-01
-6.390745677044928907e-01
-7.519981322401059209e-01
-8.407158721774590227e-01
-8.793187138198546027e-01
-8.444386254220089816e-01
-7.197568379463459287e-01
-5.023384246178166368e-01
-2.085057266152025857e-01
1.258566609881161535e-01
4.542367973735130793e-01
7.345261649837410145e-01
9.405469864070755692e-01
1.063422189777466942e+00
1.104175449600622416e+00
1.064493236453936564e+00
9.427164514921283489e-01
7.377531395663674552e-01
4.582908084475480481e-01
1.302711185843700714e-01
-2.043400980700743885e-01
-4.989790202740050917e-01
-7.175411233139437073e-01
-8.434332895398880536e-01
-8.793745079159037692e-01
-8.415578707818415216e-01
-7.532991170979987938e-01
-6.405032770278107357e-01
-5.284677574205831618e-01
-4.388796759334849251e-01
-3.867899247963154097e-01
-3.783609027592997887e-01
-4.103809890504584446e-01
-4.719554057211837184e-01
-5.479249465535366292e-01
-6.229052359227377211e-01
-6.846801333329832762e-01
-7.260870178756191340e-01
-7.452439038861587983e-01
-7.445625512094016241e-01
-7.292026598812965110e-01
-7.054980276502349490e-01
-6.796437970161240960e-01
-6.567472566174060722e-01
-6.402572549125377099e-01
-6.317587970308718992e-01
-6.310989797379519262e-01
-6.367769724728415959e-01
-6.464933182346009888e-01
-6.577328171333870488e-01
-6.682641677169012251e-01
-6.764766673392932361e-01
-6.815252689954724996e-01
-6.833022541756723633e-01
-6.822842275132184886e-01
-6.793138785485804965e-01
-6.753711851704852220e-01
-6.713754015097477268e-01
-6.680431854331065900e-01
-6.658130689470906916e-01
-6.648337512858326637e-01
-6.650041351737179252e-01
-6.660471289111269400e-01
-6.675972742125045878e-01
-6.692840183544795929e-01
-6.707970751448375513e-01
-6.719264598311134318e-01
-6.725759574588607848e-01
-6.727537837232800966e-01
-6.725473365211548371e-01
-6.720900879936053673e-01
-6.715281299958862915e-01
-6.709921886642706834e-01
-6.705786468085073171e-01
-6.703407736825914842e-01
-6.702893556109275064e-01
-6.704004994594191524e-01
-6.706276504664101523e-01
-6.709148009058240048e-01
-6.712083359217727585e-01
-6.714657718343980397e-01
-6.716605751922167800e-01
-6.717831162812796242e-01
-6.718384712348087762e-01
-6.718421725657068855e-01
-6.718151140749594186e-01
-6.717786883062754066e-01
-6.717509488692237074e-01
-6.717442316523607460e-01
-6.717643166005263788e-01
-6.718109249165129526e-01
-6.718791602140657959e-01
-6.719614261464856853e-01
-6.720493759130808931e-01
-6.721355446513440635e-01
-6.722144509515124433e-01
-6.722830958675930502e-01
-6.723409102268123050e-01
-6.723892866107087363e-01
-6.724308743471638650e-01
-6.724688167165561170e-01
-6.725060785497776195e-01
-6.725449622466896926e-01
-6.725868542219237689e-01
-6.726321931720624647e-01
-6.726806141131668193e-01
-6.727312015160100689e-01
-6.727827808957552724e-01
-6.728341877860644082e-01
-6.728844713203617767e-01
-6.729330113665853430e-01
-6.729795486194593002e-01
-6.730241428533024761e-01
-6.730670839060642896e-01
-6.731087827001898116e-01
-6.731496667551994939e-01
-6.731900980298208825e-01
-6.732303226315041744e-01
-6.732704538550826623e-01
-6.733104835830406865e-01
-6.733503130872361409e-01
-6.733897928742565986e-01
-6.734287620575915012e-01
-6.734670801337188095e-01
-6.735046471741333862e-01
-6.735414115633232557e-01
-6.735773669379280237e-01
-6.736125415859696153e-01
-6.736469841687758864e-01
-6.736807493599304975e-01
-6.737138861167331072e-01
-6.737464301243732967e-01
-6.737784007761982163e-01
-6.738098020992420167e-01
-6.738406264302864157e-01
-6.738708594237616811e-01
-6.739004850783224532e-01
-6.739294898020911084e-01
-6.739578649762372198e-01
-6.739856079105240871e-01
-6.740127214290020374e-01
-6.740392125335867846e-01
-6.740650906600768044e-01
-6.740903659877380827e-01
-6.741150481308563203e-01
-6.741391453753584617e-01
-6.741626644675896562e-01
-6.741856108451786955e-01
-6.742079891360012178e-01
-6.742298037404749200e-01
-6.742510593436729094e-01
-6.742717612598951860e-01
-6.742919155752151728e-01
-6.743115291079382345e-01
-6.743306092431562426e-01
-6.743491637121886706e-01
-6.743672003826916006e-01
-6.743847271064011828e-01
-6.744017516463446382e-01
-6.744182816810386782e-01
-6.744343248650384037e-01
-6.744498889159565858e-01
-6.744649816979076951e-01
-6.744796112783183473e-01
-6.744937859460836682e-01
-6.745075141907264094e-01
-6.745208046517502387e-01
-6.745336660529507311e-01
-6.745461071375717932e-01
-6.745581366174114857e-01
-6.745697631436716746e-01
-6.745809953011719928e-01
-6.745918416220182401e-01
-6.746023106111174172e-01
-6.746124107745228304e-01
-6.746221506424097125e-01
-6.746315387809916908e-01
-6.746405837910025571e-01
-6.746492942936713755e-01
-6.746576789076870195e-01
-6.746657462220218004e-01
-6.746735047696319487e-01
-6.746809630060770502e-01
-6.746881292954588494e-01
-6.746950119041973393e-01
-6.747016190015036052e-01
-6.747079586642527049e-01
-6.747140388835037861e-01
-6.747198675700950554e-01
-6.747254525574257755e-01
-6.747308016004923692e-01
-6.747359223712349197e-01
-6.747408224510286212e-01
-6.747455093216341293e-01
-6.747499903560424395e-01
-6.747542728104419796e-01
-6.747583638181222643e-01
-6.747622703856204218e-01
-6.747659993909389531e-01
-6.747695575833160264e-01
-6.747729515838468695e-01
-6.747761878862699181e-01
-6.747792728573540622e-01
-6.747822127365697975e-01
-6.747850136349732297e-01
-6.747876815334430400e-01
-6.747902222805506334e-01
-6.747926415904049735e-01
-6.747949450407746408e-01
-6.747971380717094902e-01
-6.747992259847596097e-01
-6.748012139427864708e-01
-6.748031069702553619e-01
-6.748049099538676598e-01
-6.748066276433641875e-01
-6.748082646523715367e-01
-6.748098254592035383e-01
-6.748113144075879033e-01
-6.748127357073313570e-01
-6.748140934349791120e-01
-6.748153915345284082e-01
-6.748166338182542967e-01
-6.748178239676955181e-01
-6.748189655348136862e-01
-6.748200619433262215e-01
-6.748211164901838366e-01
-6.748221323471662592e-01
-6.748231125625537841e-01
-6.748240600628514496e-01
-6.748249776545441891e-01
-6.748258680258699682e-01
-6.748267337486142381e-01
-6.748275772799326999e-01
-6.748284009642023795e-01
-6.748292070349187766e-01
-6.748299976166337588e-01
-6.748307747269333134e-01
-6.748315402784534900e-01
-6.748322960809226556e-01
-6.748330438432216249e-01
-6.748337851754510064e-01
-6.748345215909988815e-01
-6.748352545086010457e-01
-6.748359852543952542e-01
-6.748367150639565937e-01
-6.748374450843221961e-01
-6.748381763759996321e-01
-6.748389099149560977e-01
-6.748396465945847300e-01
-6.748403872276500515e-01
-6.748411325482033263e-01
-6.748418832134650547e-01
-6.748426398056707187e-01
-6.748434028338731183e-01
-6.748441727357030739e-01
-6.748449498790826118e-01
-6.748457345638849691e-01
-6.748465270235474156e-01
-6.748473274266280075e-01
-6.748481358783052775e-01
-6.748489524218221902e-01
-6.748497770398717011e-01
-6.748506096559173661e-01
-6.748514501354507811e-01
-6.748522982871861808e-01
-6.748531538641856509e-01
-6.748540165649136169e-01
-6.748548860342229450e-01
-6.748557618642681000e-01
-6.748566435953479159e-01
