-6.748577072717775183e-01
-6.748585439613957737e-01
-6.748593798116964138e-01
-6.748602142056151498e-01
-6.748610464708023615e-01
-6.748618758800030148e-01
-6.748627016513717436e-01
-6.748635229487208731e-01
-6.748643388817098243e-01
-6.748651485059664612e-01
-6.748659508231484860e-01
-6.748667447809376663e-01
-6.748675292729765518e-01
-6.748683031387400222e-01
-6.748690651633481030e-01
-6.748698140773179421e-01
-6.748705485562571660e-01
-6.748712672204973950e-01
-6.748719686346703606e-01
-6.748726513072291766e-01
-6.748733136899167651e-01
-6.748739541771787698e-01
-6.748745711055290641e-01
-6.748751627528645214e-01
-6.748757273377358201e-01
-6.748762630185733968e-01
-6.748767678928734304e-01
-6.748772399963413049e-01
-6.748776773020005448e-01
-6.748780777192660008e-01
-6.748784390929808419e-01
-6.748787592024240167e-01
-6.748790357602856282e-01
-6.748792664116166629e-01
-6.748794487327534064e-01
-6.748795802302245406e-01
-6.748796583396431403e-01
-6.748796804245905667e-01
-6.748796437754919220e-01
-6.748795456084986100e-01
-6.748793830643697866e-01
-6.748791532073615818e-01
-6.748788530241229822e-01
-6.748784794225995975e-01
-6.748780292309434214e-01
-6.748774991964275882e-01
-6.748768859843702339e-01
-6.748761861770679049e-01
-6.748753962727479516e-01
-6.748745126845502318e-01
-6.748735317395495592e-01
-6.748724496778357729e-01
-6.748712626516646385e-01
-6.748699667246901290e-01
-6.748685578712889654e-01
-6.748670319759677572e-01
-6.748653848328506344e-01
-6.748636121452262771e-01
-6.748617095251355780e-01
-6.748596724929791790e-01
-6.748574964771321127e-01
-6.748551768135567785e-01
-6.748527087454393447e-01
-6.748500874228740010e-01
-6.748473079026514609e-01
-6.748443651482148864e-01
-6.748412540298496243e-01
-6.748379693251623790e-01
-6.748345057198853469e-01
-6.748308578089924348e-01
-6.748270200980812650e-01
-6.748229870049156087e-01
-6.748187528609996821e-01
-6.748143119130224354e-01
-6.748096583240397184e-01
-6.748047861743055043e-01
-6.747996894617386276e-01
-6.747943621021325056e-01
-6.747887979293227811e-01
-6.747829906956377410e-01
-6.747769340730254140e-01
-6.747706216552354919e-01
-6.747640469613707115e-01
-6.747572034409240471e-01
-6.747500844801860298e-01
-6.747426834096005299e-01
-6.747349935113611252e-01
-6.747270080263215730e-01
-6.747187201592067529e-01
-6.747101230812317940e-01
-6.747012099295693899e-01
-6.746919738036726288e-01
-6.746824077591763169e-01
-6.746725048008702652e-01
-6.746622578769277956e-01
-6.746516598769630724e-01
-6.746407036364706622e-01
-6.746293819496007593e-01
-6.746176875910442350e-01
-6.746056133460984761e-01
-6.745931520459856889e-01
-6.745802966035353565e-01
-6.745670400428567248e-01
-6.745533755160848521e-01
-6.745392963010475862e-01
-6.745247957760417412e-01
-6.745098673717430104e-01
-6.744945045052531674e-01
-6.744787005066582575e-01
-6.744624485532156877e-01
-6.744457416291729235e-01
-6.744285725290926070e-01
-6.744109339185377916e-01
-6.743928184577517859e-01
-6.743742189820908228e-01
-6.743551287188640497e-01
-6.743355415063055913e-01
-6.743154519696961113e-01
-6.742948556054293441e-01
-6.742737487289546250e-01
-6.742521282587233822e-01
-6.742299913353388963e-01
-6.742073348104964392e-01
-6.741841546788656103e-01
-6.741604455604287560e-01
-6.741362003622574095e-01
-6.741114102487687498e-01
-6.740860650216672356e-01
-6.740601539526701602e-01
-6.740336670271386277e-01
-6.740065964551872346e-01
-6.739789382056564637e-01
-6.739506932395560312e-01
-6.739218680869787370e-01
-6.738924744461254335e-01
-6.738625275977573326e-01
-6.738320436224786159e-01
-6.738010356637375020e-01
-6.737695097595125526e-01
-6.737374610171179556e-01
-6.737048710652215888e-01
-6.736717077226914707e-01
-6.736379276273991579e-01
-6.736034821511289739e-01
-6.735683263129265130e-01
-6.735324296661545640e-01
-6.734957873967308828e-01
-6.734584292913363690e-01
-6.734204239884388210e-01
-6.733818761658392216e-01
-6.733429151410973423e-01
-6.733036747631140351e-01
-6.732642663253277648e-01
-6.732247482675650652e-01
-6.731850982683447171e-01
-6.731451945030347828e-01
-6.731048129011720782e-01
-6.730636458286201051e-01
-6.730213446097402796e-01
-6.729775838605561722e-01
-6.729321402575474398e-01
-6.728849730064317969e-01
-6.728362890607260116e-01
-6.727865743324910053e-01
-6.727365738572326226e-01
-6.726872098131722044e-01
-6.726394364357831668e-01
-6.725940442766902283e-01
-6.725514410042917612e-01
-6.725114492317343373e-01
-6.724731703598275656e-01
-6.724349638501224691e-01
-6.723945811725039468e-01
-6.723494719184752721e-01
-6.722972474682740174e-01
-6.722362489954245568e-01
-6.721661279059770733e-01
-6.720883164187111403e-01
-6.720062530067247852e-01
-6.719252399215961402e-01
-6.718518529832971931e-01
-6.717928970734352578e-01
-6.717539974787762880e-01
-6.717380233794525424e-01
-6.717436350925303223e-01
-6.717643072240202518e-01
-6.717881821610751647e-01
-6.717990345115473216e-01
-6.717784704363390924e-01
-6.717092553591734738e-01
-6.715793868327433191e-01
-6.713862522084567130e-01
-6.711399931629261628e-01
-6.708651067182160865e-01
-6.705994038569925708e-01
-6.703897584724847203e-01
-6.702846094688104106e-01
-6.703238758420094756e-01
-6.705277040344338468e-01
-6.708861401399131008e-01
-6.713522356700734051e-01
-6.718410929984978130e-01
-6.722368187276637208e-01
-6.724082412013534515e-01
-6.722326259168037721e-01
-6.716246713781296451e-01
-6.705660925286445195e-01
-6.691295154605126916e-01
-6.674897026238472142e-01
-6.659157728011428912e-01
-6.647403892848001705e-01
-6.643058551158964598e-01
-6.648922163696824317e-01
-6.666379138589584308e-01
-6.694680266390606871e-01
-6.730475183167375919e-01
-6.767762687195867377e-01
-6.798386978149700832e-01
-6.813135517620022563e-01
-6.803392245106757441e-01
-6.763172717170889969e-01
-6.691224977962128007e-01
-6.592745087218994104e-01
-6.480174073597344542e-01
-6.372575055712836889e-01
-6.293287574733211764e-01
-6.265923005178908323e-01
-6.309222215949528145e-01
-6.431698015063610496e-01
-6.627179262210439736e-01
-6.872291782211762401e-01
-7.126620683684801172e-01
-7.335976181891229464e-01
-7.438992542065555602e-01
-7.377192986375525896e-01
-7.108304673281904407e-01
-6.621484500294189113e-01
-5.951038796178219625e-01
-5.183025124579520027e-01
-4.448747997943894306e-01
-3.902367120169394354e-01
-3.686161714288258007e-01
-3.893163436081312212e-01
-4.539073221289440241e-01
-5.552153462926902039e-01
-6.782502955176948900e-01
-8.023970519771566057e-01
-9.037655561083640654e-01
-9.570228675569223409e-01
-9.373186933651375119e-01
-8.241548568488586968e-01
-6.086311128021376637e-01
-3.023296321750507110e-01
5.822501719393840397e-02
4.178733024766679849e-01
7.188427521577758217e-01
9.164673075063615171e-01
9.855041558249951761e-01
9.181913692569978469e-01
7.220885998472983403e-01
4.221926035676683564e-01
6.293714496614245812e-02
-2.979860788746256373e-01
-6.052656477529031465e-01
-8.220681993383239794e-01
-9.365010362738395155e-01
-9.572578655607848486e-01
-9.047451212584446401e-01
-8.037947495988080338e-01
-6.797561679857858641e-01
-5.565570425347629024e-01
-4.548741068995330039e-01
-3.897848734443376539e-01
-3.685664132585736441e-01
-3.897475405750084887e-01
-4.440972115782365059e-01
-5.174177550827983030e-01
-5.942796654486143249e-01
-6.615063219342179890e-01
-7.104315263283395021e-01
-7.375674846427463516e-01
-7.439558169927518172e-01
-7.337993808567579990e-01
-7.129382584707287807e-01
-6.875144404163189282e-01
-6.629610192320809503e-01
-6.433382273199850232e-01
-6.310031923720252900e-01
-6.265905612746794917e-01
-6.292620435389949529e-01
-6.371507174890324032e-01
-6.478967308006260417e-01
-6.591625701985811547e-01
-6.690352547415433504e-01
-6.762628312913473438e-01
-6.803183404606725215e-01
-6.813212767914216261e-01
-6.798665929014026110e-01
-6.768146427400099086e-01
-6.730873187722788975e-01
-6.695021653900455894e-01
-6.666619568123151041e-01
-6.649044800380851106e-01
-6.643070328287534743e-01
-6.647328751190880736e-01
-6.659028626642014004e-01
-6.674748328194570757e-01
-6.691156571978873480e-01
-6.705553673896713640e-01
-6.716181997912871182e-01
-6.722305780076271997e-01
-6.724100325294176672e-01
-6.722413832888886054e-01
-6.718471698287606930e-01
-6.713586189192198850e-01
-6.708918607422336144e-01
-6.705321298912557682e-01
-6.703267336782265939e-01
-6.702859433546380918e-01
-6.703898466499154107e-01
-6.705986571495790027e-01
-6.708639693206989163e-01
-6.711388613402964332e-01
-6.713854198745939916e-01
-6.715790204996825441e-01
-6.717093955949742234e-01
-6.717790533538524622e-01
-6.717999251064150634e-01
-6.717892113405888876e-01
-6.717653056978579729e-01
-6.717444594043610051e-01
-6.717385717228343545e-01
-6.717542151258899530e-01
-6.717927729474114651e-01
-6.718514099677574958e-01
-6.719245219045171247e-01
-6.720053114880608636e-01
-6.720871989304625371e-01
-6.721648696869120254e-01
-6.722348685108855415e-01
-6.722957456146613220e-01
-6.723478341987589868e-01
-6.723927818163775161e-01
-6.724329707749685525e-01
-6.724709499850994865e-01
-6.725089704069845409e-01
-6.725486776206709427e-01
-6.725909764400511692e-01
-6.726360503377591948e-01
-6.726834966149010109e-01
-6.727325279882895304e-01
-6.727821916113250200e-01
-6.728315649806624332e-01
-6.728799014278189494e-01
-6.729267126276238242e-01
-6.729717889706401390e-01
-6.730151688107568475e-01
-6.730570735698245821e-01
-6.730978274349971313e-01
-6.731377786072095804e-01
-6.731772348668327854e-01
-6.732164208745994305e-01
-6.732554592823225548e-01
-6.732943732785299229e-01
-6.733331051730956363e-01
-6.733715442043068933e-01
-6.734095567968483298e-01
-6.734470136621470981e-01
-6.734838099600685135e-01
-6.735198767741731318e-01
-6.735551840051040573e-01
-6.735897361915197390e-01
-6.736235635952151357e-01
-6.736567111330868940e-01
-6.736892274973838024e-01
-6.737211562306673063e-01
-6.737525297863395934e-01
-6.737833668692664313e-01
-6.738136727366836887e-01
-6.738434417211369709e-01
-6.738726610388103833e-01
-6.739013149501199562e-01
-6.739293884974185689e-01
-6.739568702948890433e-01
-6.739837541251619824e-01
-6.740100393525984002e-01
-6.740357303576308690e-01
-6.740608353119056373e-01
-6.740853646493714102e-01
-6.741093295566258359e-01
-6.741327407276346273e-01
-6.741556075271518678e-01
-6.741779376057704942e-01
-6.741997369245150695e-01
-6.742210100885838164e-01
-6.742417608617070623e-01
-6.742619927323588724e-01
-6.742817094242340437e-01
-6.743009152775683024e-01
-6.743196154663160247e-01
-6.743378160515610675e-01
-6.743555238986664868e-01
-6.743727465019453415e-01
-6.743894917659002397e-01
-6.744057677879843338e-01
-6.744215826772204103e-01
-6.744369444291660187e-01
-6.744518608636337342e-01
-6.744663396197052574e-01
-6.744803881943239876e-01
-6.744940140066887357e-01
-6.745072244704892750e-01
-6.745200270588669333e-01
-6.745324293516795633e-01
-6.745444390600098261e-01
-6.745560640278157605e-01
-6.745673122144818512e-01
-6.745781916643569520e-01
-6.745887104701823178e-01
-6.745988767367667727e-01
-6.746086985498133126e-01
-6.746181839528504476e-01
-6.746273409332270710e-01
-6.746361774164326697e-01
-6.746447012668124188e-01
-6.746529202921495161e-01
-6.746608422495451451e-01
-6.746684748504172546e-01
-6.746758257631233491e-01
-6.746829026124617767e-01
-6.746897129760445200e-01
-6.746962643780817226e-01
-6.747025642814685753e-01
-6.747086200791784227e-01
-6.747144390858923479e-01
-6.747200285305742229e-01
-6.747253955504229905e-01
-6.747305471863244142e-01
-6.747354903796884962e-01
-6.747402319703724727e-01
-6.747447786953093551e-01
-6.747491371874523303e-01
-6.747533139747134978e-01
-6.747573154786804528e-01
-6.747611480129991346e-01
-6.747648177814369319e-01
-6.747683308757095322e-01
-6.747716932732112927e-01
-6.747749108348016778e-01
-6.747779893027829878e-01
-6.747809342991714088e-01
-6.747837513243162277e-01
-6.747864457558743201e-01
-6.747890228481131514e-01
-6.747914877314833415e-01
-6.747938454123980634e-01
-6.747961007731551053e-01
-6.747982585719487503e-01
-6.748003234429362784e-01
-6.748022998963473240e-01
-6.748041923186377522e-01
-6.748060049726981591e-01
-6.748077419981423075e-01
-6.748094074116913754e-01
-6.748110051076730009e-01
-6.748125388586444506e-01
-6.748140123161415760e-01
-6.748154290115492282e-01
-6.748167923570774773e-01
-6.748181056468337546e-01
-6.748193720579721555e-01
-6.748205946519111320e-01
-6.748217763755992582e-01
-6.748229200628330648e-01
-6.748240284356128438e-01
-6.748251041055388644e-01
-6.748261495752475581e-01
-6.748271672398858945e-01
-6.748281593886262808e-01
-6.748291282062182095e-01
-6.748300757745722134e-01
-6.748310040743775717e-01
-6.748319149867433309e-01
-6.748328102948588647e-01
-6.748336916856676471e-01
-6.748345607515465749e-01
-6.748354189919899548e-01
-6.748362678152908245e-01
-6.748371085402178338e-01
-6.748379423976820224e-01
-6.748387705323918295e-01
-6.748395940044938923e-01
-6.748404137911988565e-01
-6.748412307883863148e-01
-6.748420458121897614e-01
-6.748428596005527913e-01
-6.748436728147580999e-01
-6.748444860409261725e-01
-6.748452997914777818e-01
-6.748461145065608457e-01
-6.748469305554323228e-01
-6.748477482378016923e-01
-6.748485677851286946e-01
-6.748493893618729977e-01
-6.748502130666962362e-01
-6.748510389336116466e-01
-6.748518669330848541e-01
-6.748526969730780367e-01
-6.748535289000388016e-01
-6.748543624998347701e-01
-6.748551974986294333e-01
-6.748560335636962781e-01
-6.748568703041774031e-01
