-6.748575048498144380e-01
-6.748584002668286397e-01
-6.748593001854183981e-01
-6.748602039427283872e-01
-6.748611108275728299e-01
-6.748620200808284064e-01
-6.748629308957539985e-01
-6.748638424182316076e-01
-6.748647537469333324e-01
-6.748656639334096319e-01
-6.748665719821026476e-01
-6.748674768502846977e-01
-6.748683774479196096e-01
-6.748692726374502238e-01
-6.748701612335150646e-01
-6.748710420025896273e-01
-6.748719136625580539e-01
-6.748727748822178629e-01
-6.748736242807140684e-01
-6.748744604269081293e-01
-6.748752818386838381e-01
-6.748760869821854858e-01
-6.748768742709966295e-01
-6.748776420652559116e-01
-6.748783886707175883e-01
-6.748791123377483325e-01
-6.748798112602741872e-01
-6.748804835746753383e-01
-6.748811273586324821e-01
-6.748817406299295607e-01
-6.748823213452143088e-01
-6.748828673987232740e-01
-6.748833766209679785e-01
-6.748838467773908834e-01
-6.748842755669832716e-01
-6.748846606208740440e-01
-6.748849995008855407e-01
-6.748852896980634952e-01
-6.748855286311861157e-01
-6.748857136452574013e-01
-6.748858420099951294e-01
-6.748859109183215077e-01
-6.748859174848615972e-01
-6.748858587444555024e-01
-6.748857316506814419e-01
-6.748855330743908087e-01
-6.748852598022390126e-01
-6.748849085352166544e-01
-6.748844758871721528e-01
-6.748839583833324829e-01
-6.748833524588332411e-01
-6.748826544572869013e-01
-6.748818606294145761e-01
-6.748809671317702596e-01
-6.748799700255904144e-01
-6.748788652757710116e-01
-6.748776487499660304e-01
-6.748763162177700003e-01
-6.748748633499351834e-01
-6.748732857175619992e-01
-6.748715787912079600e-01
-6.748697379398960194e-01
-6.748677584300415422e-01
-6.748656354243708355e-01
-6.748633639809624718e-01
-6.748609390525631690e-01
-6.748583554863404332e-01
-6.748556080241763233e-01
-6.748526913035374220e-01
-6.748495998588216471e-01
-6.748463281229696298e-01
-6.748428704290229119e-01
-6.748392210112748035e-01
-6.748353740057053685e-01
-6.748313234495310065e-01
-6.748270632799310276e-01
-6.748225873322871715e-01
-6.748178893385355925e-01
-6.748129629263974749e-01
-6.748078016202713192e-01
-6.748023988443936361e-01
-6.747967479284791015e-01
-6.747908421155147662e-01
-6.747846745707991589e-01
-6.747782383908115245e-01
-6.747715266102447540e-01
-6.747645322056464723e-01
-6.747572480946545381e-01
-6.747496671307298133e-01
-6.747417820944547895e-01
-6.747335856836320644e-01
-6.747250705052671993e-01
-6.747162290728045964e-01
-6.747070538114605665e-01
-6.746975370731690402e-01
-6.746876711606335508e-01
-6.746774483576792880e-01
-6.746668609610064760e-01
-6.746559013071573574e-01
-6.746445617884968549e-01
-6.746328348535531871e-01
-6.746207129900779753e-01
-6.746081886931916127e-01
-6.745952544251616612e-01
-6.745819025766698340e-01
-6.745681254408838479e-01
-6.745539152104710334e-01
-6.745392640037514154e-01
-6.745241639199349715e-01
-6.745086071160555363e-01
-6.744925858915289396e-01
-6.744760927621031854e-01
-6.744591205049373928e-01
-6.744416621614142127e-01
-6.744237109936875862e-01
-6.744052604031124387e-01
-6.743863038307819080e-01
-6.743668346689207782e-01
-6.743468462136501529e-01
-6.743263316826397791e-01
-6.743052843054964107e-01
-6.742836974730065380e-01
-6.742615649086651786e-01
-6.742388808089693208e-01
-6.742156398945243767e-01
-6.741918373270749942e-01
-6.741674684792559047e-01
-6.741425285900825015e-01
-6.741170123902966438e-01
-6.740909138235111620e-01
-6.740642260057856383e-01
-6.740369415442744039e-01
-6.740090532681647373e-01
-6.739805553166061669e-01
-6.739514443962454360e-01
-6.739217208955508021e-01
-6.738913894627863721e-01
-6.738604586581886657e-01
-6.738289394071999006e-01
-6.737968422177456063e-01
-6.737641734573707186e-01
-6.737309313581902881e-01
-6.736971027417161251e-01
-6.736626616276536472e-01
-6.736275708119975336e-01
-6.735917871045876693e-01
-6.735552702000637826e-01
-6.735179941964138939e-01
-6.734799597384374392e-01
-6.734412038908835774e-01
-6.734018044168048611e-01
-6.733618754086503344e-01
-6.733215523573639061e-01
-6.732809667480894600e-01
-6.732402129225514287e-01
-6.731993127979333247e-01
-6.731581864361422252e-01
-6.731166376755319813e-01
-6.730743633855142960e-01
-6.730309919409674935e-01
-6.729861512218699993e-01
-6.729395593708534795e-01
-6.728911238390643534e-01
-6.728410275839545873e-01
-6.727897775865273600e-01
-6.727381919522678055e-01
-6.726873089862489552e-01
-6.726382149644440922e-01
-6.725918056087224484e-01
-6.725485166980426088e-01
-6.725080776307218455e-01
-6.724693531201298979e-01
-6.724303377328012532e-01
-6.723883521633928773e-01
-6.723404580261818086e-01
-6.722840620915854215e-01
-6.722176278456979404e-01
-6.721413621755554235e-01
-6.720577104173993677e-01
-6.719714866417456633e-01
-6.718894978401079854e-01
-6.718195947085235931e-01
-6.717691935133629499e-01
-6.717434485357656193e-01
-6.717433886386685593e-01
-6.717644335409648226e-01
-6.717957426731504533e-01
-6.718207945618478449e-01
-6.718194330444192675e-01
-6.717713535986081785e-01
-6.716606683212861251e-01
-6.714808359703745566e-01
-6.712389483533306445e-01
-6.709582100314591679e-01
-6.706775120873290641e-01
-6.704473334206990653e-01
-6.703218087975050254e-01
-6.703476234444060156e-01
-6.705513039626544991e-01
-6.709272929935742313e-01
-6.714297101416238922e-01
-6.719707163718781073e-01
-6.724277740502321299e-01
-6.726607900377422622e-01
-6.725382333912214294e-01
-6.719690639567438284e-01
-6.709350675414857967e-01
-6.695164628622982672e-01
-6.679029866621434275e-01
-6.663835962662157941e-01
-6.653107674216911516e-01
-6.650400289530210562e-01
-6.658512547471369114e-01
-6.678642046163745238e-01
-6.709654522299052237e-01
-6.747658258951293453e-01
-6.786059330918436938e-01
-6.816219821974340842e-01
-6.828752091584878725e-01
-6.815362831537549182e-01
-6.771018469837990494e-01
-6.696052949867603576e-01
-6.597710730936737766e-01
-6.490564415723795166e-01
-6.395331457277391163e-01
-6.335880575562297112e-01
-6.334644825531370316e-01
-6.407138421610174550e-01
-6.556645673076212377e-01
-6.770271677204386940e-01
-7.017382360732864477e-01
-7.251123650291169120e-01
-7.413381366552010965e-01
-7.443330008434940748e-01
-7.289468018467843979e-01
-6.924312320119297981e-01
-6.359316472461914449e-01
-5.655348341895322095e-01
-4.922634551331861452e-01
-4.305476272042480512e-01
-3.952074103260274085e-01
-3.976495585668665123e-01
-4.424309480829620722e-01
-5.252872528399696872e-01
-6.331741451563305256e-01
-7.460701254259697324e-01
-8.396730750211690575e-01
-8.881841820228958406e-01
-8.672663660615366199e-01
-7.582840717771447414e-01
-5.546350248623016510e-01
-2.684475670944697634e-01
6.732350261559146010e-02
4.060403159679243368e-01
7.021033278828688884e-01
9.241691848086097671e-01
1.058660634395438116e+00
1.103621979844610967e+00
1.059756325866996418e+00
9.263718313288042960e-01
7.053398535576538286e-01
4.100391049913532093e-01
7.158571617492090478e-02
-2.645331130732532787e-01
-5.515858209634006970e-01
-7.563750267912776604e-01
-8.665075526664093308e-01
-8.883929534464856115e-01
-8.405666692365197923e-01
-7.473339450950773344e-01
-6.345037777203833551e-01
-5.264200159735559215e-01
-4.431759380973648299e-01
-3.979119422173956200e-01
-3.949968580880323099e-01
-4.299646245927569721e-01
-4.914658191672323651e-01
-5.646945415266256818e-01
-6.351953496769641161e-01
-6.918951222743748852e-01
-7.286494896252677655e-01
-7.442630276852700844e-01
-7.414493043207281975e-01
-7.253406059637157455e-01
-7.020162808507803831e-01
-6.772955929584139056e-01
-6.558790340978052358e-01
-6.408486916479719797e-01
-6.335129399527632543e-01
-6.335594971956798327e-01
-6.394482221526402999e-01
-6.489412127425079335e-01
-6.596513347550367889e-01
-6.695021371550750056e-01
-6.770290112735767307e-01
-6.814994081640729506e-01
-6.828726562806927136e-01
-6.816467158823544814e-01
-6.786478828953536047e-01
-6.748142285273845964e-01
-6.710108006789266000e-01
-6.678995770507917262e-01
-6.658729370481096810e-01
-6.650474699841161241e-01
-6.653060054188140171e-01
-6.663703576410663354e-01
-6.678856781703178536e-01
-6.694992554212957359e-01
-6.709212149187732122e-01
-6.719605281990038703e-01
-6.725356184819339944e-01
-6.726635295054574915e-01
-6.724344845769633094e-01
-6.719796190545006542e-01
-6.714390303993363895e-01
-6.709355730259414230e-01
-6.705575911883991935e-01
-6.703515280381328045e-01
-6.703234481668998157e-01
-6.704471979267709880e-01
-6.706762932255199150e-01
-6.709566303042480140e-01
-6.712376233231115430e-01
-6.714801864843108481e-01
-6.716608877638160502e-01
-6.717724238486891819e-01
-6.718211752637179845e-01
-6.718229376328587188e-01
-6.717979927195517620e-01
-6.717665315086682742e-01
-6.717451480800186170e-01
-6.717447711980856218e-01
-6.717700650026294795e-01
-6.718200656828005046e-01
-6.718896576217134875e-01
-6.719714359467324760e-01
-6.720575384913736183e-01
-6.721411315437249012e-01
-6.722173676850188295e-01
-6.722837693632470746e-01
-6.723401042488372781e-01
-6.723878931583576746e-01
-6.724297237679193184e-01
-6.724685374446001118e-01
-6.725070222043456614e-01
-6.725471947568750775e-01
-6.725902014047312472e-01
-6.726363214694329740e-01
-6.726851245329458218e-01
-6.727357167314493847e-01
-6.727870107004922939e-01
-6.728379650600073703e-01
-6.728877577116167963e-01
-6.729358777056146934e-01
-6.729821388109097358e-01
-6.730266313470312234e-01
-6.730696360413020995e-01
-6.731115248208299207e-01
-6.731526697724564690e-01
-6.731933748311396126e-01
-6.732338370323016630e-01
-6.732741370614642173e-01
-6.733142535150498098e-01
-6.733540923018204172e-01
-6.733935219511015813e-01
-6.734324068091852578e-01
-6.734706325126647020e-01
-6.735081209837797678e-01
-6.735448348513282113e-01
-6.735807732096492639e-01
-6.736159617693274759e-01
-6.736504407265445638e-01
-6.736842532486954083e-01
-6.737174366006537518e-01
-6.737500168986770843e-01
-6.737820075191306435e-01
-6.738134104733848329e-01
-6.738442196656390104e-01
-6.738744248720708319e-01
-6.739040154516717784e-01
-6.739329831226203993e-01
-6.739613235091197474e-01
-6.739890364951623969e-01
-6.740161256566928882e-01
-6.740425971592028942e-01
-6.740684585113269067e-01
-6.740937174851137081e-01
-6.741183813890786469e-01
-6.741424567490980069e-01
-6.741659493446705564e-01
-6.741888644813543996e-01
-6.742112073584344278e-01
-6.742329834074355377e-01
-6.742541985184394848e-01
-6.742748591215932397e-01
-6.742949721367943461e-01
-6.743145448357287242e-01
-6.743335846732601002e-01
-6.743520991407752074e-01
-6.743700956773601707e-01
-6.743875816523584588e-01
-6.744045644115099769e-01
-6.744210513634822934e-01
-6.744370500767860044e-01
-6.744525683588231679e-01
-6.744676142972473309e-01
-6.744821962556832862e-01
-6.744963228278199052e-01
-6.745100027630983597e-01
-6.745232448820026594e-01
-6.745360579989158056e-01
-6.745484508663993628e-01
-6.745604321481762922e-01
-6.745720104208633439e-01
-6.745831941983521096e-01
-6.745939919688366260e-01
-6.746044122333392234e-01
-6.746144635359798691e-01
-6.746241544795242850e-01
-6.746334937238379625e-01
-6.746424899688471255e-01
-6.746511519265814272e-01
-6.746594882884124900e-01
-6.746675076936172744e-01
-6.746752187041192839e-01
-6.746826297882259071e-01
-6.746897493138837021e-01
-6.746965855499893472e-01
-6.747031466729612736e-01
-6.747094407752475265e-01
-6.747154758727033075e-01
-6.747212599086193086e-01
-6.747268007533185896e-01
-6.747321061993938329e-01
-6.747371839535755145e-01
-6.747420416267709831e-01
-6.747466867239230170e-01
-6.747511266350973980e-01
-6.747553686287203201e-01
-6.747594198473045868e-01
-6.747632873054633107e-01
-6.747669778896273618e-01
-6.747704983586897409e-01
-6.747738553448123788e-01
-6.747770553538003924e-01
-6.747801047647019601e-01
-6.747830098285645395e-01
-6.747857766665136259e-01
-6.747884112674531476e-01
-6.747909194857452109e-01
-6.747933070391852750e-01
-6.747955795074921381e-01
-6.747977423314052148e-01
-6.747998008123724523e-01
-6.748017601127164200e-01
-6.748036252561252502e-01
-6.748054011283113329e-01
-6.748070924777141988e-01
-6.748087039161646539e-01
-6.748102399194935153e-01
-6.748117048281029318e-01
-6.748131028475534698e-01
-6.748144380492246963e-01
-6.748157143711052131e-01
-6.748169356187416756e-01
-6.748181054663661138e-01
-6.748192274581824579e-01
-6.748203050097930644e-01
-6.748213414097327112e-01
-6.748223398210794199e-01
-6.748233032831161271e-01
-6.748242347130327667e-01
-6.748251369076592177e-01
-6.748260125452322233e-01
-6.748268641872017248e-01
-6.748276942800802702e-01
-6.748285051573442717e-01
-6.748292990413784498e-01
-6.748300780454676850e-01
-6.748308441758203990e-01
-6.748315993336228003e-01
-6.748323453171074515e-01
-6.748330838236323848e-01
-6.748338164517618809e-01
-6.748345447033470279e-01
-6.748352699856000614e-01
-6.748359936131632653e-01
-6.748367168101688796e-01
-6.748374407122862406e-01
-6.748381663687573750e-01
-6.748388947444117214e-01
-6.748396267216606459e-01
-6.748403631024622040e-01
-6.748411046102594790e-01
-6.748418518918776199e-01
-6.748426055193867956e-01
-6.748433659919185201e-01
-6.748441337374397886e-01
-6.748449091144780310e-01
-6.748456924137992141e-01
-6.748464838600314319e-01
-6.748472836132362040e-01
-6.748480917704238191e-01
-6.748489083670098365e-01
-6.748497333782098595e-01
-6.748505667203742453e-01
-6.748514082522548696e-01
-6.748522577762059438e-01
-6.748531150393182187e-01
-6.748539797344791369e-01
-6.748548515013669258e-01
-6.748557299273688637e-01
-6.748566145484270473e-01
