-6.748577039088027307e-01
-6.748585384840659618e-01
-6.748593720054665290e-01
-6.748602038576124729e-01
-6.748610333695870267e-01
-6.748618598153298676e-01
-6.748626824139507541e-01
-6.748635003299797708e-01
-6.748643126735559550e-01
-6.748651185005501985e-01
-6.748659168126275310e-01
-6.748667065572458990e-01
-6.748674866275931050e-01
-6.748682558624634620e-01
-6.748690130460717196e-01
-6.748697569078118130e-01
-6.748704861219506634e-01
-6.748711993072690207e-01
-6.748718950266426875e-01
-6.748725717865685647e-01
-6.748732280366385172e-01
-6.748738621689611694e-01
-6.748744725175304104e-01
-6.748750573575517109e-01
-6.748756149047191455e-01
-6.748761433144501165e-01
-6.748766406810796648e-01
-6.748771050370141467e-01
-6.748775343518511605e-01
-6.748779265314592823e-01
-6.748782794170266053e-01
-6.748785907840765264e-01
-6.748788583414528919e-01
-6.748790797302816058e-01
-6.748792525229064809e-01
-6.748793742218074376e-01
-6.748794422585060460e-01
-6.748794539924619640e-01
-6.748794067099662675e-01
-6.748792976230357787e-01
-6.748791238683106153e-01
-6.748788825059581775e-01
-6.748785705185844641e-01
-6.748781848101483849e-01
-6.748777222048858437e-01
-6.748771794462365969e-01
-6.748765531957795494e-01
-6.748758400321795969e-01
-6.748750364501560073e-01
-6.748741388594761137e-01
-6.748731435839996351e-01
-6.748720468607770639e-01
-6.748708448392243264e-01
-6.748695335803797102e-01
-6.748681090562459461e-01
-6.748665671492201090e-01
-6.748649036515964594e-01
-6.748631142651276837e-01
-6.748611946006212170e-01
-6.748591401775549947e-01
-6.748569464236963134e-01
-6.748546086747260198e-01
-6.748521221738809084e-01
-6.748494820716568476e-01
-6.748466834256184876e-01
-6.748437212003847163e-01
-6.748405902678520363e-01
-6.748372854077120397e-01
-6.748338013082889608e-01
-6.748301325676872020e-01
-6.748262736951908813e-01
-6.748222191128158132e-01
-6.748179631568766990e-01
-6.748135000794203142e-01
-6.748088240493843593e-01
-6.748039291534061457e-01
-6.747988093962742351e-01
-6.747934587011351626e-01
-6.747878709096782890e-01
-6.747820397826232997e-01
-6.747759590009012598e-01
-6.747696221679105877e-01
-6.747630228131349384e-01
-6.747561543972512288e-01
-6.747490103185842525e-01
-6.747415839204849997e-01
-6.747338684989117041e-01
-6.747258573092893563e-01
-6.747175435716388225e-01
-6.747089204730902789e-01
-6.746999811672397263e-01
-6.746907187703709008e-01
-6.746811263552788818e-01
-6.746711969442173995e-01
-6.746609235031515439e-01
-6.746502989399063566e-01
-6.746393161087519408e-01
-6.746279678233789712e-01
-6.746162468790136701e-01
-6.746041460827140179e-01
-6.745916582888846769e-01
-6.745787764350835714e-01
-6.745654935717054768e-01
-6.745518028785807418e-01
-6.745376976623186360e-01
-6.745231713305791521e-01
-6.745082173433224471e-01
-6.744928291461035341e-01
-6.744770000958949518e-01
-6.744607233946963154e-01
-6.744439920490994389e-01
-6.744267988738490427e-01
-6.744091365533712024e-01
-6.743909977669491074e-01
-6.743723753712184132e-01
-6.743532626193987634e-01
-6.743336533826003176e-01
-6.743135423276842566e-01
-6.742929250018928622e-01
-6.742717977796305329e-01
-6.742501576431680910e-01
-6.742280017964380479e-01
-6.742053271469468090e-01
-6.741821297299047666e-01
-6.741584041835373409e-01
-6.741341434063456983e-01
-6.741093385271963445e-01
-6.740839792909462114e-01
-6.740580549033964308e-01
-6.740315552931724907e-01
-6.740044726450520329e-01
-6.739768029565091911e-01
-6.739485472891653117e-01
-6.739197123536447842e-01
-6.738903101013824504e-01
-6.738603561133285069e-01
-6.738298667726179136e-01
-6.737988554678446818e-01
-6.737673283582740202e-01
-6.737352804879869206e-01
-6.737026931983992606e-01
-6.736695337943214845e-01
-6.736357582190841686e-01
-6.736013170702664921e-01
-6.735661646633600563e-01
-6.735302701009900916e-01
-6.734936285547991064e-01
-6.734562703784094939e-01
-6.734182654197599094e-01
-6.733797201463881388e-01
-6.733407660346513168e-01
-6.733015391008717598e-01
-6.732621523376389749e-01
-6.732226648912802425e-01
-6.731830536835129442e-01
-6.731431943737844481e-01
-6.731028586159170102e-01
-6.730617331272477077e-01
-6.730194630209057616e-01
-6.729757173248384072e-01
-6.729302691665922653e-01
-6.728830776458817331e-01
-6.728343541292329810e-01
-6.727845938675711679e-01
-6.727345555987790382e-01
-6.726851778566355078e-01
-6.726374310467941875e-01
-6.725921180147491629e-01
-6.725496508536368268e-01
-6.725098452260644954e-01
-6.724717821133737727e-01
-6.724337873082149031e-01
-6.723935685628595893e-01
-6.723485280997145708e-01
-6.722962354461959888e-01
-6.722350062051613007e-01
-6.721644929666088508e-01
-6.720861636514482429e-01
-6.720035294406951909e-01
-6.719219973150017955e-01
-6.718482661652577237e-01
-6.717892602373919386e-01
-6.717506923395784035e-01
-6.717354574416749546e-01
-6.717421543394446193e-01
-6.717640945143175113e-01
-6.717891592537136303e-01
-6.718007903593660179e-01
-6.717802395678778016e-01
-6.717099664511920754e-01
-6.715777922602480521e-01
-6.713811347506136729e-01
-6.711304277162281062e-01
-6.708507357332170740e-01
-6.705806693062461576e-01
-6.703680250762281689e-01
-6.702621179251356809e-01
-6.703034837567325432e-01
-6.705124063898125764e-01
-6.708784073885940558e-01
-6.713532592396559417e-01
-6.718500754865186497e-01
-6.722504779620522841e-01
-6.724207022869786998e-01
-6.722358441608350388e-01
-6.716094567695840567e-01
-6.705236952997776223e-01
-6.690535935720138827e-01
-6.673783481886017555e-01
-6.657731582458212838e-01
-6.645775438217088604e-01
-6.641401323379975130e-01
-6.647451825837097372e-01
-6.665316651018073912e-01
-6.694202908004018848e-01
-6.730662552110016073e-01
-6.768547759005850706e-01
-6.799524018960405591e-01
-6.814196651903769997e-01
-6.803802318331513277e-01
-6.762287276525319468e-01
-6.688448290110239336e-01
-6.587674302221189215e-01
-6.472743563813826428e-01
-6.363165224628962724e-01
-6.282759976917225986e-01
-6.255552464371852972e-01
-6.300516988786388772e-01
-6.426125808522400451e-01
-6.625841185220632257e-01
-6.875599913204010205e-01
-7.134035509540633813e-01
-7.345853601027669821e-01
-7.448587231571316414e-01
-7.382871336098073556e-01
-7.106023933436974582e-01
-6.607561707475789747e-01
-5.923129510172105983e-01
-5.141069470428409893e-01
-4.395510298770118895e-01
-3.843224888791770821e-01
-3.628041575794296314e-01
-3.842871148189235253e-01
-4.501533624528946120e-01
-5.529134092740509709e-01
-6.772220682960816696e-01
-8.021637882667166375e-01
-9.036675304765219296e-01
-9.563616778991963496e-01
-9.354982234880598879e-01
-8.208216899109425091e-01
-6.038057576724396025e-01
-2.964649855918790600e-01
6.435782403149437059e-02
4.234927711920984383e-01
7.235128994113492196e-01
9.202778641527460390e-01
9.889876891794810998e-01
9.220489416860393472e-01
7.268503179734180364e-01
4.279403334730211839e-01
6.921906484199631671e-02
-2.919735353577431192e-01
-6.003154573195912391e-01
-8.186479411553689856e-01
-9.346359217328726876e-01
-9.565909121272003768e-01
-9.046717777737735000e-01
-8.036059290425421331e-01
-6.787806139072223299e-01
-5.543046551303210112e-01
-4.511567706357566543e-01
-3.847727464755272830e-01
-3.627498740969890556e-01
-3.838098083116641135e-01
-4.387373538530537909e-01
-5.131817468865679244e-01
-5.914517488196072703e-01
-6.600861391212743401e-01
-7.101872725239432027e-01
-7.381306768445490274e-01
-7.449199586597436973e-01
-7.347978348591719389e-01
-7.136930266301626524e-01
-6.878580828212788045e-01
-6.628373714368309688e-01
-6.427872676063813850e-01
-6.301347712104601317e-01
-6.255519943036002006e-01
-6.282052375586421045e-01
-6.362044574972037791e-01
-6.471484023305961175e-01
-6.586511532850362061e-01
-6.687547244268196023e-01
-6.761730332187798620e-01
-6.803595010851387626e-01
-6.814285410161835532e-01
-6.799819557743141951e-01
-6.768948586136577239e-01
-6.731074640884877613e-01
-6.694553326130732174e-01
-6.665560470511909807e-01
-6.647572830813880396e-01
-6.641407856232521834e-01
-6.645693178636470355e-01
-6.657595149277917290e-01
-6.673628525468832118e-01
-6.690392933191853242e-01
-6.705127350058667224e-01
-6.716029355929949984e-01
-6.722338820574527141e-01
-6.724226526917049807e-01
-6.722552156541243829e-01
-6.718562936604780544e-01
-6.713597247856324390e-01
-6.708841428751369795e-01
-6.705167868701645828e-01
-6.703062531567230975e-01
-6.702633415888380464e-01
-6.703680013852438835e-01
-6.705798244547045428e-01
-6.708495227511639403e-01
-6.711292451306651863e-01
-6.713802734149011409e-01
-6.715774122657388601e-01
-6.717101006919296013e-01
-6.717808170319287120e-01
-6.718016706921925429e-01
-6.717901703460400498e-01
-6.717650663499227237e-01
-6.717429445473407368e-01
-6.717359664040131184e-01
-6.717508678824394286e-01
-6.717890935880742598e-01
-6.718477818586783279e-01
-6.719212400705373289e-01
-6.720025508103499856e-01
-6.720850106259730339e-01
-6.721631999071023822e-01
-6.722335906212499879e-01
-6.722946974087060656e-01
-6.723468525457827472e-01
-6.723917294615745499e-01
-6.724317525955034736e-01
-6.724695184322130315e-01
-6.725073217592060226e-01
-6.725468418429075834e-01
-6.725890038625003120e-01
-6.726339981448082872e-01
-6.726814174580224570e-01
-6.727304621301104515e-01
-6.727801630786524045e-01
-6.728295814147754461e-01
-6.728779567710670984e-01
-6.729247915121244761e-01
-6.729698716581904439e-01
-6.730132357147674549e-01
-6.730551086921788828e-01
-6.730958203934720441e-01
-6.731357252448624262e-01
-6.731751366765853506e-01
-6.732142836169159317e-01
-6.732532912201214526e-01
-6.732921834169599551e-01
-6.733309017985172895e-01
-6.733693338960720087e-01
-6.734073439642696002e-01
-6.734448005580085939e-01
-6.734815970533951646e-01
-6.735176633326162010e-01
-6.735529687379641084e-01
-6.735875178300991806e-01
-6.736213413275035089e-01
-6.736544848543792874e-01
-6.736869978787730640e-01
-6.737189246376011909e-01
-6.737502980969359845e-01
-6.737811372469469928e-01
-6.738114474061608350e-01
-6.738412227843293412e-01
-6.738704503516564914e-01
-6.738991140659249535e-01
-6.739271986698255335e-01
-6.739546925252596354e-01
-6.739815892354463767e-01
-6.740078880651628745e-01
-6.740335933669296953e-01
-6.740587133379892792e-01
-6.740832584687556084e-01
-6.741072400109440199e-01
-6.741306687141026543e-01
-6.741535539769114571e-01
-6.741759034566675579e-01
-6.741977230941621491e-01
-6.742190174520243939e-01
-6.742397902361693118e-01
-6.742600448697836368e-01
-6.742797850108184221e-01
-6.742990149386217658e-01
-6.743177397743057577e-01
-6.743359655352629822e-01
-6.743536990517025043e-01
-6.743709477895438731e-01
-6.743877196293107668e-01
-6.744040226465005672e-01
-6.744198649281639701e-01
-6.744352544464047305e-01
-6.744501989952952359e-01
-6.744647061856898773e-01
-6.744787834841015073e-01
-6.744924382776912308e-01
-6.745056779472506925e-01
-6.745185099329118472e-01
-6.745309417820668507e-01
-6.745429811743693937e-01
-6.745546359236987977e-01
-6.745659139608464194e-01
-6.745768233030436933e-01
-6.745873720172669286e-01
-6.745975681837258486e-01
-6.746074198644715914e-01
-6.746169350801148878e-01
-6.746261217956383005e-01
-6.746349879145837614e-01
-6.746435412796893960e-01
-6.746517896774560930e-01
-6.746597408440605514e-01
-6.746674024704337747e-01
-6.746747822049837806e-01
-6.746818876532126863e-01
-6.746887263741953022e-01
-6.746953058744481480e-01
-6.747016336000727366e-01
-6.747077169281685549e-01
-6.747135631584496585e-01
-6.747191795057801977e-01
-6.747245730940665265e-01
-6.747297509516434477e-01
-6.747347200080497931e-01
-6.747394870919013465e-01
-6.747440589294877444e-01
-6.747484421437033308e-01
-6.747526432529922236e-01
-6.747566686700819938e-01
-6.747605247003927165e-01
-6.747642175401212805e-01
-6.747677532740886663e-01
-6.747711378734778664e-01
-6.747743771936161039e-01
-6.747774769719356858e-01
-6.747804428262186294e-01
-6.747832802531853469e-01
-6.747859946274343823e-01
-6.747885912007113296e-01
-6.747910751014569719e-01
-6.747934513345641427e-01
-6.747957247812832460e-01
-6.747979001992250314e-01
-6.747999822224208799e-01
-6.748019753614268312e-01
-6.748038840034680241e-01
-6.748057124126416451e-01
-6.748074647301877116e-01
-6.748091449748579995e-01
-6.748107570433948821e-01
-6.748123047111338479e-01
-6.748137916327290320e-01
-6.748152213429979840e-01
-6.748165972578791250e-01
-6.748179226754817961e-01
-6.748192007772190193e-01
-6.748204346290063160e-01
-6.748216271825162593e-01
-6.748227812764793221e-01
-6.748238996380274690e-01
-6.748249848840734977e-01
-6.748260395227343444e-01
-6.748270659547874750e-01
-6.748280664751684643e-01
-6.748290432745055467e-01
-6.748299984406865848e-01
-6.748309339604585677e-01
-6.748318517210525336e-01
-6.748327535118266995e-01
-6.748336410259260232e-01
-6.748345158619478701e-01
-6.748353795256103460e-01
-6.748362334314228494e-01
-6.748370789043490747e-01
-6.748379171814596900e-01
-6.748387494135774656e-01
-6.748395766669039730e-01
-6.748403999246340712e-01
-6.748412200885476331e-01
-6.748420379805808444e-01
-6.748428543443736327e-01
-6.748436698467872308e-01
-6.748444850793930971e-01
-6.748453005599238663e-01
-6.748461167336903266e-01
-6.748469339749578744e-01
-6.748477525882807804e-01
-6.748485728097908254e-01
-6.748493948084393068e-01
-6.748502186871927488e-01
-6.748510444841763212e-01
-6.748518721737666315e-01
-6.748527016676321155e-01
-6.748535328157163615e-01
-6.748543654071654796e-01
-6.748551991712009590e-01
-6.748560337779314633e-01
-6.748568688391055614e-01
