-6.748577056941807983e-01
-6.748585413257212062e-01
-6.748593760107828299e-01
-6.748602091331376007e-01
-6.748610400211528804e-01
-6.748618679481702687e-01
-6.748626921328210182e-01
-6.748635117392770555e-01
-6.748643258774368325e-01
-6.748651336030502268e-01
-6.748659339177770500e-01
-6.748667257691854937e-01
-6.748675080506886248e-01
-6.748682796014194851e-01
-6.748690392060444632e-01
-6.748697855945171575e-01
-6.748705174417721775e-01
-6.748712333673633212e-01
-6.748719319350406920e-01
-6.748726116522770768e-01
-6.748732709697369270e-01
-6.748739082806943790e-01
-6.748745219204002055e-01
-6.748751101654016926e-01
-6.748756712328175533e-01
-6.748762032795669885e-01
-6.748767044015610006e-01
-6.748771726328510745e-01
-6.748776059447426645e-01
-6.748780022448732652e-01
-6.748783593762539557e-01
-6.748786751162806352e-01
-6.748789471757150604e-01
-6.748791731976400143e-01
-6.748793507563894956e-01
-6.748794773564621430e-01
-6.748795504314191174e-01
-6.748795673427746555e-01
-6.748795253788814064e-01
-6.748794217538167661e-01
-6.748792536062724334e-01
-6.748790179984537341e-01
-6.748787119149803893e-01
-6.748783322617989411e-01
-6.748778758650959553e-01
-6.748773394702213269e-01
-6.748767197406163598e-01
-6.748760132567550585e-01
-6.748752165151022941e-01
-6.748743259271048345e-01
-6.748733378182216747e-01
-6.748722484270153199e-01
-6.748710539043129009e-01
-6.748697503124522212e-01
-6.748683336246144027e-01
-6.748667997242424610e-01
-6.748651444045380421e-01
-6.748633633680131139e-01
-6.748614522260849569e-01
-6.748594064986860319e-01
-6.748572216138796209e-01
-6.748548929074816849e-01
-6.748524156226962667e-01
-6.748497849098108459e-01
-6.748469958259948331e-01
-6.748440433352699275e-01
-6.748409223087167286e-01
-6.748376275249760026e-01
-6.748341536710654731e-01
-6.748304953435152465e-01
-6.748266470497585878e-01
-6.748226032096794613e-01
-6.748183581571837175e-01
-6.748139061416370543e-01
-6.748092413290353031e-01
-6.748043578028216638e-01
-6.747992495643468924e-01
-6.747939105330742482e-01
-6.747883345467577954e-01
-6.747825153619114724e-01
-6.747764466549625029e-01
-6.747701220244735065e-01
-6.747635349947277428e-01
-6.747566790208027188e-01
-6.747495474950032657e-01
-6.747421337542294228e-01
-6.747344310875649231e-01
-6.747264327431597986e-01
-6.747181319333998006e-01
-6.747095218374686842e-01
-6.747005956007570138e-01
-6.746913463311313697e-01
-6.746817670927982569e-01
-6.746718508992627372e-01
-6.746615907075732554e-01
-6.746509794164263774e-01
-6.746400098706875070e-01
-6.746286748742690298e-01
-6.746169672121374861e-01
-6.746048796804953174e-01
-6.745924051221977580e-01
-6.745795364624883605e-01
-6.745662667386693734e-01
-6.745525891167646337e-01
-6.745384968890164590e-01
-6.745239834484016983e-01
-6.745090422402084673e-01
-6.744936666957097593e-01
-6.744778501583645891e-01
-6.744615858177335221e-01
-6.744448666691871264e-01
-6.744276855173693130e-01
-6.744100350373175567e-01
-6.743919078988944715e-01
-6.743732969482436612e-01
-6.743541954258043258e-01
-6.743345971864185273e-01
-6.743144968762843083e-01
-6.742938900172676941e-01
-6.742727729542382642e-01
-6.742511426373883898e-01
-6.742289962387255642e-01
-6.742063306375406517e-01
-6.741831418484829364e-01
-6.741594245004618458e-01
-6.741351714962420250e-01
-6.741103739826718177e-01
-6.740850217334805050e-01
-6.740591039880796664e-01
-6.740326107042231563e-01
-6.740055340800804595e-01
-6.739778700993227512e-01
-6.739496197733992888e-01
-6.739207897222952992e-01
-6.738913917699076439e-01
-6.738614413456976981e-01
-6.738309546798718630e-01
-6.737999450368430399e-01
-6.737684185140802029e-01
-6.737363701869908406e-01
-6.737037815415147790e-01
-6.736706201417251849e-01
-6.736368422816803037e-01
-6.736023989503215903e-01
-6.735672448192625561e-01
-6.735313492199871410e-01
-6.734947073329022871e-01
-6.734573492270493622e-01
-6.734193441412759107e-01
-6.733807976407387708e-01
-6.733418401125522701e-01
-6.733026064787569487e-01
-6.732632088733220277e-01
-6.732237060843988541e-01
-6.731840754137579097e-01
-6.731441937887820970e-01
-6.731038350198790265e-01
-6.730626886747635984e-01
-6.730204030022887141e-01
-6.729766498532601116e-01
-6.729312041506776421e-01
-6.728840250536575196e-01
-6.728353217085272231e-01
-6.727855846603429946e-01
-6.727355657382981802e-01
-6.726861952268098355e-01
-6.726384353731501564e-01
-6.725930828175740173e-01
-6.725505474161908026e-01
-6.725106483329547080e-01
-6.724724768470026204e-01
-6.724343757365771612e-01
-6.723940748145382784e-01
-6.723490002128454934e-01
-6.722967425926197338e-01
-6.722356304821226480e-01
-6.721653159025415825e-01
-6.720872487912310511e-01
-6.720049036714651480e-01
-6.719236347025780987e-01
-6.718500786890876375e-01
-6.717910996487611586e-01
-6.717523662176515531e-01
-6.717367603347734750e-01
-6.717429118199526039e-01
-6.717642144536702942e-01
-6.717886812750226699e-01
-6.717999220411378092e-01
-6.717793673752141537e-01
-6.717096312447857764e-01
-6.715786239338227270e-01
-6.713837479202776626e-01
-6.711352896363901310e-01
-6.708580272740688466e-01
-6.705901678605041827e-01
-6.703790423443729551e-01
-6.702735235005200520e-01
-6.703138358669546992e-01
-6.705201939138125677e-01
-6.708823839217981089e-01
-6.713528238810928528e-01
-6.718456310478069238e-01
-6.722436812008838469e-01
-6.724145182766526618e-01
-6.722343326783993822e-01
-6.716172550495157489e-01
-6.705452176187187696e-01
-6.690920381499145808e-01
-6.674346744996625391e-01
-6.658452564817158859e-01
-6.646598435528666693e-01
-6.642238719678738024e-01
-6.648194758717320685e-01
-6.665853604492844031e-01
-6.694444430873071061e-01
-6.730568501787927982e-01
-6.768151984210976080e-01
-6.798950529225512573e-01
-6.813661322859293490e-01
-6.803595272204115973e-01
-6.762733508638704150e-01
-6.689848102141243702e-01
-6.590230560835653728e-01
-6.476488902197347075e-01
-6.367907214188763820e-01
-6.288063522016957840e-01
-6.260774185981229367e-01
-6.304896064212630602e-01
-6.428922221465932507e-01
-6.626500112647143448e-01
-6.873914162696069807e-01
-7.130277693645721282e-01
-7.340853087171039792e-01
-7.443728350524443371e-01
-7.379986021929146878e-01
-7.107150131255516312e-01
-6.614555551062014649e-01
-5.937171627290450671e-01
-5.162187973531047191e-01
-4.422309246392753801e-01
-3.872991810015862790e-01
-3.657285185838518027e-01
-3.868163863250806966e-01
-4.520398309735123576e-01
-5.540685827785208906e-01
-6.777362696647224460e-01
-8.022783877846751954e-01
-9.037145946623826864e-01
-9.566922445589741697e-01
-9.364114039514167542e-01
-8.224942017874588007e-01
-6.062262482813191022e-01
-2.994050933571719142e-01
6.128567502127269667e-02
4.206806037833776268e-01
7.211788196645059212e-01
9.183761038925772890e-01
9.872504685168306260e-01
9.201240306911928624e-01
7.244710949940235123e-01
4.250648217266018158e-01
6.607310791537533701e-02
-2.949870411073562959e-01
-6.027980829261663231e-01
-8.203639513473092171e-01
-9.355715139128204516e-01
-9.569244695140676216e-01
-9.047065295467338064e-01
-8.036981959740964188e-01
-6.792682209255037629e-01
-5.554346952833333351e-01
-4.530245532370110739e-01
-3.872931745151293459e-01
-3.656763654297924271e-01
-3.867983187753824548e-01
-4.414355367959468257e-01
-5.153141846588917829e-01
-5.928748615853211001e-01
-6.607998446637892709e-01
-7.103082562887715889e-01
-7.378446170331881548e-01
-7.444317602709993320e-01
-7.342923507205099121e-01
-7.133104572789243925e-01
-6.876829191888010895e-01
-6.628980181492216683e-01
-6.430636487684497915e-01
-6.305715514321424964e-01
-6.260749032408059467e-01
-6.287376446813228714e-01
-6.366813579861696493e-01
-6.475256526301956805e-01
-6.589090228098085644e-01
-6.688961941000524103e-01
-6.762183170034057333e-01
-6.803387280796658887e-01
-6.813744195465875064e-01
-6.799237498927905854e-01
-6.768543931569936944e-01
-6.730973226674022980e-01
-6.694790082823592892e-01
-6.666095579719544251e-01
-6.648316536630924922e-01
-6.642247921799205868e-01
-6.646519842417263346e-01
-6.658319931055488583e-01
-6.674195045859812048e-01
-6.690779688488146526e-01
-6.705343807809711620e-01
-6.716107603137084769e-01
-6.722323257811151365e-01
-6.724163849283434358e-01
-6.722483271642258895e-01
-6.718517736717356525e-01
-6.713592445733471692e-01
-6.708881098859679204e-01
-6.705245966594338691e-01
-6.703166504248759816e-01
-6.702748040909842775e-01
-6.703790767396889949e-01
-6.705893740941862857e-01
-6.708568536237589086e-01
-6.711341333346920734e-01
-6.713829013488565867e-01
-6.715782505149691106e-01
-6.717097678994522481e-01
-6.717799468593490531e-01
-6.718008068527862031e-01
-6.717897009352533644e-01
-6.717651993659473630e-01
-6.717437190672791436e-01
-6.717372891572243043e-01
-6.717525630925227365e-01
-6.717909545753628642e-01
-6.718496153124918768e-01
-6.719228972835106228e-01
-6.720039437172040664e-01
-6.720861135662230534e-01
-6.721640402254762670e-01
-6.722342323673307085e-01
-6.722952225514151614e-01
-6.723473434882877298e-01
-6.723922555211160335e-01
-6.724323618072847175e-01
-6.724702348117079787e-01
-6.725081472010592254e-01
-6.725477612447646747e-01
-6.725899918511687448e-01
-6.726350258956821371e-01
-6.726824584404187402e-01
-6.727314960691030965e-01
-6.727811778931221953e-01
-6.728305732897368330e-01
-6.728789287993431900e-01
-6.729257514780828675e-01
-6.729708295444261079e-01
-6.730142014207169954e-01
-6.730560903010524010e-01
-6.730968231508642763e-01
-6.731367512530518349e-01
-6.731761851865419866e-01
-6.732153517271202148e-01
-6.732543747680522772e-01
-6.732932778676239405e-01
-6.733320029815473839e-01
-6.733704385039042117e-01
-6.734084497850992834e-01
-6.734459064682175589e-01
-6.734827028287592166e-01
-6.735187693539015363e-01
-6.735540756661489992e-01
-6.735886263134565066e-01
-6.736224517824118685e-01
-6.736555973391801233e-01
-6.736881120596313055e-01
-6.737200398300462467e-01
-6.737514133579368680e-01
-6.737822514899350912e-01
-6.738125595142229196e-01
-6.738423317031120297e-01
-6.738715551514105062e-01
-6.739002139698868632e-01
-6.739282930524610471e-01
-6.739557808881008194e-01
-6.739826711701103479e-01
-6.740089632129311337e-01
-6.740346613825327626e-01
-6.740597738626392665e-01
-6.740843111146720412e-01
-6.741082843571318817e-01
-6.741317043113217444e-01
-6.741545803587447594e-01
-6.741769201533600597e-01
-6.741987296462633728e-01
-6.742200134216550511e-01
-6.742407752146669653e-01
-6.742610184813901952e-01
-6.742807469128181408e-01
-6.742999648188039430e-01
-6.743186773468355932e-01
-6.743368905360271892e-01
-6.743546112339964260e-01
-6.743718469206836374e-01
-6.743886054884518089e-01
-6.744048950236724016e-01
-6.744207236243350279e-01
-6.744360992742742811e-01
-6.744510297804761079e-01
-6.744655227679727805e-01
-6.744795857185581500e-01
-6.744932260354653542e-01
-6.745064511159643006e-01
-6.745192684166926300e-01
-6.745316855012502000e-01
-6.745437100649617213e-01
-6.745553499366928607e-01
-6.745666130614794698e-01
-6.745775074700696150e-01
-6.745880412422937678e-01
-6.745982224706490449e-01
-6.746080592290150113e-01
-6.746175595494746657e-01
-6.746267314082107225e-01
-6.746355827197576538e-01
-6.746441213376710433e-01
-6.746523550590994844e-01
-6.746602916306794206e-01
-6.746679387535781114e-01
-6.746753040861652728e-01
-6.746823952435763161e-01
-6.746892197941399827e-01
-6.746957852532089461e-01
-6.747020990752755631e-01
-6.747081686453758609e-01
-6.747140012707119050e-01
-6.747196041732053118e-01
-6.747249844834175558e-01
-6.747301492359687458e-01
-6.747351053663420695e-01
-6.747398597087804761e-01
-6.747444189948984539e-01
-6.747487898526204342e-01
-6.747529788051258581e-01
-6.747569922695713096e-01
-6.747608365554903509e-01
-6.747645178628685070e-01
-6.747680422799777755e-01
-6.747714157811127711e-01
-6.747746442243742759e-01
-6.747777333496370877e-01
-6.747806887768095230e-01
-6.747835160044354241e-01
-6.747862204086505500e-01
-6.747888072424690353e-01
-6.747912816353438537e-01
-6.747936485929347805e-01
-6.747959129970225733e-01
-6.747980796055156327e-01
-6.748001530525153946e-01
-6.748021378484218014e-01
-6.748040383800832931e-01
-6.748058589110009775e-01
-6.748076035816105156e-01
-6.748092764096571550e-01
-6.748108812906850051e-01
-6.748124219986493255e-01
-6.748139021866540466e-01
-6.748153253878083069e-01
-6.748166950161949007e-01
-6.748180143679302079e-01
-6.748192866223062802e-01
-6.748205148429966549e-01
-6.748217019793211202e-01
-6.748228508675505610e-01
-6.748239642322585441e-01
-6.748250446877099851e-01
-6.748260947392890063e-01
-6.748271167849659857e-01
-6.748281131168031299e-01
-6.748290859224965743e-01
-6.748300372869541208e-01
-6.748309691939023969e-01
-6.748318835275167737e-01
-6.748327820740787075e-01
-6.748336665236382981e-01
-6.748345384716883943e-01
-6.748353994208424744e-01
-6.748362507825089729e-01
-6.748370938785606121e-01
-6.748379299429947409e-01
-6.748387601235824595e-01
-6.748395854835035346e-01
-6.748404070029659918e-01
-6.748412255808053928e-01
-6.748420420360616845e-01
-6.748428571095318462e-01
-6.748436714652937818e-01
-6.748444856921966828e-01
-6.748453003053216381e-01
-6.748461157474018313e-01
-6.748469323902023254e-01
-6.748477505358596584e-01
-6.748485704181728106e-01
-6.748493922038507620e-01
-6.748502159937110889e-01
-6.748510418238261588e-01
-6.748518696666203631e-01
-6.748526994319101746e-01
-6.748535309678931338e-01
-6.748543640620784378e-01
-6.748551984421605754e-01
-6.748560337768327866e-01
-6.748568696765416819e-01
