-6.748575433316367223e-01
-6.748583460390384925e-01
-6.748591442585369915e-01
-6.748599374000897599e-01
-6.748607248146660798e-01
-6.748615057946153462e-01
-6.748622795739790403e-01
-6.748630453287459696e-01
-6.748638021770498874e-01
-6.748645491793137108e-01
-6.748652853383346750e-01
-6.748660095993158636e-01
-6.748667208498410064e-01
-6.748674179197960976e-01
-6.748680995812360583e-01
-6.748687645481987740e-01
-6.748694114764666185e-01
-6.748700389632774632e-01
-6.748706455469847265e-01
-6.748712297066720156e-01
-6.748717898617201394e-01
-6.748723243713286024e-01
-6.748728315339935779e-01
-6.748733095869462462e-01
-6.748737567055521636e-01
-6.748741710026693319e-01
-6.748745505279731827e-01
-6.748748932672472556e-01
-6.748751971416372397e-01
-6.748754600068792575e-01
-6.748756796524992829e-01
-6.748758538009856922e-01
-6.748759801069392772e-01
-6.748760561562056060e-01
-6.748760794649925066e-01
-6.748760474789772257e-01
-6.748759575724051496e-01
-6.748758070471878590e-01
-6.748755931319989632e-01
-6.748753129813734875e-01
-6.748749636748124781e-01
-6.748745422158930474e-01
-6.748740455313851916e-01
-6.748734704703746035e-01
-6.748728138033944779e-01
-6.748720722215693080e-01
-6.748712423357726697e-01
-6.748703206758064344e-01
-6.748693036896127317e-01
-6.748681877425249942e-01
-6.748669691165735118e-01
-6.748656440098561582e-01
-6.748642085359797260e-01
-6.748626587235816432e-01
-6.748609905159330680e-01
-6.748591997706123724e-01
-6.748572822592422416e-01
-6.748552336672735130e-01
-6.748530495937971052e-01
-6.748507255513750414e-01
-6.748482569658755814e-01
-6.748456391763291151e-01
-6.748428674348171397e-01
-6.748399369064379538e-01
-6.748368426693959199e-01
-6.748335797152809068e-01
-6.748301429495928705e-01
-6.748265271925572018e-01
-6.748227271802520466e-01
-6.748187375660283926e-01
-6.748145529221590833e-01
-6.748101677416090682e-01
-6.748055764397875578e-01
-6.748007733561285360e-01
-6.747957527553617441e-01
-6.747905088283939756e-01
-6.747850356928040139e-01
-6.747793273930691171e-01
-6.747733779007679678e-01
-6.747671811151100263e-01
-6.747607308642177282e-01
-6.747540209075747475e-01
-6.747470449399800563e-01
-6.747397965971302369e-01
-6.747322694627007067e-01
-6.747244570764484584e-01
-6.747163529425285189e-01
-6.747079505369638630e-01
-6.746992433130898359e-01
-6.746902247039249234e-01
-6.746808881207778663e-01
-6.746712269480616975e-01
-6.746612345351189477e-01
-6.746509041868018475e-01
-6.746402291553915687e-01
-6.746292026369733463e-01
-6.746178177754104111e-01
-6.746060676764158437e-01
-6.745939454328268026e-01
-6.745814441601224454e-01
-6.745685570387521812e-01
-6.745552773573352257e-01
-6.745415985488146804e-01
-6.745275142107817201e-01
-6.745130181019644011e-01
-6.744981041096282937e-01
-6.744827661873785685e-01
-6.744669982691664512e-01
-6.744507941722903688e-01
-6.744341475085319226e-01
-6.744170516267048443e-01
-6.743994996102338213e-01
-6.743814843486917177e-01
-6.743629986919381647e-01
-6.743440356802160585e-01
-6.743245888249705944e-01
-6.743046523963900363e-01
-6.742842216586756310e-01
-6.742632929873466630e-01
-6.742418638084034521e-01
-6.742199323195455785e-01
-6.741974969889256153e-01
-6.741745558740674937e-01
-6.741511058558962155e-01
-6.741271419305217005e-01
-6.741026567326388053e-01
-6.740776404672634836e-01
-6.740520813916598408e-01
-6.740259669127859343e-01
-6.739992852512093346e-01
-6.739720274836781266e-01
-6.739441896361272333e-01
-6.739157743870735073e-01
-6.738867918913369337e-01
-6.738572592757503532e-01
-6.738271985110416695e-01
-6.737966326280835361e-01
-6.737655805987017299e-01
-6.737340515912200178e-01
-6.737020396652417809e-01
-6.736695202003367688e-01
-6.736364493708775214e-01
-6.736027677151396054e-01
-6.735684082723792931e-01
-6.735333089074765356e-01
-6.734974274101185321e-01
-6.734607569157249340e-01
-6.734233383738024159e-01
-6.733852664329122995e-01
-6.733466854403705737e-01
-6.733077734069858877e-01
-6.732687137622008766e-01
-6.732296573421364672e-01
-6.731906799354345772e-01
-6.731517433092623071e-01
-6.731126692944618961e-01
-6.730731365743688466e-01
-6.730327077960799320e-01
-6.729908903110083385e-01
-6.729472274998834491e-01
-6.729014100142666210e-01
-6.728533886536250952e-01
-6.728034646642454542e-01
-6.727523308057354878e-01
-6.727010391819034929e-01
-6.726508805466050456e-01
-6.726031745094375180e-01
-6.725589893837939925e-01
-6.725188315089050128e-01
-6.724823626571148072e-01
-6.724482157939807303e-01
-6.724139792783585534e-01
-6.723764040205594261e-01
-6.723318558953825796e-01
-6.722769888251343140e-01
-6.722095582044815831e-01
-6.721292392329452081e-01
-6.720382725066434970e-01
-6.719417430722341988e-01
-6.718473205445165686e-01
-6.717643535699259205e-01
-6.717023209155980057e-01
-6.716687829651010189e-01
-6.716671301575918296e-01
-6.716945588084560770e-01
-6.717407848466185882e-01
-6.717879987341466297e-01
-6.718124456830445457e-01
-6.717877766348745450e-01
-6.716899731186851685e-01
-6.715032458681077232e-01
-6.712259119985528599e-01
-6.708749574344426980e-01
-6.704878858437142153e-01
-6.701206260748396870e-01
-6.698407648816160354e-01
-6.697161795261067363e-01
-6.698001791633422242e-01
-6.701153603683198678e-01
-6.706393155530593342e-01
-6.712958536147093369e-01
-6.719552747535570969e-01
-6.724463360178832838e-01
-6.725808181674434172e-01
-6.721891721585806501e-01
-6.711628652594830990e-01
-6.694962196377000074e-01
-6.673183659094561460e-01
-6.649051578409497232e-01
-6.626622177383489909e-01
-6.610741382941949240e-01
-6.606211336342053819e-01
-6.616722391104965517e-01
-6.643719382388644235e-01
-6.685429500809780823e-01
-6.736301928153929364e-01
-6.787087451531086391e-01
-6.825719022503609068e-01
-6.839045754823497303e-01
-6.815326125649822098e-01
-6.747202100142810632e-01
-6.634663759566632457e-01
-6.487311543011792248e-01
-6.325111992428694707e-01
-6.176933938347956010e-01
-6.076527446359639706e-01
-6.056240266747024981e-01
-6.139477709428413643e-01
-6.333426657649783298e-01
-6.623654390894386790e-01
-6.971828308866017121e-01
-7.317211224386849233e-01
-7.582152967201702953e-01
-7.681794406216805315e-01
-7.538431473695889062e-01
-7.100615288213374399e-01
-6.364997297206391735e-01
-5.395001064859367146e-01
-4.326710310507226875e-01
-3.352921634368558612e-01
-2.683674413445014117e-01
-2.492873020014269581e-01
-2.868641971096501098e-01
-3.784696285062643661e-01
-5.101975786669421531e-01
-6.597712953244643241e-01
-8.007426342097936356e-01
-9.061019288348934886e-01
-9.503611445705881788e-01
-9.111515904365858898e-01
-7.727706002176530919e-01
-5.330175062406818931e-01
-2.106840367590082364e-01
1.528506693561174912e-01
5.028226314362911342e-01
7.874286672143195887e-01
9.705230791725703021e-01
1.033846165713972365e+00
9.722837740089574909e-01
7.907976561347868083e-01
5.074212962905753077e-01
1.580375563243235637e-01
-2.057037517211832423e-01
-5.289603902535748858e-01
-7.700730809354099371e-01
-9.099184845036463187e-01
-9.504463317138114320e-01
-9.072215777268789472e-01
-8.025495154635415851e-01
-6.618861125603251461e-01
-5.122314422418062785e-01
-3.800658302986604786e-01
-2.877585033052677543e-01
-2.493628413663925847e-01
-2.676777451129034868e-01
-3.340395891822504626e-01
-4.311461717119435821e-01
-5.380029858981233426e-01
-6.352700554510507525e-01
-7.092389604832686212e-01
-7.534627160988752737e-01
-7.681925091709732589e-01
-7.585210515709658319e-01
-7.321970132973359968e-01
-6.977087089717793900e-01
-6.628405984975628273e-01
-6.336964687031603205e-01
-6.141443480618907769e-01
-6.056612721264758026e-01
-6.075561974899220674e-01
-6.175064499170731525e-01
-6.322838622712049217e-01
-6.485097285041905302e-01
-6.632859920944743637e-01
-6.746010942209174077e-01
-6.814799656610883716e-01
-6.839111823597769924e-01
-6.826222781424114983e-01
-6.787836830167449653e-01
-6.737108411420912324e-01
-6.686138747090508705e-01
-6.644229211390665357e-01
-6.616988134309387259e-01
-6.606240433938133094e-01
-6.610580397460934510e-01
-6.626340005540654055e-01
-6.648722545222097713e-01
-6.672873456695389560e-01
-6.694718501894096896e-01
-6.711477017284780411e-01
-6.721836241658695199e-01
-6.725835721929065425e-01
-6.724549766187802868e-01
-6.719669509611895242e-01
-6.713078657171968056e-01
-6.706495405414819588e-01
-6.701224807295270702e-01
-6.698037210957150656e-01
-6.697163975724427232e-01
-6.698384277716175061e-01
-6.701167631599196373e-01
-6.704835469216747779e-01
-6.708710245019543494e-01
-6.712229836728419441e-01
-6.715015978028319177e-01
-6.716895837106763301e-01
-6.717883983990917685e-01
-6.718136992609260449e-01
-6.717894679103203481e-01
-6.717420958021279587e-01
-6.716954334817796246e-01
-6.716674104462053707e-01
-6.716684283403099309e-01
-6.717013860653273660e-01
-6.717629546390517792e-01
-6.718455985474491854e-01
-6.719398315530216159e-01
-6.720362741258069095e-01
-6.721272132957853973e-01
-6.722075187454086276e-01
-6.722749110905392733e-01
-6.723296880919169549e-01
-6.723740810038573157e-01
-6.724114352999637223e-01
-6.724453942740995505e-01
-6.724792219611139821e-01
-6.725153466586751838e-01
-6.725551503748433690e-01
-6.725989823491890229e-01
-6.726463422690526217e-01
-6.726961629756467165e-01
-6.727471220987152334e-01
-6.727979236337757740e-01
-6.728475092612933306e-01
-6.728951803671973098e-01
-6.729406311496043402e-01
-6.729839080272438379e-01
-6.730253193805780798e-01
-6.730653223797227191e-01
-6.731044112491232356e-01
-6.731430253888940340e-01
-6.731814881363572534e-01
-6.732199792894629775e-01
-6.732585381187576878e-01
-6.732970892438365773e-01
-6.733354816962481282e-01
-6.733735315413607037e-01
-6.734110600860133689e-01
-6.734479223039472329e-01
-6.734840230071855727e-01
-6.735193209244128010e-01
-6.735538228367567992e-01
-6.735875710840739661e-01
-6.736206280894806442e-01
-6.736530611944090419e-01
-6.736849302723445509e-01
-6.737162795447759756e-01
-6.737471339846928808e-01
-6.737774998338129651e-01
-6.738073681816139082e-01
-6.738367202881546669e-01
-6.738655333499096178e-01
-6.738937856389590753e-01
-6.739214603018950367e-01
-6.739485474966981915e-01
-6.739750448995188714e-01
-6.740009568785112481e-01
-6.740262927849750563e-01
-6.740510648538379224e-01
-6.740752861551108088e-01
-6.740989689255381112e-01
-6.741221234686447517e-01
-6.741447576720647206e-01
-6.741668770763575846e-01
-6.741884853528232746e-01
-6.742095850130200851e-01
-6.742301781756997459e-01
-6.742502672482930670e-01
-6.742698554279729084e-01
-6.742889469797911373e-01
-6.743075472965769368e-01
-6.743256627806168968e-01
-6.743433006074226466e-01
-6.743604684373759595e-01
-6.743771741342405868e-01
-6.743934255345087614e-01
-6.744092302927302551e-01
-6.744245958094080562e-01
-6.744395292327446390e-01
-6.744540375153023071e-01
-6.744681275019565048e-01
-6.744818060258999104e-01
-6.744950799935970354e-01
-6.745079564459474097e-01
-6.745204425898860823e-01
-6.745325458009470143e-01
-6.745442736020458296e-01
-6.745556336264670882e-01
-6.745666335738219610e-01
-6.745772811668616642e-01
-6.745875841150684726e-01
-6.745975500884477949e-01
-6.746071867024727720e-01
-6.746165015130863862e-01
-6.746255020192732932e-01
-6.746341956700826481e-01
-6.746425898729885295e-01
-6.746506920010232333e-01
-6.746585093969531544e-01
-6.746660493736834630e-01
-6.746733192109304333e-01
-6.746803261488362180e-01
-6.746870773795743403e-01
-6.746935800381167470e-01
-6.746998411932196849e-01
-6.747058678394356468e-01
-6.747116668906248949e-01
-6.747172451751120015e-01
-6.747226094323525158e-01
-6.747277663107872359e-01
-6.747327223664687512e-01
-6.747374840620391501e-01
-6.747420577657171625e-01
-6.747464497500387237e-01
-6.747506661902465952e-01
-6.747547131623122807e-01
-6.747585966406828284e-01
-6.747623224958804178e-01
-6.747658964921103841e-01
-6.747693242850187900e-01
-6.747726114197081237e-01
-6.747757633290720758e-01
-6.747787853324761498e-01
-6.747816826347582397e-01
-6.747844603255087614e-01
-6.747871233785727174e-01
-6.747896766517107459e-01
-6.747921248863698596e-01
-6.747944727075243510e-01
-6.747967246235707650e-01
-6.747988850262631733e-01
-6.748009581906990739e-01
-6.748029482753709063e-01
-6.748048593222994995e-01
-6.748066952572608912e-01
-6.748084598901243902e-01
-6.748101569153024393e-01
-6.748117899123138308e-01
-6.748133623464560582e-01
-6.748148775695743673e-01
-6.748163388209205138e-01
-6.748177492280806877e-01
-6.748191118079732709e-01
-6.748204294678983306e-01
-6.748217050066382949e-01
-6.748229411155950430e-01
-6.748241403799716265e-01
-6.748253052799911833e-01
-6.748264381921519339e-01
-6.748275413905180375e-01
-6.748286170480443102e-01
-6.748296672379291428e-01
-6.748306939350003919e-01
-6.748316990171199237e-01
-6.748326842666140246e-01
-6.748336513717133611e-01
-6.748346019280055952e-01
-6.748355374398934403e-01
-6.748364593220549379e-01
-6.748373689008995147e-01
-6.748382674160186001e-01
-6.748391560216282503e-01
-6.748400357879977829e-01
-6.748409077028632019e-01
-6.748417726728278554e-01
-6.748426315247374463e-01
-6.748434850070336166e-01
-6.748443337910873252e-01
-6.748451784724991409e-01
-6.748460195723725574e-01
-6.748468575385551116e-01
-6.748476927468423092e-01
-6.748485255021450246e-01
-6.748493560396189306e-01
-6.748501845257487419e-01
-6.748510110593933797e-01
-6.748518356727821743e-01
-6.748526583324685468e-01
-6.748534789402312883e-01
-6.748542973339309858e-01
-6.748551132883116033e-01
-6.748559265157511033e-01
-6.748567366669619982e-01
