-6.748575599558627180e-01
-6.748583646688274262e-01
-6.748591651213513565e-01
-6.748599607217879992e-01
-6.748607508197130844e-01
-6.748615347062948411e-01
-6.748623116146055256e-01
-6.748630807198751080e-01
-6.748638411396908898e-01
-6.748645919341379473e-01
-6.748653321058850629e-01
-6.748660606002133688e-01
-6.748667763049885915e-01
-6.748674780505800053e-01
-6.748681646097222098e-01
-6.748688346973277241e-01
-6.748694869702438481e-01
-6.748701200269575651e-01
-6.748707324072525937e-01
-6.748713225918185898e-01
-6.748718890018098326e-01
-6.748724299983609454e-01
-6.748729438820603166e-01
-6.748734288923806668e-01
-6.748738832070687588e-01
-6.748743049414978046e-01
-6.748746921479829020e-01
-6.748750428150637193e-01
-6.748753548667520974e-01
-6.748756261617478991e-01
-6.748758544926278802e-01
-6.748760375850092474e-01
-6.748761730966900130e-01
-6.748762586167691424e-01
-6.748762916647532695e-01
-6.748762696896504210e-01
-6.748761900690597448e-01
-6.748760501082552432e-01
-6.748758470392719477e-01
-6.748755780199898746e-01
-6.748752401332278605e-01
-6.748748303858382869e-01
-6.748743457078122399e-01
-6.748737829513867803e-01
-6.748731388901648698e-01
-6.748724102182412921e-01
-6.748715935493482254e-01
-6.748706854160189117e-01
-6.748696822687851871e-01
-6.748685804754128714e-01
-6.748673763201941123e-01
-6.748660660033004577e-01
-6.748646456402113136e-01
-6.748631112612196725e-01
-6.748614588110196655e-01
-6.748596841483639475e-01
-6.748577830457838100e-01
-6.748557511893553684e-01
-6.748535841784977229e-01
-6.748512775257832219e-01
-6.748488266567602700e-01
-6.748462269097926791e-01
-6.748434735359349901e-01
-6.748405616988845113e-01
-6.748374864750629198e-01
-6.748342428538807170e-01
-6.748308257382511499e-01
-6.748272299453909051e-01
-6.748234502079322183e-01
-6.748194811753223110e-01
-6.748153174154517542e-01
-6.748109534163996281e-01
-6.748063835881642492e-01
-6.748016022642209233e-01
-6.747966037027771646e-01
-6.747913820876476620e-01
-6.747859315287481063e-01
-6.747802460623363308e-01
-6.747743196512333563e-01
-6.747681461853773932e-01
-6.747617194831233567e-01
-6.747550332937027884e-01
-6.747480813011627054e-01
-6.747408571299166047e-01
-6.747333543517657350e-01
-6.747255664939165731e-01
-6.747174870472042452e-01
-6.747091094734714023e-01
-6.747004272109479173e-01
-6.746914336766026699e-01
-6.746821222647996219e-01
-6.746724863422381979e-01
-6.746625192399791082e-01
-6.746522142442781256e-01
-6.746415645887730017e-01
-6.746305634510805227e-01
-6.746192039568956744e-01
-6.746074791940178672e-01
-6.745953822373704778e-01
-6.745829061840494800e-01
-6.745700441949991077e-01
-6.745567895374675604e-01
-6.745431356204645290e-01
-6.745290760146147591e-01
-6.745146044485795800e-01
-6.744997147769509205e-01
-6.744844009191777179e-01
-6.744686567752888884e-01
-6.744524761310080052e-01
-6.744358525710624219e-01
-6.744187794234945965e-01
-6.744012497580736953e-01
-6.743832564572341814e-01
-6.743647923678806055e-01
-6.743458505273695058e-01
-6.743264244387963124e-01
-6.743065083523860359e-01
-6.742860974952000763e-01
-6.742651881849128781e-01
-6.742437777689601619e-01
-6.742218643503967712e-01
-6.741994462964151502e-01
-6.741765215716046811e-01
-6.741530869891374511e-01
-6.741291375195642699e-01
-6.741046658271965253e-01
-6.740796622065758914e-01
-6.740541150572044726e-01
-6.740280119596826491e-01
-6.740013413045561341e-01
-6.739740942896256248e-01
-6.739462669645251980e-01
-6.739178618924992481e-01
-6.738888889509364599e-01
-6.738593648334458841e-01
-6.738293109656361413e-01
-6.737987498048058077e-01
-6.737676998374504400e-01
-6.737361699689823347e-01
-6.737041543454808101e-01
-6.736716288713374690e-01
-6.736385507031589226e-01
-6.736048617419423401e-01
-6.735704965846356362e-01
-6.735353945626253447e-01
-6.734995144872689687e-01
-6.734628497083585685e-01
-6.734254402902130066e-01
-6.733873787624168328e-01
-6.733488062229816551e-01
-6.733098966952753006e-01
-6.732708295661816722e-01
-6.732317524855446766e-01
-6.731927399188559757e-01
-6.731537550802171310e-01
-6.731146245913545156e-01
-6.730750352807141068e-01
-6.730345605660678077e-01
-6.729927196634627462e-01
-6.729490666735599147e-01
-6.729032991609394943e-01
-6.728553684108138366e-01
-6.728055677487332353e-01
-6.727545729095664173e-01
-6.727034110041758552e-01
-6.726533431068856261e-01
-6.726056598192106106e-01
-6.725614079997180861e-01
-6.725210874311258191e-01
-6.724843745483126689e-01
-6.724499417805864798e-01
-6.724154409659787168e-01
-6.723777041985434799e-01
-6.723331841211719340e-01
-6.722786099968206530e-01
-6.722117815135396635e-01
-6.721323684498511364e-01
-6.720425429915600768e-01
-6.719472555054538665e-01
-6.718539851652330919e-01
-6.717718606070832710e-01
-6.717101518900302493e-01
-6.716762729777628893e-01
-6.716735830861495504e-01
-6.716994062302991120e-01
-6.717437670643807701e-01
-6.717893348364251116e-01
-6.718129519406925709e-01
-6.717888915348859680e-01
-6.716936552078337508e-01
-6.715117283100906498e-01
-6.712413244923500777e-01
-6.708988587945853288e-01
-6.705207836845833436e-01
-6.701615863833351172e-01
-6.698872257256531793e-01
-6.697640725316531540e-01
-6.698444254088853356e-01
-6.701507445151823061e-01
-6.706616598816276253e-01
-6.713033246978111768e-01
-6.719495769367744842e-01
-6.724334970614134210e-01
-6.725712718944472090e-01
-6.721969052877725392e-01
-6.712035278006048822e-01
-6.695842956757289688e-01
-6.674637433570816958e-01
-6.651096809822752975e-01
-6.629169955140538084e-01
-6.613584456295837910e-01
-6.609036245469527282e-01
-6.619148657371798361e-01
-6.645364695121326326e-01
-6.685993911555353497e-01
-6.735658357557801068e-01
-6.785361423041925688e-01
-6.823338244031321720e-01
-6.836740489370513041e-01
-6.814064838719392503e-01
-6.748054715120277436e-01
-6.638598252117589027e-01
-6.494948660429570308e-01
-6.336484480538381314e-01
-6.191313346844495857e-01
-6.092383457289830551e-01
-6.071377544773766122e-01
-6.151355434339595973e-01
-6.339618910704871713e-01
-6.622373838607987784e-01
-6.962424959681807746e-01
-7.300571608762310705e-01
-7.560944030611485012e-01
-7.660492816565587226e-01
-7.523040273395970035e-01
-7.097928828124431266e-01
-6.381318311650940878e-01
-5.434425699272771304e-01
-4.389445658165136432e-01
-3.434362197640541958e-01
-2.774854640672688721e-01
-2.582387743063797592e-01
-2.945488065003847300e-01
-3.841099515033026268e-01
-5.135256775544557728e-01
-6.610587621084940135e-01
-8.006755490247697837e-01
-9.055654571407826259e-01
-9.502198393578508151e-01
-9.120759846794761483e-01
-7.751101792018956216e-01
-5.367150135090762442e-01
-2.152741672498384440e-01
1.480894750675314786e-01
4.985745735535411782e-01
7.840491564718310435e-01
9.679155150932526874e-01
1.031549984450090163e+00
9.697008507680050515e-01
7.874621213793563390e-01
5.032265775046008693e-01
1.533268386961359753e-01
-2.102565194497208745e-01
-5.326382327747255507e-01
-7.724089600517488607e-01
-9.108491280386330491e-01
-9.503135804231989114e-01
-9.066887523103612789e-01
-8.024759759245808644e-01
-6.631552291007767330e-01
-5.155316910381361195e-01
-3.856749284087188645e-01
-2.954165008886002197e-01
-2.582995591732736296e-01
-2.767970473639804196e-01
-3.422008548409294915e-01
-4.374487466858834606e-01
-5.419798399354922580e-01
-6.369352179269458514e-01
-7.089969418777206656e-01
-7.519410449896009041e-01
-7.660700973977765393e-01
-7.563993012815599659e-01
-7.305256663368677739e-01
-6.967570016120444576e-01
-6.626998021807468664e-01
-6.343039478815828414e-01
-6.153231876800110411e-01
-6.071699416141099759e-01
-6.091408408322228629e-01
-6.189470060593346146e-01
-6.334262375251369370e-01
-6.492797737640485511e-01
-6.636857223174661424e-01
-6.746915869637857277e-01
-6.813574027486485329e-01
-6.836823438087265004e-01
-6.823841491659117242e-01
-6.786096819893088217e-01
-6.736442685469590241e-01
-6.686678374091805654e-01
-6.645851962472494323e-01
-6.619397561899369453e-01
-6.609056062352640648e-01
-6.613421934147519776e-01
-6.628892819514179413e-01
-6.650777325653164374e-01
-6.674338874531851040e-01
-6.695610710230515128e-01
-6.711893100563205428e-01
-6.721919947318163446e-01
-6.725743201647924607e-01
-6.724421191454813540e-01
-6.719609991346685574e-01
-6.713149487602846355e-01
-6.706714662554394968e-01
-6.701575030266808675e-01
-6.698477217209845014e-01
-6.697641881340526959e-01
-6.698849256667310792e-01
-6.701578725319028429e-01
-6.705166641700931462e-01
-6.708951699377591060e-01
-6.712386240727032938e-01
-6.715102622049956560e-01
-6.716933861260759864e-01
-6.717895703256968609e-01
-6.718142090718693948e-01
-6.717907713547353055e-01
-6.717450292880519092e-01
-6.717002349538787609e-01
-6.716738346888195821e-01
-6.716759153479983091e-01
-6.717092418045669255e-01
-6.717705108972533701e-01
-6.718523298416025913e-01
-6.719454194500420474e-01
-6.720406204649573834e-01
-6.721304121018145672e-01
-6.722098013298586361e-01
-6.722765799923473562e-01
-6.723310537389709518e-01
-6.723754112671088690e-01
-6.724129235439579855e-01
-6.724471470572965792e-01
-6.724812639328333619e-01
-6.725176378506899644e-01
-6.725576100990080519e-01
-6.726015141377953421e-01
-6.726488554116329954e-01
-6.726985878178616263e-01
-6.727494179871568170e-01
-6.728000798984314912e-01
-6.728495407176230403e-01
-6.728971194039800041e-01
-6.729425185652189167e-01
-6.729857844829606472e-01
-6.730272187958186159e-01
-6.730672679518554524e-01
-6.731064141717325588e-01
-6.731450858635246171e-01
-6.731835979749297705e-01
-6.732221252965011615e-01
-6.732607054984173223e-01
-6.732992644487015843e-01
-6.733376543664053582e-01
-6.733756954198562017e-01
-6.734132129982937087e-01
-6.734500654282291610e-01
-6.734861597304856451e-01
-6.735214555803425984e-01
-6.735559595714580849e-01
-6.735897130163533975e-01
-6.736227768412870187e-01
-6.736552167859938267e-01
-6.736870913149241025e-01
-6.737184436280885258e-01
-6.737492981474829667e-01
-6.737796610174127121e-01
-6.738095235932936022e-01
-6.738388676337917493e-01
-6.738676709275823740e-01
-6.738959123109826699e-01
-6.739235753795461692e-01
-6.739506505787108415e-01
-6.739771357035483357e-01
-6.740030350965586781e-01
-6.740283579821693127e-01
-6.740531164177929746e-01
-6.740773232925869607e-01
-6.741009906957254882e-01
-6.741241288386112807e-01
-6.741467455795555619e-01
-6.741688464874222575e-01
-6.741904353056632493e-01
-6.742115146438972806e-01
-6.742320867268482010e-01
-6.742521540608885644e-01
-6.742717199250412019e-01
-6.742907886444665655e-01
-6.743093656506081723e-01
-6.743274573667508154e-01
-6.743450709777417673e-01
-6.743622141481130372e-01
-6.743788947463446037e-01
-6.743951206184136682e-01
-6.744108994354306441e-01
-6.744262386220097882e-01
-6.744411453570277049e-01
-6.744556266283548984e-01
-6.744696893185042619e-01
-6.744833402984377058e-01
-6.744965865107755976e-01
-6.745094350298520558e-01
-6.745218930928706946e-01
-6.745339681025951384e-01
-6.745456676066594603e-01
-6.745569992612934218e-01
-6.745679707880437581e-01
-6.745785899312372047e-01
-6.745888644220257024e-01
-6.745988019523991852e-01
-6.746084101601448335e-01
-6.746176966236960837e-01
-6.746266688644596554e-01
-6.746353343535549385e-01
-6.746437005199182879e-01
-6.746517747572380319e-01
-6.746595644280055648e-01
-6.746670768638770577e-01
-6.746743193623679913e-01
-6.746812991805278825e-01
-6.746880235266369263e-01
-6.746944995510610887e-01
-6.747007343373121468e-01
-6.747067348941113707e-01
-6.747125081489281362e-01
-6.747180609431363552e-01
-6.747234000286673750e-01
-6.747285320658400476e-01
-6.747334636219604054e-01
-6.747382011702810489e-01
-6.747427510889679736e-01
-6.747471196598401333e-01
-6.747513130667615044e-01
-6.747553373936792109e-01
-6.747591986223834271e-01
-6.747629026301303901e-01
-6.747664551872695204e-01
-6.747698619550204224e-01
-6.747731284835041254e-01
-6.747762602100941809e-01
-6.747792624581064880e-01
-6.747821404358101960e-01
-6.747848992357188269e-01
-6.747875438341010002e-01
-6.747900790906539159e-01
-6.747925097482868617e-01
-6.747948404329758842e-01
-6.747970756536719739e-01
-6.747992198022541022e-01
-6.748012771535324417e-01
-6.748032518653170886e-01
-6.748051479785651674e-01
-6.748069694176273003e-01
-6.748087199905985489e-01
-6.748104033897865950e-01
-6.748120231922899448e-01
-6.748135828606857123e-01
-6.748150857438146577e-01
-6.748165350776547111e-01
-6.748179339862681037e-01
-6.748192854828140019e-01
-6.748205924706138781e-01
-6.748218577442670618e-01
-6.748230839908057055e-01
-6.748242737908936029e-01
-6.748254296200580926e-01
-6.748265538499621519e-01
-6.748276487497099074e-01
-6.748287164871848987e-01
-6.748297591304206478e-01
-6.748307786489980975e-01
-6.748317769154679180e-01
-6.748327557067905769e-01
-6.748337167057948394e-01
-6.748346615026412643e-01
-6.748355915962952478e-01
-6.748365083959981803e-01
-6.748374132227397126e-01
-6.748383073107182550e-01
-6.748391918087963681e-01
-6.748400677819402782e-01
-6.748409362126472910e-01
-6.748417980023520002e-01
-6.748426539728165086e-01
-6.748435048674936709e-01
-6.748443513528674664e-01
-6.748451940197653931e-01
-6.748460333846411086e-01
-6.748468698908227648e-01
-6.748477039097244834e-01
-6.748485357420244135e-01
-6.748493656187980472e-01
-6.748501937026126773e-01
-6.748510200885760035e-01
-6.748518448053415497e-01
-6.748526678160650105e-01
-6.748534890193130797e-01
-6.748543082499212087e-01
-6.748551252798027367e-01
-6.748559398187023994e-01
-6.748567515149013207e-01
