-6.748576348447601347e-01
-6.748585097227706164e-01
-6.748593873662444009e-01
-6.748602671281974663e-01
-6.748611483108115650e-01
-6.748620301658226905e-01
-6.748629118948376027e-01
-6.748637926495788530e-01
-6.748646715320582024e-01
-6.748655475946782056e-01
-6.748664198402640757e-01
-6.748672872220227159e-01
-6.748681486434331411e-01
-6.748690029580660665e-01
-6.748698489693321090e-01
-6.748706854301610436e-01
-6.748715110426148911e-01
-6.748723244574299507e-01
-6.748731242734976599e-01
-6.748739090372813942e-01
-6.748746772421750917e-01
-6.748754273278047000e-01
-6.748761576792755568e-01
-6.748768666263661453e-01
-6.748775524426692263e-01
-6.748782133446813436e-01
-6.748788474908372637e-01
-6.748794529804932329e-01
-6.748800278528555019e-01
-6.748805700858615531e-01
-6.748810775950154772e-01
-6.748815482321849357e-01
-6.748819797843660373e-01
-6.748823699724290082e-01
-6.748827164498493181e-01
-6.748830168014277042e-01
-6.748832685420048660e-01
-6.748834691151652798e-01
-6.748836158919268025e-01
-6.748837061694061834e-01
-6.748837371694522691e-01
-6.748837060372463448e-01
-6.748836098398670602e-01
-6.748834455648324848e-01
-6.748832101186396093e-01
-6.748829003253234982e-01
-6.748825129250644039e-01
-6.748820445728732631e-01
-6.748814918373670091e-01
-6.748808511996409187e-01
-6.748801190522230042e-01
-6.748792916980799195e-01
-6.748783653496291945e-01
-6.748773361277184968e-01
-6.748762000605296185e-01
-6.748749530824007525e-01
-6.748735910325809328e-01
-6.748721096539707087e-01
-6.748705045919397572e-01
-6.748687713933179122e-01
-6.748669055056719657e-01
-6.748649022769305228e-01
-6.748627569553907746e-01
-6.748604646900545623e-01
-6.748580205311752733e-01
-6.748554194308432619e-01
-6.748526562434067344e-01
-6.748497257255464676e-01
-6.748466225359078807e-01
-6.748433412342960125e-01
-6.748398762806001594e-01
-6.748362220337492667e-01
-6.748323727510994186e-01
-6.748283225886709813e-01
-6.748240656025797923e-01
-6.748195957518025034e-01
-6.748149069021598390e-01
-6.748099928310774542e-01
-6.748048472324273961e-01
-6.747994637205887436e-01
-6.747938358328993136e-01
-6.747879570299323282e-01
-6.747818206935003449e-01
-6.747754201229178017e-01
-6.747687485306946842e-01
-6.747617990393428578e-01
-6.747545646811865527e-01
-6.747470384028141366e-01
-6.747392130750751171e-01
-6.747310815083504831e-01
-6.747226364713861946e-01
-6.747138707106228317e-01
-6.747047769660052818e-01
-6.746953479791303332e-01
-6.746855764905005381e-01
-6.746754552246907455e-01
-6.746649768651507006e-01
-6.746541340236734685e-01
-6.746429192124769880e-01
-6.746313248285227271e-01
-6.746193431593298095e-01
-6.746069664166475244e-01
-6.745941867989548868e-01
-6.745809965765390270e-01
-6.745673881852163323e-01
-6.745533543084367700e-01
-6.745388879245923786e-01
-6.745239822985411582e-01
-6.745086309045912332e-01
-6.744928272820885917e-01
-6.744765648424021487e-01
-6.744598366641161302e-01
-6.744426353271463226e-01
-6.744249528416308426e-01
-6.744067807199867204e-01
-6.743881102187702092e-01
-6.743689327422723867e-01
-6.743492403570776617e-01
-6.743290263244369198e-01
-6.743082855257841457e-01
-6.742870146468766812e-01
-6.742652120063621357e-01
-6.742428769685491208e-01
-6.742200089640947303e-01
-6.741966062442561469e-01
-6.741726645947716534e-01
-6.741481763098176039e-01
-6.741231297499515884e-01
-6.740975097608620237e-01
-6.740712991039041757e-01
-6.740444808528458509e-01
-6.740170414707079560e-01
-6.739889740401721063e-01
-6.739602809366093128e-01
-6.739309751622273303e-01
-6.739010796502888923e-01
-6.738706241228645810e-01
-6.738396395314422138e-01
-6.738081506721759206e-01
-6.737761681510250344e-01
-6.737436813527015733e-01
-6.737106543051782914e-01
-6.736770262095448381e-01
-6.736427178519205361e-01
-6.736076441345255628e-01
-6.735717316564640011e-01
-6.735349388396701942e-01
-6.734972748126121234e-01
-6.734588124586325941e-01
-6.734196910181972084e-01
-6.733801046310504690e-01
-6.733402752846598949e-01
-6.733004116528110705e-01
-6.732606588709226791e-01
-6.732210477797248016e-01
-6.731814547902389423e-01
-6.731415844533932269e-01
-6.731009853557442524e-01
-6.730591057221618767e-01
-6.730153881929347159e-01
-6.729693943798618072e-01
-6.729209403626393859e-01
-6.728702161753654654e-01
-6.728178577541235050e-01
-6.727649408638237682e-01
-6.727128746843028528e-01
-6.726631883763866115e-01
-6.726172258754412603e-01
-6.725757894026455075e-01
-6.725387961050937058e-01
-6.725050290509557716e-01
-6.724720675300041028e-01
-6.724364673440420548e-01
-6.723942271506175850e-01
-6.723415234436891375e-01
-6.722756306507633450e-01
-6.721958751490133555e-01
-6.721044176340653653e-01
-6.720066337453278749e-01
-6.719108830757017925e-01
-6.718275310150273461e-01
-6.717672161280615617e-01
-6.717385252958487651e-01
-6.717454235448789834e-01
-6.717849476954779186e-01
-6.718457686797992823e-01
-6.719082144818157021e-01
-6.719461940296063140e-01
-6.719311642741621071e-01
-6.718378610896336145e-01
-6.716510273770792683e-01
-6.713719094936866361e-01
-6.710229693969003151e-01
-6.706491926279115612e-01
-6.703146575640089866e-01
-6.700937128755058980e-01
-6.700571505746909517e-01
-6.702550263778492834e-01
-6.706990383976424441e-01
-6.713483368131472062e-01
-6.721029985877969848e-01
-6.728089164418835644e-01
-6.732763939766279737e-01
-6.733123508860091588e-01
-6.727629620783260878e-01
-6.715602297643310514e-01
-6.697630687948749051e-01
-6.675817826951779832e-01
-6.653751698651214630e-01
-6.636125858112738030e-01
-6.627992544270170372e-01
-6.633713358760044976e-01
-6.655762165913592376e-01
-6.693610813062699227e-01
-6.742969386781179075e-01
-6.795644327804174489e-01
-6.840215286245568960e-01
-6.863618913958675627e-01
-6.853571288358309976e-01
-6.801565906551669816e-01
-6.705962272954452130e-01
-6.574465638657602806e-01
-6.425167284225131725e-01
-6.285376872812300508e-01
-6.187826753087455334e-01
-6.164457069659714517e-01
-6.238741628268045236e-01
-6.418113037868448112e-01
-6.688236944385800298e-01
-7.010595860686493763e-01
-7.324258606081395229e-01
-7.552187324591440598e-01
-7.612226884221855450e-01
-7.432839375339366228e-01
-6.972908837700587670e-01
-6.242653572280461027e-01
-5.319034040990362477e-01
-4.346374925329782868e-01
-3.514875860508920868e-01
-3.017748558935950398e-01
-2.998231406256456899e-01
-3.504040925806210516e-01
-4.465053607443503769e-01
-5.701317652085281518e-01
-6.956669504518203651e-01
-7.943862322527229791e-01
-8.387220811678689492e-01
-8.060336477206045958e-01
-6.828622042773858647e-01
-4.702052918922777769e-01
-1.877033657160754876e-01
1.277856400439141005e-01
4.319675042228315331e-01
6.877254476945210415e-01
8.757942525825128666e-01
9.958959025467523096e-01
1.059436289021405964e+00
1.079019358267011341e+00
1.059950951422215404e+00
9.970490205468987011e-01
8.777555366567375561e-01
6.905814450684145678e-01
4.355976160299744326e-01
1.318160829045805782e-01
-1.838181206875104945e-01
-4.670039757988360685e-01
-6.807094280862840963e-01
-8.050502250114393021e-01
-8.388134821997710322e-01
-7.953115510061364857e-01
-6.971014409274712831e-01
-5.717157997589623619e-01
-4.478937595838933250e-01
-3.513219103259228593e-01
-3.001161222705004405e-01
-3.014352238249942695e-01
-3.506430712373722058e-01
-4.335059037370153079e-01
-5.307282344454257172e-01
-6.232545204713979548e-01
-6.965772918037934636e-01
-7.429149085632105187e-01
-7.611726616954889169e-01
-7.554136851640254058e-01
-7.327691381323756525e-01
-7.014535165872028966e-01
-6.691852673899389981e-01
-6.420819430189098620e-01
-6.240239392674635788e-01
-6.164723901944416662e-01
-6.187064186326183268e-01
-6.283927907396403834e-01
-6.423424239827987270e-01
-6.572787856490801550e-01
-6.704618143081967352e-01
-6.800705376110001144e-01
-6.853226821299787108e-01
-6.863727373672369181e-01
-6.840651196097814468e-01
-6.796255702026464673e-01
-6.743609491074227247e-01
-6.694161718384249449e-01
-6.656148241404752364e-01
-6.633904750502506165e-01
-6.628000180328110780e-01
-6.635990555376602984e-01
-6.653530438334241959e-01
-6.675570172343563424e-01
-6.697407710801629444e-01
-6.715439444091132470e-01
-6.727543928013850483e-01
-6.733114703718033889e-01
-6.732818355031813251e-01
-6.728185145431353487e-01
-6.721143496679742313e-01
-6.713592761961589828e-01
-6.707079680845088321e-01
-6.702610685952001823e-01
-6.700601384955554574e-01
-6.700940564388613296e-01
-6.703131364671913728e-01
-6.706467302809783204e-01
-6.710204331211579998e-01
-6.713699672278435893e-01
-6.716500738543661475e-01
-6.718380106628378812e-01
-6.719322959595694922e-01
-6.719480281533357635e-01
-6.719103994332367158e-01
-6.718479595983115615e-01
-6.717868647981960484e-01
-6.717468845211003181e-01
-6.717394522933812784e-01
-6.717676223547780490e-01
-6.718274944360544954e-01
-6.719105151535725851e-01
-6.720060500596607422e-01
-6.721037151355636619e-01
-6.721951183861614165e-01
-6.722748470927225606e-01
-6.723407063675299611e-01
-6.723933436223827886e-01
-6.724354685807335530e-01
-6.724708992376829952e-01
-6.725036399844488422e-01
-6.725371438741120089e-01
-6.725738432813813672e-01
-6.726149669416060517e-01
-6.726606076588983463e-01
-6.727099701385669261e-01
-6.727617139592989570e-01
-6.728143103083630283e-01
-6.728663478615288795e-01
-6.729167471035341075e-01
-6.729648676556361231e-01
-6.730105151504498506e-01
-6.730538698873764769e-01
-6.730953677125307566e-01
-6.731355646544092686e-01
-6.731750122972565142e-01
-6.732141627816218277e-01
-6.732533128878230855e-01
-6.732925877961730698e-01
-6.733319581982707414e-01
-6.733712801810861626e-01
-6.734103458276856635e-01
-6.734489333909423614e-01
-6.734868485006015870e-01
-6.735239513349133844e-01
-6.735601682416222369e-01
-6.735954893076233629e-01
-6.736299554601925532e-01
-6.736636396876991562e-01
-6.736966269614312885e-01
-6.737289966464137247e-01
-6.737608099165303122e-01
-6.737921032609985872e-01
-6.738228878652011700e-01
-6.738531536675204103e-01
-6.738828763357063156e-01
-6.739120252774424280e-01
-6.739405710305499397e-01
-6.739684908511640593e-01
-6.739957718981351986e-01
-6.740224119734753438e-01
-6.740484182259749435e-01
-6.740738045027369063e-01
-6.740985881277055114e-01
-6.741227868193478967e-01
-6.741464162779540192e-01
-6.741694887340059505e-01
-6.741920125085298920e-01
-6.742139924386788552e-01
-6.742354308941633789e-01
-6.742563290611126581e-01
-6.742766881917446886e-01
-6.742965105915392776e-01
-6.743158002156374176e-01
-6.743345628484097576e-01
-6.743528059247716477e-01
-6.743705381067334192e-01
-6.743877687498621709e-01
-6.744045073851459016e-01
-6.744207633105603339e-01
-6.744365453442706659e-01
-6.744518617484496215e-01
-6.744667202975966891e-01
-6.744811284430596299e-01
-6.744950935176712292e-01
-6.745086229293121294e-01
-6.745217243060832590e-01
-6.745344055738340394e-01
-6.745466749646117366e-01
-6.745585409686817302e-01
-6.745700122511625318e-01
-6.745810975566325363e-01
-6.745918056221843484e-01
-6.746021451130788105e-01
-6.746121245873886174e-01
-6.746217524887420103e-01
-6.746310371607975309e-01
-6.746399868741345118e-01
-6.746486098558454048e-01
-6.746569143137962632e-01
-6.746649084504617866e-01
-6.746726004645674513e-01
-6.746799985417449852e-01
-6.746871108374425940e-01
-6.746939454562812521e-01
-6.747005104318999358e-01
-6.747068137104045293e-01
-6.747128631391318132e-01
-6.747186664610224094e-01
-6.747242313136857517e-01
-6.747295652315007386e-01
-6.747346756488606934e-01
-6.747395699028565508e-01
-6.747442552342273192e-01
-6.747487387860447994e-01
-6.747530276002324801e-01
-6.747571286124982581e-01
-6.747610486465112078e-01
-6.747647944081914817e-01
-6.747683724808153372e-01
-6.747717893213782681e-01
-6.747750512583333693e-01
-6.747781644905596066e-01
-6.747811350872175984e-01
-6.747839689880729130e-01
-6.747866720038822042e-01
-6.747892498165458663e-01
-6.747917079788622319e-01
-6.747940519138718729e-01
-6.747962869139005893e-01
-6.747984181394779402e-01
-6.748004506183354900e-01
-6.748023892446589622e-01
-6.748042387787152041e-01
-6.748060038468952637e-01
-6.748076889421555924e-01
-6.748092984247806569e-01
-6.748108365233632666e-01
-6.748123073359009183e-01
-6.748137148309210076e-01
-6.748150628485805047e-01
-6.748163551017222206e-01
-6.748175951769006531e-01
-6.748187865354124959e-01
-6.748199325143757754e-01
-6.748210363279000257e-01
-6.748221010683776999e-01
-6.748231297079076985e-01
-6.748241250998514573e-01
-6.748250899805007252e-01
-6.748260269708302728e-01
-6.748269385783094432e-01
-6.748278271987412369e-01
-6.748286951181161619e-01
-6.748295445144640858e-01
-6.748303774597050886e-01
-6.748311959215000932e-01
-6.748320017651111558e-01
-6.748327967552740780e-01
-6.748335825580907832e-01
-6.748343607429447832e-01
-6.748351327844325231e-01
-6.748359000643097128e-01
-6.748366638734381029e-01
-6.748374254137287087e-01
-6.748381858000706002e-01
-6.748389460622364888e-01
-6.748397071467610031e-01
-6.748404699187886546e-01
-6.748412351638864992e-01
-6.748420035898247127e-01
-6.748427758283208622e-01
-6.748435524367513150e-01
-6.748443338998232344e-01
-6.748451206312084949e-01
-6.748459129751358532e-01
-6.748467112079366004e-01
-6.748475155395431413e-01
-6.748483261149322843e-01
-6.748491430155124648e-01
-6.748499662604567906e-01
-6.748507958079713598e-01
-6.748516315565045165e-01
-6.748524733458926006e-01
-6.748533209584413051e-01
-6.748541741199426403e-01
-6.748550325006275052e-01
-6.748558957160495364e-01
-6.748567633279007882e-01
