-6.748574278662110570e-01
-6.748583326136060601e-01
-6.748592426066742922e-01
-6.748601571754085926e-01
-6.748610756026298674e-01
-6.748619971243867699e-01
-6.748629209302730025e-01
-6.748638461636671249e-01
-6.748647719218926477e-01
-6.748656972563001899e-01
-6.748666211722763597e-01
-6.748675426291688151e-01
-6.748684605401391590e-01
-6.748693737719391184e-01
-6.748702811446100069e-01
-6.748711814311104673e-01
-6.748720733568691621e-01
-6.748729555992688534e-01
-6.748738267870556529e-01
-6.748746854996844347e-01
-6.748755302665939704e-01
-6.748763595664190040e-01
-6.748771718261354913e-01
-6.748779654201505496e-01
-6.748787386693273493e-01
-6.748794898399546049e-01
-6.748802171426614427e-01
-6.748809187312785340e-01
-6.748815927016453831e-01
-6.748822370903732049e-01
-6.748828498735577330e-01
-6.748834289654505048e-01
-6.748839722170918431e-01
-6.748844774149074244e-01
-6.748849422792722041e-01
-6.748853644630472548e-01
-6.748857415500932877e-01
-6.748860710537637475e-01
-6.748863504153782555e-01
-6.748865770026819533e-01
-6.748867481082904130e-01
-6.748868609481225578e-01
-6.748869126598229240e-01
-6.748869003011799261e-01
-6.748868208485402365e-01
-6.748866711952282715e-01
-6.748864481499756707e-01
-6.748861484353707585e-01
-6.748857686863348748e-01
-6.748853054486337877e-01
-6.748847551774306286e-01
-6.748841142358866785e-01
-6.748833788938070066e-01
-6.748825453263389562e-01
-6.748816096127170372e-01
-6.748805677350544485e-01
-6.748794155771792314e-01
-6.748781489235142761e-01
-6.748767634580072894e-01
-6.748752547631111653e-01
-6.748736183188255300e-01
-6.748718495018092289e-01
-6.748699435845857408e-01
-6.748678957348483998e-01
-6.748657010148977342e-01
-6.748633543812226909e-01
-6.748608506842533883e-01
-6.748581846683010532e-01
-6.748553509716913590e-01
-6.748523441270863898e-01
-6.748491585619791344e-01
-6.748457885993105476e-01
-6.748422284581551134e-01
-6.748384722544042980e-01
-6.748345140013782828e-01
-6.748303476103215681e-01
-6.748259668907864439e-01
-6.748213655509653908e-01
-6.748165371981174054e-01
-6.748114753393024134e-01
-6.748061733826908881e-01
-6.748006246397195707e-01
-6.747948223282950186e-01
-6.747887595771190350e-01
-6.747824294310025284e-01
-6.747758248567916617e-01
-6.747689387493015500e-01
-6.747617639364860143e-01
-6.747542931830462498e-01
-6.747465191918379235e-01
-6.747384346028253432e-01
-6.747300319898518195e-01
-6.747213038561987730e-01
-6.747122426305235399e-01
-6.747028406652371135e-01
-6.746930902394880913e-01
-6.746829835685473897e-01
-6.746725128204703603e-01
-6.746616701395204974e-01
-6.746504476741719269e-01
-6.746388376058622960e-01
-6.746268321734438800e-01
-6.746144236878949263e-01
-6.746016045326033161e-01
-6.745883671465692233e-01
-6.745747039910622300e-01
-6.745606075041833405e-01
-6.745460700517291741e-01
-6.745310838858528113e-01
-6.745156411243555805e-01
-6.744997337622855582e-01
-6.744833537235016552e-01
-6.744664929531709596e-01
-6.744491435436096305e-01
-6.744312978768572941e-01
-6.744129487597064765e-01
-6.743940895225374321e-01
-6.743747140539282370e-01
-6.743548167495964085e-01
-6.743343923668077000e-01
-6.743134357927184075e-01
-6.742919417547305061e-01
-6.742699045194480156e-01
-6.742473176402647983e-01
-6.742241738183081257e-01
-6.742004649345070266e-01
-6.741761822907913482e-01
-6.741513170667664534e-01
-6.741258609579622307e-01
-6.740998069184895858e-01
-6.740731498919408926e-01
-6.740458873877090973e-01
-6.740180197533196527e-01
-6.739895500127736083e-01
-6.739604831892291870e-01
-6.739308251061407740e-01
-6.739005807578010154e-01
-6.738697524463209687e-01
-6.738383379808560170e-01
-6.738063293064593395e-01
-6.737737119533191432e-01
-6.737404656537464565e-01
-6.737065663518558845e-01
-6.736719896280072284e-01
-6.736367152899633837e-01
-6.736007325760559050e-01
-6.735640451206722501e-01
-6.735266746115734504e-01
-6.734886619912384687e-01
-6.734500651847747932e-01
-6.734109527186862287e-01
-6.733713932344576047e-01
-6.733314417528087903e-01
-6.732911245016179880e-01
-6.732504250156310377e-01
-6.732092748368486701e-01
-6.731675522639345433e-01
-6.731250920206528487e-01
-6.730817073257068239e-01
-6.730372236771953176e-01
-6.729915209238352958e-01
-6.729445772893386524e-01
-6.728965065274931101e-01
-6.728475779988093430e-01
-6.727982098454301507e-01
-6.727489280995987420e-01
-6.727002896534914900e-01
-6.726527742180571368e-01
-6.726066588035668481e-01
-6.725618964009563161e-01
-6.725180265493659881e-01
-6.724741473283770699e-01
-6.724289742747887599e-01
-6.723810008052295561e-01
-6.723287571482077229e-01
-6.722711423170983913e-01
-6.722077796946051009e-01
-6.721393261583995526e-01
-6.720676529449066683e-01
-6.719958189950957506e-01
-6.719277782472473648e-01
-6.718678023271358324e-01
-6.718196565072050985e-01
-6.717856323324647994e-01
-6.717656033543205618e-01
-6.717563163970128315e-01
-6.717511444452277658e-01
-6.717404957799483212e-01
-6.717129905685573776e-01
-6.716573831287764307e-01
-6.715650394014788249e-01
-6.714326006044973871e-01
-6.712643114566875235e-01
-6.710734059850317346e-01
-6.708819649949482322e-01
-6.707188146986887700e-01
-6.706153324666731530e-01
-6.705994405512197831e-01
-6.706885461389044956e-01
-6.708826401724856670e-01
-6.711590925193704482e-01
-6.714707701414091012e-01
-6.717488715543776800e-01
-6.719112721491578011e-01
-6.718762307234711351e-01
-6.715801132231279391e-01
-6.709965201703859128e-01
-6.701531063962807844e-01
-6.691417496914459084e-01
-6.681178528940191486e-01
-6.672856727975892133e-01
-6.668687182482392339e-01
-6.670672672681844384e-01
-6.680084658631955108e-01
-6.696976150562410357e-01
-6.719813668854771604e-01
-6.745339659638255325e-01
-6.768759646253788009e-01
-6.784308835493049195e-01
-6.786192360309919458e-01
-6.769815705584674159e-01
-6.733134254327671764e-01
-6.677866311265844290e-01
-6.610254163912173686e-01
-6.541052474171503706e-01
-6.484501764523509237e-01
-6.456219227675068506e-01
-6.470187943820876475e-01
-6.535288982883884490e-01
-6.652018623949871312e-01
-6.810101103030532510e-01
-6.987633887325057636e-01
-7.152236133545226693e-01
-7.264485888688744231e-01
-7.283755103304903056e-01
-7.176296116430076477e-01
-6.924906270258948116e-01
-6.538556641841338779e-01
-6.059199781401531926e-01
-5.562258967063646864e-01
-5.147996636319688291e-01
-4.923509187843531643e-01
-4.978713693945902574e-01
-5.362530303558377121e-01
-6.065782609689400751e-01
-7.014672912139414684e-01
-8.074202874879552461e-01
-9.057202935653161369e-01
-9.735090457583251977e-01
-9.853200648771466286e-01
-9.163725937292388490e-01
-7.492508018484025367e-01
-4.837516367747467516e-01
-1.454809022171289490e-01
2.143067798282458913e-01
5.313593471406615754e-01
7.474248610348730448e-01
8.243757205626611739e-01
7.492412633036509284e-01
5.346821554016820688e-01
2.185360100728896415e-01
-1.411230849826651534e-01
-4.800022077625115680e-01
-7.465921560078702113e-01
-9.149518338364629466e-01
-9.850135253313049288e-01
-9.740467674017937449e-01
-9.067896645875729300e-01
-8.087235705859943113e-01
-7.027472220614430221e-01
-6.076326314898605752e-01
-5.369480371387675977e-01
-4.981516371334319682e-01
-4.922395901237631710e-01
-5.143845719406187067e-01
-5.556336593017677794e-01
-6.052848868844851182e-01
-6.532920139092674994e-01
-6.920750624081952740e-01
-7.173956623643784614e-01
-7.283182638400074183e-01
-7.265352919393150977e-01
-7.154060885590196595e-01
-6.989894658167896679e-01
-6.812326613794335017e-01
-6.653849351151913671e-01
-6.536508860121134079e-01
-6.470728258907831876e-01
-6.456138915976897819e-01
-6.483950903486452866e-01
-6.540227754635139501e-01
-6.609355467565573017e-01
-6.677061925776927032e-01
-6.732539208359404892e-01
-6.769484217734318410e-01
-6.786122467847550688e-01
-6.784455487529679196e-01
-6.769051988098225836e-01
-6.745698621498383840e-01
-6.720166906076406876e-01
-6.697268522644505007e-01
-6.680283551936279096e-01
-6.670768431422172684e-01
-6.668689631756579139e-01
-6.672789201124997849e-01
-6.681070933666284350e-01
-6.691299798628783657e-01
-6.701428203287540519e-01
-6.709893997555426148e-01
-6.715769258026922373e-01
-6.718769050432548129e-01
-6.719150995326564901e-01
-6.717547698059845862e-01
-6.714775512058724916e-01
-6.711656876501984614e-01
-6.708882539781204635e-01
-6.706927293231849108e-01
-6.706020872096554175e-01
-6.706166193173135337e-01
-6.707191056747341396e-01
-6.708817053558453480e-01
-6.710730265240627546e-01
-6.712641570366602028e-01
-6.714328898418042701e-01
-6.715658553724569435e-01
-6.716586896076790492e-01
-6.717146651130384560e-01
-6.717423700298276179e-01
-6.717530429520611746e-01
-6.717580875562952913e-01
-6.717671388769480556e-01
-6.717868745253278151e-01
-6.718205949433884161e-01
-6.718684629859048574e-01
-6.719282088125925201e-01
-6.719960738149551860e-01
-6.720677803871363265e-01
-6.721393600248034561e-01
-6.722077352353900137e-01
-6.722710164368019825e-01
-6.723285317429827934e-01
-6.723806478674164699e-01
-6.724284614166157192e-01
-6.724734426330019055e-01
-6.725171020495425145e-01
-6.725607299086736601e-01
-6.726052341827499781e-01
-6.726510804521915743e-01
-6.726983191897476511e-01
-6.727466749589988693e-01
-6.727956679039958088e-01
-6.728447397067188751e-01
-6.728933621816756139e-01
-6.729411148417933086e-01
-6.729877262137479166e-01
-6.730330809272930814e-01
-6.730771997389767280e-01
-6.731202023416116287e-01
-6.731622632147971075e-01
-6.732035693891225137e-01
-6.732442865008498867e-01
-6.732845365945462346e-01
-6.733243883745044789e-01
-6.733638584228461843e-01
-6.734029205048811528e-01
-6.734415194992381393e-01
-6.734795866095057981e-01
-6.735170531378268377e-01
-6.735538610005412652e-01
-6.735899691276509005e-01
-6.736253557432979600e-01
-6.736600171660842573e-01
-6.736939641502336373e-01
-6.737272169182060289e-01
-6.737597999567498386e-01
-6.737917374262474279e-01
-6.738230497372803551e-01
-6.738537515413195456e-01
-6.738838511125402331e-01
-6.739133508954491258e-01
-6.739422488712841774e-01
-6.739705403533194916e-01
-6.739982198448734030e-01
-6.740252826653007068e-01
-6.740517261476690614e-01
-6.740775503173503935e-01
-6.741027580570408961e-01
-6.741273548390610548e-01
-6.741513481539007646e-01
-6.741747467834137142e-01
-6.741975600607366115e-01
-6.742197972327158562e-01
-6.742414670020602241e-01
-6.742625772835275644e-01
-6.742831351684295260e-01
-6.743031470601462685e-01
-6.743226189234875489e-01
-6.743415565835978454e-01
-6.743599660145161989e-01
-6.743778535707231070e-01
-6.743952261333086007e-01
-6.744120911619261305e-01
-6.744284566610027065e-01
-6.744443310813420522e-01
-6.744597231849618346e-01
-6.744746419017653150e-01
-6.744890962024027159e-01
-6.745030950040935558e-01
-6.745166471172080458e-01
-6.745297612318242875e-01
-6.745424459367486136e-01
-6.745547097594026820e-01
-6.745665612137556888e-01
-6.745780088447596023e-01
-6.745890612608053116e-01
-6.745997271496588787e-01
-6.746100152772617209e-01
-6.746199344719910895e-01
-6.746294935990390096e-01
-6.746387015303647594e-01
-6.746475671152882825e-01
-6.746560991556034281e-01
-6.746643063874387947e-01
-6.746721974704136260e-01
-6.746797809832391080e-01
-6.746870654239721654e-01
-6.746940592127671499e-01
-6.747007706950419736e-01
-6.747072081434511981e-01
-6.747133797576992942e-01
-6.747192936618864323e-01
-6.747249578996565855e-01
-6.747303804277797745e-01
-6.747355691089718110e-01
-6.747405317047302509e-01
-6.747452758688007313e-01
-6.747498091416573862e-01
-6.747541389461347849e-01
-6.747582725841434481e-01
-6.747622172342666591e-01
-6.747659799499673428e-01
-6.747695676581374480e-01
-6.747729871577751171e-01
-6.747762451186480881e-01
-6.747793480798734977e-01
-6.747823024484215226e-01
-6.747851144975817173e-01
-6.747877903654674325e-01
-6.747903360536254835e-01
-6.747927574258136829e-01
-6.747950602069905379e-01
-6.747972499825380943e-01
-6.747993321977222569e-01
-6.748013121573849249e-01
-6.748031950258469580e-01
-6.748049858270062096e-01
-6.748066894446059782e-01
-6.748083106226546724e-01
-6.748098539659792561e-01
-6.748113239408951580e-01
-6.748127248759845376e-01
-6.748140609629690312e-01
-6.748153362576784220e-01
-6.748165546811047966e-01
-6.748177200205488502e-01
-6.748188359308570083e-01
-6.748199059357459229e-01
-6.748209334292232242e-01
-6.748219216770972029e-01
-6.748228738185740871e-01
-6.748237928679389208e-01
-6.748246817163122691e-01
-6.748255431334739818e-01
-6.748263797697445776e-01
-6.748271941579169209e-01
-6.748279887152275336e-01
-6.748287657453641009e-01
-6.748295274405020638e-01
-6.748302758833654158e-01
-6.748310130493099246e-01
-6.748317408084253399e-01
-6.748324609276535879e-01
-6.748331750729189560e-01
-6.748338848112673816e-01
-6.748345916130127353e-01
-6.748352968538806618e-01
-6.748360018171487562e-01
-6.748367076957764166e-01
-6.748374155945203734e-01
-6.748381265320307909e-01
-6.748388414429251636e-01
-6.748395611798336802e-01
-6.748402865154133901e-01
-6.748410181443317279e-01
-6.748417566852099592e-01
-6.748425026825286555e-01
-6.748432566084900941e-01
-6.748440188648349158e-01
-6.748447897846115984e-01
-6.748455696338944154e-01
-6.748463586134474390e-01
-6.748471568603324755e-01
-6.748479644494584928e-01
-6.748487813950678760e-01
-6.748496076521627307e-01
-6.748504431178632412e-01
-6.748512876327028565e-01
-6.748521409818486472e-01
-6.748530028962570482e-01
-6.748538730537574359e-01
-6.748547510800592120e-01
-6.748556365496891640e-01
-6.748565289868511119e-01
