-6.748571994702673438e-01
-6.748581268856524984e-01
-6.748590612427455282e-01
-6.748600018543198242e-01
-6.748609479888523222e-01
-6.748618988709244038e-01
-6.748628536815419743e-01
-6.748638115583666108e-01
-6.748647715958693283e-01
-6.748657328453983029e-01
-6.748666943151662156e-01
-6.748676549701563276e-01
-6.748686137319442890e-01
-6.748695694784411225e-01
-6.748705210435594903e-01
-6.748714672167985817e-01
-6.748724067427519513e-01
-6.748733383205413050e-01
-6.748742606031746805e-01
-6.748751721968307971e-01
-6.748760716600751275e-01
-6.748769575030040269e-01
-6.748778281863218043e-01
-6.748786821203531794e-01
-6.748795176639919013e-01
-6.748803331235858627e-01
-6.748811267517651480e-01
-6.748818967462129059e-01
-6.748826412483779347e-01
-6.748833583421386395e-01
-6.748840460524158091e-01
-6.748847023437378745e-01
-6.748853251187649782e-01
-6.748859122167696345e-01
-6.748864614120865246e-01
-6.748869704125256552e-01
-6.748874368577595373e-01
-6.748878583176852741e-01
-6.748882322907630016e-01
-6.748885562023397844e-01
-6.748888274029527512e-01
-6.748890431666213496e-01
-6.748892006891260564e-01
-6.748892970862792051e-01
-6.748893293921900405e-01
-6.748892945575303282e-01
-6.748891894478035169e-01
-6.748890108416288891e-01
-6.748887554290440294e-01
-6.748884198098407117e-01
-6.748880004919362019e-01
-6.748874938897942988e-01
-6.748868963228946694e-01
-6.748862040142560303e-01
-6.748854130890112879e-01
-6.748845195730321933e-01
-6.748835193915930786e-01
-6.748824083680786678e-01
-6.748811822227185342e-01
-6.748798365713630787e-01
-6.748783669243026972e-01
-6.748767686851473435e-01
-6.748750371497950207e-01
-6.748731675055166246e-01
-6.748711548301897789e-01
-6.748689940917209640e-01
-6.748666801476630450e-01
-6.748642077450495158e-01
-6.748615715204241416e-01
-6.748587660000353594e-01
-6.748557856001432542e-01
-6.748526246273802709e-01
-6.748492772790961602e-01
-6.748457376436430843e-01
-6.748419997005816739e-01
-6.748380573208293542e-01
-6.748339042668191068e-01
-6.748295341927905699e-01
-6.748249406453717958e-01
-6.748201170646211944e-01
-6.748150567857038595e-01
-6.748097530413189604e-01
-6.748041989649278261e-01
-6.747983875947248800e-01
-6.747923118781690155e-01
-6.747859646767703223e-01
-6.747793387707223811e-01
-6.747724268629202715e-01
-6.747652215819175403e-01
-6.747577154834918378e-01
-6.747499010506979866e-01
-6.747417706926170933e-01
-6.747333167423935629e-01
-6.747245314555530005e-01
-6.747154070099355971e-01
-6.747059355087386967e-01
-6.746961089880468831e-01
-6.746859194297727402e-01
-6.746753587800693452e-01
-6.746644189721251461e-01
-6.746530919509102775e-01
-6.746413696962398898e-01
-6.746292442397142652e-01
-6.746167076711115929e-01
-6.746037521308391183e-01
-6.745903697872455140e-01
-6.745765528007754419e-01
-6.745622932806528693e-01
-6.745475832433192043e-01
-6.745324145842648278e-01
-6.745167790753483494e-01
-6.745006683974524853e-01
-6.744840742132129918e-01
-6.744669882769251945e-01
-6.744494025697287398e-01
-6.744313094394025487e-01
-6.744127017176754224e-01
-6.743935727857780504e-01
-6.743739165625420862e-01
-6.743537273992190606e-01
-6.743329998806912862e-01
-6.743117285519167892e-01
-6.742899076082465859e-01
-6.742675306049641382e-01
-6.742445902512144151e-01
-6.742210783531822349e-01
-6.741969859589380665e-01
-6.741723037323207324e-01
-6.741470225470886923e-01
-6.741211342488030445e-01
-6.740946324858629879e-01
-6.740675134699277704e-01
-6.740397764979941808e-01
-6.740114240627532727e-01
-6.739824614030213157e-01
-6.739528954083970902e-01
-6.739227328934842554e-01
-6.738919783915573447e-01
-6.738606317701991699e-01
-6.738286861162122721e-01
-6.737961264384166871e-01
-6.737629297539907691e-01
-6.737290670191539155e-01
-6.736945071146922537e-01
-6.736592227043043390e-01
-6.736231972892078312e-01
-6.735864322677471705e-01
-6.735489523924268473e-01
-6.735108078370186657e-01
-6.734720712720382307e-01
-6.734328289805067147e-01
-6.733931661256848944e-01
-6.733531476934542237e-01
-6.733127981377230453e-01
-6.732720840203164636e-01
-6.732309045729374386e-01
-6.731890947694839644e-01
-6.731464439683455536e-01
-6.731027304803079980e-01
-6.730577688426990779e-01
-6.730114627353513956e-01
-6.729638531906051435e-01
-6.729151499496055511e-01
-6.728657343136018598e-01
-6.728161251143499610e-01
-6.727669054392473313e-01
-6.727186158114996095e-01
-6.726716283319630341e-01
-6.726260240585146821e-01
-6.725815006878591573e-01
-6.725373377069503444e-01
-6.724924405489904888e-01
-6.724454738852365665e-01
-6.723950781723462278e-01
-6.723401452841094583e-01
-6.722801116943027955e-01
-6.722152148307991570e-01
-6.721466532178649311e-01
-6.720765962757401235e-01
-6.720080060969879643e-01
-6.719442602996807956e-01
-6.718885994226593272e-01
-6.718434598735292251e-01
-6.718097885638315558e-01
-6.717864618939756172e-01
-6.717699436411747049e-01
-6.717543083692172345e-01
-6.717317256102649514e-01
-6.716934439899794329e-01
-6.716312355599163286e-01
-6.715391647879829229e-01
-6.714154447041362772e-01
-6.712640506114926353e-01
-6.710957002997648413e-01
-6.709278023568656657e-01
-6.707830433983061891e-01
-6.706864464318027519e-01
-6.706609880028071569e-01
-6.707221926736965933e-01
-6.708724864912037900e-01
-6.710964185594674447e-01
-6.713580656037535510e-01
-6.716019272005713248e-01
-6.717583214667768310e-01
-6.717536608437375545e-01
-6.715250427990210325e-01
-6.710374272763109937e-01
-6.703004774978242875e-01
-6.693811826029386625e-01
-6.684079806928496792e-01
-6.675625683537730337e-01
-6.670571221773939907e-01
-6.670972662290446387e-01
-6.678345097123858931e-01
-6.693154712700748465e-01
-6.714382119525120762e-01
-6.739275842159601071e-01
-6.763409760634417900e-01
-6.781127702957031600e-01
-6.786401575374956252e-01
-6.774048819729041604e-01
-6.741157213760465838e-01
-6.688463306407073095e-01
-6.621348142882265142e-01
-6.550083591541429051e-01
-6.489020532310348921e-01
-6.454578172129972202e-01
-6.462158725544099314e-01
-6.522415457163656116e-01
-6.637555125139511514e-01
-6.798475629263538433e-01
-6.983494581978442195e-01
-7.159253636756388595e-01
-7.284167337369319428e-01
-7.314568809349046852e-01
-7.213412050584755431e-01
-6.960817765084029718e-01
-6.564722648218495049e-01
-6.068580523936282223e-01
-5.552216355061436737e-01
-5.122634992858529079e-01
-4.894390701648087538e-01
-4.963184936407608050e-01
-5.379590587235606458e-01
-6.130214811350331860e-01
-7.130666053124686821e-01
-8.229688472418710266e-01
-9.219752207875758776e-01
-9.850155470346728670e-01
-9.846540710149011000e-01
-8.951703139668496512e-01
-7.003660943772835878e-01
-4.042004596898315927e-01
-3.856325014625218428e-02
3.398348146953009685e-01
6.653817829964525643e-01
8.831477443205669742e-01
9.598520824916546568e-01
8.847735513481054248e-01
6.684022487581056104e-01
3.437682516670607091e-01
-3.439643507098551212e-02
-4.005009500169399161e-01
-6.976392842724311594e-01
-8.936135130531419613e-01
-9.841911084701430168e-01
-9.854088995079365310e-01
-9.229301523517819961e-01
-8.241950151598844698e-01
-7.143067855676702438e-01
-6.140681514788486339e-01
-5.386696553340443172e-01
-4.966276667977055914e-01
-4.893609675058848141e-01
-5.118794951056312437e-01
-5.546549783526882882e-01
-6.062423504283989129e-01
-6.559228276110614653e-01
-6.956768784111246884e-01
-7.211157946269389774e-01
-7.314068172381306132e-01
-7.285093097438367638e-01
-7.161119097397279365e-01
-6.985771208087383499e-01
-6.800687334842985265e-01
-6.639342783631323464e-01
-6.523569989446629247e-01
-6.462624117437653082e-01
-6.454428923771279303e-01
-6.488421309859707664e-01
-6.549241100809707339e-01
-6.620465414661841352e-01
-6.687704471250986993e-01
-6.740627191442194466e-01
-6.773788387665069521e-01
-6.786395119993928748e-01
-6.781319180039893091e-01
-6.763722001622510804e-01
-6.739628985390813121e-01
-6.714708159980784519e-01
-6.693406562683231753e-01
-6.678499863810959392e-01
-6.671029905569214602e-01
-6.670547656246296198e-01
-6.675548090949205982e-01
-6.683977851156784888e-01
-6.693712095026993492e-01
-6.702926839137691717e-01
-6.710328985850332328e-01
-6.715240222848316565e-01
-6.717557228555166571e-01
-6.717626196438422070e-01
-6.716074529277440419e-01
-6.713638669051367192e-01
-6.711017501662789320e-01
-6.708768824274818909e-01
-6.707254694251334470e-01
-6.706631970011992516e-01
-6.706877987732774438e-01
-6.707838283625168208e-01
-6.709283161909047610e-01
-6.710961949308192898e-01
-6.712647052972962047e-01
-6.714163584194232648e-01
-6.715403640050547907e-01
-6.716326910149584828e-01
-6.716950905886392986e-01
-6.717334811528854477e-01
-6.717560886033846490e-01
-6.717716727662111920e-01
-6.717880787650936103e-01
-6.718112494123430478e-01
-6.718447384775271258e-01
-6.718896855148588365e-01
-6.719451567722627416e-01
-6.720087253901296798e-01
-6.720771562725318393e-01
-6.721470729983525239e-01
-6.722155107029077481e-01
-6.722802939505652109e-01
-6.723402160810134642e-01
-6.723950307805983684e-01
-6.724452933388680442e-01
-6.724921054802445175e-01
-6.725368229517518781e-01
-6.725807801323853141e-01
-6.726250731956849860e-01
-6.726704261028523257e-01
-6.727171454899554259e-01
-6.727651545316988280e-01
-6.728140844415457789e-01
-6.728633965770413061e-01
-6.729125081409798037e-01
-6.729608991767598303e-01
-6.730081862614897270e-01
-6.730541570717119004e-01
-6.730987680584630262e-01
-6.731421135045891901e-01
-6.731843775547942110e-01
-6.732257813526527634e-01
-6.732665356600342488e-01
-6.733068060782870790e-01
-6.733466941556021101e-01
-6.733862340842029504e-01
-6.734254019698983074e-01
-6.734641331055516433e-01
-6.735023423191952574e-01
-6.735399430874280391e-01
-6.735768623592404136e-01
-6.736130495402404827e-01
-6.736484795034308748e-01
-6.736831505810584320e-01
-6.737170791349358367e-01
-6.737502924960155903e-01
-6.737828218890806742e-01
-6.738146965438245317e-01
-6.738459396779779009e-01
-6.738765665409680583e-01
-6.739065843108749121e-01
-6.739359933842412609e-01
-6.739647894913990411e-01
-6.739929660860554117e-01
-6.740205165591324210e-01
-6.740474359722022912e-01
-6.740737221593225970e-01
-6.740993761813829366e-01
-6.741244022188211948e-01
-6.741488070511878483e-01
-6.741725992972746884e-01
-6.741957885837955855e-01
-6.742183847825670151e-01
-6.742403974148651891e-01
-6.742618352756323263e-01
-6.742827062864586996e-01
-6.743030175502005008e-01
-6.743227755550682545e-01
-6.743419864635405991e-01
-6.743606564210631316e-01
-6.743787918292032391e-01
-6.743963995445049209e-01
-6.744134869840039403e-01
-6.744300621374810234e-01
-6.744461335020576209e-01
-6.744617099646578184e-01
-6.744768006615360356e-01
-6.744914148419917099e-01
-6.745055617570260287e-01
-6.745192505849835207e-01
-6.745324903972158559e-01
-6.745452901591497685e-01
-6.745576587569798166e-01
-6.745696050379219599e-01
-6.745811378523552948e-01
-6.745922660885890210e-01
-6.746029986944952483e-01
-6.746133446839737147e-01
-6.746233131294064878e-01
-6.746329131434740667e-01
-6.746421538547592300e-01
-6.746510443815951774e-01
-6.746595938078142618e-01
-6.746678111628522378e-01
-6.746757054073257986e-01
-6.746832854240276678e-01
-6.746905600134357472e-01
-6.746975378923507627e-01
-6.747042276941733752e-01
-6.747106379694816081e-01
-6.747167771859114982e-01
-6.747226537267461133e-01
-6.747282758880063236e-01
-6.747336518741597899e-01
-6.747387897927829004e-01
-6.747436976486228533e-01
-6.747483833375198525e-01
-6.747528546406090788e-01
-6.747571192191027523e-01
-6.747611846098435784e-01
-6.747650582216860871e-01
-6.747687473326656749e-01
-6.747722590878343363e-01
-6.747756004975951072e-01
-6.747787784363667996e-01
-6.747817996414184893e-01
-6.747846707117579612e-01
-6.747873981070003913e-01
-6.747899881462019467e-01
-6.747924470066732905e-01
-6.747947807228220629e-01
-6.747969951850906201e-01
-6.747990961390497588e-01
-6.748010891847031623e-01
-6.748029797760344284e-01
-6.748047732208124483e-01
-6.748064746806495817e-01
-6.748080891712878726e-01
-6.748096215630842165e-01
-6.748110765816631718e-01
-6.748124588087039966e-01
-6.748137726828360439e-01
-6.748150225006289693e-01
-6.748162124176647625e-01
-6.748173464496924900e-01
-6.748184284738663052e-01
-6.748194622300742740e-01
-6.748204513223599044e-01
-6.748213992204420419e-01
-6.748223092613322427e-01
-6.748231846510468479e-01
-6.748240284664099864e-01
-6.748248436569376230e-01
-6.748256330467925501e-01
-6.748263993368062152e-01
-6.748271451065496196e-01
-6.748278728164495144e-01
-6.748285848099428996e-01
-6.748292833156647186e-01
-6.748299704496614204e-01
-6.748306482176295029e-01
-6.748313185171731510e-01
-6.748319831400799718e-01
-6.748326437746087203e-01
-6.748333020077882383e-01
-6.748339593277223880e-01
-6.748346171258930992e-01
-6.748352766994587526e-01
-6.748359392535467904e-01
-6.748366059035278974e-01
-6.748372776772748605e-01
-6.748379555173974476e-01
-6.748386402834485320e-01
-6.748393327541029052e-01
-6.748400336292980084e-01
-6.748407435323366954e-01
-6.748414630119504709e-01
-6.748421925443188751e-01
-6.748429325350377983e-01
-6.748436833210432750e-01
-6.748444451724781024e-01
-6.748452182945037237e-01
-6.748460028290534929e-01
-6.748467988565258757e-01
-6.748476063974139239e-01
-6.748484254138673588e-01
-6.748492558111891526e-01
-6.748500974392603879e-01
-6.748509500938936201e-01
-6.748518135181116318e-01
-6.748526874033555778e-01
-6.748535713906123057e-01
-6.748544650714652926e-01
-6.748553679890683110e-01
-6.748562796390386032e-01
