-6.748575549206505819e-01
-6.748584434218890538e-01
-6.748593358553690580e-01
-6.748602315635612303e-01
-6.748611298397532154e-01
-6.748620299284456836e-01
-6.748629310256674119e-01
-6.748638322792210875e-01
-6.748647327888488423e-01
-6.748656316063267324e-01
-6.748665277354818359e-01
-6.748674201321377408e-01
-6.748683077039818734e-01
-6.748691893103664352e-01
-6.748700637620355103e-01
-6.748709298207821172e-01
-6.748717861990367606e-01
-6.748726315593855940e-01
-6.748734645140261890e-01
-6.748742836241504728e-01
-6.748750873992658272e-01
-6.748758742964525714e-01
-6.748766427195593831e-01
-6.748773910183378799e-01
-6.748781174875233546e-01
-6.748788203658619977e-01
-6.748794978350888263e-01
-6.748801480188587609e-01
-6.748807689816338495e-01
-6.748813587275245274e-01
-6.748819151990895771e-01
-6.748824362760903472e-01
-6.748829197742050034e-01
-6.748833634436991469e-01
-6.748837649680606843e-01
-6.748841219626077192e-01
-6.748844319730668007e-01
-6.748846924741439546e-01
-6.748849008680898320e-01
-6.748850544832674103e-01
-6.748851505727271327e-01
-6.748851863127850459e-01
-6.748851588016024916e-01
-6.748850650577535859e-01
-6.748849020187758230e-01
-6.748846665396923683e-01
-6.748843553915121474e-01
-6.748839652597138361e-01
-6.748834927427422858e-01
-6.748829343505393652e-01
-6.748822865031531837e-01
-6.748815455294557841e-01
-6.748807076659881776e-01
-6.748797690559369400e-01
-6.748787257482201651e-01
-6.748775736966370342e-01
-6.748763087590191612e-01
-6.748749266963248727e-01
-6.748734231716208010e-01
-6.748717937489440155e-01
-6.748700338920737840e-01
-6.748681389632980032e-01
-6.748661042223055295e-01
-6.748639248253555101e-01
-6.748615958248701530e-01
-6.748591121695483031e-01
-6.748564687050024880e-01
-6.748536601748372776e-01
-6.748506812219553508e-01
-6.748475263898164878e-01
-6.748441901233419582e-01
-6.748406667692035121e-01
-6.748369505753660791e-01
-6.748330356899544524e-01
-6.748289161597231800e-01
-6.748245859286262638e-01
-6.748200388371040637e-01
-6.748152686227100183e-01
-6.748102689225387030e-01
-6.748050332776175386e-01
-6.747995551389996960e-01
-6.747938278748573104e-01
-6.747878447775157440e-01
-6.747815990691889976e-01
-6.747750839052879535e-01
-6.747682923745851324e-01
-6.747612174962034359e-01
-6.747538522142392248e-01
-6.747461893916512077e-01
-6.747382218056178216e-01
-6.747299421467103375e-01
-6.747213430237843923e-01
-6.747124169754949996e-01
-6.747031564878699372e-01
-6.746935540157703581e-01
-6.746836020046672600e-01
-6.746732929084146013e-01
-6.746626191989226751e-01
-6.746515733649803837e-01
-6.746401478998440560e-01
-6.746283352801911715e-01
-6.746161279419627954e-01
-6.746035182606985314e-01
-6.745904985444278745e-01
-6.745770610455404936e-01
-6.745631979942294798e-01
-6.745489016506666102e-01
-6.745341643670902387e-01
-6.745189786460248360e-01
-6.745033371785497112e-01
-6.744872328482300894e-01
-6.744706586926119130e-01
-6.744536078245340072e-01
-6.744360733281177245e-01
-6.744180481562270790e-01
-6.743995250638809003e-01
-6.743804966120923172e-01
-6.743609552666929297e-01
-6.743408935965971018e-01
-6.743203045483194824e-01
-6.742991817437242741e-01
-6.742775197236609008e-01
-6.742553140497907771e-01
-6.742325611877959535e-01
-6.742092581310707988e-01
-6.741854017829923551e-01
-6.741609881893607659e-01
-6.741360117852280842e-01
-6.741104648723699189e-01
-6.740843375544238736e-01
-6.740576183101570917e-01
-6.740302952752581511e-01
-6.740023581380810702e-01
-6.739738003604299754e-01
-6.739446212520281421e-01
-6.739148273078129359e-01
-6.738844322116537278e-01
-6.738534550562090830e-01
-6.738219166374899149e-01
-6.737898341274005665e-01
-6.737572149386701348e-01
-6.737240510664450621e-01
-6.736903154885628409e-01
-6.736559622038051920e-01
-6.736209310907365078e-01
-6.735851579542818657e-01
-6.735485889636236845e-01
-6.735111973511084260e-01
-6.734729990114269871e-01
-6.734340628455036670e-01
-6.733945116616404380e-01
-6.733545104196415609e-01
-6.733142406546637204e-01
-6.732738628819243676e-01
-6.732334722278690009e-01
-6.731930557795853254e-01
-6.731524623574309807e-01
-6.731113957571784878e-01
-6.730694403319779084e-01
-6.730261228487959269e-01
-6.729810071954038797e-01
-6.729338097393638973e-01
-6.728845145874515765e-01
-6.728334617326006128e-01
-6.727813792512918889e-01
-6.727293350701191166e-01
-6.726785951729621349e-01
-6.726303929012265037e-01
-6.725856359840999277e-01
-6.725446002771893195e-01
-6.725066768376160020e-01
-6.724702464868452800e-01
-6.724327487244531332e-01
-6.723909871073490141e-01
-6.723416715701525659e-01
-6.722821442120167079e-01
-6.722111775067080019e-01
-6.721296847270654684e-01
-6.720411552013080270e-01
-6.719516343791362978e-01
-6.718691189400300967e-01
-6.718023314046335237e-01
-6.717589683724529692e-01
-6.717436626227175633e-01
-6.717560337785001279e-01
-6.717892915837663237e-01
-6.718298672336029398e-01
-6.718584568275606239e-01
-6.718526577384345000e-01
-6.717910762735950225e-01
-6.716584214846605949e-01
-6.714507377098247742e-01
-6.711796478654621367e-01
-6.708743672221743060e-01
-6.705803788492480377e-01
-6.703540807017115410e-01
-6.702534118815435260e-01
-6.703253667373217928e-01
-6.705922660743600661e-01
-6.710394762637489352e-01
-6.716077280344008305e-01
-6.721930866741585575e-01
-6.726568314227295842e-01
-6.728459893210109177e-01
-6.726231495805071736e-01
-6.719017226169896606e-01
-6.706804211066990096e-01
-6.690689802953619925e-01
-6.672966241655214903e-01
-6.656960894157857300e-01
-6.646594552179191373e-01
-6.645674389636399004e-01
-6.657004426338500869e-01
-6.681461457827621020e-01
-6.717232389146788885e-01
-6.759425411193761279e-01
-6.800243735982141047e-01
-6.829844795193884543e-01
-6.837902996564089175e-01
-6.815755507794615253e-01
-6.758846022699599443e-01
-6.669009283233811036e-01
-6.555999623730901504e-01
-6.437627043845116637e-01
-6.338000316255009148e-01
-6.283728707911236944e-01
-6.298455924805504980e-01
-6.396643964393323722e-01
-6.577892118956986112e-01
-6.823122143195250455e-01
-7.093688610974371311e-01
-7.334052899743745968e-01
-7.478317022269576064e-01
-7.460722497829936906e-01
-7.229899888497831606e-01
-6.765620142783607127e-01
-6.094664310112960504e-01
-5.299845999631783711e-01
-4.515243923244147695e-01
-3.903611166994532811e-01
-3.618777907033005059e-01
-3.763282654557002505e-01
-4.354893745290586704e-01
-5.312963308937428408e-01
-6.467926641471328786e-01
-7.588194562730902204e-01
-8.413354265011101507e-01
-8.685977339918603546e-01
-8.185486302130093872e-01
-6.775491153954820156e-01
-4.465933379670104508e-01
-1.461650839710303962e-01
1.853348271229026123e-01
5.021026603372431563e-01
7.658556129111621091e-01
9.555598774937693607e-01
1.066795984235177963e+00
1.103323568985592695e+00
1.067718124743356256e+00
9.574522581682933797e-01
7.687250624970455304e-01
5.057933614795095956e-01
1.894637181361708278e-01
-1.421475185688515774e-01
-4.432343031707478009e-01
-6.752222107745197155e-01
-8.173786924882353588e-01
-8.684914489232489210e-01
-8.420589128060038675e-01
-7.600682228578921062e-01
-6.482397952957987819e-01
-5.326314445352263727e-01
-4.364595800083124755e-01
-3.767774225643745201e-01
-3.617703601035550109e-01
-3.897790105235995339e-01
-4.506354620201240557e-01
-5.289925861133252250e-01
-6.085589643143292093e-01
-6.758725519674007032e-01
-7.225819204095921267e-01
-7.459435990401026562e-01
-7.479325404971889357e-01
-7.336592106916083322e-01
-7.096926447417577499e-01
-6.826310346998831768e-01
-6.580467156190671352e-01
-6.398277458077558100e-01
-6.299058343116765712e-01
-6.283413319365944716e-01
-6.337019260586853608e-01
-6.436295382844545721e-01
-6.554623918673173621e-01
-6.667833789264221434e-01
-6.758023244916733230e-01
-6.815341023108181240e-01
-6.837869290035201164e-01
-6.830106416635525202e-01
-6.800686130982843691e-01
-6.759931392756562962e-01
-6.717702409027216381e-01
-6.681825945774084730e-01
-6.657228183042501746e-01
-6.645754258338700815e-01
-6.646552351044631157e-01
-6.656833886057323957e-01
-6.672797295491047498e-01
-6.690518952509806327e-01
-6.706662680034122248e-01
-6.718924315424044114e-01
-6.726194153586046998e-01
-6.728474391908179086e-01
-6.726623261519686370e-01
-6.722010759610695940e-01
-6.716165918984325911e-01
-6.710478023633739131e-01
-6.705990338889703528e-01
-6.703300298333941809e-01
-6.702558866456534981e-01
-6.703546624316657487e-01
-6.705796131725437759e-01
-6.708729064126282005e-01
-6.711781184159809621e-01
-6.714496387488360085e-01
-6.716580649228127697e-01
-6.717915706385823027e-01
-6.718539299868611092e-01
-6.718603010668221520e-01
-6.718320067496806880e-01
-6.717914408083033306e-01
-6.717579493348029285e-01
-6.717451765500843663e-01
-6.717600010997893945e-01
-6.718028861421477815e-01
-6.718692622037031326e-01
-6.719514689811514341e-01
-6.720407921839893772e-01
-6.721292196285407750e-01
-6.722106744580468307e-01
-6.722816291886287710e-01
-6.723411341271228192e-01
-6.723903884663144925e-01
-6.724320333248300363e-01
-6.724693540696259353e-01
-6.725055526584070575e-01
-6.725432019246175841e-01
-6.725839362646679476e-01
-6.726283791270365464e-01
-6.726762658064919798e-01
-6.727266949751875558e-01
-6.727784347845676693e-01
-6.728302166573842946e-01
-6.728809674044123890e-01
-6.729299526145839927e-01
-6.729768263127895445e-01
-6.730215997775989001e-01
-6.730645539003923261e-01
-6.731061239473569158e-01
-6.731467838514063606e-01
-6.731869509452479416e-01
-6.732269234964530780e-01
-6.732668546003451882e-01
-6.733067585786147724e-01
-6.733465410422365682e-01
-6.733860415551646827e-01
-6.734250781455486390e-01
-6.734634851109224662e-01
-6.735011388124456655e-01
-6.735379696115716408e-01
-6.735739610864018845e-01
-6.736091397357081290e-01
-6.736435593675792477e-01
-6.736772843474210237e-01
-6.737103750883111086e-01
-6.737428779339476037e-01
-6.737748202446857126e-01
-6.738062103264019775e-01
-6.738370410198460947e-01
-6.738672953666366983e-01
-6.738969527628831946e-01
-6.739259943089203064e-01
-6.739544065349113433e-01
-6.739821831954853071e-01
-6.740093252736508722e-01
-6.740358396449784850e-01
-6.740617370003106901e-01
-6.740870296200498490e-01
-6.741117294732879017e-01
-6.741358469319205238e-01
-6.741593901948252920e-01
-6.741823653515892634e-01
-6.742047769048461481e-01
-6.742266285236321322e-01
-6.742479238110523632e-01
-6.742686669218020956e-01
-6.742888629379507615e-01
-6.743085179850302202e-01
-6.743276391295373040e-01
-6.743462341348062106e-01
-6.743643111630029940e-01
-6.743818785005265548e-01
-6.743989443596892785e-01
-6.744155167797000194e-01
-6.744316036223366728e-01
-6.744472126376943599e-01
-6.744623515655386869e-01
-6.744770282378872439e-01
-6.744912506561616672e-01
-6.745050270282004767e-01
-6.745183657629845175e-01
-6.745312754312322578e-01
-6.745437647062366704e-01
-6.745558423009649918e-01
-6.745675169151095218e-01
-6.745787972008139288e-01
-6.745896917498467316e-01
-6.746002090995911749e-01
-6.746103577514362959e-01
-6.746201461935451560e-01
-6.746295829204563832e-01
-6.746386764440553963e-01
-6.746474352933632401e-01
-6.746558680035484867e-01
-6.746639830969186624e-01
-6.746717890599635004e-01
-6.746792943207433613e-01
-6.746865072301581057e-01
-6.746934360492454763e-01
-6.747000889430592174e-01
-6.747064739802346445e-01
-6.747125991363396302e-01
-6.747184722986954153e-01
-6.747241012704815466e-01
-6.747294937725129005e-01
-6.747346574418877641e-01
-6.747395998275406148e-01
-6.747443283834103633e-01
-6.747488504603429416e-01
-6.747531732979578090e-01
-6.747573040175319781e-01
-6.747612496165953377e-01
-6.747650169655048380e-01
-6.747686128058345556e-01
-6.747720437501372182e-01
-6.747753162824553508e-01
-6.747784367589719778e-01
-6.747814114083140469e-01
-6.747842463312262451e-01
-6.747869474995430439e-01
-6.747895207545920870e-01
-6.747919718052812765e-01
-6.747943062261740899e-01
-6.747965294558334604e-01
-6.747986467956377243e-01
-6.748006634091610056e-01
-6.748025843221127085e-01
-6.748044144227419716e-01
-6.748061584625637543e-01
-6.748078210572573399e-01
-6.748094066876065833e-01
-6.748109197003953064e-01
-6.748123643092268642e-01
-6.748137445952774316e-01
-6.748150645080338572e-01
-6.748163278660738174e-01
-6.748175383579518849e-01
-6.748186995432348123e-01
-6.748198148537077889e-01
-6.748208875947492302e-01
-6.748219209468572233e-01
-6.748229179672888822e-01
-6.748238815917810829e-01
-6.748248146363194921e-01
-6.748257197989311340e-01
-6.748265996614924989e-01
-6.748274566915465345e-01
-6.748282932441369564e-01
-6.748291115636666504e-01
-6.748299137857886043e-01
-6.748307019393352535e-01
-6.748314779482853520e-01
-6.748322436337671482e-01
-6.748330007160854294e-01
-6.748337508167669974e-01
-6.748344954606129154e-01
-6.748352360777469805e-01
-6.748359740056538714e-01
-6.748367104912039727e-01
-6.748374466926583271e-01
-6.748381836816561563e-01
-6.748389224451788460e-01
-6.748396638874931686e-01
-6.748404088320700822e-01
-6.748411580234781049e-01
-6.748419121292447143e-01
-6.748426717416832199e-01
-6.748434373796817765e-01
-6.748442094904479882e-01
-6.748449884512092156e-01
-6.748457745708628108e-01
-6.748465680915746168e-01
-6.748473691903214000e-01
-6.748481779803811031e-01
-6.748489945127617018e-01
-6.748498187775747725e-01
-6.748506507053441128e-01
-6.748514901682562961e-01
-6.748523369813406170e-01
-6.748531909035901943e-01
-6.748540516390078015e-01
-6.748549188375868590e-01
-6.748557920962197088e-01
-6.748566709595322788e-01
