-6.748576917850014345e-01
-6.748585211057633870e-01
-6.748593488324545753e-01
-6.748601743538442665e-01
-6.748609970025930549e-01
-6.748618160556293377e-01
-6.748626307344600672e-01
-6.748634402054221049e-01
-6.748642435798702932e-01
-6.748650399143047984e-01
-6.748658282104372796e-01
-6.748666074151964400e-01
-6.748673764206752912e-01
-6.748681340640165782e-01
-6.748688791272389187e-01
-6.748696103370036559e-01
-6.748703263643232031e-01
-6.748710258242059945e-01
-6.748717072752511426e-01
-6.748723692191839207e-01
-6.748730101003377335e-01
-6.748736283050882356e-01
-6.748742221612407111e-01
-6.748747899373701564e-01
-6.748753298421270586e-01
-6.748758400234974308e-01
-6.748763185680276555e-01
-6.748767635000121334e-01
-6.748771727806408549e-01
-6.748775443071107771e-01
-6.748778759116962345e-01
-6.748781653607850428e-01
-6.748784103538777446e-01
-6.748786085225586540e-01
-6.748787574294438096e-01
-6.748788545671119410e-01
-6.748788973570311045e-01
-6.748788831484853201e-01
-6.748788092175111997e-01
-6.748786727658463436e-01
-6.748784709198947240e-01
-6.748782007296986185e-01
-6.748778591679210903e-01
-6.748774431288221409e-01
-6.748769494272305325e-01
-6.748763747975002891e-01
-6.748757158924526545e-01
-6.748749692823090562e-01
-6.748741314536319535e-01
-6.748731988082881106e-01
-6.748721676624606092e-01
-6.748710342457441280e-01
-6.748697947003380326e-01
-6.748684450803716928e-01
-6.748669813513596960e-01
-6.748653993897920644e-01
-6.748636949828329401e-01
-6.748618638281007609e-01
-6.748599015334743045e-01
-6.748578036168818572e-01
-6.748555655060164415e-01
-6.748531825379503468e-01
-6.748506499586387486e-01
-6.748479629223418375e-01
-6.748451164910311828e-01
-6.748421056339001245e-01
-6.748389252271147498e-01
-6.748355700539696578e-01
-6.748320348055976137e-01
-6.748283140823400084e-01
-6.748244023958132054e-01
-6.748202941715907288e-01
-6.748159837522970106e-01
-6.748114654007845159e-01
-6.748067333029555970e-01
-6.748017815697521238e-01
-6.747966042378720219e-01
-6.747911952689258364e-01
-6.747855485470197756e-01
-6.747796578751079632e-01
-6.747735169709088154e-01
-6.747671194635779246e-01
-6.747604588926370273e-01
-6.747535287107239155e-01
-6.747463222914751313e-01
-6.747388329431898146e-01
-6.747310539278587038e-01
-6.747229784838053579e-01
-6.747145998487141805e-01
-6.747059112786084611e-01
-6.746969060576922805e-01
-6.746875774943146276e-01
-6.746779188999206811e-01
-6.746679235507946348e-01
-6.746575846365037155e-01
-6.746468952035934441e-01
-6.746358481073841951e-01
-6.746244359874580265e-01
-6.746126512823702459e-01
-6.746004862952530434e-01
-6.745879333138653511e-01
-6.745749847767380514e-01
-6.745616334629133126e-01
-6.745478726690862237e-01
-6.745336963282464460e-01
-6.745190990220293337e-01
-6.745040758481444243e-01
-6.744886221261416903e-01
-6.744727329584583320e-01
-6.744564027050181654e-01
-6.744396244711010624e-01
-6.744223897395517087e-01
-6.744046882884131566e-01
-6.743865085138479598e-01
-6.743678382201606647e-01
-6.743486658454888039e-01
-6.743289819741908886e-01
-6.743087808658030369e-01
-6.742880616344174571e-01
-6.742668286737457661e-01
-6.742450909711571461e-01
-6.742228601062332238e-01
-6.742001469835516847e-01
-6.741769576771882155e-01
-6.741532891094648150e-01
-6.741291255691772566e-01
-6.741044372038614840e-01
-6.740791815131350617e-01
-6.740533084731346047e-01
-6.740267692374347641e-01
-6.739995274616114029e-01
-6.739715713387418594e-01
-6.739429236292537873e-01
-6.739136465715036550e-01
-6.738838388015073733e-01
-6.738536224407560837e-01
-6.738231203320245166e-01
-6.737924258203952244e-01
-6.737615700846931732e-01
-6.737304942386471707e-01
-6.736990345661100221e-01
-6.736669287039076526e-01
-6.736338479331085427e-01
-6.735994559704874263e-01
-6.735634882727997708e-01
-6.735258389426194148e-01
-6.734866363925774424e-01
-6.734462857594302188e-01
-6.734054573074593764e-01
-6.733650067933354411e-01
-6.733258260327905642e-01
-6.732886384149617820e-01
-6.732537721101027328e-01
-6.732209592556119837e-01
-6.731892179210146043e-01
-6.731568709111689364e-01
-6.731217387042726097e-01
-6.730815128643071743e-01
-6.730342743591986032e-01
-6.729790752513433727e-01
-6.729164621706088534e-01
-6.728487973581469550e-01
-6.727802386303149973e-01
-6.727162804677747632e-01
-6.726628352330433769e-01
-6.726249383500303436e-01
-6.726052770569012074e-01
-6.726028442675018315e-01
-6.726120784046074608e-01
-6.726228399458558105e-01
-6.726214779100676555e-01
-6.725930524475697281e-01
-6.725245217478332815e-01
-6.724084137013480733e-01
-6.722462453856108411e-01
-6.720507972322691259e-01
-6.718463611353308051e-01
-6.716663096320759641e-01
-6.715477850920242853e-01
-6.715239398547722116e-01
-6.716148697840517157e-01
-6.718190256590935716e-01
-6.721072851209820564e-01
-6.724218592857470478e-01
-6.726816818774079554e-01
-6.727948650835179345e-01
-6.726773033006285818e-01
-6.722747879642984037e-01
-6.715844012941003527e-01
-6.706698956810920320e-01
-6.696656554577021803e-01
-6.687650007925385331e-01
-6.681911352766212175e-01
-6.681527382752644462e-01
-6.687904614860825658e-01
-6.701244885807271512e-01
-6.720158040207734329e-01
-6.741539676532336545e-01
-6.760814605210490047e-01
-6.772590311923252226e-01
-6.771684356098482960e-01
-6.754395027968433940e-01
-6.719790216256728010e-01
-6.670715471443536826e-01
-6.614194724190607388e-01
-6.560943732717356980e-01
-6.523855248266627882e-01
-6.515539122357133506e-01
-6.545267337679329112e-01
-6.615910278567567193e-01
-6.721579135365479685e-01
-6.846663513559889669e-01
-6.966779491154633241e-01
-7.051870976626971599e-01
-7.071385401640568613e-01
-7.001073569837864552e-01
-6.830490616851792041e-01
-6.569679322769197416e-01
-6.252950841149976791e-01
-5.937537181671525000e-01
-5.695646094179707131e-01
-5.600243347327028554e-01
-5.707189891889957734e-01
-6.038099452594548611e-01
-6.568470774983170557e-01
-7.224075805880573187e-01
-7.886096711989912800e-01
-8.403739363933723228e-01
-8.613504127501802055e-01
-8.366723434688022598e-01
-7.568126017422004415e-01
-6.223014960371899829e-01
-4.477632381642239756e-01
-2.625008882194873050e-01
-1.053459516395873347e-01
-1.428687992213875657e-02
-1.454585770766774269e-02
-1.096812403162115701e-01
-2.789273807920977788e-01
-4.817739702089856579e-01
-6.681579224919838023e-01
-7.901574292111512854e-01
-8.111175016772396162e-01
-7.115326871290168498e-01
-4.936795338031545466e-01
-1.847794409066655097e-01
1.660622507951086679e-01
5.010853586420204175e-01
7.729293646344514990e-01
9.580966709254299385e-01
1.058199390981082511e+00
1.091638815597688827e+00
1.082708127774214768e+00
1.053499866804344931e+00
1.020074142599699307e+00
9.920430983691682636e-01
9.740721390035071980e-01
9.679003508407628686e-01
9.739155492009861081e-01
9.917427199931782011e-01
1.019669022061937325e+00
1.053077969817593607e+00
1.082429363508076836e+00
1.091743870321273180e+00
1.058985738017985456e+00
9.598454158232904154e-01
7.757824998907665304e-01
5.049152742703307828e-01
1.704167284869442245e-01
-1.805825579730006292e-01
-4.903317400948294935e-01
-7.095192755004907648e-01
-8.106187044245639628e-01
-7.910609537059497542e-01
-6.701121779022123359e-01
-4.842483476592533975e-01
-2.813008528553215815e-01
-1.113750171423479457e-01
-1.516707111414421043e-02
-1.372538886228712694e-02
-1.037871039323950556e-01
-2.603508202878287991e-01
-4.455135964925369119e-01
-6.203838672998032155e-01
-7.554988903876933559e-01
-8.360492354898165779e-01
-8.613535920355775977e-01
-8.408462638917449938e-01
-7.893551709863531052e-01
-7.232314079005848217e-01
-6.575833073489862901e-01
-6.043406283802771339e-01
-5.709848793080153362e-01
-5.600256484217920327e-01
-5.693511425919683955e-01
-5.934065115842581672e-01
-6.249044751033426826e-01
-6.566136714203392177e-01
-6.827868526290554740e-01
-6.999635241203736591e-01
-7.071119210248366649e-01
-7.052557268329550100e-01
-6.968078364220020582e-01
-6.848201934673033842e-01
-6.723023301368896698e-01
-6.617015497534797230e-01
-6.545902449769680498e-01
-6.515686377074654256e-01
-6.523590052613332801e-01
-6.560401455818652972e-01
-6.613533085856929672e-01
-6.670080520752379449e-01
-6.719291722415394741e-01
-6.754094020843818269e-01
-6.771592514634273696e-01
-6.772678638195039902e-01
-6.761027654972711076e-01
-6.741811475845359558e-01
-6.720426421955594254e-01
-6.701462005183890236e-01
-6.688042571010104353e-01
-6.681578971738160178e-01
-6.681886848405136359e-01
-6.687571409087603724e-01
-6.696550910771571496e-01
-6.706592219358739060e-01
-6.715756450254163346e-01
-6.722691571363614838e-01
-6.726751448495454921e-01
-6.727957921709405431e-01
-6.726848085062725469e-01
-6.724260743326591072e-01
-6.721115060584822443e-01
-6.718223896516335447e-01
-6.716168410501969221e-01
-6.715243324306805484e-01
-6.715467159377792594e-01
-6.716641065059164584e-01
-6.718434524944510988e-01
-6.720476085648426912e-01
-6.722431196433409362e-01
-6.724055650186429034e-01
-6.725220233850108809e-01
-6.725908533655078347e-01
-6.726194383885769623e-01
-6.726207753490300867e-01
-6.726098011913407282e-01
-6.726001969286320437e-01
-6.726021519939084925e-01
-6.726212840137906213e-01
-6.726586505190739196e-01
-6.727116010696385651e-01
-6.727751196930852329e-01
-6.728432964713673137e-01
-6.729106257623874709e-01
-6.729729301236360151e-01
-6.730278247598711072e-01
-6.730747423776318739e-01
-6.731146155123175490e-01
-6.731493546825652041e-01
-6.731812666782311938e-01
-6.732125349516311363e-01
-6.732448441753697832e-01
-6.732791850830464053e-01
-6.733158337120650483e-01
-6.733544680562641993e-01
-6.733943681966734207e-01
-6.734346430767294001e-01
-6.734744354861499360e-01
-6.735130722945115167e-01
-6.735501449677012697e-01
-6.735855219419402129e-01
-6.736193067610696250e-01
-6.736517626869182873e-01
-6.736832258050392541e-01
-6.737140255293927460e-01
-6.737444255017372985e-01
-6.737745909598894523e-01
-6.738045822549733055e-01
-6.738343694037097764e-01
-6.738638598810715585e-01
-6.738929312830793661e-01
-6.739214616169511007e-01
-6.739493521811179555e-01
-6.739765406051358987e-01
-6.740030040426935320e-01
-6.740287543414091864e-01
-6.740538280540219196e-01
-6.740782744067412846e-01
-6.741021439498806611e-01
-6.741254798152014338e-01
-6.741483125447048641e-01
-6.741706585553063347e-01
-6.741925216158238809e-01
-6.742138963119999051e-01
-6.742347723644823709e-01
-6.742551387916818628e-01
-6.742749871909038406e-01
-6.742943137560142297e-01
-6.743131199783035656e-01
-6.743314122325310134e-01
-6.743492006036635456e-01
-6.743664973590357548e-01
-6.743833154329824664e-01
-6.743996671954672895e-01
-6.744155636552371380e-01
-6.744310141303030415e-01
-6.744460263249358878e-01
-6.744606066938394484e-01
-6.744747609524996967e-01
-6.744884946023518291e-01
-6.745018133705501517e-01
-6.745147235054933521e-01
-6.745272319106201397e-01
-6.745393461328337281e-01
-6.745510742439634333e-01
-6.745624246630120835e-01
-6.745734059651922188e-01
-6.745840267141314239e-01
-6.745942953399686193e-01
-6.746042200718962434e-01
-6.746138089217363909e-01
-6.746230697069804938e-01
-6.746320100977585277e-01
-6.746406376721284515e-01
-6.746489599667636616e-01
-6.746569845144126942e-01
-6.746647188641546888e-01
-6.746721705845946104e-01
-6.746793472531057434e-01
-6.746862564358652170e-01
-6.746929056637682720e-01
-6.746993024086982427e-01
-6.747054540633856679e-01
-6.747113679266535380e-01
-6.747170511944686755e-01
-6.747225109561653111e-01
-6.747277541945384538e-01
-6.747327877882350888e-01
-6.747376185149444039e-01
-6.747422530541782315e-01
-6.747466979888583349e-01
-6.747509598053448299e-01
-6.747550448919290567e-01
-6.747589595360738990e-01
-6.747627099208390877e-01
-6.747663021209784340e-01
-6.747697420991409789e-01
-6.747730357025181203e-01
-6.747761886601352233e-01
-6.747792065808743134e-01
-6.747820949521927680e-01
-6.747848591394356443e-01
-6.747875043855852129e-01
-6.747900358112962627e-01
-6.747924584150631899e-01
-6.747947770734153972e-01
-6.747969965410629545e-01
-6.747991214509688751e-01
-6.748011563143561098e-01
-6.748031055206790141e-01
-6.748049733376099146e-01
-6.748067639110931770e-01
-6.748084812655137377e-01
-6.748101293040150717e-01
-6.748117118089848043e-01
-6.748132324427145168e-01
-6.748146947482209779e-01
-6.748161021502074863e-01
-6.748174579561404540e-01
-6.748187653574130307e-01
-6.748200274305667934e-01
-6.748212471385538480e-01
-6.748224273320247990e-01
-6.748235707506388126e-01
-6.748246800243914434e-01
-6.748257576749665532e-01
-6.748268061171180943e-01
-6.748278276600920833e-01
-6.748288245090895421e-01
-6.748297987667700726e-01
-6.748307524348042818e-01
-6.748316874154571821e-01
-6.748326055132057855e-01
-6.748335084363776826e-01
-6.748343977987986131e-01
-6.748352751214446998e-01
-6.748361418340879103e-01
-6.748369992769337466e-01
-6.748378487022433925e-01
-6.748386912759399836e-01
-6.748395280791974482e-01
-6.748403601100153582e-01
-6.748411882847707988e-01
-6.748420134397560277e-01
-6.748428363326919310e-01
-6.748436576442189416e-01
-6.748444779793614234e-01
-6.748452978689597481e-01
-6.748461177710690650e-01
-6.748469380723155497e-01
-6.748477590892157929e-01
-6.748485810694473397e-01
-6.748494041930733767e-01
-6.748502285737176809e-01
-6.748510542596899420e-01
-6.748518812350616791e-01
-6.748527094206864252e-01
-6.748535386751706167e-01
-6.748543687957869741e-01
-6.748551995193379227e-01
-6.748560305229567291e-01
-6.748568614248532382e-01
