-6.748576804124598594e-01
-6.748585441471192103e-01
-6.748594096471731696e-01
-6.748602762743125538e-01
-6.748611433380653502e-01
-6.748620100961828516e-01
-6.748628757549580692e-01
-6.748637394694729785e-01
-6.748646003437769325e-01
-6.748654574309944643e-01
-6.748663097333633676e-01
-6.748671562022052761e-01
-6.748679957378265204e-01
-6.748688271893500401e-01
-6.748696493544827923e-01
-6.748704609792143261e-01
-6.748712607574535172e-01
-6.748720473306022427e-01
-6.748728192870642184e-01
-6.748735751616991019e-01
-6.748743134352133133e-01
-6.748750325334955669e-01
-6.748757308268987787e-01
-6.748764066294634656e-01
-6.748770581980927386e-01
-6.748776837316707855e-01
-6.748782813701358352e-01
-6.748788491935052702e-01
-6.748793852208554434e-01
-6.748798874092624134e-01
-6.748803536527074876e-01
-6.748807817809465703e-01
-6.748811695583536441e-01
-6.748815146827341627e-01
-6.748818147841191273e-01
-6.748820674235351813e-01
-6.748822700917551654e-01
-6.748824202080294654e-01
-6.748825151188010407e-01
-6.748825520964053526e-01
-6.748825283377570816e-01
-6.748824409630320709e-01
-6.748822870143469377e-01
-6.748820634544457908e-01
-6.748817671654016026e-01
-6.748813949473386753e-01
-6.748809435171818638e-01
-6.748804095074389942e-01
-6.748797894650131468e-01
-6.748790798500509114e-01
-6.748782770348202842e-01
-6.748773773026169875e-01
-6.748763768467005431e-01
-6.748752717692660941e-01
-6.748740580804520883e-01
-6.748727316974008072e-01
-6.748712884433841763e-01
-6.748697240470056258e-01
-6.748680341414949879e-01
-6.748662142641023154e-01
-6.748642598555929517e-01
-6.748621662598410786e-01
-6.748599287235079736e-01
-6.748575423957966501e-01
-6.748550023282708921e-01
-6.748523034747400118e-01
-6.748494406912164401e-01
-6.748464087359761221e-01
-6.748432022697538057e-01
-6.748398158561185189e-01
-6.748362439620679831e-01
-6.748324809588613915e-01
-6.748285211230865555e-01
-6.748243586379240044e-01
-6.748199875945316561e-01
-6.748154019934616832e-01
-6.748105957460032167e-01
-6.748055626753906022e-01
-6.748002965178550028e-01
-6.747947909235890718e-01
-6.747890394577895634e-01
-6.747830356020202425e-01
-6.747767727561947426e-01
-6.747702442414529322e-01
-6.747634433041371782e-01
-6.747563631208884916e-01
-6.747489968046535003e-01
-6.747413374111418394e-01
-6.747333779450365165e-01
-6.747251113651339116e-01
-6.747165305876279273e-01
-6.747076284869869545e-01
-6.746983978943296156e-01
-6.746888315938367464e-01
-6.746789223184367357e-01
-6.746686627466281783e-01
-6.746580455026999212e-01
-6.746470631625669512e-01
-6.746357082668745786e-01
-6.746239733418788465e-01
-6.746118509269863894e-01
-6.745993336059569190e-01
-6.745864140370124717e-01
-6.745730849758895253e-01
-6.745593392856769066e-01
-6.745451699284522595e-01
-6.745305699364114727e-01
-6.745155323642364475e-01
-6.745000502293163613e-01
-6.744841164513289966e-01
-6.744677238064011870e-01
-6.744508649124967281e-01
-6.744335322607313277e-01
-6.744157183014619639e-01
-6.743974155843592833e-01
-6.743786169392970153e-01
-6.743593156717232473e-01
-6.743395057349522714e-01
-6.743191818355983580e-01
-6.742983394300736677e-01
-6.742769745816735716e-01
-6.742550836696383776e-01
-6.742326629719223030e-01
-6.742097081780300538e-01
-6.741862139207770444e-01
-6.741621734384036779e-01
-6.741375784831705742e-01
-6.741124195730310298e-01
-6.740866866363075527e-01
-6.740603700277074672e-01
-6.740334618057826077e-01
-6.740059570715261072e-01
-6.739778550943350544e-01
-6.739491599162088509e-01
-6.739198801468596622e-01
-6.738900277535656569e-01
-6.738596158108582923e-01
-6.738286553920673772e-01
-6.737971520266626824e-01
-6.737651023688531193e-01
-6.737324918697695786e-01
-6.736992942635727788e-01
-6.736654735247565862e-01
-6.736309886121607526e-01
-6.735958008028990474e-01
-6.735598827970998848e-01
-6.735232281444323288e-01
-6.734858590403586254e-01
-6.734478303107982455e-01
-6.734092275797521898e-01
-6.733701582779383354e-01
-6.733307353031001696e-01
-6.732910546803305696e-01
-6.732511702750709759e-01
-6.732110701628571947e-01
-6.731706602767651981e-01
-6.731297610562360090e-01
-6.730881217146023054e-01
-6.730454543059722905e-01
-6.730014861355472222e-01
-6.729560246497748865e-01
-6.729090244875265414e-01
-6.728606428205207157e-01
-6.728112674987503095e-01
-6.727615037732584957e-01
-6.727121100795113717e-01
-6.726638815424911266e-01
-6.726174907756395926e-01
-6.725733076455756576e-01
-6.725312307005980594e-01
-6.724905702082000225e-01
-6.724500235205309595e-01
-6.724077756880143530e-01
-6.723617409973146053e-01
-6.723099353267850686e-01
-6.722509379106524907e-01
-6.721843693970956934e-01
-6.721112877079835624e-01
-6.720343915424074055e-01
-6.719579300426304913e-01
-6.718872503712541855e-01
-6.718279728786953342e-01
-6.717848609965063611e-01
-6.717605390157546097e-01
-6.717542894252380714e-01
-6.717612132855022011e-01
-6.717720431037766948e-01
-6.717738430004844830e-01
-6.717517094155289747e-01
-6.716914034639679398e-01
-6.715826243989674316e-01
-6.714224083300625034e-01
-6.712179548834584786e-01
-6.709880994599761728e-01
-6.707627079432262329e-01
-6.705795050095276766e-01
-6.704782581633416116e-01
-6.704927899588671858e-01
-6.706419010958654114e-01
-6.709208414375454899e-01
-6.712953284738905069e-01
-6.717001514765362780e-01
-6.720440153607785128e-01
-6.722214318726335014e-01
-6.721311996177709025e-01
-6.716994663136091059e-01
-6.709037729472207001e-01
-6.697931652536011082e-01
-6.684988040737065429e-01
-6.672298843679427272e-01
-6.662513435431084430e-01
-6.658428305287953375e-01
-6.662424107213166247e-01
-6.675828353290835793e-01
-6.698319865306670007e-01
-6.727513551031524264e-01
-6.758863457643898842e-01
-6.785994328745206250e-01
-6.801516764873870580e-01
-6.798300947703546093e-01
-6.771083210723630730e-01
-6.718167077334918913e-01
-6.642873392738625205e-01
-6.554324408045750783e-01
-6.467157364247274609e-01
-6.399893758163248680e-01
-6.371950185655413934e-01
-6.399620959790947028e-01
-6.491694577663176258e-01
-6.645572492875653214e-01
-6.844769054860403434e-01
-7.058503883791285016e-01
-7.243854462202993227e-01
-7.350731266335782665e-01
-7.329776744245293241e-01
-7.142980503565089512e-01
-6.776014395178764360e-01
-6.249855346964570124e-01
-5.627625476996227505e-01
-5.011959745796120691e-01
-4.529964746358474126e-01
-4.307107683853528823e-01
-4.436328211146263190e-01
-4.951441340671641766e-01
-5.812678159748474460e-01
-6.907314077237274308e-01
-8.061978126367044251e-01
-9.059110109109007603e-01
-9.652247075260295128e-01
-9.584618022648399016e-01
-8.627000551351990953e-01
-6.650107695855611567e-01
-3.720354784745704690e-01
-1.634668972682115987e-02
3.475092869207637714e-01
6.581939977262839525e-01
8.651065482189947975e-01
9.378143411669572771e-01
8.665423237456491012e-01
6.608681395693782878e-01
3.510089438391748584e-01
-1.260931340030150768e-02
-3.686769835319443356e-01
-6.624906855743735168e-01
-8.612158667551100821e-01
-9.579696718896240082e-01
-9.655320669766574992e-01
-9.067665648726291883e-01
-8.073453064725583106e-01
-6.919340610654772794e-01
-5.823230055114144710e-01
-4.958997703338107743e-01
-4.440041197651108384e-01
-4.306893649646508226e-01
-4.526450975919059649e-01
-5.006278626673971166e-01
-5.621111881847364877e-01
-6.243739550964348961e-01
-6.771196794528439034e-01
-7.139932204281402850e-01
-7.328558203562114404e-01
-7.351087420919093507e-01
-7.245339046116258119e-01
-7.060598730838024695e-01
-6.846981090605951392e-01
-6.647502672161449411e-01
-6.493078143650803380e-01
-6.400340251351688270e-01
-6.372022871923586074e-01
-6.399441856596060907e-01
-6.466364940280089346e-01
-6.553393130805645894e-01
-6.641984331805862452e-01
-6.717454460673961680e-01
-6.770622298877573275e-01
-6.798108888611525957e-01
-6.801563095837973583e-01
-6.786216916845186908e-01
-6.759185873036384073e-01
-6.727860711258839554e-01
-6.698629878953393790e-01
-6.676059575048333139e-01
-6.662557363067745930e-01
-6.658464989270563850e-01
-6.662470674675168292e-01
-6.672203150573380315e-01
-6.684868825286518490e-01
-6.697815702249994008e-01
-6.708945361994154144e-01
-6.716937817554330392e-01
-6.721294141119800170e-01
-6.722231778090028698e-01
-6.720484307110804467e-01
-6.717061312141673346e-01
-6.713017590888707975e-01
-6.709267841070305494e-01
-6.706467052198019640e-01
-6.704961341621544779e-01
-6.704801282721040145e-01
-6.705801266436652863e-01
-6.707624548625247263e-01
-6.709873980867587795e-01
-6.712172015190316365e-01
-6.714219098185281176e-01
-6.715825667336120519e-01
-6.716918472297702669e-01
-6.717526068006258733e-01
-6.717750687531534037e-01
-6.717734312379057826e-01
-6.717625922349265144e-01
-6.717555102351141505e-01
-6.717614935063087600e-01
-6.717854891566517050e-01
-6.718282606729304440e-01
-6.718872204482194688e-01
-6.719576284430230917e-01
-6.720338734720656682e-01
-6.721106049156742035e-01
-6.721835608711507204e-01
-6.722500246852937122e-01
-6.723089193406046604e-01
-6.723606072952101886e-01
-6.724064968667490261e-01
-6.724485651934027919e-01
-6.724888963674499065e-01
-6.725293081200309775e-01
-6.725711088118961900e-01
-6.726149951906985613e-01
-6.726610755405697528e-01
-6.727089855159968934e-01
-6.727580560485477701e-01
-6.728074933892395082e-01
-6.728565385174724023e-01
-6.729045841232750291e-01
-6.729512394499108652e-01
-6.729963442027089293e-01
-6.730399409357403773e-01
-6.730822200779539299e-01
-6.731234530584627729e-01
-6.731639274147706020e-01
-6.732038942414930727e-01
-6.732435338965706562e-01
-6.732829414770131748e-01
-6.733221299325564679e-01
-6.733610462353016857e-01
-6.733995949004665249e-01
-6.734376632399512452e-01
-6.734751437341125468e-01
-6.735119504499067489e-01
-6.735480281342234310e-01
-6.735833541498128518e-01
-6.736179345781759809e-01
-6.736517964836570282e-01
-6.736849785157282833e-01
-6.737175218034023860e-01
-6.737494625972361151e-01
-6.737808274870290548e-01
-6.738116314015135666e-01
-6.738418780828443477e-01
-6.738715623845896729e-01
-6.739006735859841557e-01
-6.739291989304202479e-01
-6.739571267407458155e-01
-6.739844486839784432e-01
-6.740111609993744146e-01
-6.740372647209551538e-01
-6.740627650876692689e-01
-6.740876704267025898e-01
-6.741119908184955989e-01
-6.741357368177515186e-01
-6.741589184320364581e-01
-6.741815444695552495e-01
-6.742036222794850486e-01
-6.742251578363607223e-01
-6.742461560728822967e-01
-6.742666213454294732e-01
-6.742865579207638627e-01
-6.743059703945806227e-01
-6.743248639848504755e-01
-6.743432446774577649e-01
-6.743611192320826397e-01
-6.743784950783249243e-01
-6.743953801439112050e-01
-6.744117826587517905e-01
-6.744277109725982378e-01
-6.744431734129253675e-01
-6.744581781965433009e-01
-6.744727333960380822e-01
-6.744868469524238908e-01
-6.745005267194279508e-01
-6.745137805227870986e-01
-6.745266162192605774e-01
-6.745390417437374664e-01
-6.745510651376689371e-01
-6.745626945569488386e-01
-6.745739382614421853e-01
-6.745848045910920465e-01
-6.745953019347519231e-01
-6.746054386977397010e-01
-6.746152232729234477e-01
-6.746246640184037080e-01
-6.746337692429758004e-01
-6.746425471989107026e-01
-6.746510060804346010e-01
-6.746591540256871022e-01
-6.746669991199001348e-01
-6.746745493978989483e-01
-6.746818128446656626e-01
-6.746887973934022620e-01
-6.746955109211687507e-01
-6.747019612426337076e-01
-6.747081561027289398e-01
-6.747141031690383484e-01
-6.747198100246266650e-01
-6.747252841617918939e-01
-6.747305329769607285e-01
-6.747355637667120654e-01
-6.747403837247389902e-01
-6.747449999394672382e-01
-6.747494193920346994e-01
-6.747536489543813909e-01
-6.747576953872819194e-01
-6.747615653382522671e-01
-6.747652653393372280e-01
-6.747688018048549896e-01
-6.747721810291934519e-01
-6.747754091847567581e-01
-6.747784923201405327e-01
-6.747814363585735720e-01
-6.747842470966390893e-01
-6.747869302032555305e-01
-6.747894912188739935e-01
-6.747919355548571696e-01
-6.747942684929999491e-01
-6.747964951851643800e-01
-6.747986206530155462e-01
-6.748006497878663579e-01
-6.748025873506328098e-01
-6.748044379719161379e-01
-6.748062061522182020e-01
-6.748078962623010879e-01
-6.748095125436862629e-01
-6.748110591092860711e-01
-6.748125399441534666e-01
-6.748139589063394395e-01
-6.748153197278410342e-01
-6.748166260156286400e-01
-6.748178812527489967e-01
-6.748190887994937048e-01
-6.748202518946381234e-01
-6.748213736567453269e-01
-6.748224570855456683e-01
-6.748235050633796250e-01
-6.748245203567141415e-01
-6.748255056177185907e-01
-6.748264633858981343e-01
-6.748273960897779311e-01
-6.748283060486260920e-01
-6.748291954742107190e-01
-6.748300664725793707e-01
-6.748309210458653951e-01
-6.748317610941010347e-01
-6.748325884170498501e-01
-6.748334047160455818e-01
-6.748342115958402276e-01
-6.748350105664581156e-01
-6.748358030450517520e-01
-6.748365903577591141e-01
-6.748373737415541695e-01
-6.748381543460897358e-01
-6.748389332355271275e-01
-6.748397113903427114e-01
-6.748404897091200283e-01
-6.748412690103047229e-01
-6.748420500339393779e-01
-6.748428334433570486e-01
-6.748436198268443764e-01
-6.748444096992645136e-01
-6.748452035036401897e-01
-6.748460016126937022e-01
-6.748468043303438302e-01
-6.748476118931550083e-01
-6.748484244717355418e-01
-6.748492421720864165e-01
-6.748500650368935982e-01
-6.748508930467647104e-01
-6.748517261214097562e-01
-6.748525641207594461e-01
-6.748534068460207980e-01
-6.748542540406723411e-01
-6.748551053913935949e-01
-6.748559605289281560e-01
-6.748568190288828372e-01
