-6.748570390990036305e-01
-6.748579799703938731e-01
-6.748589287177542140e-01
-6.748598846437473542e-01
-6.748608470084818123e-01
-6.748618150299141583e-01
-6.748627878841652050e-01
-6.748637647057532662e-01
-6.748647445877365980e-01
-6.748657265817752382e-01
-6.748667096981068036e-01
-6.748676929054356899e-01
-6.748686751307411136e-01
-6.748696552590012221e-01
-6.748706321328363789e-01
-6.748716045520690709e-01
-6.748725712732074333e-01
-6.748735310088486150e-01
-6.748744824270043186e-01
-6.748754241503541751e-01
-6.748763547554234021e-01
-6.748772727716878528e-01
-6.748781766806105642e-01
-6.748790649146114706e-01
-6.748799358559680606e-01
-6.748807878356543055e-01
-6.748816191321177493e-01
-6.748824279699946471e-01
-6.748832125187722575e-01
-6.748839708913922930e-01
-6.748847011428031895e-01
-6.748854012684648573e-01
-6.748860692028079145e-01
-6.748867028176507299e-01
-6.748872999205770551e-01
-6.748878582532810144e-01
-6.748883754898821197e-01
-6.748888492352094204e-01
-6.748892770230657812e-01
-6.748896563144672900e-01
-6.748899844958672345e-01
-6.748902588773617595e-01
-6.748904766908853103e-01
-6.748906350883920879e-01
-6.748907311400340614e-01
-6.748907618323320978e-01
-6.748907240663571949e-01
-6.748906146559155994e-01
-6.748904303257576842e-01
-6.748901677098121388e-01
-6.748898233494559085e-01
-6.748893936918269887e-01
-6.748888750881881782e-01
-6.748882637923404593e-01
-6.748875559590868933e-01
-6.748867476427492518e-01
-6.748858347957248371e-01
-6.748848132670826061e-01
-6.748836788011942645e-01
-6.748824270364022215e-01
-6.748810535037252922e-01
-6.748795536256260164e-01
-6.748779227148579141e-01
-6.748761559734217652e-01
-6.748742484916702145e-01
-6.748721952475897901e-01
-6.748699911062906454e-01
-6.748676308197102403e-01
-6.748651090265268548e-01
-6.748624202522506277e-01
-6.748595589094438241e-01
-6.748565192980006122e-01
-6.748532956054160703e-01
-6.748498819069901344e-01
-6.748462721659262975e-01
-6.748424602333429334e-01
-6.748384398482595303e-01
-6.748342046376835102e-01
-6.748297481169748258e-01
-6.748250636906918398e-01
-6.748201446541184367e-01
-6.748149841956307959e-01
-6.748095753999727719e-01
-6.748039112523683825e-01
-6.747979846432544671e-01
-6.747917883732523769e-01
-6.747853151578800945e-01
-6.747785576314522249e-01
-6.747715083496682587e-01
-6.747641597905693622e-01
-6.747565043538390483e-01
-6.747485343588369711e-01
-6.747402420421813041e-01
-6.747316195560972840e-01
-6.747226589689984122e-01
-6.747133522697650321e-01
-6.747036913768759137e-01
-6.746936681528896695e-01
-6.746832744238187018e-01
-6.746725020018107255e-01
-6.746613427084349190e-01
-6.746497883950265395e-01
-6.746378309562012232e-01
-6.746254623330478761e-01
-6.746126745037454020e-01
-6.745994594613976547e-01
-6.745858091815528645e-01
-6.745717155847613666e-01
-6.745571705021143893e-01
-6.745421656534011934e-01
-6.745266926477008207e-01
-6.745107430144482441e-01
-6.744943082691065017e-01
-6.744773800116775631e-01
-6.744599500490489064e-01
-6.744420105246364816e-01
-6.744235540324289291e-01
-6.744045736889607845e-01
-6.743850631375688520e-01
-6.743650164656892487e-01
-6.743444280283108494e-01
-6.743232921883288711e-01
-6.743016030053728960e-01
-6.742793539253041368e-01
-6.742565375385680682e-01
-6.742331454820251757e-01
-6.742091685513637023e-01
-6.741845970669386734e-01
-6.741594214948313235e-01
-6.741336332706957535e-01
-6.741072257142110002e-01
-6.740801948679238098e-01
-6.740525400595374084e-01
-6.740242639847429107e-01
-6.739953721491120930e-01
-6.739658715966287961e-01
-6.739357689843624710e-01
-6.739050682219567268e-01
-6.738737680546857955e-01
-6.738418600953596238e-01
-6.738093278657308893e-01
-6.737761473588927963e-01
-6.737422894597995260e-01
-6.737077242618241257e-01
-6.736724269207300386e-01
-6.736363842503464427e-01
-6.735996008687991088e-01
-6.735621034477489166e-01
-6.735239415955867059e-01
-6.734851841922229188e-01
-6.734459106165092690e-01
-6.734061972323155398e-01
-6.733661006164314289e-01
-6.733256401392178070e-01
-6.732847834114417118e-01
-6.732434385320761328e-01
-6.732014567837076857e-01
-6.731586482793777693e-01
-6.731148110588242028e-01
-6.730697714327994463e-01
-6.730234303455622236e-01
-6.729758077078588085e-01
-6.729270747018526455e-01
-6.728775636452658526e-01
-6.728277466715704147e-01
-6.727781785073699838e-01
-6.727294048593240872e-01
-6.726818456959509085e-01
-6.726356708249738858e-01
-6.725906919852843169e-01
-6.725462993369720754e-01
-6.725014690085414637e-01
-6.724548610537401938e-01
-6.724050135544111795e-01
-6.723506197577810983e-01
-6.722908535844598354e-01
-6.722256884322855841e-01
-6.721561396319846171e-01
-6.720843569634589176e-01
-6.720135041706610801e-01
-6.719473892735567944e-01
-6.718898515942518523e-01
-6.718439642355553687e-01
-6.718111662616356172e-01
-6.717904862941708188e-01
-6.717780466405959272e-01
-6.717670331765500658e-01
-6.717482729573182043e-01
-6.717114764808596039e-01
-6.716470798523891395e-01
-6.715484778408112865e-01
-6.714142948021311064e-01
-6.712502265666580037e-01
-6.710699358475084031e-01
-6.708945271937816202e-01
-6.707502855642740736e-01
-6.706646375653212422e-01
-6.706606634129107514e-01
-6.707508993327525593e-01
-6.709315469613076344e-01
-6.711784546001058338e-01
-6.714462613877125730e-01
-6.716718273959243479e-01
-6.717824812882682295e-01
-6.717087348554792170e-01
-6.714000449100626655e-01
-6.708411239509937118e-01
-6.700654452834201580e-01
-6.691622146736246890e-01
-6.682734214945598161e-01
-6.675787760288466322e-01
-6.672683605256868322e-01
-6.675054325036741121e-01
-6.683845742287179981e-01
-6.698927007347920126e-01
-6.718817327617588875e-01
-6.740615622737804458e-01
-6.760200776875169293e-01
-6.772735176738683416e-01
-6.773455250050121057e-01
-6.758673526017254796e-01
-6.726852921564336896e-01
-6.679554699051988287e-01
-6.622021584032569130e-01
-6.563156721252078052e-01
-6.514716924790346919e-01
-6.489663517359520739e-01
-6.499792511405390050e-01
-6.552959372575440922e-01
-6.650369146967120004e-01
-6.784475868890865735e-01
-6.938013191227198062e-01
-7.084587022155431901e-01
-7.191143775851804865e-01
-7.222498181320556876e-01
-7.147899160918200767e-01
-6.949191558812409797e-01
-6.629378255100176753e-01
-6.219399748819671725e-01
-5.780201786326373270e-01
-5.397401340195212560e-01
-5.167596042524361666e-01
-5.178241655582191960e-01
-5.485736189854377720e-01
-6.097354605768487978e-01
-6.961210389542615840e-01
-7.965044667477316764e-01
-8.941283325638921253e-01
-9.675354664997400933e-01
-9.919130111674344663e-01
-9.420343990874676665e-01
-7.983829703898751573e-01
-5.567350028630705383e-01
-2.376943094357511777e-01
1.110667186500629289e-01
4.251430975606326768e-01
6.425702791894606358e-01
7.207193624835676049e-01
6.446164529001177090e-01
4.288357491095907692e-01
1.156672218511177741e-01
-2.330867698034124191e-01
-5.529117152832123683e-01
-7.958070609239178417e-01
-9.407911989307479184e-01
-9.918089813004290489e-01
-9.682423483499992267e-01
-8.952940637065981422e-01
-7.978134084683243810e-01
-6.973207828268785935e-01
-6.106495562217193473e-01
-5.491080995526793629e-01
-5.179665373125378336e-01
-5.165670799021143678e-01
-5.393172123380632899e-01
-5.774901282487051590e-01
-6.214173261916998703e-01
-6.625083903010270392e-01
-6.946309281180556017e-01
-7.146542739216347195e-01
-7.222496719562959688e-01
-7.192151602863787740e-01
-7.086189560593633141e-01
-6.939810843693166031e-01
-6.786140259490303084e-01
-6.651673164293857576e-01
-6.553785292213148983e-01
-6.500123160648818565e-01
-6.489561555602877396e-01
-6.514297397791323219e-01
-6.562557958957330184e-01
-6.621378937161973566e-01
-6.678980439559392135e-01
-6.726424056507795957e-01
-6.758427663622873505e-01
-6.773393362773406645e-01
-6.772829318691290235e-01
-6.760404534087376405e-01
-6.740875187189607765e-01
-6.719081446048761341e-01
-6.699154551250210421e-01
-6.684010203095972491e-01
-6.675145102518497131e-01
-6.672704467590097055e-01
-6.675753245315272366e-01
-6.682664957384284454e-01
-6.691540130803542707e-01
-6.700579021948749325e-01
-6.708356401790668277e-01
-6.713973677604549994e-01
-6.717089765106948329e-01
-6.717852419711116685e-01
-6.716763784039264662e-01
-6.714517425811492579e-01
-6.711840488205583766e-01
-6.709366066772691761e-01
-6.707550149994380151e-01
-6.706636756737736071e-01
-6.706666046114555524e-01
-6.707514219149526280e-01
-6.708951310511227506e-01
-6.710703198856863283e-01
-6.712506627646083190e-01
-6.714149789689073389e-01
-6.715495148512593548e-01
-6.716484869991685702e-01
-6.717132000788511581e-01
-6.717502124148400089e-01
-6.717690669623455069e-01
-6.717800555979849264e-01
-6.717923712260822633e-01
-6.718128583050159142e-01
-6.718454279990631051e-01
-6.718910821685220025e-01
-6.719484049419439664e-01
-6.720143369312995274e-01
-6.720850428673269539e-01
-6.721567105410413134e-01
-6.722261662281041605e-01
-6.722912472371390669e-01
-6.723509251073368498e-01
-6.724052152414188299e-01
-6.724549358027840373e-01
-6.725013894183462515e-01
-6.725460374344641723e-01
-6.725902220066364290e-01
-6.726349709372515528e-01
-6.726808986153733905e-01
-6.727281975166974348e-01
-6.727767010356775490e-01
-6.728259910400925525e-01
-6.728755222481802578e-01
-6.729247391454087346e-01
-6.729731679508941244e-01
-6.730204742542865715e-01
-6.730664847289922204e-01
-6.731111775813746201e-01
-6.731546504467376124e-01
-6.731970761381920187e-01
-6.732386562610950254e-01
-6.732795807685731937e-01
-6.733199987219505855e-01
-6.733600024905996850e-01
-6.733996249205855822e-01
-6.734388469866724458e-01
-6.734776122895191897e-01
-6.735158444626792029e-01
-6.735534639683548042e-01
-6.735904016591591770e-01
-6.736266076095399624e-01
-6.736620548387879381e-01
-6.736967384753950183e-01
-6.737306715396857992e-01
-6.737638788121486089e-01
-6.737963902366327362e-01
-6.738282350534029463e-01
-6.738594374627024930e-01
-6.738900141823985779e-01
-6.739199738659299443e-01
-6.739493180462494681e-01
-6.739780430956027191e-01
-6.740061426404573286e-01
-6.740336099252234314e-01
-6.740604397443136220e-01
-6.740866297219588743e-01
-6.741121808785431879e-01
-6.741370975545408761e-01
-6.741613868527583930e-01
-6.741850578015154971e-01
-6.742081204399393846e-01
-6.742305849921012006e-01
-6.742524612428709707e-01
-6.742737581686176762e-01
-6.742944838215478853e-01
-6.743146454252465505e-01
-6.743342496145130482e-01
-6.743533027448939121e-01
-6.743718112035791412e-01
-6.743897816692482339e-01
-6.744072212890249718e-01
-6.744241377615537436e-01
-6.744405393328943843e-01
-6.744564347243572344e-01
-6.744718330178788301e-01
-6.744867435254298105e-01
-6.745011756654233359e-01
-6.745151388627508293e-01
-6.745286424815578608e-01
-6.745416957926025914e-01
-6.745543079711449064e-01
-6.745664881173571992e-01
-6.745782452894465431e-01
-6.745895885398492942e-01
-6.746005269465169540e-01
-6.746110696339056023e-01
-6.746212257811703417e-01
-6.746310046177412811e-01
-6.746404154085154925e-01
-6.746494674321518170e-01
-6.746581699563574119e-01
-6.746665322137277432e-01
-6.746745633808625131e-01
-6.746822725623506933e-01
-6.746896687801130499e-01
-6.746967609676056687e-01
-6.747035579677469475e-01
-6.747100685330980063e-01
-6.747163013268393517e-01
-6.747222649233156622e-01
-6.747279678073304643e-01
-6.747334183718071143e-01
-6.747386249138246361e-01
-6.747435956293592607e-01
-6.747483386072237188e-01
-6.747528618227629504e-01
-6.747571731318109389e-01
-6.747612802652895869e-01
-6.747651908246745656e-01
-6.747689122784000793e-01
-6.747724519591380421e-01
-6.747758170617998985e-01
-6.747790146420592494e-01
-6.747820516151902259e-01
-6.747849347550493038e-01
-6.747876706930757695e-01
-6.747902659172451134e-01
-6.747927267709625809e-01
-6.747950594519327439e-01
-6.747972700110634880e-01
-6.747993643514760276e-01
-6.748013482276876696e-01
-6.748032272450218416e-01
-6.748050068592722495e-01
-6.748066923766345981e-01
-6.748082889538929985e-01
-6.748098015988331921e-01
-6.748112351708549506e-01
-6.748125943817436800e-01
-6.748138837965731440e-01
-6.748151078347169873e-01
-6.748162707709487451e-01
-6.748173767366272280e-01
-6.748184297209663951e-01
-6.748194335723917137e-01
-6.748203919999867795e-01
-6.748213085750366380e-01
-6.748221867326702483e-01
-6.748230297735998695e-01
-6.748238408659541498e-01
-6.748246230471998119e-01
-6.748253792261424966e-01
-6.748261121849976618e-01
-6.748268245815230992e-01
-6.748275189512038530e-01
-6.748281977094781059e-01
-6.748288631540030336e-01
-6.748295174669506347e-01
-6.748301627173274309e-01
-6.748308008633208122e-01
-6.748314337546603703e-01
-6.748320631349973286e-01
-6.748326906442929651e-01
-6.748333178212138073e-01
-6.748339461055319344e-01
-6.748345768405222822e-01
-6.748352112753533971e-01
-6.748358505674673102e-01
-6.748364957849418699e-01
-6.748371479088332014e-01
-6.748378078354911880e-01
-6.748384763788487506e-01
-6.748391542726721593e-01
-6.748398421727789254e-01
-6.748405406592132838e-01
-6.748412502383759337e-01
-6.748419713451115909e-01
-6.748427043447396967e-01
-6.748434495350389417e-01
-6.748442071481702831e-01
-6.748449773525478923e-01
-6.748457602546410472e-01
-6.748465559007188475e-01
-6.748473642785245419e-01
-6.748481853188829094e-01
-6.748490188972368076e-01
-6.748498648351107798e-01
-6.748507229014988340e-01
-6.748515928141789466e-01
-6.748524742409457433e-01
-6.748533668007690167e-01
-6.748542700648664239e-01
-6.748551835576984681e-01
-6.748561067578791040e-01
