-6.748575223070704121e-01
-6.748584154110531808e-01
-6.748593128278926878e-01
-6.748602138965125175e-01
-6.748611179072209199e-01
-6.748620241021034971e-01
-6.748629316753410601e-01
-6.748638397734524341e-01
-6.748647474954616587e-01
-6.748656538929875826e-01
-6.748665579702566308e-01
-6.748674586840461842e-01
-6.748683549435474660e-01
-6.748692456101605952e-01
-6.748701294972109244e-01
-6.748710053695972100e-01
-6.748718719433698388e-01
-6.748727278852381106e-01
-6.748735718120096871e-01
-6.748744022899645367e-01
-6.748752178341649310e-01
-6.748760169077014925e-01
-6.748767979208771806e-01
-6.748775592303316584e-01
-6.748782991381088170e-01
-6.748790158906673442e-01
-6.748797076778388915e-01
-6.748803726317349483e-01
-6.748810088256036455e-01
-6.748816142726465905e-01
-6.748821869247846328e-01
-6.748827246713906547e-01
-6.748832253379808410e-01
-6.748836866848738625e-01
-6.748841064058158645e-01
-6.748844821265810312e-01
-6.748848114035442824e-01
-6.748850917222343204e-01
-6.748853204958709107e-01
-6.748854950638885075e-01
-6.748856126904534403e-01
-6.748856705629716624e-01
-6.748856657905991652e-01
-6.748855954027493942e-01
-6.748854563476034407e-01
-6.748852454906222320e-01
-6.748849596130672701e-01
-6.748845954105299194e-01
-6.748841494914766814e-01
-6.748836183758217810e-01
-6.748829984935389437e-01
-6.748822861833193576e-01
-6.748814776912933633e-01
-6.748805691698247511e-01
-6.748795566763778897e-01
-6.748784361724561309e-01
-6.748772035226004995e-01
-6.748758544934357895e-01
-6.748743847527430839e-01
-6.748727898685457083e-01
-6.748710653082020672e-01
-6.748692064375201305e-01
-6.748672085199195481e-01
-6.748650667156919081e-01
-6.748627760814174259e-01
-6.748603315696060090e-01
-6.748577280286124358e-01
-6.748549602028564021e-01
-6.748520227333302257e-01
-6.748489101583390326e-01
-6.748456169143728367e-01
-6.748421373369696274e-01
-6.748384656614382360e-01
-6.748345960233279595e-01
-6.748305224585990914e-01
-6.748262389035418751e-01
-6.748217391945972032e-01
-6.748170170683367441e-01
-6.748120661619252392e-01
-6.748068800143929291e-01
-6.748014520690005513e-01
-6.747957756768099280e-01
-6.747898441013947535e-01
-6.747836505243768324e-01
-6.747771880512536402e-01
-6.747704497168361959e-01
-6.747634284895789314e-01
-6.747561172742040370e-01
-6.747485089123029800e-01
-6.747405961810156727e-01
-6.747323717903592755e-01
-6.747238283802527992e-01
-6.747149585186155152e-01
-6.747057547020394175e-01
-6.746962093603540156e-01
-6.746863148659253406e-01
-6.746760635477778711e-01
-6.746654477097027147e-01
-6.746544596506011127e-01
-6.746430916845476133e-01
-6.746313361576649070e-01
-6.746191854589836945e-01
-6.746066320231028923e-01
-6.745936683236163356e-01
-6.745802868578183453e-01
-6.745664801249274811e-01
-6.745522406016876138e-01
-6.745375607204608936e-01
-6.745224328555224913e-01
-6.745068493230615969e-01
-6.744908023992464141e-01
-6.744742843586755132e-01
-6.744572875327250472e-01
-6.744398043839826551e-01
-6.744218275894355852e-01
-6.744033501218238413e-01
-6.743843653160670470e-01
-6.743648669065211987e-01
-6.743448490215893099e-01
-6.743243061254677873e-01
-6.743032329028993965e-01
-6.742816240917669512e-01
-6.742594742796504947e-01
-6.742367776929163448e-01
-6.742135280184359258e-01
-6.741897183059761822e-01
-6.741653410004905256e-01
-6.741403881449481439e-01
-6.741148517739181667e-01
-6.740887244855444660e-01
-6.740620001372764625e-01
-6.740346745643681636e-01
-6.740067461785673730e-01
-6.739782162788677811e-01
-6.739490889084971403e-01
-6.739193701324487362e-01
-6.738890666926851125e-01
-6.738581841204107636e-01
-6.738267245329343513e-01
-6.737946844920806866e-01
-6.737620534182064969e-01
-6.737288131004868230e-01
-6.736949387850225124e-01
-6.736604021343175486e-01
-6.736251760333248351e-01
-6.735892407965788919e-01
-6.735525908688820840e-01
-6.735152406996101071e-01
-6.734772282179982694e-01
-6.734386143539491387e-01
-6.733994774210245726e-01
-6.733599019376450556e-01
-6.733199625640284847e-01
-6.732797051389852738e-01
-6.732391280846290460e-01
-6.731981684129159094e-01
-6.731566968974551646e-01
-6.731145263911383347e-01
-6.730714356160730771e-01
-6.730272080583806771e-01
-6.729816821403403759e-01
-6.729348051464622005e-01
-6.728866801965780464e-01
-6.728375937544551766e-01
-6.727880115629907287e-01
-6.727385341005287511e-01
-6.726898088126427311e-01
-6.726424050379752329e-01
-6.725966675711869680e-01
-6.725525743964305692e-01
-6.725096310361907692e-01
-6.724668358560468295e-01
-6.724227456043040396e-01
-6.723756574455397317e-01
-6.723239032113406122e-01
-6.722662257624874016e-01
-6.722021802864764917e-01
-6.721324805881757625e-01
-6.720591982461932012e-01
-6.719857267576322402e-01
-6.719164475017799232e-01
-6.718560802748463345e-01
-6.718087646247891120e-01
-6.717769906569179827e-01
-6.717605662810575140e-01
-6.717558559399546825e-01
-6.717555372514046885e-01
-6.717490833685908491e-01
-6.717240837390798802e-01
-6.716683680960550129e-01
-6.715727141606882000e-01
-6.714337275632995539e-01
-6.712563221223301069e-01
-6.710551441344189127e-01
-6.708543170095303543e-01
-6.706850606663555814e-01
-6.705810683465216471e-01
-6.705719748275844605e-01
-6.706757619929260006e-01
-6.708914264295466889e-01
-6.711935659924183062e-01
-6.715306152697776421e-01
-6.718281849690880270e-01
-6.719982967076945091e-01
-6.719542793289566829e-01
-6.716298125327682111e-01
-6.709992587077019399e-01
-6.700952796251387067e-01
-6.690191046321078971e-01
-6.679390114615250118e-01
-6.670738277712899844e-01
-6.666606107693433536e-01
-6.669089018601415120e-01
-6.679475811325835677e-01
-6.697736319570922747e-01
-6.722142612660571004e-01
-6.749141154021536249e-01
-6.773573654753626272e-01
-6.789301124427160605e-01
-6.790220574103131845e-01
-6.771581055535523808e-01
-6.731412703360176719e-01
-6.671793164371868645e-01
-6.599614016073770406e-01
-6.526508025653366962e-01
-6.467687778831220369e-01
-6.439639067183141607e-01
-6.456882238074043157e-01
-6.528293834800691364e-01
-6.653681861393345720e-01
-6.821364959636984082e-01
-7.007412381900435250e-01
-7.177017586336497112e-01
-7.288286515178188374e-01
-7.298546078845417062e-01
-7.173010518732583218e-01
-6.895061186721049840e-01
-6.476348959082878221e-01
-5.963651827440480391e-01
-5.438713338533947006e-01
-5.008194929272974383e-01
-4.783801202467234948e-01
-4.856581250061604571e-01
-5.272284472624698681e-01
-6.014657898400356251e-01
-7.000401687512652904e-01
-8.084561440041770908e-01
-9.071301857736353558e-01
-9.725859554123775785e-01
-9.790960974366083036e-01
-9.021573616413429697e-01
-7.254095492274201806e-01
-4.505301257063799025e-01
-1.053000258123145683e-01
2.576725479123538332e-01
5.745341860564430192e-01
7.889768801217031946e-01
8.650333724439411842e-01
7.906649959410109174e-01
5.776391515241032781e-01
2.616577160196548735e-01
-1.011495684064079720e-01
-4.469124679892017560e-01
-7.228001471869834882e-01
-9.007195982921790689e-01
-9.787317495833416370e-01
-9.730498132825391444e-01
-9.081295035264825843e-01
-8.097069474997005134e-01
-7.012924333143630840e-01
-6.025180005603992806e-01
-5.279417858188942825e-01
-4.859684324977575631e-01
-4.783006493119590363e-01
-5.004296820850389071e-01
-5.432926658716454860e-01
-5.957305885634105458e-01
-6.470604517951289436e-01
-6.890721316109392758e-01
-7.170452969391141185e-01
-7.297760425775303705e-01
-7.288974793589755308e-01
-7.178716311950177342e-01
-7.009606726729403769e-01
-6.823580252587022610e-01
-6.655547092950347965e-01
-6.529576369305298833e-01
-6.457495174719131148e-01
-6.439624859051367167e-01
-6.467184298674795162e-01
-6.525705430904098492e-01
-6.598711439687748870e-01
-6.670962970027454197e-01
-6.730777187557041019e-01
-6.771203035491720756e-01
-6.790106301801882571e-01
-6.789412062382120805e-01
-6.773842965694089058e-01
-6.749491039693308325e-01
-6.722499492309296221e-01
-6.698041920540214189e-01
-6.679693323272127836e-01
-6.669204407206374974e-01
-6.666625414794339344e-01
-6.670682201120408106e-01
-6.679287338823093334e-01
-6.690071700344406569e-01
-6.700843106239503522e-01
-6.709911361073370717e-01
-6.716255257084260410e-01
-6.719539587721713447e-01
-6.720013826354902520e-01
-6.718336734528762566e-01
-6.715373236240262944e-01
-6.712003690597783123e-01
-6.708974309947706161e-01
-6.706804040127767319e-01
-6.705750402686420086e-01
-6.705826508973565803e-01
-6.706854771988983721e-01
-6.708540041872962378e-01
-6.710545576466896422e-01
-6.712558549129364893e-01
-6.714336566551557528e-01
-6.715731787537237985e-01
-6.716693757476328575e-01
-6.717255373908329608e-01
-6.717508200493700343e-01
-6.717573693266973844e-01
-6.717576073530119318e-01
-6.717620987382667552e-01
-6.717782175234471298e-01
-6.718096528750761021e-01
-6.718566428011453207e-01
-6.719167292245751266e-01
-6.719857882865508669e-01
-6.720591004370832788e-01
-6.721322724527862835e-01
-6.722018915934014904e-01
-6.722658645636568897e-01
-6.723234576251587713e-01
-6.723751004383543561e-01
-6.724220412701514826e-01
-6.724659457667949702e-01
-6.725085195392567217e-01
-6.725512121711153535e-01
-6.725950332133722176e-01
-6.726404848406193349e-01
-6.726875951897092198e-01
-6.727360232410515284e-01
-6.727852009063693961e-01
-6.728344797766452334e-01
-6.728832568309625062e-01
-6.729310629767283336e-01
-6.729776083335260450e-01
-6.730227868809363079e-01
-6.730666493070650569e-01
-6.731093561543634030e-01
-6.731511238078301540e-01
-6.731921740955980615e-01
-6.732326950997641335e-01
-6.732728170745601037e-01
-6.733126038923596957e-01
-6.733520577215587055e-01
-6.733911329632951137e-01
-6.734297548719457849e-01
-6.734678386013482898e-01
-6.735053053794103350e-01
-6.735420937993228385e-01
-6.735781655285852931e-01
-6.736135058475405391e-01
-6.736481201976276534e-01
-6.736820282993022380e-01
-6.737152574216592749e-01
-6.737478361350273115e-01
-6.737797894646415653e-01
-6.738111358988286836e-01
-6.738418862808924770e-01
-6.738720442919862164e-01
-6.739016080414135246e-01
-6.739305722199350202e-01
-6.739589303177259128e-01
-6.739866765261935955e-01
-6.740138070934349468e-01
-6.740403210526488831e-01
-6.740662203664117280e-01
-6.740915096135204898e-01
-6.741161953857511824e-01
-6.741402855642514291e-01
-6.741637886194040696e-01
-6.741867130359237015e-01
-6.742090669180275109e-01
-6.742308577867975883e-01
-6.742520925489847716e-01
-6.742727775959890257e-01
-6.742929189832470582e-01
-6.743125226416258888e-01
-6.743315945805969935e-01
-6.743501410547164676e-01
-6.743681686775039319e-01
-6.743856844781713766e-01
-6.744026959055814396e-01
-6.744192107898203670e-01
-6.744352372749190527e-01
-6.744507837369242420e-01
-6.744658587002937411e-01
-6.744804707630567275e-01
-6.744946285379309625e-01
-6.745083406131217041e-01
-6.745216155332490748e-01
-6.745344617981101631e-01
-6.745468878749827368e-01
-6.745589022190603412e-01
-6.745705132963863981e-01
-6.745817296042492250e-01
-6.745925596852037076e-01
-6.746030121324889661e-01
-6.746130955862913448e-01
-6.746228187218464845e-01
-6.746321902315144392e-01
-6.746412188036108315e-01
-6.746499131008829586e-01
-6.746582817411327371e-01
-6.746663332817565140e-01
-6.746740762090602805e-01
-6.746815189322902251e-01
-6.746886697815743794e-01
-6.746955370084686265e-01
-6.747021287876285855e-01
-6.747084532182234806e-01
-6.747145183240461641e-01
-6.747203320517323188e-01
-6.747259022669719331e-01
-6.747312367490272411e-01
-6.747363431841424397e-01
-6.747412291585627164e-01
-6.747459021518462663e-01
-6.747503695310165250e-01
-6.747546385458677021e-01
-6.747587163255143183e-01
-6.747626098760582947e-01
-6.747663260791122442e-01
-6.747698716908451244e-01
-6.747732533412312828e-01
-6.747764775332377729e-01
-6.747795506418017286e-01
-6.747824789125405065e-01
-6.747852684602472229e-01
-6.747879252672747130e-01
-6.747904551819517982e-01
-6.747928639171664189e-01
-6.747951570492169981e-01
-6.747973400169969826e-01
-6.747994181215275500e-01
-6.748013965258062852e-01
-6.748032802549285281e-01
-6.748050741964074506e-01
-6.748067831006392403e-01
-6.748084115814597661e-01
-6.748099641167655260e-01
-6.748114450491848881e-01
-6.748128585868072848e-01
-6.748142088039823516e-01
-6.748154996422046636e-01
-6.748167349111068303e-01
-6.748179182895622796e-01
-6.748190533269063929e-01
-6.748201434442733238e-01
-6.748211919360340705e-01
-6.748222019713258080e-01
-6.748231765956607120e-01
-6.748241187325999535e-01
-6.748250311854842032e-01
-6.748259166392108765e-01
-6.748267776620566760e-01
-6.748276167075389909e-01
-6.748284361163161549e-01
-6.748292381181205668e-01
-6.748300248337264495e-01
-6.748307982769443658e-01
-6.748315603566389376e-01
-6.748323128787685476e-01
-6.748330575484373650e-01
-6.748337959719550305e-01
-6.748345296589020048e-01
-6.748352600241932508e-01
-6.748359883901394740e-01
-6.748367159884964828e-01
-6.748374439625048904e-01
-6.748381733689099438e-01
-6.748389051799656979e-01
-6.748396402854121012e-01
-6.748403794944263234e-01
-6.748411235375425532e-01
-6.748418730685372680e-01
-6.748426286662763118e-01
-6.748433908365220057e-01
-6.748441600136966256e-01
-6.748449365625994734e-01
-6.748457207800745428e-01
-6.748465128966260052e-01
-6.748473130779841789e-01
-6.748481214266088823e-01
-6.748489379831392743e-01
-6.748497627277831867e-01
-6.748505955816399560e-01
-6.748514364079634120e-01
-6.748522850133548134e-01
-6.748531411488911669e-01
-6.748540045111832697e-01
-6.748548747433624762e-01
-6.748557514359962983e-01
-6.748566341279329528e-01
