-6.748576983235331506e-01
-6.748585554622764660e-01
-6.748594137546418681e-01
-6.748602725674789360e-01
-6.748611312146981511e-01
-6.748619889576572550e-01
-6.748628450054786621e-01
-6.748636985152975942e-01
-6.748645485924437137e-01
-6.748653942905512571e-01
-6.748662346116043320e-01
-6.748670685059108276e-01
-6.748678948720127080e-01
-6.748687125565256961e-01
-6.748695203539193388e-01
-6.748703170062273493e-01
-6.748711012026993306e-01
-6.748718715793872169e-01
-6.748726267186764272e-01
-6.748733651487527352e-01
-6.748740853430140740e-01
-6.748747857194270505e-01
-6.748754646398249513e-01
-6.748761204091557886e-01
-6.748767512746749464e-01
-6.748773554250920848e-01
-6.748779309896645318e-01
-6.748784760372542602e-01
-6.748789885753366802e-01
-6.748794665489761258e-01
-6.748799078397645923e-01
-6.748803102647296104e-01
-6.748806715752113661e-01
-6.748809894557151745e-01
-6.748812615227369749e-01
-6.748814853235662881e-01
-6.748816583350685239e-01
-6.748817779624467494e-01
-6.748818415379890245e-01
-6.748818463198033024e-01
-6.748817894905484449e-01
-6.748816681561619069e-01
-6.748814793445953031e-01
-6.748812200045626319e-01
-6.748808870043029318e-01
-6.748804771303651417e-01
-6.748799870864120587e-01
-6.748794134920496068e-01
-6.748787528816770909e-01
-6.748780017033589873e-01
-6.748771563177234922e-01
-6.748762129968853829e-01
-6.748751679234106238e-01
-6.748740171893236051e-01
-6.748727567951755546e-01
-6.748713826491927747e-01
-6.748698905665024839e-01
-6.748682762684561354e-01
-6.748665353820421098e-01
-6.748646634393858923e-01
-6.748626558773180850e-01
-6.748605080369992626e-01
-6.748582151635874604e-01
-6.748557724059377483e-01
-6.748531748163448807e-01
-6.748504173503556691e-01
-6.748474948666877138e-01
-6.748444021273136695e-01
-6.748411337977652247e-01
-6.748376844477044223e-01
-6.748340485517888565e-01
-6.748302204908140922e-01
-6.748261945530785733e-01
-6.748219649358682126e-01
-6.748175257469358757e-01
-6.748128710058384216e-01
-6.748079946450288302e-01
-6.748028905106605579e-01
-6.747975523631661865e-01
-6.747919738777777843e-01
-6.747861486452713109e-01
-6.747800701732847850e-01
-6.747737318885850266e-01
-6.747671271405754068e-01
-6.747602492061743895e-01
-6.747530912959540661e-01
-6.747456465611294529e-01
-6.747379081007024437e-01
-6.747298689678545847e-01
-6.747215221746224456e-01
-6.747128606940417939e-01
-6.747038774593207000e-01
-6.746945653602230974e-01
-6.746849172375743997e-01
-6.746749258775754932e-01
-6.746645840082012846e-01
-6.746538843002337638e-01
-6.746428193752292968e-01
-6.746313818218672154e-01
-6.746195642207166721e-01
-6.746073591755743504e-01
-6.745947593475378756e-01
-6.745817574862326138e-01
-6.745683464516259997e-01
-6.745545192200393947e-01
-6.745402688696513493e-01
-6.745255885440164523e-01
-6.745104713966394439e-01
-6.744949105248371213e-01
-6.744788989060001017e-01
-6.744624293527953229e-01
-6.744454945046141070e-01
-6.744280868697121178e-01
-6.744101989256107155e-01
-6.743918232747072583e-01
-6.743729528389663663e-01
-6.743535810641518857e-01
-6.743337020931950976e-01
-6.743133108630660066e-01
-6.742924030827811555e-01
-6.742709750637022603e-01
-6.742490233971150104e-01
-6.742265445060930951e-01
-6.742035341342479393e-01
-6.741799868664060114e-01
-6.741558957976024891e-01
-6.741312524690170616e-01
-6.741060471665466514e-01
-6.740802696270730143e-01
-6.740539101220341944e-01
-6.740269607966181686e-01
-6.739994170509813198e-01
-6.739712786770557518e-01
-6.739425504322918981e-01
-6.739132417590670832e-01
-6.738833654573089804e-01
-6.738529352878568357e-01
-6.738219627095896058e-01
-6.737904532019856063e-01
-6.737584028495821054e-01
-6.737257960099595211e-01
-6.736926048972520231e-01
-6.736587917463370268e-01
-6.736243138621120785e-01
-6.735891313238512312e-01
-6.735532164704245428e-01
-6.735165636448148252e-01
-6.734791971650009312e-01
-6.734411752642037730e-01
-6.734025879410174831e-01
-6.733635473623543755e-01
-6.733241706683816830e-01
-6.732845566284310079e-01
-6.732447593617992831e-01
-6.732047639350019486e-01
-6.731644696817096207e-01
-6.731236871709985747e-01
-6.730821535705389103e-01
-6.730395685922889726e-01
-6.729956494094614383e-01
-6.729501983454310166e-01
-6.729031725139572595e-01
-6.728547409253901046e-01
-6.728053129449583780e-01
-6.727555233594586515e-01
-6.727061642798066732e-01
-6.726580626822740161e-01
-6.726119137946158233e-01
-6.725680931436542886e-01
-6.725264815305074251e-01
-6.724863446634979924e-01
-6.724463098493606017e-01
-6.724044738430812185e-01
-6.723586577961602195e-01
-6.723067981977397523e-01
-6.722474299600614822e-01
-6.721801847329985646e-01
-6.721062011989727969e-01
-6.720283322207178944e-01
-6.719510432022173241e-01
-6.718799312336255491e-01
-6.718208556007718713e-01
-6.717787515385237329e-01
-6.717562891242139234e-01
-6.717526210317666946e-01
-6.717625163517584319e-01
-6.717761828593031836e-01
-6.717800215399065689e-01
-6.717584285620521456e-01
-6.716965680483134582e-01
-6.715838063296023508e-01
-6.714172627229987311e-01
-6.712047432506793587e-01
-6.709662373016934689e-01
-6.707332229946519897e-01
-6.705452768701637423e-01
-6.704439184271013819e-01
-6.704641997711002777e-01
-6.706251907972226034e-01
-6.709210885494428789e-01
-6.713150526536090235e-01
-6.717378991423722523e-01
-6.720933698471465156e-01
-6.722707946566510717e-01
-6.721646261107102616e-01
-6.716986966357197941e-01
-6.708513784730363305e-01
-6.696764582495552398e-01
-6.683138741785427106e-01
-6.669848951678585269e-01
-6.659681188949239106e-01
-6.655558507841918825e-01
-6.659946613394344128e-01
-6.674184922519682539e-01
-6.697866136234745804e-01
-6.728410107277413843e-01
-6.760976085360378418e-01
-6.788827284091748515e-01
-6.804203066258581734e-01
-6.799669430006395343e-01
-6.769812422702222721e-01
-6.713020435105921946e-01
-6.632988832537348722e-01
-6.539508144983948723e-01
-6.448111753323625406e-01
-6.378302671154479908e-01
-6.350359661932102329e-01
-6.381089888358960627e-01
-6.479242087135482775e-01
-6.641500098104060612e-01
-6.849970443104383966e-01
-7.071886247877752218e-01
-7.261989249831720672e-01
-7.367845427779960987e-01
-7.338197587644242903e-01
-7.134139380697948063e-01
-6.742042230954058413e-01
-6.185608444787444871e-01
-5.532676511102356809e-01
-4.891824877067831312e-01
-4.395848589175991306e-01
-4.173866410946105443e-01
-4.319038190545470002e-01
-4.861567197448559696e-01
-5.755049371399365565e-01
-6.878837495585691242e-01
-8.052346616490161368e-01
-9.053043627569451468e-01
-9.632485375763435442e-01
-9.535205014620381503e-01
-8.536935444672355544e-01
-6.517229987017570947e-01
-3.553890517939943816e-01
1.767702370479734466e-03
3.649692548611022658e-01
6.736272643813133731e-01
8.784940602993424053e-01
9.503573340907129907e-01
8.799239471942837953e-01
6.762974376918368113e-01
3.684779537931068272e-01
5.534281823268223828e-03
-3.519831653075389255e-01
-6.491470515628703364e-01
-8.521567975444035437e-01
-9.529878588078493085e-01
-9.635315233414827318e-01
-9.061520095663442298e-01
-8.063885391384417733e-01
-6.891030896629802838e-01
-5.765817531358011783e-01
-4.869329480233360874e-01
-4.322893050956087002e-01
-4.173695313854524636e-01
-4.392270795864280375e-01
-4.885991512157754069e-01
-5.525959670168202331e-01
-6.179281145773729556e-01
-6.737040822407535101e-01
-7.130956822710984300e-01
-7.336900978566638365e-01
-7.368174442388852885e-01
-7.263485377373636309e-01
-7.074016527757369666e-01
-6.852227586163383011e-01
-6.643473318617347800e-01
-6.480658361715025961e-01
-6.381827113642646321e-01
-6.350434688321828780e-01
-6.377839631052322211e-01
-6.447298715073935815e-01
-6.538551492924717934e-01
-6.632074016176888742e-01
-6.712285007091216560e-01
-6.769333599805630319e-01
-6.799464996717076160e-01
-6.804242164301815832e-01
-6.789046738770085909e-01
-6.761298151463233097e-01
-6.728758407694680477e-01
-6.698177698666554214e-01
-6.674417330913386959e-01
-6.660080250996889273e-01
-6.655594616123557961e-01
-6.659636962100410340e-01
-6.669751106246166739e-01
-6.683016951407796391e-01
-6.696645896442371404e-01
-6.708418740657786650e-01
-6.716927662715108660e-01
-6.721626262827008480e-01
-6.722723618710293447e-01
-6.720976419210322739e-01
-6.717437678991559080e-01
-6.713213995259746936e-01
-6.709269685928687110e-01
-6.706299468627280325e-01
-6.704675040091041538e-01
-6.704457506871686068e-01
-6.705458576628217093e-01
-6.707329221435240907e-01
-6.709654786788388225e-01
-6.712039220776685466e-01
-6.714166861673485087e-01
-6.715836618895174581e-01
-6.716969186432750760e-01
-6.717592291100189517e-01
-6.717811494612857537e-01
-6.717774743778819335e-01
-6.717638013509877881e-01
-6.717537510927027444e-01
-6.717571556925097109e-01
-6.717792934632691448e-01
-6.718210571916309881e-01
-6.718798132737381357e-01
-6.719506499597946991e-01
-6.720277174762874228e-01
-6.721054157925426820e-01
-6.721792673280645447e-01
-6.722464018169324040e-01
-6.723056619166392078e-01
-6.723573993507561131e-01
-6.724030668390261756e-01
-6.724447208163985001e-01
-6.724845382861375231e-01
-6.725244249758488557e-01
-6.725657589793708757e-01
-6.726092813329285214e-01
-6.726551178793550578e-01
-6.727028985275401718e-01
-6.727519316131420624e-01
-6.728013916412641793e-01
-6.728504860791468811e-01
-6.728985782676235594e-01
-6.729452561109937614e-01
-6.729903476150215225e-01
-6.730338929440933260e-01
-6.730760876765621292e-01
-6.731172133467745455e-01
-6.731575697685618920e-01
-6.731974199959527283e-01
-6.732369541699244619e-01
-6.732762739150882636e-01
-6.733153951453009212e-01
-6.733542645657506487e-01
-6.733927839648049529e-01
-6.734308364532169966e-01
-6.734683098305239701e-01
-6.735051138477442523e-01
-6.735411898966143784e-01
-6.735765132558243495e-01
-6.736110892346195422e-01
-6.736449452621562362e-01
-6.736781211747663312e-01
-6.737106597349190595e-01
-6.737425989086746059e-01
-6.737739667836554203e-01
-6.738047793661037232e-01
-6.738350409603675040e-01
-6.738647464714847546e-01
-6.738938848022121286e-01
-6.739224425236916005e-01
-6.739504071419831766e-01
-6.739777695060137352e-01
-6.740045251504346302e-01
-6.740306745923837495e-01
-6.740562227717418198e-01
-6.740811779242213975e-01
-6.741055502051040982e-01
-6.741293503502059359e-01
-6.741525885886069380e-01
-6.741752739301889452e-01
-6.741974138599043931e-01
-6.742190143950607117e-01
-6.742400804109536239e-01
-6.742606161167651324e-01
-6.742806255654579806e-01
-6.743001131023343975e-01
-6.743190836891341799e-01
-6.743375430760152334e-01
-6.743554978257970678e-01
-6.743729552188136855e-01
-6.743899230804278888e-01
-6.744064095767220435e-01
-6.744224230188470282e-01
-6.744379717057722434e-01
-6.744530638218427798e-01
-6.744677073924794097e-01
-6.744819102907009256e-01
-6.744956802801893581e-01
-6.745090250776640817e-01
-6.745219524180238180e-01
-6.745344701090605355e-01
-6.745465860674025871e-01
-6.745583083325163987e-01
-6.745696450601292860e-01
-6.745806044997060269e-01
-6.745911949623168979e-01
-6.746014247854753565e-01
-6.746113023005475551e-01
-6.746208358066342337e-01
-6.746300335528199188e-01
-6.746389037288178514e-01
-6.746474544625958858e-01
-6.746556938227123990e-01
-6.746636298228174677e-01
-6.746712704260301452e-01
-6.746786235474899751e-01
-6.746856970541380560e-01
-6.746924987615359193e-01
-6.746990364281336694e-01
-6.747053177477985164e-01
-6.747113503415700375e-01
-6.747171417495557710e-01
-6.747226994236693587e-01
-6.747280307216393380e-01
-6.747331429024107097e-01
-6.747380431228225950e-01
-6.747427384352669977e-01
-6.747472357859642944e-01
-6.747515420135025144e-01
-6.747556638473537483e-01
-6.747596079061954910e-01
-6.747633806959731917e-01
-6.747669886077428680e-01
-6.747704379153954823e-01
-6.747737347734034108e-01
-6.747768852147110197e-01
-6.747798951488800379e-01
-6.747827703605464578e-01
-6.747855165082067286e-01
-6.747881391233117032e-01
-6.747906436096229310e-01
-6.747930352427713441e-01
-6.747953191699681552e-01
-6.747975004098225593e-01
-6.747995838522410361e-01
-6.748015742584022592e-01
-6.748034762608102755e-01
-6.748052943634407219e-01
-6.748070329419979529e-01
-6.748086962442944037e-01
-6.748102883907625138e-01
-6.748118133750976577e-01
-6.748132750650281952e-01
-6.748146772031970997e-01
-6.748160234081483910e-01
-6.748173171753978350e-01
-6.748185618785793594e-01
-6.748197607706580836e-01
-6.748209169852075195e-01
-6.748220335377427270e-01
-6.748231133271148652e-01
-6.748241591369626979e-01
-6.748251736372210541e-01
-6.748261593856845764e-01
-6.748271188296208756e-01
-6.748280543074340887e-01
-6.748289680503611887e-01
-6.748298621842042655e-01
-6.748307387310866767e-01
-6.748315996112280724e-01
-6.748324466447356285e-01
-6.748332815534024975e-01
-6.748341059625145855e-01
-6.748349214026606591e-01
-6.748357293115444522e-01
-6.748365310357918867e-01
-6.748373278327579605e-01
-6.748381208723233105e-01
-6.748389112386793398e-01
-6.748396999320954714e-01
-6.748404878706713017e-01
-6.748412758920588894e-01
-6.748420647551607310e-01
-6.748428551417936516e-01
-6.748436476583192789e-01
-6.748444428372369908e-01
-6.748452411387386718e-01
-6.748460429522201709e-01
-6.748468485977505704e-01
-6.748476583274918283e-01
-6.748484723270753438e-01
-6.748492907169237887e-01
-6.748501135535227569e-01
-6.748509408306370139e-01
-6.748517724804715678e-01
-6.748526083747713455e-01
-6.748534483258635808e-01
-6.748542920876376972e-01
-6.748551393564613532e-01
-6.748559897720330936e-01
-6.748568429181708295e-01
