-6.748576973018693970e-01
-6.748585287190659310e-01
-6.748593587589346576e-01
-6.748601868085806199e-01
-6.748610121992321131e-01
-6.748618342066198261e-01
-6.748626520512882587e-01
-6.748634648988482976e-01
-6.748642718601661761e-01
-6.748650719914891516e-01
-6.748658642945090103e-01
-6.748666477163652866e-01
-6.748674211495863107e-01
-6.748681834319698591e-01
-6.748689333464018558e-01
-6.748696696206196721e-01
-6.748703909269154755e-01
-6.748710958817807359e-01
-6.748717830454972200e-01
-6.748724509216700307e-01
-6.748730979567110211e-01
-6.748737225392703598e-01
-6.748743229996153614e-01
-6.748748976089685714e-01
-6.748754445787978895e-01
-6.748759620600638387e-01
-6.748764481424255335e-01
-6.748769008534106773e-01
-6.748773181575454805e-01
-6.748776979554507172e-01
-6.748780380829046965e-01
-6.748783363098721511e-01
-6.748785903395077002e-01
-6.748787978071306703e-01
-6.748789562791793761e-01
-6.748790632521484145e-01
-6.748791161515136361e-01
-6.748791123306486783e-01
-6.748790490697401667e-01
-6.748789235747035820e-01
-6.748787329761022358e-01
-6.748784743280736853e-01
-6.748781446072599222e-01
-6.748777407117442229e-01
-6.748772594599918850e-01
-6.748766975897952936e-01
-6.748760517572305329e-01
-6.748753185356229922e-01
-6.748744944145367297e-01
-6.748735757987963657e-01
-6.748725590075578262e-01
-6.748714402734389273e-01
-6.748702157417236780e-01
-6.748688814696521820e-01
-6.748674334257946938e-01
-6.748658674895076093e-01
-6.748641794504596225e-01
-6.748623650082125058e-01
-6.748604197718317543e-01
-6.748583392595147723e-01
-6.748561188982212800e-01
-6.748537540233113807e-01
-6.748512398782093857e-01
-6.748485716141329194e-01
-6.748457442899375991e-01
-6.748427528721456792e-01
-6.748395922352178333e-01
-6.748362571621183692e-01
-6.748327423451971896e-01
-6.748290423873741783e-01
-6.748251518035650598e-01
-6.748210650222411511e-01
-6.748167763869925562e-01
-6.748122801579412577e-01
-6.748075705128820934e-01
-6.748026415480690154e-01
-6.747974872786572931e-01
-6.747921016389157867e-01
-6.747864784824394446e-01
-6.747806115826902040e-01
-6.747744946342466577e-01
-6.747681212551436269e-01
-6.747614849905775314e-01
-6.747545793180924623e-01
-6.747473976540897533e-01
-6.747399333612290606e-01
-6.747321797559999723e-01
-6.747241301155241233e-01
-6.747157776825988273e-01
-6.747071156680942705e-01
-6.746981372501823504e-01
-6.746888355704340201e-01
-6.746792037275421983e-01
-6.746692347702074599e-01
-6.746589216913869702e-01
-6.746482574265112442e-01
-6.746372348582161393e-01
-6.746258468295447397e-01
-6.746140861663514343e-01
-6.746019457079324155e-01
-6.745894183428707835e-01
-6.745764970451122444e-01
-6.745631749037811487e-01
-6.745494451397072710e-01
-6.745353011024172174e-01
-6.745207362437372067e-01
-6.745057440680701788e-01
-6.744903180644910012e-01
-6.744744516312985994e-01
-6.744581380085222788e-01
-6.744413702368344810e-01
-6.744241411612109660e-01
-6.744064434935618246e-01
-6.743882699401242409e-01
-6.743696133872075782e-01
-6.743504671243547577e-01
-6.743308250696270489e-01
-6.743106819506250460e-01
-6.742900333904602306e-01
-6.742688758531227844e-01
-6.742472064193528736e-01
-6.742250223920810415e-01
-6.742023207670827523e-01
-6.741790976444691497e-01
-6.741553476922959032e-01
-6.741310637959773144e-01
-6.741062370274121252e-01
-6.740808570390204313e-01
-6.740549129277165763e-01
-6.740283945256685394e-01
-6.740012939691583105e-01
-6.739736072915532006e-01
-6.739453357042349824e-01
-6.739164861951137953e-01
-6.738870711100700683e-01
-6.738571065017531225e-01
-6.738266092321215650e-01
-6.737955930812058458e-01
-6.737640644065968631e-01
-6.737320181605676028e-01
-6.736994352386138640e-01
-6.736662821393428757e-01
-6.736325137110035222e-01
-6.735980793249729537e-01
-6.735629321758491717e-01
-6.735270406381065333e-01
-6.734903998386354562e-01
-6.734530409999081035e-01
-6.734150358517181356e-01
-6.733764936615554975e-01
-6.733375492942533791e-01
-6.732983421779680233e-01
-6.732589879908169594e-01
-6.732195470123031322e-01
-6.731799950015354694e-01
-6.731402036892673024e-01
-6.730999380269334642e-01
-6.730588758570912322e-01
-6.730166525127354582e-01
-6.729729281959022646e-01
-6.729274703869602137e-01
-6.728802379267484479e-01
-6.728314490104543300e-01
-6.727816134569424289e-01
-6.727315114427807607e-01
-6.726821071389363915e-01
-6.726343963386191005e-01
-6.725892012311563972e-01
-6.725469409316828795e-01
-6.725074202781098354e-01
-6.724696882638594442e-01
-6.724320178403135895e-01
-6.723920480567675551e-01
-6.723471065903053878e-01
-6.722946969669321149e-01
-6.722330942504228801e-01
-6.721619524367647980e-01
-6.720827950488014180e-01
-6.719992470438366228e-01
-6.719168795951130368e-01
-6.718425847699098785e-01
-6.717834743610200388e-01
-6.717453988702289935e-01
-6.717312940802012688e-01
-6.717396624186510179e-01
-6.717635592291332225e-01
-6.717904554671972894e-01
-6.718032696030258322e-01
-6.717826957410384381e-01
-6.717107119045361285e-01
-6.715748613084613350e-01
-6.713726086724033371e-01
-6.711148464405095604e-01
-6.708275312617991704e-01
-6.705505308460737446e-01
-6.703330931067386089e-01
-6.702259107518089287e-01
-6.702704899586081622e-01
-6.704873303710485732e-01
-6.708651281024452517e-01
-6.713536435665138358e-01
-6.718628624885327749e-01
-6.722705003569138249e-01
-6.724387191205590808e-01
-6.722392093061093643e-01
-6.715837339684204155e-01
-6.704551552530810810e-01
-6.689323100614822382e-01
-6.672013837730680352e-01
-6.655471474993946979e-01
-6.643199040016916079e-01
-6.638782120901089989e-01
-6.645129269270169114e-01
-6.663638144636120364e-01
-6.693446803222179442e-01
-6.730953393781603511e-01
-6.769779637656642146e-01
-6.801310542414142901e-01
-6.815866018412788385e-01
-6.804452563123724040e-01
-6.760909186189559827e-01
-6.684111039319444725e-01
-6.579751837414367088e-01
-6.461140736360985182e-01
-6.348487424096312948e-01
-6.266366370124478724e-01
-6.239447221802120191e-01
-6.287065259411633855e-01
-6.417623383250430358e-01
-6.624004578685480649e-01
-6.881064134461215565e-01
-7.145946685694232192e-01
-7.361632665088023719e-01
-7.463936608094807745e-01
-7.392107917149676188e-01
-7.102828664871003728e-01
-6.586184589299071135e-01
-5.879924346457631179e-01
-5.075974399701813633e-01
-4.312883675825748830e-01
-3.751497452112500519e-01
-3.538032851480492069e-01
-3.765168965430149561e-01
-4.443751311998225262e-01
-5.493941911821788038e-01
-6.756768218007156435e-01
-8.018443589464679944e-01
-9.035514291896828976e-01
-9.553742398201311437e-01
-9.327301753373972160e-01
-8.157433162545452143e-01
-5.964641836242008388e-01
-2.875670964176061939e-01
7.362724624935965134e-02
4.319444983326370391e-01
7.304921830663210214e-01
9.259320353254638647e-01
9.941358173982096647e-01
9.277654258401116794e-01
7.339519338946908222e-01
4.365654423978176379e-01
7.869299001702217966e-02
-2.828694558144997928e-01
-5.927966856188183753e-01
-8.134433398886765643e-01
-9.318011607080260994e-01
-9.555930795700385838e-01
-9.045910147787858957e-01
-8.033530363035997768e-01
-6.773164496689089153e-01
-5.508637585093933975e-01
-4.454383658686814629e-01
-3.770325649869571971e-01
-3.537447976658062432e-01
-3.746018127523438324e-01
-4.304179561382924790e-01
-5.066069922351101873e-01
-5.870702411070882754e-01
-6.579012618744929375e-01
-7.098392687475921781e-01
-7.390447920630484058e-01
-7.464610814030788744e-01
-7.363925348671660487e-01
-7.149059169609368602e-01
-6.884261707055108204e-01
-6.626714057359296417e-01
-6.419484506228645415e-01
-6.287940659751859451e-01
-6.239396867061043350e-01
-6.265595316296402872e-01
-6.347279259534768237e-01
-6.459790784478186554e-01
-6.578512590943734750e-01
-6.683157724151419510e-01
-6.760327490943337514e-01
-6.804245433958505673e-01
-6.815973336410795502e-01
-6.801634718073021890e-01
-6.770211088098235797e-01
-6.731391648332538669e-01
-6.693814908141132447e-01
-6.663889718293187769e-01
-6.645248852390077676e-01
-6.638780345645838299e-01
-6.643104609900357671e-01
-6.655322021468351723e-01
-6.671847448377472567e-01
-6.689171795725916692e-01
-6.704437356147323612e-01
-6.715770987455101926e-01
-6.722373951486274590e-01
-6.724409687197889784e-01
-6.722755781912593820e-01
-6.718693726528359722e-01
-6.713602965301380676e-01
-6.708709250497069121e-01
-6.704916550974054923e-01
-6.702731158457382321e-01
-6.702269423253304215e-01
-6.703328675896623734e-01
-6.705495054892289808e-01
-6.708261783165454517e-01
-6.711135710883339156e-01
-6.713716977437781397e-01
-6.715744636734000128e-01
-6.717108460255968305e-01
-6.717832765568877429e-01
-6.718041456899823682e-01
-6.717914479795057403e-01
-6.717644959089533740e-01
-6.717404023937939561e-01
-6.717317416835072441e-01
-6.717455068967594922e-01
-6.717832387645346071e-01
-6.718420336839162621e-01
-6.719160597770227339e-01
-6.719982105116902860e-01
-6.720815879910264634e-01
-6.721606076215479453e-01
-6.722316273166765166e-01
-6.722931062744255115e-01
-6.723453758197321939e-01
-6.723901505060201345e-01
-6.724299213419050458e-01
-6.724673598008971132e-01
-6.725048296378411949e-01
-6.725440630401048336e-01
-6.725860171021431633e-01
-6.726308928046949021e-01
-6.726782756847927702e-01
-6.727273465311535139e-01
-6.727771107282909391e-01
-6.728266036716864518e-01
-6.728750435434319721e-01
-6.729219181815909723e-01
-6.729670068518478487e-01
-6.730103484035842021e-01
-6.730521735717056586e-01
-6.730928210425541902e-01
-6.731326550543837994e-01
-6.731719979194348280e-01
-6.732110852562654957e-01
-6.732500461241176515e-01
-6.732889055890379781e-01
-6.733276040847228083e-01
-6.733660264402573370e-01
-6.734040334912411163e-01
-6.734414904059765616e-01
-6.734782877695908443e-01
-6.735143535956188421e-01
-6.735496563719606256e-01
-6.735842007172284651e-01
-6.736180180882801460e-01
-6.736511552366737376e-01
-6.736836628593955156e-01
-6.737155862881234469e-01
-6.737469592927701756e-01
-6.737778013061186400e-01
-6.738081177352280848e-01
-6.738379025889877916e-01
-6.738671424447479907e-01
-6.738958207812383305e-01
-6.739239218702244294e-01
-6.739514336805954020e-01
-6.739783495399628288e-01
-6.740046685648694025e-01
-6.740303950729886751e-01
-6.740555373104165637e-01
-6.740801058635980114e-01
-6.741041120919427643e-01
-6.741275668355808381e-01
-6.741504795477896161e-01
-6.741728578962358220e-01
-6.741947077889739459e-01
-6.742160337207596665e-01
-6.742368393062730947e-01
-6.742571278667744972e-01
-6.742769029588357999e-01
-6.742961687692831108e-01
-6.743149303403254136e-01
-6.743331936254143288e-01
-6.743509654043714496e-01
-6.743682531030786853e-01
-6.743850645683682199e-01
-6.744014078444665605e-01
-6.744172909863483945e-01
-6.744327219310567445e-01
-6.744477084335652739e-01
-6.744622580615372565e-01
-6.744763782348930370e-01
-6.744900762919344706e-01
-6.745033595636135137e-01
-6.745162354404440341e-01
-6.745287114213898150e-01
-6.745407951395219204e-01
-6.745524943643249616e-01
-6.745638169844441201e-01
-6.745747709770759659e-01
-6.745853643710075787e-01
-6.745956052097842326e-01
-6.746055015200032035e-01
-6.746150612877560571e-01
-6.746242924442429345e-01
-6.746332028598284181e-01
-6.746418003446347234e-01
-6.746500926531218134e-01
-6.746580874900732772e-01
-6.746657925157837354e-01
-6.746732153489083395e-01
-6.746803635662105281e-01
-6.746872446991586392e-01
-6.746938662278897381e-01
-6.747002355734091905e-01
-6.747063600890278456e-01
-6.747122470519624216e-01
-6.747179036558278442e-01
-6.747233370044635192e-01
-6.747285541072446380e-01
-6.747335618757833720e-01
-6.747383671217406231e-01
-6.747429765553768499e-01
-6.747473967844649367e-01
-6.747516343132305972e-01
-6.747556955411017077e-01
-6.747595867611416720e-01
-6.747633141581632632e-01
-6.747668838065925545e-01
-6.747703016682169430e-01
-6.747735735899643705e-01
-6.747767053018441930e-01
-6.747797024151600542e-01
-6.747825704210560493e-01
-6.747853146894151610e-01
-6.747879404680831028e-01
-6.747904528823750470e-01
-6.747928569347989569e-01
-6.747951575049376816e-01
-6.747973593494309696e-01
-6.747994671020224322e-01
-6.748014852736506919e-01
-6.748034182525840530e-01
-6.748052703046063527e-01
-6.748070455732717576e-01
-6.748087480802494875e-01
-6.748103817257740111e-01
-6.748119502892162558e-01
-6.748134574297750543e-01
-6.748149066872909385e-01
-6.748163014831687345e-01
-6.748176451213978577e-01
-6.748189407896602043e-01
-6.748201915605008816e-01
-6.748214003925606663e-01
-6.748225701318536496e-01
-6.748237035130907335e-01
-6.748248031610366571e-01
-6.748258715919094319e-01
-6.748269112148135296e-01
-6.748279243332121480e-01
-6.748289131464362267e-01
-6.748298797512248814e-01
-6.748308261433016986e-01
-6.748317542189707918e-01
-6.748326657767391712e-01
-6.748335625189508802e-01
-6.748344460534327904e-01
-6.748353178951429499e-01
-6.748361794678191528e-01
-6.748370321056238463e-01
-6.748378770547777128e-01
-6.748387154751840367e-01
-6.748395484420397494e-01
-6.748403769474291547e-01
-6.748412019018987795e-01
-6.748420241360125749e-01
-6.748428444018805816e-01
-6.748436633746601743e-01
-6.748444816540281055e-01
-6.748452997656194663e-01
-6.748461181624298977e-01
-6.748469372261773902e-01
-6.748477572686244486e-01
-6.748485785328562914e-01
-6.748494011945115334e-01
-6.748502253629661274e-01
-6.748510510824681230e-01
-6.748518783332209114e-01
-6.748527070324134014e-01
-6.748535370351965712e-01
-6.748543681356058421e-01
-6.748552000674223894e-01
-6.748560325049817177e-01
-6.748568650639220623e-01
