-6.748574979128632023e-01
-6.748582956361831586e-01
-6.748590882995468831e-01
-6.748598753169041675e-01
-6.748606560426956280e-01
-6.748614297722203004e-01
-6.748621957419461692e-01
-6.748629531297677397e-01
-6.748637010552058779e-01
-6.748644385795508072e-01
-6.748651647059547010e-01
-6.748658783794660998e-01
-6.748665784870128137e-01
-6.748672638573284255e-01
-6.748679332608285009e-01
-6.748685854094329528e-01
-6.748692189563386679e-01
-6.748698324957413952e-01
-6.748704245625104514e-01
-6.748709936318143532e-01
-6.748715381187035955e-01
-6.748720563776479109e-01
-6.748725467020312285e-01
-6.748730073236077764e-01
-6.748734364119176599e-01
-6.748738320736682450e-01
-6.748741923520761299e-01
-6.748745152261800273e-01
-6.748747986101203411e-01
-6.748750403523895436e-01
-6.748752382350544643e-01
-6.748753899729547090e-01
-6.748754932128794293e-01
-6.748755455327276609e-01
-6.748755444406530080e-01
-6.748754873741984461e-01
-6.748753716994273510e-01
-6.748751947100474213e-01
-6.748749536265407079e-01
-6.748746455952935319e-01
-6.748742676877329538e-01
-6.748738168994700137e-01
-6.748732901494493008e-01
-6.748726842791091807e-01
-6.748719960515474625e-01
-6.748712221507018327e-01
-6.748703591805423896e-01
-6.748694036642907124e-01
-6.748683520436639105e-01
-6.748672006781653021e-01
-6.748659458444260517e-01
-6.748645837356098687e-01
-6.748631104608947551e-01
-6.748615220450331353e-01
-6.748598144279912558e-01
-6.748579834646666331e-01
-6.748560249246657872e-01
-6.748539344921302696e-01
-6.748517077655921126e-01
-6.748493402578453759e-01
-6.748468273958212471e-01
-6.748441645204767969e-01
-6.748413468867199283e-01
-6.748383696634010498e-01
-6.748352279334307591e-01
-6.748319166940864866e-01
-6.748284308575646095e-01
-6.748247652518315487e-01
-6.748209146217926113e-01
-6.748168736307604831e-01
-6.748126368621634175e-01
-6.748081988213766591e-01
-6.748035539375347724e-01
-6.747986965651684432e-01
-6.747936209855154299e-01
-6.747883214074202884e-01
-6.747827919678198727e-01
-6.747770267319367354e-01
-6.747710196934237903e-01
-6.747647647748300503e-01
-6.747582558288234278e-01
-6.747514866406124634e-01
-6.747444509319160399e-01
-6.747371423666352896e-01
-6.747295545580931364e-01
-6.747216810773608575e-01
-6.747135154618344455e-01
-6.747050512229588737e-01
-6.746962818518648097e-01
-6.746872008218021133e-01
-6.746778015866330414e-01
-6.746680775753108872e-01
-6.746580221831645074e-01
-6.746476287617805268e-01
-6.746368906101702922e-01
-6.746258009704914071e-01
-6.746143530316509596e-01
-6.746025399434583125e-01
-6.745903548425559171e-01
-6.745777908892195418e-01
-6.745648413114909703e-01
-6.745514994504713258e-01
-6.745377587984583423e-01
-6.745236130206636593e-01
-6.745090559519723028e-01
-6.744940815630589004e-01
-6.744786838951239982e-01
-6.744628569691538678e-01
-6.744465946830153769e-01
-6.744298907164808510e-01
-6.744127384687725879e-01
-6.743951310537334987e-01
-6.743770613729196395e-01
-6.743585222761894205e-01
-6.743395068032241868e-01
-6.743200084797557059e-01
-6.743000216222386767e-01
-6.742795415886226884e-01
-6.742585649054437802e-01
-6.742370892069753374e-01
-6.742151129434597046e-01
-6.741926348526731116e-01
-6.741696532390537566e-01
-6.741461651603208871e-01
-6.741221656725270295e-01
-6.740976473181815587e-01
-6.740726000457569755e-01
-6.740470117124655047e-01
-6.740208692413018898e-01
-6.739941603819935567e-01
-6.739668758777973556e-01
-6.739390116902865824e-01
-6.739105708145513018e-01
-6.738815641630822029e-01
-6.738520100400773316e-01
-6.738219318894830279e-01
-6.737913542807032474e-01
-6.737602974706305980e-01
-6.737287712962873876e-01
-6.736967695303139880e-01
-6.736642660774410096e-01
-6.736312144093895560e-01
-6.735975513546433868e-01
-6.735632057476297341e-01
-6.735281115317177658e-01
-6.734922238101826997e-01
-6.734555352318365440e-01
-6.734180892240123617e-01
-6.733799862081687460e-01
-6.733413792873632620e-01
-6.733024571265304736e-01
-6.732634138543868163e-01
-6.732244086056790033e-01
-6.731855203911948360e-01
-6.731467067427923112e-01
-6.731077763322012020e-01
-6.730683858135622089e-01
-6.730280689602120558e-01
-6.729863015529772285e-01
-6.729425986986817820e-01
-6.728966331387465916e-01
-6.728483550192814189e-01
-6.727980873180600119e-01
-6.727465685886567792e-01
-6.726949175840201134e-01
-6.726445036815549283e-01
-6.725967227640442525e-01
-6.725526988056058642e-01
-6.725129538330244516e-01
-6.724771088206492609e-01
-6.724436903045689640e-01
-6.724101170662363236e-01
-6.723729243911160669e-01
-6.723282488626745046e-01
-6.722725465920124099e-01
-6.722034584483277397e-01
-6.721206774101334824e-01
-6.720266286712334169e-01
-6.719267566125431967e-01
-6.718292363385153232e-01
-6.717439982113229124e-01
-6.716810704856108760e-01
-6.716483960312910062e-01
-6.716494414161546800e-01
-6.716810581285949100e-01
-6.717321392515290812e-01
-6.717836048947647409e-01
-6.718101204035137330e-01
-6.717836951584393868e-01
-6.716789440281856205e-01
-6.714793643224057362e-01
-6.711835623156935382e-01
-6.708100498248658061e-01
-6.703991247418739086e-01
-6.700105382660469511e-01
-6.697161857996619672e-01
-6.695879246736223811e-01
-6.696817258192307998e-01
-6.700205310733078345e-01
-6.705791719140637985e-01
-6.712752435759431480e-01
-6.719696833677367698e-01
-6.724798179725585134e-01
-6.726057911256503319e-01
-6.721686850927210966e-01
-6.710556066706344636e-01
-6.692640086472323446e-01
-6.669352296503903155e-01
-6.643664493941624505e-01
-6.619917285398014828e-01
-6.603269903026848242e-01
-6.598805538891302502e-01
-6.610391823968458924e-01
-6.639478490225348972e-01
-6.684075177454646965e-01
-6.738174511748560302e-01
-6.791860133042481040e-01
-6.832266621102267568e-01
-6.845443064735228234e-01
-6.819016963137518594e-01
-6.745359816338997172e-01
-6.624728727560996733e-01
-6.467640464090868013e-01
-6.295616071195179186e-01
-6.139538226503641338e-01
-6.035278811107367414e-01
-6.016945286536525828e-01
-6.108858623806218135e-01
-6.317908307996340511e-01
-6.627988035960332702e-01
-6.997782648231842817e-01
-7.362520487312100848e-01
-7.639859540787135028e-01
-7.740136915626957270e-01
-7.581544135221579550e-01
-7.110429546635852471e-01
-6.324631643030730332e-01
-5.293349304159540303e-01
-4.162978904073810771e-01
-3.139145128178333910e-01
-2.443540656022842039e-01
-2.256623897791657507e-01
-2.665528026446804533e-01
-3.635480172783200348e-01
-5.013993896779918025e-01
-6.564106058421003143e-01
-8.010499292936897886e-01
-9.077975923387331392e-01
-9.512318710736645810e-01
-9.094905742329474352e-01
-7.676817363209437195e-01
-5.246076802503085723e-01
-2.000526999744331180e-01
1.639823274465043446e-01
5.128148379276695756e-01
7.954175090111115232e-01
9.767146274787783522e-01
1.039309085369620744e+00
9.784129453446326341e-01
7.986744747060334770e-01
5.172760482663416592e-01
1.690365914847344886e-01
-1.951739877809674506e-01
-5.206081957411529126e-01
-7.650005984730586794e-01
-9.082464642925204279e-01
-9.512973818385060953e-01
-9.089072465153916758e-01
-8.028702928105909686e-01
-6.585678923955092801e-01
-5.034996858546485488e-01
-3.652200216361371488e-01
-2.675126968131160687e-01
-2.257752401378172458e-01
-2.436627314989559812e-01
-3.126212227353318829e-01
-4.147030776529164742e-01
-5.277544798468033482e-01
-6.311532031171135371e-01
-7.101556484146648307e-01
-7.577314420485646851e-01
-7.740076168562902703e-01
-7.642932688022326948e-01
-7.367452258398623499e-01
-7.003311148680354536e-01
-6.633044060851438495e-01
-6.321729096877752863e-01
-6.111041633223998071e-01
-6.017443294098753226e-01
-6.034340849676167462e-01
-6.137610005378543176e-01
-6.293222417031131277e-01
-6.465275317566201441e-01
-6.622773526140289801e-01
-6.744040913211392096e-01
-6.818401515190271045e-01
-6.845464540071798387e-01
-6.832767445291788588e-01
-6.792639412439749336e-01
-6.739031493751103108e-01
-6.684842495982165067e-01
-6.640042374751822241e-01
-6.610699027749197265e-01
-6.598858745581660523e-01
-6.603114780260928018e-01
-6.619625087505772720e-01
-6.643314113705274249e-01
-6.669014988486628992e-01
-6.692368942298962953e-01
-6.710381019318343299e-01
-6.721614817917913598e-01
-6.726076863152803398e-01
-6.724883516399430272e-01
-6.719818437704021541e-01
-6.712881044010379217e-01
-6.705903689371798260e-01
-6.700285344042650193e-01
-6.696859081426155269e-01
-6.695884600771149220e-01
-6.697138346503351825e-01
-6.700063806047418247e-01
-6.703942995519733827e-01
-6.708055436959500240e-01
-6.711800727070764694e-01
-6.714772440163985223e-01
-6.716782177984165214e-01
-6.717841292234522088e-01
-6.718113205573601476e-01
-6.717851197844459943e-01
-6.717335497832911395e-01
-6.716820407392292136e-01
-6.716498002635946651e-01
-6.716480656575319896e-01
-6.716800952570535221e-01
-6.717424974259189607e-01
-6.718273643482779445e-01
-6.719246660420609141e-01
-6.720244424263062122e-01
-6.721184723335039690e-01
-6.722012607896304948e-01
-6.722703373543459371e-01
-6.723259758046775669e-01
-6.723705170390731345e-01
-6.724075014035929554e-01
-6.724408006325868215e-01
-6.724738953608682124e-01
-6.725093857228710004e-01
-6.725487630317331655e-01
-6.725924201692525806e-01
-6.726398434352155453e-01
-6.726899114551787573e-01
-6.727412260844334302e-01
-6.727924123486089814e-01
-6.728423443246295266e-01
-6.728902763438896484e-01
-6.729358796041353674e-01
-6.729792001395150658e-01
-6.730205635814557885e-01
-6.730604551406687008e-01
-6.730994007625447084e-01
-6.731378691493644650e-01
-6.731762062376723810e-01
-6.732146055608487778e-01
-6.732531110984251166e-01
-6.732916445515803039e-01
-6.733300467656504473e-01
-6.733681230470798251e-01
-6.734056838648099230e-01
-6.734425751905924740e-01
-6.734786958156031567e-01
-6.735140017895190345e-01
-6.735485002550839484e-01
-6.735822361984100670e-01
-6.736152759993004890e-01
-6.736476912924587168e-01
-6.736795457750881511e-01
-6.737108864837942912e-01
-6.737417399563436771e-01
-6.737721127764776385e-01
-6.738019953821183794e-01
-6.738313677323758411e-01
-6.738602054465135938e-01
-6.738884852743515230e-01
-6.739161891374677582e-01
-6.739433063988384820e-01
-6.739698343959648064e-01
-6.739957775553787611e-01
-6.740211455694173903e-01
-6.740459511601885056e-01
-6.740702079012830250e-01
-6.740939284473584925e-01
-6.741171233709086774e-01
-6.741398006568778412e-01
-6.741619657836147583e-01
-6.741836222372935561e-01
-6.742047722703420343e-01
-6.742254177181976615e-01
-6.742455607227022529e-01
-6.742652042618240138e-01
-6.742843524414419143e-01
-6.743030105551712783e-01
-6.743211849555911241e-01
-6.743388828015386416e-01
-6.743561117515946002e-01
-6.743728796663384095e-01
-6.743891943657158716e-01
-6.744050634677245526e-01
-6.744204943148627285e-01
-6.744354939786295633e-01
-6.744500693216332055e-01
-6.744642270920983007e-01
-6.744779740261295231e-01
-6.744913169376269835e-01
-6.745042627825832415e-01
-6.745168186919103803e-01
-6.745289919735887318e-01
-6.745407900898845455e-01
-6.745522206181916447e-01
-6.745632912047804242e-01
-6.745740095197513275e-01
-6.745843832193527678e-01
-6.745944199191697965e-01
-6.746041271790732541e-01
-6.746135124986867293e-01
-6.746225833206941358e-01
-6.746313470386730016e-01
-6.746398110061923026e-01
-6.746479825444989809e-01
-6.746558689470159020e-01
-6.746634774798490053e-01
-6.746708153783759210e-01
-6.746778898406587954e-01
-6.746847080187907686e-01
-6.746912770094117828e-01
-6.746976038444875146e-01
-6.747036954831867606e-01
-6.747095588053294568e-01
-6.747152006065475494e-01
-6.747206275950008436e-01
-6.747258463893061053e-01
-6.747308635172397651e-01
-6.747356854147836813e-01
-6.747403184251478114e-01
-6.747447687975272057e-01
-6.747490426854743095e-01
-6.747531461448900147e-01
-6.747570851317200580e-01
-6.747608654995022048e-01
-6.747644929969212058e-01
-6.747679732655159635e-01
-6.747713118376547081e-01
-6.747745141348362452e-01
-6.747775854663415895e-01
-6.747805310282097846e-01
-6.747833559024959404e-01
-6.747860650567499841e-01
-6.747886633436496195e-01
-6.747911555007425344e-01
-6.747935461502544419e-01
-6.747958397989440860e-01
-6.747980408379995465e-01
-6.748001535429837272e-01
-6.748021820738430154e-01
-6.748041304749989866e-01
-6.748060026755356988e-01
-6.748078024894953453e-01
-6.748095336162894808e-01
-6.748111996412234914e-01
-6.748128040361288660e-01
-6.748143501600938343e-01
-6.748158412602819345e-01
-6.748172804728223007e-01
-6.748186708237683407e-01
-6.748200152301052634e-01
-6.748213165008082326e-01
-6.748225773379432635e-01
-6.748238003378074223e-01
-6.748249879921101035e-01
-6.748261426891875026e-01
-6.748272667152580562e-01
-6.748283622557067485e-01
-6.748294313964058322e-01
-6.748304761250590866e-01
-6.748314983325768290e-01
-6.748324998144661357e-01
-6.748334822722396042e-01
-6.748344473148323308e-01
-6.748353964600262156e-01
-6.748363311358779315e-01
-6.748372526821440065e-01
-6.748381623517006878e-01
-6.748390613119557013e-01
-6.748399506462474662e-01
-6.748408313552337612e-01
-6.748417043582605190e-01
-6.748425704947129677e-01
-6.748434305253452337e-01
-6.748442851335877402e-01
-6.748451349268235200e-01
-6.748459804376411020e-01
-6.748468221250514265e-01
-6.748476603756723424e-01
-6.748484955048769107e-01
-6.748493277579041827e-01
-6.748501573109269014e-01
-6.748509842720804563e-01
-6.748518086824444318e-01
-6.748526305169799677e-01
-6.748534496854208253e-01
-6.748542660331151577e-01
-6.748550793418179872e-01
-6.748558893304343886e-01
-6.748566956557087160e-01
