-6.748574381252571142e-01
-6.748583416994798911e-01
-6.748592504273142056e-01
-6.748601636396499570e-01
-6.748610806200600054e-01
-6.748620006051971876e-01
-6.748629227851109524e-01
-6.748638463034897228e-01
-6.748647702578203234e-01
-6.748656936994726907e-01
-6.748666156337070898e-01
-6.748675350196017275e-01
-6.748684507699076462e-01
-6.748693617508255693e-01
-6.748702667817080281e-01
-6.748711646346873261e-01
-6.748720540342330043e-01
-6.748729336566363646e-01
-6.748738021294248268e-01
-6.748746580307081189e-01
-6.748754998884574086e-01
-6.748763261797197099e-01
-6.748771353297712272e-01
-6.748779257112059726e-01
-6.748786956429687622e-01
-6.748794433893274824e-01
-6.748801671587916218e-01
-6.748808651029776229e-01
-6.748815353154246077e-01
-6.748821758303578111e-01
-6.748827846214082715e-01
-6.748833596002907775e-01
-6.748838986154421793e-01
-6.748843994506216193e-01
-6.748848598234832297e-01
-6.748852773841215180e-01
-6.748856497135899968e-01
-6.748859743224003838e-01
-6.748862486490041501e-01
-6.748864700582570819e-01
-6.748866358398719623e-01
-6.748867432068564876e-01
-6.748867892939445223e-01
-6.748867711560188054e-01
-6.748866857665350993e-01
-6.748865300159516689e-01
-6.748863007101684186e-01
-6.748859945689879014e-01
-6.748856082246024179e-01
-6.748851382201146443e-01
-6.748845810080990049e-01
-6.748839329492082317e-01
-6.748831903108253316e-01
-6.748823492657655132e-01
-6.748814058910260760e-01
-6.748803561665837059e-01
-6.748791959742431734e-01
-6.748779210965332176e-01
-6.748765272156532768e-01
-6.748750099124749546e-01
-6.748733646656033258e-01
-6.748715868505070770e-01
-6.748696717387284716e-01
-6.748676144971935686e-01
-6.748654101876377931e-01
-6.748630537661770568e-01
-6.748605400830499645e-01
-6.748578638825522003e-01
-6.748550198031803005e-01
-6.748520023779838173e-01
-6.748488060351018891e-01
-6.748454250984364799e-01
-6.748418537883948964e-01
-6.748380862226123211e-01
-6.748341164165796435e-01
-6.748299382841199678e-01
-6.748255456377123540e-01
-6.748209321887433942e-01
-6.748160915478410571e-01
-6.748110172255429307e-01
-6.748057026335866349e-01
-6.748001410871180550e-01
-6.747943258080233431e-01
-6.747882499294451941e-01
-6.747819065013079820e-01
-6.747752884964264286e-01
-6.747683888165311172e-01
-6.747612002973893963e-01
-6.747537157122054374e-01
-6.747459277726846061e-01
-6.747378291275599738e-01
-6.747294123589753223e-01
-6.747206699777985595e-01
-6.747115944195813952e-01
-6.747021780432803650e-01
-6.746924131348928100e-01
-6.746822919176969080e-01
-6.746718065697782096e-01
-6.746609492480861725e-01
-6.746497121165947464e-01
-6.746380873745716489e-01
-6.746260672798738423e-01
-6.746136441619917656e-01
-6.746008104204865852e-01
-6.745875585066452018e-01
-6.745738808893929628e-01
-6.745597700103285188e-01
-6.745452182364518601e-01
-6.745302178219083622e-01
-6.745147608910365689e-01
-6.744988394535066378e-01
-6.744824454581777040e-01
-6.744655708856881482e-01
-6.744482078716066420e-01
-6.744303488435702265e-01
-6.744119866489376447e-01
-6.743931146458402859e-01
-6.743737267316219919e-01
-6.743538172893047689e-01
-6.743333810448099985e-01
-6.743124128439372811e-01
-6.742909073762853867e-01
-6.742688588902456814e-01
-6.742462609553866448e-01
-6.742231063326512563e-01
-6.741993870062886751e-01
-6.741750944132440804e-01
-6.741502198766355924e-01
-6.741247552127901388e-01
-6.740986934409968212e-01
-6.740720294881111796e-01
-6.740447607537440877e-01
-6.740168873932363969e-01
-6.739884121909244241e-01
-6.739593399387432404e-01
-6.739296763047519789e-01
-6.738994262677208136e-01
-6.738685922973379760e-01
-6.738371725596083994e-01
-6.738051595042795494e-01
-6.737725392242849276e-01
-6.737392919460348795e-01
-6.737053938991390822e-01
-6.736708206202381977e-01
-6.736355514782919052e-01
-6.735995748964406227e-01
-6.735628934361931330e-01
-6.735255276672521552e-01
-6.734875176439306665e-01
-6.734489209164041812e-01
-6.734098063720308502e-01
-6.733702438406427015e-01
-6.733302902658083733e-01
-6.732899742344221616e-01
-6.732492815980601897e-01
-6.732081455905609690e-01
-6.731664450089595020e-01
-6.731240134706649725e-01
-6.730806613669031435e-01
-6.730362099234901141e-01
-6.729905339663617703e-01
-6.729436069883479865e-01
-6.728955395248059634e-01
-6.728466003769462134e-01
-6.727972105669361991e-01
-6.727479025872612484e-01
-6.726992426883162679e-01
-6.726517213006262264e-01
-6.726056252877420372e-01
-6.725609140726355184e-01
-6.725171278475640113e-01
-6.724733580055584081e-01
-6.724283058460528428e-01
-6.723804445031399402e-01
-6.723282811550682636e-01
-6.722706937056958099e-01
-6.722072917596148001e-01
-6.721387307414026235e-01
-6.720668961158919874e-01
-6.719948772964703387e-01
-6.719266719130532195e-01
-6.718666017226241349e-01
-6.718184786739739289e-01
-6.717846260151689730e-01
-6.717649230907464242e-01
-6.717560888496822979e-01
-6.717514326560528604e-01
-6.717412688672387278e-01
-6.717141070000577363e-01
-6.716585946747927194e-01
-6.715660200345519026e-01
-6.714330001516259916e-01
-6.712638283028717900e-01
-6.710718675115794341e-01
-6.708793999036121170e-01
-6.707154991748528472e-01
-6.706117933275742571e-01
-6.705964036884927149e-01
-6.706868275559961790e-01
-6.708829887293669136e-01
-6.711620062788992147e-01
-6.714763194819814984e-01
-6.717565692419571466e-01
-6.719200308599468929e-01
-6.718844403467498783e-01
-6.715858531573214441e-01
-6.709978968857971404e-01
-6.701486767970337155e-01
-6.691309612221812975e-01
-6.681014084400285213e-01
-6.672657193867400638e-01
-6.668487695496581047e-01
-6.670518040184224562e-01
-6.680022138816369415e-01
-6.697045700662432877e-01
-6.720037068943712777e-01
-6.745710512442368856e-01
-6.769236589324614251e-01
-6.784814274390789102e-01
-6.786618563948426663e-01
-6.770039145753617982e-01
-6.733037604273856003e-01
-6.677365616719954655e-01
-6.609326621209830055e-01
-6.539758506652625369e-01
-6.482994396317283137e-01
-6.454734787098747040e-01
-6.469015136933509158e-01
-6.534717886326245617e-01
-6.652275994827150374e-01
-6.811282225813947155e-01
-6.989643120387155628e-01
-7.154748552884302448e-01
-7.266941966122006935e-01
-7.285399944187221921e-01
-7.176273262262913288e-01
-6.922409570191568884e-01
-6.533027499376137248e-01
-6.050530936044015151e-01
-5.550939756963001459e-01
-5.135127401126775570e-01
-4.910639900649916290e-01
-4.967520512164551594e-01
-5.354407488322958653e-01
-6.061463473506760735e-01
-7.013982629053638895e-01
-8.075991951447812900e-01
-9.059442977114516848e-01
-9.735083824308068401e-01
-9.847900316523846564e-01
-9.150248937099837443e-01
-7.468921868354001514e-01
-4.803731074490518727e-01
-1.412996440814922594e-01
2.189175170817352356e-01
5.360428621866805132e-01
7.520039002451464061e-01
8.288846029434677742e-01
7.538074314784031227e-01
5.393439747733979051e-01
2.231227441888943563e-01
-1.369618254928439138e-01
-4.766359495856261619e-01
-7.442376151582709154e-01
-9.136017956634981951e-01
-9.844773424865501665e-01
-9.740386079727131330e-01
-9.070067744218841543e-01
-8.088975125889364959e-01
-7.026758224927993624e-01
-6.072009437868010062e-01
-5.361380077733847171e-01
-4.970356566170553991e-01
-4.909560508738060602e-01
-5.131002303358777050e-01
-5.545030055352943021e-01
-6.044178474417983837e-01
-6.527377444450637167e-01
-6.918232535622229618e-01
-7.173909280865715665e-01
-7.284804164758137413e-01
-7.267790075165158070e-01
-7.156560693005489249e-01
-6.991898187390130914e-01
-6.813508362341589297e-01
-6.654112191058959569e-01
-6.535946049452383555e-01
-6.469564403387997320e-01
-6.454662205560628419e-01
-6.482448714029064307e-01
-6.538935786949124918e-01
-6.608426812464591737e-01
-6.676557631709407747e-01
-6.732437442362408930e-01
-6.769702107217342446e-01
-6.786543668842269783e-01
-6.784957201566249596e-01
-6.769526877032264744e-01
-6.746069134453277494e-01
-6.720391423453445645e-01
-6.697340181683274496e-01
-6.680223573043759799e-01
-6.670616231187085354e-01
-6.668492039232429835e-01
-6.672590764255279527e-01
-6.680906717928627447e-01
-6.691191372771833068e-01
-6.701382818001495600e-01
-6.709906411349056965e-01
-6.715825323880229014e-01
-6.718850064904675623e-01
-6.719237898376453355e-01
-6.717624436213954775e-01
-6.714831169032657865e-01
-6.711686469329013471e-01
-6.708886625824391770e-01
-6.706910704092281517e-01
-6.705990972932593941e-01
-6.706131064900004990e-01
-6.707157930780667243e-01
-6.708791218537655254e-01
-6.710714539347109042e-01
-6.712636315940698761e-01
-6.714332465971867281e-01
-6.715667990301150692e-01
-6.716598739876528112e-01
-6.717157654923068266e-01
-6.717431370114401723e-01
-6.717533320208721737e-01
-6.717578639257567596e-01
-6.717664616796261701e-01
-6.717858672687468946e-01
-6.718194102441500393e-01
-6.718672490557453525e-01
-6.719270834038064688e-01
-6.719951088837053943e-01
-6.720669981662134029e-01
-6.721387389942968804e-01
-6.722072229688080824e-01
-6.722705456250587241e-01
-6.723280358257265332e-01
-6.723800734576289573e-01
-6.724277758348059519e-01
-6.724726360948604098e-01
-6.725161851317341677e-01
-6.725597276791566159e-01
-6.726041787424542617e-01
-6.726500036011395789e-01
-6.726972465817678826e-01
-6.727456225685913838e-01
-6.727946410337282135e-01
-6.728437342362902918e-01
-6.728923673880283784e-01
-6.729401169455225817e-01
-6.729867118274843740e-01
-6.730320397569559132e-01
-6.730761261565696429e-01
-6.731190957398210939e-01
-6.731611273081115066e-01
-6.732024108009186936e-01
-6.732431130515091899e-01
-6.732833556856451240e-01
-6.733232057700979656e-01
-6.733626775930149355e-01
-6.734017425536460433e-01
-6.734403435783643532e-01
-6.734784106414334337e-01
-6.735158746427521992e-01
-6.735526778408852389e-01
-6.735887800354698474e-01
-6.736241605657680154e-01
-6.736588168337359628e-01
-6.736927604280441573e-01
-6.737260120323796952e-01
-6.737585961975866011e-01
-6.737905368131072992e-01
-6.738218538023516002e-01
-6.738525612535164466e-01
-6.738826669298202399e-01
-6.739121729095242097e-01
-6.739410769965042958e-01
-6.739693745116539514e-01
-6.739970601090544688e-01
-6.740241293383083532e-01
-6.740505797743207017e-01
-6.740764116388627825e-01
-6.741016279293127189e-01
-6.741262341390550361e-01
-6.741502376962610343e-01
-6.741736472629615839e-01
-6.741964720279270962e-01
-6.742187211007356629e-01
-6.742404030777552348e-01
-6.742615258107860221e-01
-6.742820963722272465e-01
-6.743021211816445648e-01
-6.743216062404034927e-01
-6.743405574143956915e-01
-6.743589807087622123e-01
-6.743768824904837755e-01
-6.743942696314573215e-01
-6.744111495627302943e-01
-6.744275302468106803e-01
-6.744434200870890184e-01
-6.744588278001643067e-01
-6.744737622781082909e-01
-6.744882324641621185e-01
-6.745022472585883166e-01
-6.745158154630145342e-01
-6.745289457634551233e-01
-6.745416467455399578e-01
-6.745539269312540442e-01
-6.745657948249345059e-01
-6.745772589571755740e-01
-6.745883279179979430e-01
-6.745990103743276789e-01
-6.746093150706600206e-01
-6.746192508150237188e-01
-6.746288264545527991e-01
-6.746380508459576264e-01
-6.746469328259862008e-01
-6.746554811859196699e-01
-6.746637046525666426e-01
-6.746716118765576642e-01
-6.746792114272782692e-01
-6.746865117927721700e-01
-6.746935213824611921e-01
-6.747002485305538810e-01
-6.747067014984169386e-01
-6.747128884748155864e-01
-6.747188175736227311e-01
-6.747244968291838951e-01
-6.747299341899564151e-01
-6.747351375112459193e-01
-6.747401145478632012e-01
-6.747448729473813911e-01
-6.747494202444248579e-01
-6.747537638561731388e-01
-6.747579110790222767e-01
-6.747618690862043911e-01
-6.747656449260609479e-01
-6.747692455206872886e-01
-6.747726776646982838e-01
-6.747759480239503560e-01
-6.747790631341488155e-01
-6.747820293993364027e-01
-6.747848530903227671e-01
-6.747875403431327079e-01
-6.747900971575623297e-01
-6.747925293959130544e-01
-6.747948427819550066e-01
-6.747970429001381998e-01
-6.747991351950589634e-01
-6.748011249711610704e-01
-6.748030173926553577e-01
-6.748048174836230872e-01
-6.748065301282878403e-01
-6.748081600714250783e-01
-6.748097119189023774e-01
-6.748111901383270217e-01
-6.748125990598030643e-01
-6.748139428767883086e-01
-6.748152256470427712e-01
-6.748164512936759563e-01
-6.748176236062815025e-01
-6.748187462421698646e-01
-6.748198227276894778e-01
-6.748208564596378523e-01
-6.748218507067661465e-01
-6.748228086113675639e-01
-6.748237331909472392e-01
-6.748246273399655104e-01
-6.748254938316510243e-01
-6.748263353198684644e-01
-6.748271543410400142e-01
-6.748279533161075650e-01
-6.748287345525291192e-01
-6.748295002463077230e-01
-6.748302524840437133e-01
-6.748309932450120563e-01
-6.748317244032543405e-01
-6.748324477296877566e-01
-6.748331648942282879e-01
-6.748338774679218943e-01
-6.748345869250793605e-01
-6.748352946454126977e-01
-6.748360019161679935e-01
-6.748367099342474917e-01
-6.748374198083161302e-01
-6.748381325608914239e-01
-6.748388491304109227e-01
-6.748395703732713580e-01
-6.748402970658359257e-01
-6.748410299064105944e-01
-6.748417695171828878e-01
-6.748425164461203662e-01
-6.748432711688276964e-01
-6.748440340903583134e-01
-6.748448055469780105e-01
-6.748455858078780123e-01
-6.748463750768350922e-01
-6.748471734938126243e-01
-6.748479811365074577e-01
-6.748487980218338400e-01
-6.748496241073435042e-01
-6.748504592925819168e-01
-6.748513034203793559e-01
-6.748521562780694927e-01
-6.748530175986432456e-01
-6.748538870618262520e-01
-6.748547642950875058e-01
-6.748556488745727222e-01
-6.748565403259632056e-01
