-6.670028639823069039e-01
-6.670019603300770816e-01
-6.669952329299573268e-01
-6.669827004425193939e-01
-6.669643966942198077e-01
-6.669403662546343758e-01
-6.669106581846276915e-01
-6.668753184815363610e-01
-6.668343820260550503e-01
-6.667878651241970767e-01
-6.667357599643518595e-01
-6.666780323836876132e-01
-6.666146241714908660e-01
-6.665454606678345995e-01
-6.664704636340645916e-01
-6.663895683376982459e-01
-6.663027426479023463e-01
-6.662100048893543347e-01
-6.661114365077760446e-01
-6.660071855174282129e-01
-6.658974574328727636e-01
-6.657824920234198807e-01
-6.656625266906800453e-01
-6.655377502801311795e-01
-6.654082542215735696e-01
-6.652739904222227940e-01
-6.651347466173207490e-01
-6.649901492881384879e-01
-6.648397013733023941e-01
-6.646828567779544672e-01
-6.645191265561398719e-01
-6.643482035586542045e-01
-6.641700847270374242e-01
-6.639851648063338496e-01
-6.637942738050258695e-01
-6.635986344767110801e-01
-6.633997261320567773e-01
-6.631990568260595076e-01
-6.629978657117454599e-01
-6.627967980944610149e-01
-6.625956133918531332e-01
-6.623929962385787240e-01
-6.621865391312770077e-01
-6.619729483516496593e-01
-6.617484927767638414e-01
-6.615096699785844025e-01
-6.612540115201821500e-01
-6.609808985037229911e-01
-6.606922203006286853e-01
-6.603926955273973221e-01
-6.600896944028877833e-01
-6.597924609022267628e-01
-6.595107300977314235e-01
-6.592528608703963622e-01
-6.590237383117069081e-01
-6.588228181093557234e-01
-6.586427579860826276e-01
-6.584690814315738994e-01
-6.582812268673100542e-01
-6.580551451124327933e-01
-6.577673321837751441e-01
-6.573998565036852648e-01
-6.569456127092277997e-01
-6.564127762798501742e-01
-6.558273170121872164e-01
-6.552325192217677285e-01
-6.546847915640003901e-01
-6.542456270630190307e-01
-6.539703381464621046e-01
-6.538950296653225358e-01
-6.540240267615553549e-01
-6.543204646213782727e-01
-6.547028076216500070e-01
-6.550495803006056716e-01
-6.552135267004269847e-01
-6.550448320397289637e-01
-6.544211119963988521e-01
-6.532798759538031019e-01
-6.516474728900196745e-01
-6.496575724240752914e-01
-6.475524656526938649e-01
-6.456622319629767848e-01
-6.443601921699616542e-01
-6.439977377471656217e-01
-6.448268215405742465e-01
-6.469230084030753725e-01
-6.501248453354028234e-01
-6.540055395313486564e-01
-6.578901884770420594e-01
-6.609262945096062714e-01
-6.622075243795901844e-01
-6.609411487079569492e-01
-6.566387860482802985e-01
-6.492988833938654336e-01
-6.395399544646581669e-01
-6.286399009621178591e-01
-6.184436710946347171e-01
-6.111224257903499213e-01
-6.088007756655026137e-01
-6.131063619169979662e-01
-6.247252983486722977e-01
-6.430562267376328522e-01
-6.660414237257674674e-01
-6.902233093633327599e-01
-7.110446256100656504e-01
-7.233941289368718275e-01
-7.223952582629664665e-01
-7.044184535944414405e-01
-6.682309346949015794e-01
-6.160630608253214735e-01
-5.542134976204112773e-01
-4.927569569654459691e-01
-4.440873770090437711e-01
-4.204361673325496263e-01
-4.309706591883127325e-01
-4.793318515969178240e-01
-5.623447411935625917e-01
-6.701626088087462296e-01
-7.874928079240853807e-01
-8.951250525228908739e-01
-9.711182580076440640e-01
-9.918663011857795642e-01
-9.344717286413828372e-01
-7.823294970967348272e-01
-5.341815714725894892e-01
-2.128826925189286901e-01
1.332995182205208295e-01
4.414146230697214568e-01
6.521381416092395522e-01
7.253486181934467592e-01
6.474517612300560998e-01
4.329194761357826327e-01
1.226324550861433438e-01
-2.236944256948109888e-01
-5.433077927562207643e-01
-7.886391361456569493e-01
-9.376710321036706430e-01
-9.922967168145254702e-01
-9.694435242553558485e-01
-8.920952238578581106e-01
-7.838293469611936626e-01
-6.665156194289016955e-01
-5.592624139281723306e-01
-4.772161767261129395e-01
-4.300298231391430082e-01
-4.206597986469458594e-01
-4.452643405165764290e-01
-4.945370690271121972e-01
-5.561961172427476452e-01
-6.178855066483001091e-01
-6.696321014682511397e-01
-7.052656280698751390e-01
-7.226771333408138487e-01
-7.231924228720174597e-01
-7.104979062950402824e-01
-6.894924823339377840e-01
-6.652813471721837901e-01
-6.423947578081874443e-01
-6.242499734376814047e-01
-6.128587704337267184e-01
-6.087784220720179329e-01
-6.112870927531743881e-01
-6.187342553583439209e-01
-6.289869230600184657e-01
-6.398788497205094572e-01
-6.495798286424827594e-01
-6.568319363619633533e-01
-6.610373323182479055e-01
-6.622153216120847397e-01
-6.608668574040260646e-01
-6.577911866879015967e-01
-6.538953910560115768e-01
-6.500280539744431874e-01
-6.468570782953450005e-01
-6.448008961594422495e-01
-6.440128345807140109e-01
-6.444106900949599925e-01
-6.457381341067343072e-01
-6.476419198742592309e-01
-6.497491832623072394e-01
-6.517320628220293344e-01
-6.533515157412208563e-01
-6.544774017247829700e-01
-6.550865452048880710e-01
-6.552438119125488791e-01
-6.550729456468045164e-01
-6.547240989516969201e-01
-6.543440041935986162e-01
-6.540530173647630674e-01
-6.539312647097501596e-01
-6.540142007811879932e-01
-6.542963183737847688e-01
-6.547407031384987475e-01
-6.552916592550592778e-01
-6.558877090841893631e-01
-6.564727712100376644e-01
-6.570040806764860797e-01
-6.574562532736544229e-01
-6.578216553365392461e-01
-6.581078108771388768e-01
-6.583329046698085385e-01
-6.585205222555269300e-01
-6.586946459394250608e-01
-6.588756645136895074e-01
-6.590778265597756480e-01
-6.593082402397274500e-01
-6.595672490860030601e-01
-6.598498261890068939e-01
-6.601475403056762392e-01
-6.604506503305859200e-01
-6.607499592650365461e-01
-6.610381777390731406e-01
-6.613106812986591088e-01
-6.615656697528901065e-01
-6.618038326843189711e-01
-6.620276831735507628e-01
-6.622407406225481186e-01
-6.624467287322449716e-01
-6.626489159789967776e-01
-6.628496748862353627e-01
-6.630502840351656380e-01
-6.632509519345545224e-01
-6.634510102501663953e-01
-6.636492077608177054e-01
-6.638440350139087620e-01
-6.640340200040301122e-01
-6.642179530298770729e-01
-6.643950196397118146e-01
-6.645648402154917811e-01
-6.647274303011874164e-01
-6.648831056051205390e-01
-6.650323593550299117e-01
-6.651757380852417745e-01
-6.653137364306428436e-01
-6.654467238555710207e-01
-6.655749081812885048e-01
-6.656983337041084692e-01
-6.658169065531061026e-01
-6.659304371339312967e-01
-6.660386889808166400e-01
-6.661414246704582265e-01
-6.662384420067520852e-01
-6.663295967727550506e-01
-6.664148113417293073e-01
-6.664940708743259945e-01
-6.665674104336026806e-01
-6.666348970517335104e-01
-6.666966106756488930e-01
-6.667526272094709272e-01
-6.668030058175968833e-01
-6.668477815081991222e-01
-6.668869629910113561e-01
-6.669205350322395809e-01
-6.669484640713175816e-01
-6.669707057067968403e-01
-6.669872127390215066e-01
-6.669979426866160521e-01
