-6.741047234798033250e-01
-6.741048116541850099e-01
-6.741050350346049491e-01
-6.741053983089687618e-01
-6.741059088718878156e-01
-6.741065761089805042e-01
-6.741074103290642938e-01
-6.741084213456519647e-01
-6.741096167849219833e-01
-6.741110002986380190e-01
-6.741125699656198567e-01
-6.741143172451936616e-01
-6.741162268693933202e-01
-6.741182780011490960e-01
-6.741204468289598850e-01
-6.741227105189183666e-01
-6.741250521293994380e-01
-6.741274657623717026e-01
-6.741299609467767961e-01
-6.741325651014564713e-01
-6.741353229799987856e-01
-6.741382923075335265e-01
-6.741415353900729324e-01
-6.741451072669969458e-01
-6.741490418832374321e-01
-6.741533386205166289e-01
-6.741579521494818206e-01
-6.741627887422696475e-01
-6.741677117476413406e-01
-6.741725577884049025e-01
-6.741771634268912683e-01
-6.741813997450432083e-01
-6.741852098459013565e-01
-6.741886421798970463e-01
-6.741918713792746098e-01
-6.741951984687818422e-01
-6.741990242882213158e-01
-6.742037938236096206e-01
-6.742099146400583054e-01
-6.742176590583881524e-01
-6.742270660313186559e-01
-6.742378634724749409e-01
-6.742494336037235803e-01
-6.742608414434186903e-01
-6.742709391169643407e-01
-6.742785463291691705e-01
-6.742826912615540458e-01
-6.742828786521066764e-01
-6.742793361730811119e-01
-6.742731803208477093e-01
-6.742664426809543698e-01
-6.742619095452417888e-01
-6.742627535647163217e-01
-6.742719739916608335e-01
-6.742917076515555497e-01
-6.743225186831889317e-01
-6.743628116314360765e-01
-6.744085291459572806e-01
-6.744532829207299240e-01
-6.744890186227335827e-01
-6.745072321090768153e-01
-6.745006423417623242e-01
-6.744651013142458629e-01
-6.744014055840470423e-01
-6.743165950498118955e-01
-6.742243102736596994e-01
-6.741438524167355784e-01
-6.740977603006808039e-01
-6.741079798923256261e-01
-6.741910235424107833e-01
-6.743528486843514136e-01
-6.745844605440097785e-01
-6.748593858090795594e-01
-6.751341060954306750e-01
-6.753522359475419012e-01
-6.754526720147461250e-01
-6.753811689606619151e-01
-6.751039096761141112e-01
-6.746207821593159792e-01
-6.739754445395855775e-01
-6.732590612037202549e-01
-6.726050102288169130e-01
-6.721729995634234678e-01
-6.721228548503614952e-01
-6.725805482741370467e-01
-6.736014434420319885e-01
-6.751377334831698551e-01
-6.770181245360954447e-01
-6.789475333085455144e-01
-6.805326731010699071e-01
-6.813358592832017280e-01
-6.809543483723449198e-01
-6.791164447738259335e-01
-6.757792055902903661e-01
-6.712070665526590485e-01
-6.660078623330067948e-01
-6.611045619764370773e-01
-6.576291601204542481e-01
-6.567396027066783049e-01
-6.593790809086680360e-01
-6.660150183016764203e-01
-6.764074443090508648e-01
-6.894596664437157019e-01
-7.031981174434519533e-01
-7.149160460458935384e-01
-7.215007631582075476e-01
-7.199458436891934543e-01
-7.080207605304055241e-01
-6.850205232784829512e-01
-6.524455612071466959e-01
-6.143901789974093308e-01
-5.773971307523585450e-01
-5.496201822494880540e-01
-5.393350783632353540e-01
-5.530828982976926378e-01
-5.938949420384661559e-01
-6.600327686218878664e-01
-7.444695696578234045e-01
-8.350438934532524726e-01
-9.150356076785388648e-01
-9.640728286231941002e-01
-9.598523353007856196e-01
-8.818130464173989935e-01
-7.177665633397752876e-01
-4.725661349779831655e-01
-1.745130067849021138e-01
1.265046296915469382e-01
3.713059659485528075e-01
5.087797815170334026e-01
5.098968229373568306e-01
3.744214847131306922e-01
1.309611439536290112e-01
-1.696303847801997333e-01
-4.681633948910987053e-01
-7.144832957812592422e-01
-8.799051449465464803e-01
-9.592410094927161790e-01
-9.644790571129377987e-01
-9.161078032280974837e-01
-8.364384210823302412e-01
-7.458900506505953265e-01
-6.612486731758128178e-01
-5.947530248873471592e-01
-5.535136971181287002e-01
-5.393506577549239678e-01
-5.492999623841240409e-01
-5.768630140161395969e-01
-6.137765921321750584e-01
-6.518719372160266534e-01
-6.845724110127400230e-01
-7.077421865971910142e-01
-7.198417675394190862e-01
-7.215461435912892130e-01
-7.150676331558212251e-01
-7.034059700109878133e-01
-6.896766357948465043e-01
-6.765958553347288795e-01
-6.661503798810206600e-01
-6.594510053805744398e-01
-6.567503675501961125e-01
-6.575905663369071563e-01
-6.610338994524102008e-01
-6.659238204987132370e-01
-6.711263009287028458e-01
-6.757140184554952800e-01
-6.790737360014885704e-01
-6.809357224032196454e-01
-6.813385923429636781e-01
-6.805511680088439652e-01
-6.789749020153801329e-01
-6.770476097342214006e-01
-6.751637788216153790e-01
-6.736203232789665929e-01
-6.725905573157515693e-01
-6.721241266911022194e-01
-6.721670665203345330e-01
-6.725942338348575023e-01
-6.732460556007654473e-01
-6.739625893598947259e-01
-6.746098851528873341e-01
-6.750960407716968259e-01
-6.753766538751427850e-01
-6.754512097015897831e-01
-6.753530919438881508e-01
-6.751363324833682400e-01
-6.748620256168319509e-01
-6.745867067431831066e-01
-6.743541422309634603e-01
-6.741910884050330566e-01
-6.741068037417454750e-01
-6.740955364192308119e-01
-6.741409011828679576e-01
-6.742209977485427164e-01
-6.743132626809814623e-01
-6.743983200225416308e-01
-6.744624279829133373e-01
-6.744984416570761754e-01
-6.745054737883708906e-01
-6.744876075866620413e-01
-6.744520898870967063e-01
-6.744074198254733643e-01
-6.743616700611516634e-01
-6.743212622163187175e-01
-6.742902930567914455e-01
-6.742703956960922618e-01
-6.742610361248109196e-01
-6.742600968994724164e-01
-6.742645866814414024e-01
-6.742713305887414466e-01
-6.742775326379344403e-01
-6.742811473843700609e-01
-6.742810435280350845e-01
-6.742769802889138075e-01
-6.742694432754143818e-01
-6.742593988963401230e-01
-6.742480261945518194e-01
-6.742364752014399221e-01
-6.742256853287027507e-01
-6.742162798090912679e-01
-6.742085360770905256e-01
-6.742024195665865527e-01
-6.741976608799147286e-01
-6.741938537643045182e-01
-6.741905530855345496e-01
-6.741873567502532083e-01
-6.741839618298683945e-01
-6.741801915954739322e-01
-6.741759956915372998e-01
-6.741714295664881229e-01
-6.741666212759638288e-01
-6.741617339851573298e-01
-6.741569312950166371e-01
-6.741523504231871078e-01
-6.741480858320240133e-01
-6.741441835913053460e-01
-6.741406449396484257e-01
-6.741374363548463533e-01
-6.741345029951463230e-01
-6.741317825426377253e-01
-6.741292170969307440e-01
-6.741267616279676966e-01
-6.741243884035154066e-01
-6.741220875997415707e-01
-6.741198648778629066e-01
-6.741177370217543707e-01
-6.741157267900083072e-01
-6.741138579906378325e-01
-6.741121515095500616e-01
-6.741106226928065270e-01
-6.741092801663903789e-01
-6.741081259262585723e-01
-6.741071563731093619e-01
-6.741063639053094247e-01
-6.741057387056217376e-01
-6.741052704365562143e-01
-6.741049496641416949e-01
-6.741047689314886293e-01
