-6.592973330206753912e-01
-6.592969932716630233e-01
-6.592935406330954207e-01
-6.592869939344687680e-01
-6.592773883363738374e-01
-6.592647705893324162e-01
-6.592491923780885443e-01
-6.592307023757278950e-01
-6.592093379077690329e-01
-6.591851173899205829e-01
-6.591580348861336702e-01
-6.591280581535653438e-01
-6.590951313209010287e-01
-6.590591828375857997e-01
-6.590201385360189290e-01
-6.589779386360987701e-01
-6.589325564334899132e-01
-6.588840154538934124e-01
-6.588324012655046857e-01
-6.587778641544858038e-01
-6.587206096584735660e-01
-6.586608755824314709e-01
-6.585988964919946564e-01
-6.585348595111013559e-01
-6.584688580863617968e-01
-6.584008526341863510e-01
-6.583306480291147844e-01
-6.582578971704473592e-01
-6.581821370390638082e-01
-6.581028587292064858e-01
-6.580196063489071046e-01
-6.579320923308790148e-01
-6.578403098927474435e-01
-6.577446186881377166e-01
-6.576457786479328327e-01
-6.575449108433447654e-01
-6.574433734552176389e-01
-6.573425551811892253e-01
-6.572436060777326894e-01
-6.571471442028035126e-01
-6.570529918951031334e-01
-6.569600041134525670e-01
-6.568660493174210968e-01
-6.567681884325210495e-01
-6.566630690527817116e-01
-6.565475123785168288e-01
-6.564192245679066895e-01
-6.562775199547907778e-01
-6.561239104979137426e-01
-6.559624037401229346e-01
-6.557993686966367974e-01
-6.556428798929826440e-01
-6.555015329021952608e-01
-6.553828317757564026e-01
-6.552913640606935486e-01
-6.552270810536658940e-01
-6.551840649674135486e-01
-6.551501674888573490e-01
-6.551078289242713293e-01
-6.550362283635852156e-01
-6.549146831438292793e-01
-6.547269379196368755e-01
-6.544657040795613945e-01
-6.541365857445370358e-01
-6.537604204016319587e-01
-6.533731249719356704e-01
-6.530224062237821592e-01
-6.527611685903499383e-01
-6.526380892740009099e-01
-6.526865396925033425e-01
-6.529136841771059352e-01
-6.532920313893317843e-01
-6.537558086628000309e-01
-6.542041700613810962e-01
-6.545123960641130445e-01
-6.545509401941036476e-01
-6.542105604902604954e-01
-6.534300671335274702e-01
-6.522217295085127597e-01
-6.506884832944612729e-01
-6.490271369927689271e-01
-6.475130958861778918e-01
-6.464648008946169977e-01
-6.461899072947773215e-01
-6.469196227521966103e-01
-6.487417025634536483e-01
-6.515453775663996305e-01
-6.549921532810555336e-01
-6.585245494708995562e-01
-6.614204818133748720e-01
-6.628944704961049483e-01
-6.622386443537398026e-01
-6.589870890223196165e-01
-6.530773000671006301e-01
-6.449741086501223908e-01
-6.357175422516206931e-01
-6.268606095905626674e-01
-6.202789510888365720e-01
-6.178611465037643358e-01
-6.211204774128669115e-01
-6.307961698355754043e-01
-6.465246343012134300e-01
-6.666544387195506571e-01
-6.882569256496988697e-01
-7.073588869428258930e-01
-7.194057160727918010e-01
-7.199535688255970234e-01
-7.055703523846071912e-01
-6.748691442478392810e-01
-6.294879013076145613e-01
-5.746973698992623447e-01
-5.192575340929310723e-01
-4.742607930865251897e-01
-4.510238530729879791e-01
-4.584942352432958557e-01
-5.008982495859146677e-01
-5.763072817655728874e-01
-6.764332727759322372e-01
-7.874407199991677597e-01
-8.911656810503425508e-01
-9.662016157606713174e-01
-9.890341196089647013e-01
-9.364939731777766063e-01
-7.912904658191095564e-01
-5.509431520067834542e-01
-2.366403401159414277e-01
1.049199877112333285e-01
4.115249063490440395e-01
6.234807429401508783e-01
6.996658130920805352e-01
6.256034162847124991e-01
4.153642159493306507e-01
1.097249755455510511e-01
-2.317898899561338100e-01
-5.468682771670853038e-01
-7.884903358344835800e-01
-9.350892591640495022e-01
-9.888611507284990054e-01
-9.669540670228247148e-01
-8.925016737505990783e-01
-7.890365005299756485e-01
-6.780042935777902402e-01
-5.776216798983319078e-01
-5.017934985758745192e-01
-4.588932369065528705e-01
-4.509408640119049183e-01
-4.737904399831197044e-01
-5.185473987716342492e-01
-5.739115160371321966e-01
-6.287720065971968975e-01
-6.743263515845991929e-01
-7.052518165493121272e-01
-7.198620543393681181e-01
-7.195072941716849080e-01
-7.075975084945795857e-01
-6.885682461602997684e-01
-6.669771297115751896e-01
-6.468086097526384304e-01
-6.310076296618917224e-01
-6.212438053731536014e-01
-6.178978592660991920e-01
-6.202442010268912620e-01
-6.267781006461921045e-01
-6.356139486593821442e-01
-6.448740661847719435e-01
-6.529997653417735082e-01
-6.589434395415311174e-01
-6.622324681615110453e-01
-6.629226859472399092e-01
-6.614752810920463411e-01
-6.585956546340713258e-01
-6.550689591428371372e-01
-6.516186807077384291e-01
-6.488048464755353795e-01
-6.469690089205087924e-01
-6.462249231049730369e-01
-6.464872917425621424e-01
-6.475265550495189482e-01
-6.490357991612490940e-01
-6.506964877922886137e-01
-6.522324748928679528e-01
-6.534458220552702423e-01
-6.542323393423663536e-01
-6.545786064775582780e-01
-6.545449273593298978e-01
-6.542400070934022427e-01
-6.537932147329373889e-01
-6.533294030379811490e-01
-6.529497744604025877e-01
-6.527205774288977747e-01
-6.526697974559638737e-01
-6.527907003519545226e-01
-6.530502259470708504e-01
-6.533998650716541512e-01
-6.537867418109420958e-01
-6.541630636270936439e-01
-6.544927516798518807e-01
-6.547547725833142707e-01
-6.549433309060256336e-01
-6.550655580956593615e-01
-6.551376042414195355e-01
-6.551801043270540914e-01
-6.552138844372614734e-01
-6.552565501643071721e-01
-6.553203204264603787e-01
-6.554111918004558168e-01
-6.555292856756967934e-01
-6.556700708349401108e-01
-6.558260777559369314e-01
-6.559887227999045001e-01
-6.561499237676428065e-01
-6.563032898427659800e-01
-6.564447841158671526e-01
-6.565728640578518682e-01
-6.566881887472436619e-01
-6.567930328555026120e-01
-6.568905649394826129e-01
-6.569841358483136107e-01
-6.570766902078005733e-01
-6.571703698434584462e-01
-6.572663321954327342e-01
-6.573647670443582003e-01
-6.574650663391309324e-01
-6.575660868181907315e-01
-6.576664430190288790e-01
-6.577647767338375973e-01
-6.578599643588828316e-01
-6.579512419205325591e-01
-6.580382452353503719e-01
-6.581209769498416184e-01
-6.581997215176160765e-01
-6.582749330684035671e-01
-6.583471201390458383e-01
-6.584167465827787113e-01
-6.584841611954725948e-01
-6.585495612526029996e-01
-6.586129885510509929e-01
-6.586743516033641832e-01
-6.587334647822064015e-01
-6.587900944664148994e-01
-6.588440032614033548e-01
-6.588949856054779897e-01
-6.589428909019103831e-01
-6.589876331478023985e-01
-6.590291884066743489e-01
-6.590675831094671144e-01
-6.591028769687025113e-01
-6.591351443124527920e-01
-6.591644570620742716e-01
-6.591908716232981469e-01
-6.592144208742177769e-01
-6.592351114205740048e-01
-6.592529254910359793e-01
-6.592678263330999933e-01
-6.592797657467145411e-01
-6.592886924097292045e-01
-6.592945598299483345e-01
