-6.747683005336971851e-01
-6.747667471223824931e-01
-6.747647264742583362e-01
-6.747622211270204451e-01
-6.747592004869640281e-01
-6.747556248035661008e-01
-6.747514504354011899e-01
-6.747466359379560297e-01
-6.747411482656209269e-01
-6.747349681470475868e-01
-6.747280935330577378e-01
-6.747205400073826853e-01
-6.747123372626314675e-01
-6.747035212173706498e-01
-6.746941220762828761e-01
-6.746841495422363222e-01
-6.746735773388696789e-01
-6.746623300019309877e-01
-6.746502753253761364e-01
-6.746372256941409740e-01
-6.746229506512199103e-01
-6.746072013964067304e-01
-6.745897456164480221e-01
-6.745704083952054342e-01
-6.745491124061493426e-01
-6.745259087221496808e-01
-6.745009889903604838e-01
-6.744746709214362035e-01
-6.744473523113776459e-01
-6.744194340729949833e-01
-6.743912194772869739e-01
-6.743628040001062862e-01
-6.743339764476048437e-01
-6.743041557889145610e-01
-6.742723878093660472e-01
-6.742374201710471526e-01
-6.741978633564875700e-01
-6.741524289773591638e-01
-6.741002179996353760e-01
-6.740410127170761712e-01
-6.739755118341648199e-01
-6.739054421333190437e-01
-6.738334866991247951e-01
-6.737629908485620600e-01
-6.736974426201211008e-01
-6.736397716155493320e-01
-6.735915615065780626e-01
-6.735523180168038193e-01
-6.735189643119900982e-01
-6.734857382722960750e-01
-6.734446324294910413e-01
-6.733864439072450025e-01
-6.733023923303184111e-01
-6.731861308935708221e-01
-6.730358407722318859e-01
-6.728559897629710074e-01
-6.726582833552240404e-01
-6.724613684650865286e-01
-6.722889852483125983e-01
-6.721665024607733629e-01
-6.721160962759908930e-01
-6.721511965226351082e-01
-6.722711617269386819e-01
-6.724573758823382263e-01
-6.726720067013565174e-01
-6.728604653047814965e-01
-6.729581324935441922e-01
-6.729011860975534498e-01
-6.726404531092745609e-01
-6.721562537031999796e-01
-6.714713876084325017e-01
-6.706589542817512628e-01
-6.698418107840828917e-01
-6.691813130790187358e-01
-6.688545977582170954e-01
-6.690219102596957068e-01
-6.697880474424030561e-01
-6.711643707897488875e-01
-6.730395035543583759e-01
-6.751672431650842521e-01
-6.771790523544752860e-01
-6.786256108463374348e-01
-6.790474055316921831e-01
-6.780685098859889903e-01
-6.755011092896597846e-01
-6.714419282827351898e-01
-6.663370343888895819e-01
-6.609905757331975273e-01
-6.564979124429702884e-01
-6.540953808476890341e-01
-6.549365151283155217e-01
-6.598242783877145134e-01
-6.689453388365229625e-01
-6.816607480333696234e-01
-6.964055367121789741e-01
-7.107397237443182636e-01
-7.215793752468144806e-01
-7.256211105717749188e-01
-7.199527929013233019e-01
-7.028059224399255678e-01
-6.743411788808053586e-01
-6.372746529376602798e-01
-5.970873518482693321e-01
-5.615777298240117732e-01
-5.396625099314686924e-01
-5.395803432718023762e-01
-5.668966891891874527e-01
-6.228097219177647359e-01
-7.031405536541724954e-01
-7.980986633016539100e-01
-8.926111505033043070e-01
-9.669469931386103223e-01
-9.977780932205264630e-01
-9.606347183319112748e-01
-8.352812523216548435e-01
-6.146120488148639760e-01
-3.143890895500981997e-01
2.273225123552016780e-02
3.348395592542065535e-01
5.582962165938799570e-01
6.457147062161360251e-01
5.767788519493872723e-01
3.620245005169035468e-01
4.158330940711465334e-02
-3.232566088753543454e-01
-6.670695241319926083e-01
-9.388011644468973182e-01
-1.110443131250915316e+00
-1.172408092298174775e+00
-1.123193050457266029e+00
-9.639353605131114611e-01
-7.028068362823247650e-01
-3.652712747051678477e-01
1.024033765353551029e-04
3.287204189652358499e-01
5.578598425830824103e-01
6.443912734992811586e-01
5.742585404757845069e-01
3.643830760225776899e-01
5.948426859902065239e-02
-2.778450171583482509e-01
-5.845541867213333020e-01
-8.152427915101905231e-01
-9.511706683686661501e-01
-9.973299380823349436e-01
-9.729778017213110974e-01
-9.024363466155196356e-01
-8.093107874342027053e-01
-7.137801163106560765e-01
-6.314429498112461570e-01
-5.726685141654497269e-01
-5.422326428938016862e-01
-5.394836935529393473e-01
-5.592694914606186618e-01
-5.935696501521735557e-01
-6.334762412704917356e-01
-6.710272574668464385e-01
-7.004770489591977123e-01
-7.188215213343871479e-01
-7.256495975331935799e-01
-7.225510162860968588e-01
-7.123400122946799140e-01
-6.982954930042974961e-01
-6.835344271954149065e-01
-6.705683703408402696e-01
-6.610533128781229673e-01
-6.557211705304589744e-01
-6.544657547506699258e-01
-6.565421149702271864e-01
-6.608276430086149622e-01
-6.660905737149990236e-01
-6.712188153098972432e-01
-6.753778009986990405e-01
-6.780855868465753833e-01
-6.792113226919799240e-01
-6.789156175935600057e-01
-6.775568839403329768e-01
-6.755873498712271497e-01
-6.734580676189637627e-01
-6.715459802333920702e-01
-6.701095201620482777e-01
-6.692733095170979585e-01
-6.690379016517620236e-01
-6.693074666887913748e-01
-6.699269909176760462e-01
-6.707208260649847320e-01
-6.715259646166602536e-01
-6.722157392500562878e-01
-6.727121936954965076e-01
-6.729876546377258073e-01
-6.730577083296841456e-01
-6.729687012199866425e-01
-6.727830653163575647e-01
-6.725653635240548267e-01
-6.723711668066189029e-01
-6.722399311802659261e-01
-6.721921270696988859e-01
-6.722301255351239568e-01
-6.723418465385608833e-01
-6.725059482867301597e-01
-6.726973599379009183e-01
-6.728921738777906558e-01
-6.730712411414873086e-01
-6.732221751490430339e-01
-6.733397972197503467e-01
-6.734253054904849600e-01
-6.734845940864745417e-01
-6.735261912840456722e-01
-6.735592408083039828e-01
-6.735918465275824163e-01
-6.736299682631784469e-01
-6.736769234570396669e-01
-6.737334378436464766e-01
-6.737981114024318430e-01
-6.738681283803044098e-01
-6.739400392488920088e-01
-6.740104699407144517e-01
-6.740766586305446673e-01
-6.741367713542515405e-01
-6.741899951226497656e-01
-6.742364439539959564e-01
-6.742769358045741512e-01
-6.743127062727758414e-01
-6.743451202491604901e-01
-6.743754290387313777e-01
-6.744046021755198961e-01
-6.744332442484104462e-01
-6.744615907918777298e-01
-6.744895657255594035e-01
-6.745168767718485725e-01
-6.745431244699653384e-01
-6.745679037703922187e-01
-6.745908832274913891e-01
-6.746118539107849310e-01
-6.746307469183474570e-01
-6.746476237692465849e-01
-6.746626474071355517e-01
-6.746760429436935436e-01
-6.746880568537553247e-01
-6.746989215899793502e-01
-6.747088301058110638e-01
-6.747179221373926783e-01
-6.747262817668211454e-01
-6.747339440797889276e-01
-6.747409077750984308e-01
-6.747471503606038423e-01
-6.747526429421357719e-01
-6.747573623749215654e-01
-6.747612994806029274e-01
-6.747644629416574835e-01
-6.747668792261137805e-01
-6.747685893911590238e-01
-6.747696438500622174e-01
-6.747700961987331825e-01
-6.747699970534051239e-01
-6.747693886266310503e-01
