6.964702334005047624e-02
2.003677215344951135e-01
3.007354154027271353e-01
3.559002953225228194e-01
3.578651002950470339e-01
3.063462174698674545e-01
2.088018026846824859e-01
7.964093926760984488e-02
-6.166500790449691571e-02
-1.936185939735570460e-01
-2.962845847709592029e-01
-3.544474402624288034e-01
-3.596613872776313059e-01
-3.111707368855591849e-01
-2.159848230116640233e-01
-8.814475018476548851e-02
5.309237526439550270e-02
1.862330120385712884e-01
2.911337455136867036e-01
3.522150584435080334e-01
3.605892219577133129e-01
3.150434779906642335e-01
2.221607392790051760e-01
9.563719241155954620e-02
-4.546968478385111923e-02
-1.796700777043991892e-01
-2.866264636795733955e-01
-3.504187558162129568e-01
-3.617444267132413627e-01
-3.189607521147767577e-01
-2.282486287478601439e-01
-1.029779696986284632e-01
3.798385570643893205e-02
1.731522085302222846e-01
2.820071316574628284e-01
3.483077755549145449e-01
3.623633014499760829e-01
3.221333473437054118e-01
2.334323335616916295e-01
1.093361959303409403e-01
-3.145761914850361135e-02
-1.674681868080186986e-01
-2.780107750618980855e-01
-3.465551998166170877e-01
-3.630604727376312013e-01
-3.251280920710231115e-01
-2.382429046433509057e-01
-1.152166648536101373e-01
2.540588452080311602e-02
1.621468887691801808e-01
2.741727088303954063e-01
3.446924456810940840e-01
3.633517605623348690e-01
3.274355064886558253e-01
2.421415177224934545e-01
1.200547487676607850e-01
-2.040927592421023021e-02
-1.577733245666122497e-01
-2.710743978920666652e-01
-3.432966105505082521e-01
-3.638155467393628939e-01
-3.296430987799783274e-01
-2.457294805024247963e-01
-1.244637988579210125e-01
1.584983376605024127e-02
1.537337718729924474e-01
2.681114099785386617e-01
3.417706919847872671e-01
3.638540876044962236e-01
3.311417339266167215e-01
2.483780474592443832e-01
1.277929651864837535e-01
-1.239753046938476926e-02
-1.507126540612442889e-01
-2.659813206110216433e-01
-3.408304769121754396e-01
-3.642113875471388318e-01
-3.327130759088905987e-01
-2.509087019369294347e-01
-1.308944529075520835e-01
9.188283725934982479e-03
1.478559188839194682e-01
2.638566583299489232e-01
3.396805872795201076e-01
3.641183869076199953e-01
3.336020169609247299e-01
2.525679778786558694e-01
1.330091036851020481e-01
-6.988596211643871396e-03
-1.459368910669151531e-01
-2.625200041962841846e-01
-3.391212823107103147e-01
-3.644058133936707855e-01
-3.346809010808589613e-01
-2.542719870125106363e-01
-1.350855388535903423e-01
4.840356965432343964e-03
1.440151918484251781e-01
2.610703654403658813e-01
3.383001105046716250e-01
3.642655083922479164e-01
3.351729360850851380e-01
2.552608113391425793e-01
1.363701791037565392e-01
-3.496082003071121665e-03
-1.428452329445476232e-01
-2.602693512795342112e-01
-3.379963012943072442e-01
-3.645082956912382155e-01
-3.359323330080701275e-01
-2.564346091691266927e-01
-1.377981850927400276e-01
2.008455364280110986e-03
1.414948254264828953e-01
2.592218310470593146e-01
3.373612747654343158e-01
3.643281002840280669e-01
3.361825528602698787e-01
2.570316113986663153e-01
1.386116083859480208e-01
-1.137338739194333455e-03
-1.407291614567362237e-01
-2.587041031685707870e-01
-3.371933930721755512e-01
-3.645599270846771045e-01
-3.368076211022235644e-01
-2.579877908317956270e-01
-1.397873563931898988e-01
-1.116871199062007892e-04
1.395644902149947297e-01
2.577658525700450287e-01
3.365857047231774479e-01
3.643361454681329215e-01
3.369661822733388545e-01
2.584736958424895259e-01
1.404982090903204583e-01
9.100442996858781539e-04
-1.388316302722666928e-01
-2.572436822448190274e-01
-3.363901615101777542e-01
-3.645382099620688710e-01
-3.375818329552344177e-01
-2.594584391158342163e-01
-1.417479359217270196e-01
-2.272312511262333107e-03
1.375344010526999838e-01
2.561840381886875684e-01
3.357073856911644838e-01
3.643183820161128295e-01
3.378465626271883737e-01
2.601599245144199379e-01
1.427705948137823200e-01
3.444575209150406696e-03
-1.364160763324691883e-01
-2.553229609755474638e-01
-3.352746514220632523e-01
-3.644275243231262507e-01
-3.385358345296295424e-01
-2.613812254941691449e-01
-1.443875566646372344e-01
-5.245765417427081072e-03
1.346860471328654718e-01
2.539205462330770824e-01
3.344149628745072822e-01
3.642518345845347505e-01
3.390904843928821411e-01
2.626057629117184988e-01
1.461137774796333055e-01
7.214043605733600276e-03
-1.327896367826307822e-01
-2.524128969411269519e-01
-3.335643927439962408e-01
-3.642373925126664580e-01
-3.399742289049502708e-01
-2.643161795630734612e-01
-1.484433513443801089e-01
-9.839519916095525523e-03
1.302599546300247380e-01
2.503736384024189965e-01
3.323477951591292667e-01
3.640627088047064253e-01
3.409146239358720742e-01
2.662801799992374763e-01
1.511735325584598888e-01
1.293816393913524605e-02
-1.272729944415958159e-01
-2.479812629431259463e-01
-3.309562266481168580e-01
-3.639399369563020570e-01
-3.421502161169239220e-01
-2.687629999308511763e-01
-1.545906413449679717e-01
-1.680670545380322928e-02
1.235346223993003534e-01
2.449558275999663415e-01
3.291309991162252868e-01
3.636329918694893304e-01
3.434640814244793727e-01
2.715607400518061931e-01
1.584969072632225195e-01
2.124672026441018838e-02
-1.192508233571332316e-01
-2.415185774251421280e-01
-3.271173187884980904e-01
-3.634199225220912099e-01
-3.451743432335827033e-01
-2.750349796097911192e-01
-1.632954493015822961e-01
-2.669612692297977999e-02
1.139576265005996930e-01
2.371860765773062263e-01
3.244133687287331647e-01
3.627756607319976845e-01
3.467248161677929374e-01
2.785923752541440424e-01
1.683553939178326353e-01
3.249218211650586191e-02
-1.083415927989818950e-01
-2.326639078521752502e-01
-3.217465028829126772e-01
-3.624599415174970529e-01
-3.489220870639961336e-01
-2.830984110132506171e-01
-1.746055612276244950e-01
-3.962295179845570087e-02
1.013636036461787598e-01
2.268665682893334923e-01
3.179798136802831077e-01
3.612695053077190632e-01
3.504786163853080838e-01
2.871713545392012845e-01
1.805770036510790377e-01
4.655704456848382133e-02
-9.458373115551353683e-02
-2.213544143268245945e-01
-3.146629823089663880e-01
-3.607530436074842806e-01
-3.529654348614105208e-01
-2.924285826300995761e-01
-1.879464312761051914e-01
-5.502853130671207099e-02
8.622138035777797416e-02
2.143075774642639042e-01
3.099297587337881410e-01
3.589750191923515854e-01
3.543493157396052085e-01
2.967226746485410738e-01
1.944625699251131268e-01
6.272258325660483302e-02
-7.859684340491039645e-02
-2.079978519915693380e-01
-3.059735888776981549e-01
-3.580523739986155030e-01
-3.566965741729605233e-01
-3.021019261843975734e-01
-2.021781337760417130e-01
-7.170105021474267037e-02
