-4.981476769139615568e-01
-8.318280159521768136e-01
-9.850739132548845811e-01
-9.289126264711167202e-01
-6.738557673621018429e-01
-2.705519315130943681e-01
1.933657616232724585e-01
6.124949618877524316e-01
8.944177052057492583e-01
9.819463518141300362e-01
8.586030340664340121e-01
5.480746413431297759e-01
1.147464417020694627e-01
-3.442140151764009892e-01
-7.238795201490052511e-01
-9.418277577053415506e-01
-9.546430025449653689e-01
-7.600008500091900432e-01
-3.966044049037086849e-01
5.697056403809015040e-02
4.966383397817671352e-01
8.223139944139770119e-01
9.648326076696637221e-01
8.962281020679071508e-01
6.299336942860502830e-01
2.210988592832212885e-01
-2.385595697142783300e-01
-6.423474255065014793e-01
-8.998097665529899425e-01
-9.576929830389880882e-01
-8.047566310359915986e-01
-4.715730664150187268e-01
-2.999420528526859989e-02
4.182813555500053959e-01
7.695046182708903393e-01
9.470525545074125473e-01
9.151259676490746120e-01
6.800106499845881558e-01
2.902031994030567219e-01
-1.672215710127368804e-01
-5.856224936747560506e-01
-8.698819779189759238e-01
-9.600631794436955690e-01
-8.383257822233428636e-01
-5.288106173758264639e-01
-9.750993949045959341e-02
3.568548376978258330e-01
7.287511818477202530e-01
9.361822386371126958e-01
9.369429789504801764e-01
7.308055256671787125e-01
3.595118311993539817e-01
-9.535308682631747634e-02
-5.284728339093132110e-01
-8.410676864966383226e-01
-9.668187013927690421e-01
-8.809044187419653449e-01
-5.999734621942368618e-01
-1.824101991267068346e-01
2.779129284377810927e-01
6.746148452292913822e-01
9.198576794617888686e-01
9.636746486446726712e-01
7.975459037056199518e-01
4.540996676205951155e-01
6.617558577312927445e-03
-4.429438109610330798e-01
-7.921175178385081450e-01
-9.663798679476377496e-01
-9.315170750508031672e-01
-6.940719136336377382e-01
-3.015969724446664890e-01
1.602201737006158089e-01
5.857795267759513536e-01
8.802934141940886859e-01
9.833062951733241297e-01
8.751574918887343735e-01
5.763611273902438104e-01
1.481548080783713084e-01
-3.143304942319051776e-01
-7.059380006432011134e-01
-9.419993068748513387e-01
-9.758629051034914959e-01
-8.011655136780165831e-01
-4.514413397644241321e-01
-1.829122796527302329e-05
4.517593608079222833e-01
8.025400597148896198e-01
9.789471654598135286e-01
9.472448128281993895e-01
7.132597327089538197e-01
3.227083039678412812e-01
-1.408067075757913067e-01
-5.728497151692856226e-01
-8.784007327300398238e-01
-9.957133455360479557e-01
-9.029488229487216966e-01
-6.172274687035155250e-01
-1.954908312466324682e-01
2.705035648237831269e-01
6.760857909785291664e-01
9.341982870047774723e-01
9.943803079874843354e-01
8.456380067851689830e-01
5.156507919801179840e-01
7.154445514175643284e-02
-3.889402047194162604e-01
-7.632989171800969030e-01
-9.733670415114690222e-01
-9.793307800912293137e-01
-7.801075839143923885e-01
-4.132110273944927803e-01
4.534267469281538093e-02
4.940244583613063734e-01
8.343440267570485513e-01
9.972792502340539489e-01
9.527742972333571592e-01
7.087986189372439405e-01
3.119631328446436647e-01
-1.542180098018803569e-01
-5.864205039904314409e-01
-8.914620606386260970e-01
-1.009283854388825397e+00
-9.186551847658714909e-01
-6.357868877934927943e-01
-2.155071016326559896e-01
2.526930073178892400e-01
6.654095315715800041e-01
9.354804282938176119e-01
1.011237005104548947e+00
8.792891752091700486e-01
5.632965434533062643e-01
1.253566436904322567e-01
-3.405198623114201184e-01
-7.321779486923475355e-01
-9.687244348368740932e-01
-1.006118847947549133e+00
-8.378596891973003613e-01
-4.942419201498937653e-01
-4.359273109183026823e-02
4.169070748413155614e-01
7.872710442422004018e-01
9.927146396096180325e-01
9.959247904328211165e-01
7.963674245358089987e-01
4.301612503782800689e-01
-2.915822013746953434e-02
-4.823657604298536850e-01
-8.321769806223582311e-01
-1.009494275336461744e+00
-9.828151248870226064e-01
-7.567165437693921248e-01
-3.723412210097563624e-01
9.253098842684941150e-02
5.375137658412768582e-01
8.682346769413665788e-01
1.020696355657540355e+00
9.683233400536378488e-01
7.200261735070803137e-01
3.212247417039618691e-01
-1.468980018087817085e-01
-5.834259536400915325e-01
-8.968667985152989353e-01
-1.027673062471309073e+00
-9.533998666809218037e-01
-6.866218536476612622e-01
-2.763907610944199567e-01
1.933844854074985298e-01
6.216699894136149540e-01
9.196849274811754738e-01
1.031714703169205327e+00
9.387778223641857211e-01
6.565656731200856244e-01
2.372323184765000592e-01
-2.331037811470766108e-01
-6.535296191384666331e-01
-9.377320511951290349e-01
-1.033277990098564469e+00
-9.241242593443286246e-01
-6.286929310914384228e-01
-2.018945792260574135e-01
2.682654124318755162e-01
6.811156075816511279e-01
9.526032969790857452e-01
1.033182975730903008e+00
9.094050781792389904e-01
6.021949477748845814e-01
1.690268999875903788e-01
-3.003886493523469925e-01
-7.056749226136592723e-01
-9.648809256938368772e-01
-1.031089749573245173e+00
-8.932748899598034198e-01
-5.748443366088100692e-01
-1.358716763444878795e-01
3.322404977982406082e-01
7.294543926282549551e-01
9.759170651544962771e-01
1.027302726536341471e+00
8.750449114269212014e-01
5.451992892205984598e-01
1.006367510094747092e-01
-3.654721171461521312e-01
-7.535067401564322642e-01
-9.858419252854659920e-01
-1.020878909421604197e+00
-8.527454250161246030e-01
-5.105431453547079057e-01
-6.035931760081711395e-02
4.027000949296182242e-01
7.796103284399645839e-01
9.953266269543643574e-01
1.011352432539724289e+00
8.249652809712584300e-01
4.689174732786836053e-01
1.307015751837873468e-02
-4.453790407699066978e-01
-8.083334004389816085e-01
-1.003882410013551052e+00
-9.972021834508345561e-01
-7.893913186097717416e-01
-4.176882516556030267e-01
4.358096705008907695e-02
4.950434944076277377e-01
8.400915661439125603e-01
1.010748054012443164e+00
9.766501817560675480e-01
7.436220379485396492e-01
3.544353125216962441e-01
-1.113912661830210038e-01
-5.524349231886235279e-01
-8.744477594808798271e-01
-1.014432851588861206e+00
-9.474791935937819654e-01
-6.852681018225215137e-01
-2.773102416411225013e-01
1.910590477296518208e-01
6.168459937869102960e-01
9.093784145865476676e-01
1.011882991083012273e+00
9.060686039483304421e-01
6.108569322218231346e-01
1.838346054879619329e-01
-2.834691518561368584e-01
-6.874900609671464879e-01
-9.427777708383986432e-01
-1.000252786713127451e+00
-8.496150358466688646e-01
-5.186057737793183797e-01
-7.411257107794354260e-02
3.863403003022565785e-01
7.602785587442144610e-01
9.694231839734944733e-01
9.739204556139156033e-01
7.730051052543894796e-01
4.050167407827332533e-01
-5.287799515863202821e-02
