-6.748569596327388398e-01
-6.748579067022546507e-01
-6.748588620604379917e-01
-6.748598250053235992e-01
-6.748607947932031559e-01
-6.748617706390275250e-01
-6.748627517167227197e-01
-6.748637371594198298e-01
-6.748647260595960207e-01
-6.748657174691317095e-01
-6.748667103992802563e-01
-6.748677038205527223e-01
-6.748686966625161432e-01
-6.748696878135104216e-01
-6.748706761202797333e-01
-6.748716603875241082e-01
-6.748726393773689658e-01
-6.748736118087544922e-01
-6.748745763567483014e-01
-6.748755316517821568e-01
-6.748764762788126426e-01
-6.748774087764105589e-01
-6.748783276357754879e-01
-6.748792312996866327e-01
-6.748801181613834910e-01
-6.748809865633834670e-01
-6.748818347962344255e-01
-6.748826610972077367e-01
-6.748834636489333683e-01
-6.748842405779761355e-01
-6.748849899533636565e-01
-6.748857097850616826e-01
-6.748863980224033554e-01
-6.748870525524751640e-01
-6.748876711984651555e-01
-6.748882517179751739e-01
-6.748887918013004583e-01
-6.748892890696825964e-01
-6.748897410735362756e-01
-6.748901452906551635e-01
-6.748904991243966922e-01
-6.748907999018531889e-01
-6.748910448720039090e-01
-6.748912312038600758e-01
-6.748913559845983734e-01
-6.748914162176917753e-01
-6.748914088210445916e-01
-6.748913306251363986e-01
-6.748911783711831758e-01
-6.748909487093267545e-01
-6.748906381968581281e-01
-6.748902432964845044e-01
-6.748897603746434326e-01
-6.748891856998705530e-01
-6.748885154412153087e-01
-6.748877456667071728e-01
-6.748868723418636195e-01
-6.748858913282330674e-01
-6.748847983819746821e-01
-6.748835891524694874e-01
-6.748822591809752192e-01
-6.748808038993352465e-01
-6.748792186287699835e-01
-6.748774985787746594e-01
-6.748756388461676359e-01
-6.748736344143174692e-01
-6.748714801525719231e-01
-6.748691708159113567e-01
-6.748667010448079484e-01
-6.748640653652708821e-01
-6.748612581890197637e-01
-6.748582738137203219e-01
-6.748551064232132246e-01
-6.748517500876656250e-01
-6.748481987636182344e-01
-6.748444462939316990e-01
-6.748404864077002241e-01
-6.748363127202605671e-01
-6.748319187334728131e-01
-6.748272978364888708e-01
-6.748224433072199657e-01
-6.748173483146583385e-01
-6.748120059221315303e-01
-6.748064090914162039e-01
-6.748005506874888981e-01
-6.747944234835215882e-01
-6.747880201656146770e-01
-6.747813333367053135e-01
-6.747743555191485498e-01
-6.747670791556370506e-01
-6.747594966084426993e-01
-6.747516001573555799e-01
-6.747433819971296876e-01
-6.747348342356506157e-01
-6.747259488942899397e-01
-6.747167179119398783e-01
-6.747071331539299388e-01
-6.746971864263970886e-01
-6.746868694957454116e-01
-6.746761741117019984e-01
-6.746650920312937671e-01
-6.746536150401633014e-01
-6.746417349671748331e-01
-6.746294436885406087e-01
-6.746167331188649419e-01
-6.746035951885606119e-01
-6.745900218098815904e-01
-6.745760048369491280e-01
-6.745615360280858841e-01
-6.745466070207907228e-01
-6.745312093301256695e-01
-6.745153343795483591e-01
-6.744989735690616328e-01
-6.744821183791018804e-01
-6.744647605005664737e-01
-6.744468919730119971e-01
-6.744285053060259383e-01
-6.744095935549603293e-01
-6.743901503234174255e-01
-6.743701696722748107e-01
-6.743496459289574085e-01
-6.743285734100264994e-01
-6.743069460925084080e-01
-6.742847572908134968e-01
-6.742619994118119742e-01
-6.742386638655702980e-01
-6.742147411991703532e-01
-6.741902214936342785e-01
-6.741650950199257197e-01
-6.741393530937364043e-01
-6.741129890086514642e-01
-6.740859988749008380e-01
-6.740583821597672110e-01
-6.740301417286461705e-01
-6.740012832323190040e-01
-6.739718137791547159e-01
-6.739417399647578133e-01
-6.739110654896078856e-01
-6.738797887510686868e-01
-6.738479009160291966e-01
-6.738153850282173618e-01
-6.737822166484270792e-01
-6.737483663476860896e-01
-6.737138040744218292e-01
-6.736785050247346973e-01
-6.736424562157596885e-01
-6.736056625759568872e-01
-6.735681511177986636e-01
-6.735299717412296383e-01
-6.734911935025031937e-01
-6.734518958014050760e-01
-6.734121548572848948e-01
-6.733720269542008419e-01
-6.733315310589408353e-01
-6.732906343181078723e-01
-6.732492443648543379e-01
-6.732072120809949878e-01
-6.731643473171577963e-01
-6.731204480618027119e-01
-6.730753408400861337e-01
-6.730289270850763339e-01
-6.729812274048118104e-01
-6.729324137324326216e-01
-6.728828189644667779e-01
-6.728329154038074078e-01
-6.727832573828721463e-01
-6.727343896790631828e-01
-6.726867310666556632e-01
-6.726404503758598441e-01
-6.725953591343623028e-01
-6.725508484377158425e-01
-6.725058964535018946e-01
-6.724591657585508031e-01
-6.724091963129645855e-01
-6.723546813089199548e-01
-6.722947918110789844e-01
-6.722294957379625346e-01
-6.721598019189801709e-01
-6.720878554765199464e-01
-6.720168206187593363e-01
-6.719505132128387181e-01
-6.718927874949208734e-01
-6.718467346598095968e-01
-6.718138078687311276e-01
-6.717930373711725744e-01
-6.717805283100393154e-01
-6.717694303450587601e-01
-6.717505237982736022e-01
-6.717134790211749529e-01
-6.716487199363013749e-01
-6.715496746756102198e-01
-6.714150506135061480e-01
-6.712506593798133192e-01
-6.710702733767166528e-01
-6.708950483745139692e-01
-6.707512144173627400e-01
-6.706660175433117876e-01
-6.706622607562855443e-01
-6.707521909199652965e-01
-6.709318332121169126e-01
-6.711770990618116661e-01
-6.714430032703866402e-01
-6.716670592020326236e-01
-6.717773548002442530e-01
-6.717049775457218930e-01
-6.713994460909872286e-01
-6.708447757934533628e-01
-6.700729638936085975e-01
-6.691712670077007985e-01
-6.682798868945045712e-01
-6.675777368055468841e-01
-6.672558466955362810e-01
-6.674805012247960745e-01
-6.683509982411578454e-01
-6.698594121093215392e-01
-6.718613368851393819e-01
-6.740667443982407692e-01
-6.760584950796235670e-01
-6.773426021299647770e-01
-6.774292174597926763e-01
-6.759368387367240549e-01
-6.727050751184180388e-01
-6.678945731922101281e-01
-6.620481654712121466e-01
-6.560872758874507493e-01
-6.512242824913757611e-01
-6.487857284129472379e-01
-6.499612513535177882e-01
-6.555142722311879666e-01
-6.655067062581394577e-01
-6.790962242144402694e-01
-6.944596467839607712e-01
-7.088831177510365178e-01
-7.190440052582481867e-01
-7.214931618824780291e-01
-7.133234684546250204e-01
-6.929684238875980506e-01
-6.610031477078267548e-01
-6.207319025051528660e-01
-5.782888571603921335e-01
-5.420208551503039596e-01
-5.211013332305721724e-01
-5.235980877311411374e-01
-5.544552290155509988e-01
-6.139125965297127507e-01
-6.967175204117465048e-01
-7.921535796254944861e-01
-8.846075946352949249e-01
-9.543787236586328548e-01
-9.788929367137034765e-01
-9.352879670446472282e-01
-8.057710534388918822e-01
-5.860595913757219444e-01
-2.940244339233130666e-01
2.764586901412744921e-02
3.197351722994269951e-01
5.233942884153207631e-01
5.968206842930122713e-01
5.250350353389154900e-01
3.226809345787004513e-01
3.129266455295721255e-02
-2.903912387171536102e-01
-5.830537630373258118e-01
-8.037469567905353163e-01
-9.343116913807294477e-01
-9.788202458001075135e-01
-9.549627273941697636e-01
-8.855800396885630255e-01
-7.932682276660520948e-01
-6.977694388382744695e-01
-6.147487525215153958e-01
-5.549827152964041943e-01
-5.237882898665904285e-01
-5.209859365948779075e-01
-5.416779157106026421e-01
-5.778212547102676844e-01
-6.202436278633274291e-01
-6.605795085499274188e-01
-6.926643276274545569e-01
-7.131607143183992248e-01
-7.214648781233271579e-01
-7.191230880908007217e-01
-7.090317358587446828e-01
-6.946378332815118517e-01
-6.792685519520628157e-01
-6.656466912748234543e-01
-6.556064957326601661e-01
-6.500013945606401000e-01
-6.487788954997931734e-01
-6.511821601387131064e-01
-6.560247907671029610e-01
-6.619802967807484340e-01
-6.678338429622746597e-01
-6.726600137163201154e-01
-6.759114762440378010e-01
-6.774234491640175326e-01
-6.773531556502375706e-01
-6.760801912849556672e-01
-6.740937745273368753e-01
-6.718883465089576790e-01
-6.698822646830892014e-01
-6.683671705710173550e-01
-6.674891305386201346e-01
-6.672574986725113844e-01
-6.675739930208439699e-01
-6.682728582282005947e-01
-6.691631289692184792e-01
-6.700655855130706051e-01
-6.708394824426288094e-01
-6.713969252203720872e-01
-6.717053104412891162e-01
-6.717801403912905256e-01
-6.716715885743204106e-01
-6.714484447632118602e-01
-6.711826613466889135e-01
-6.709368848076833203e-01
-6.707563265733310631e-01
-6.706653159001632059e-01
-6.706680401886467857e-01
-6.707524086567491217e-01
-6.708957051170172381e-01
-6.710707025142936821e-01
-6.712511341586003821e-01
-6.714157705549048671e-01
-6.715507489161131049e-01
-6.716501690829258520e-01
-6.717152510161852330e-01
-6.717525180161693088e-01
-6.717715241109176727e-01
-6.717826009532648079e-01
-6.717949884415276296e-01
-6.718155678610221448e-01
-6.718482681924861089e-01
-6.718940901331478255e-01
-6.719516038955209991e-01
-6.720177319237665703e-01
-6.720886238057027784e-01
-6.721604592259198263e-01
-6.722300638010009211e-01
-6.722952794102249330e-01
-6.723550841086473051e-01
-6.724094988550998186e-01
-6.724593447595366147e-01
-6.725059245700121258e-01
-6.725506977780114637e-01
-6.725950039986787754e-01
-6.726398689528009234e-01
-6.726859060455856465e-01
-6.727333079251376358e-01
-6.727819089416371412e-01
-6.728312921515834377e-01
-6.728809132070782129e-01
-6.729302169947481982e-01
-6.729787295674104497e-01
-6.730261159321686559e-01
-6.730722020010542206e-01
-6.731169652684281246e-01
-6.731605028647514866e-01
-6.732029873737936931e-01
-6.732446204395895473e-01
-6.732855922674771953e-01
-6.733260523110631279e-01
-6.733660933978711238e-01
-6.734057488305985606e-01
-6.734449999798829412e-01
-6.734837907312901661e-01
-6.735220448551360040e-01
-6.735596827851624280e-01
-6.735966351903780458e-01
-6.736328518465779513e-01
-6.736683054251452196e-01
-6.737029907370367665e-01
-6.737369205919891968e-01
-6.737701197229676309e-01
-6.738026182119600804e-01
-6.738344456070416433e-01
-6.738656265355749131e-01
-6.738961781893202385e-01
-6.739261096645199345e-01
-6.739554228397616198e-01
-6.739841142947781139e-01
-6.740121777161771632e-01
-6.740396062828259982e-01
-6.740663946428446796e-01
-6.740925402497771612e-01
-6.741180439836583771e-01
-6.741429101168939786e-01
-6.741671457785664012e-01
-6.741907601178602771e-01
-6.742137633707406819e-01
-6.742361660031748194e-01
-6.742579780520092658e-01
-6.742792087244965371e-01
-6.742998662611163763e-01
-6.743199580221068690e-01
-6.743394907304992580e-01
-6.743584707941816525e-01
-6.743769046342915630e-01
-6.743947989628455986e-01
-6.744121609739200940e-01
-6.744289984350441136e-01
-6.744453196848979593e-01
-6.744611335574008937e-01
-6.744764492597509209e-01
-6.744912762332516687e-01
-6.745056240219979848e-01
-6.745195021674897928e-01
-6.745329201388848839e-01
-6.745458873005591993e-01
-6.745584129121688921e-01
-6.745705061522235813e-01
-6.745821761544040784e-01
-6.745934320462726452e-01
-6.746042829820346753e-01
-6.746147381639334695e-01
-6.746248068499975936e-01
-6.746344983486582958e-01
-6.746438220028242450e-01
-6.746527871671759158e-01
-6.746614031827311564e-01
-6.746696793522870550e-01
-6.746776249194194053e-01
-6.746852490525557799e-01
-6.746925608345085701e-01
-6.746995692569001113e-01
-6.747062832182904035e-01
-6.747127115245186157e-01
-6.747188628897904383e-01
-6.747247459372980316e-01
-6.747303691985522267e-01
-6.747357411110532777e-01
-6.747408700143160409e-01
-6.747457641445780974e-01
-6.747504316287005199e-01
-6.747548804778185083e-01
-6.747591185812623626e-01
-6.747631537011352654e-01
-6.747669934677831272e-01
-6.747706453762254419e-01
-6.747741167834805376e-01
-6.747774149066310123e-01
-6.747805468214099767e-01
-6.747835194611082610e-01
-6.747863396156157378e-01
-6.747890139304750790e-01
-6.747915489058770033e-01
-6.747939508955926868e-01
-6.747962261058783051e-01
-6.747983805944149927e-01
-6.748004202693554943e-01
-6.748023508885508948e-01
-6.748041780590056105e-01
-6.748059072365921729e-01
-6.748075437260364629e-01
-6.748090926811564083e-01
-6.748105591053329411e-01
-6.748119478521776848e-01
-6.748132636263621809e-01
-6.748145109845771206e-01
-6.748156943365997140e-01
-6.748168179464499872e-01
-6.748178859336333435e-01
-6.748189022744667254e-01
-6.748198708034855997e-01
-6.748207952149499755e-01
-6.748216790644397944e-01
-6.748225257705501301e-01
-6.748233386166845316e-01
-6.748241207529441787e-01
-6.748248751981014149e-01
-6.748256048416552133e-01
-6.748263124459579210e-01
-6.748270006484001771e-01
-6.748276719636482346e-01
-6.748283287859221380e-01
-6.748289733913138688e-01
-6.748296079401301384e-01
-6.748302344792668217e-01
-6.748308549445997118e-01
-6.748314711633940366e-01
-6.748320848567310737e-01
-6.748326976419417589e-01
-6.748333110350481778e-01
-6.748339264532069448e-01
-6.748345452171485848e-01
-6.748351685536120304e-01
-6.748357975977635759e-01
-6.748364333956006211e-01
-6.748370769063308794e-01
-6.748377290047297139e-01
-6.748383904834613922e-01
-6.748390620553675889e-01
-6.748397443557179187e-01
-6.748404379444168377e-01
-6.748411433081680233e-01
-6.748418608625889048e-01
-6.748425909542734580e-01
-6.748433338628000433e-01
-6.748440898026866197e-01
-6.748448589252804553e-01
-6.748456413205886628e-01
-6.748464370190434547e-01
-6.748472459931980083e-01
-6.748480681593554964e-01
-6.748489033791224001e-01
-6.748497514608892134e-01
-6.748506121612374287e-01
-6.748514851862639219e-01
-6.748523701928307306e-01
-6.748532667897327864e-01
-6.748541745387838242e-01
-6.748550929558203570e-01
-6.748560215116208294e-01
